NO2 Mean,O3 Mean,SO2 Mean,CO Mean,AirQualityCategory
1.3547327551992052,5.373778698610687,1.0,1.0,Good
1.2176769179631486,5.669572899466782,1.0011659634667702,1.5943392494712207,Moderate
3.865904181867056,1.2208281185911256,1.0571824391760591,2.3784684296767336,Moderate
1.857270846563701,4.971498585446399,1.517683637776914,1.4644839273910732,Bad
2.923689094240218,1.453582659360769,1.048665899727944,2.298556816806074,Moderate
2.2576888593426365,3.7962727301410335,1.0582976976292269,1.4594890770028446,Good
1.5724096731623538,5.259436492327756,1.0909444228527012,1.1798002299578347,Moderate
1.5240370247260986,4.896627157325705,1.0163233486202876,1.0,Bad
4.0108308939723365,1.2642743708128688,1.7613680435289545,2.4483903417709363,Moderate
1.66459813755844,7.057865233532808,1.0279828993392923,1.2597118428284946,Bad
2.517078415008472,4.608689250444348,1.0692208503692189,1.1148719695836613,Bad
1.941067881896524,5.058296435745612,1.3027240979401478,1.3695889620239272,Bad
2.517078415008472,2.1871522774838823,1.058399107656432,3.402331249826026,Good
1.8868318879980128,4.671823564675073,1.2903225806451613,1.2247502874472935,Moderate
1.9620782515089203,3.4728395191569468,1.1818888457054022,1.7341842723278256,Good
1.8465213476344668,5.55523069318385,1.122425184609405,1.7192009198313394,Bad
3.2798239467785635,2.2383601695360893,1.0291995398367664,1.5493891919817622,Moderate
1.8492087384909917,3.3308583027460217,1.3322969296541003,1.3446171074191833,Good
2.037324550522963,5.365922404635949,1.1562378453167508,1.0649282603741737,Bad
1.4010022253783163,4.423356435955954,1.0559657986785853,1.5593788927582195,Good
1.30636010676295,5.618365007414575,1.1189273221919938,1.2397336399437795,Moderate
2.253482567325213,2.1831768034243764,1.2567126840264282,1.11986681997189,Good
1.5912212801642969,4.159082065143085,1.167897396035756,1.5793558969747346,Good
2.131382521035814,5.697211909594775,1.0570151574038087,1.3695889620239272,Bad
2.3786204804332747,3.050871343983677,1.3701374488923437,1.639289306960679,Moderate
2.3060615077788915,5.354090636601706,1.0921103863194714,1.4644839273910732,Moderate
1.905643494999956,3.997412786723179,1.1235911480761758,1.1947835824543211,Moderate
2.247874113471785,6.6871049504117455,1.0060832304702685,1.2197554370590649,Bad
1.722902335687304,3.0823911740269025,1.064127486980179,1.779134329817284,Good
2.3786204804332747,3.382160848942503,1.0992121103769918,1.6592675098453944,Good
3.163332354342592,5.361946930576443,1.228527020598523,1.6742508623418806,Bad
2.0319498333067787,2.2581428856893453,1.064127486980179,1.4794672798875594,Good
2.2388772523406937,2.530273550476952,1.0069957248348231,1.469478777779302,Good
2.442384402645842,2.869419349410515,1.0597816587640887,2.348501724683761,Good
2.6258584398307354,3.2756749366343088,1.5748153999222696,1.6842393644501383,Bad
2.303958329521748,6.249329533144726,1.2457628635833655,2.5133186021451097,Bad
2.9698417605975718,3.263843168600065,1.2506801305868636,1.484462130275788,Moderate
3.9948979110304026,1.5994446956869262,1.1046316984065294,3.4372916065390275,Moderate
4.555740200523762,2.2659991796640826,1.048665899727944,3.287458081574165,Bad
2.1985667119771475,2.471114710305733,1.0676253493975905,1.4345172223981009,Good
2.385280491166843,4.557386704247867,1.266445863972017,1.2397336399437795,Bad
2.3432173130051543,3.204684328428846,1.0255495903614458,1.779134329817284,Good
2.0588235483814312,3.524142065353428,1.1539059463661097,1.3995556670168998,Bad
1.7481636291474143,3.6936676377480726,1.008516539448115,1.3995556670168998,Good
1.8062108072709209,3.3308583027460217,1.037776914108045,1.9800874574955585,Good
2.390888880523407,2.9955933237276904,1.0109498204430625,1.2197554370590649,Good
2.253482567325213,4.553505884332635,1.0734551107656432,1.5993340998594494,Bad
1.833084522345573,4.880819915231955,1.1900505340069958,1.0149833524964862,Moderate
2.3095667833751765,4.723031456727281,1.0060832304702685,1.2647054945485237,Good
1.5496254462833672,5.736682687757012,1.1233791496307812,1.3596004599156697,Bad
1.9117511545852464,3.673979575739091,1.08861252390206,1.6342956552406505,Good
2.1889857027435395,4.624496492538098,1.0173980598523125,2.104859227740698,Moderate
4.781128686100619,2.810260509239296,1.0326467252234746,2.443396690050907,Bad
2.1577187192410423,3.701618585867085,1.0546332809949477,1.3695889620239272,Good
2.5452373591036435,2.0845471850909205,1.0314807617567043,2.6531636250017145,Good
1.2355537719067096,5.748514455791256,1.0279828993392923,2.198668199718899,Bad
2.558674248889402,2.30546995782632,1.108433734939759,1.6243059544641931,Good
1.7655497264483735,4.174889307236835,1.0669156191216478,1.254716992440266,Moderate
3.2405649632951574,2.8930828854790027,1.032849489312087,1.983906414379863,Moderate
1.1773663775996026,4.450900791939674,1.0746210742324136,1.234738789555551,Good
2.580173182251005,4.600832956469611,1.216867469879518,1.389567164908642,Bad
1.810417099288344,5.136954029637264,1.1472143956471046,1.3995556670168998,Bad
2.144118265406705,3.445200509028953,1.048665899727944,1.9739179122716053,Good
1.980889794013999,6.233616945195251,1.0862805969685192,1.5493891919817622,Bad
2.116076189630156,6.095516548699557,1.0,1.349611957807412,Moderate
1.1693042695268934,2.814235983298802,1.0652934224640498,1.0,Good
1.0644968645816737,5.642028543483062,1.0279828993392923,2.198668199718899,Bad
2.518363708525856,4.068403394928641,1.1130975608239408,1.0449500574894588,Moderate
2.096446697888452,3.9816055446294287,1.0089036548775747,1.4894557819958172,Moderate
1.9163929294323248,6.296656605281701,1.46404973804897,1.839067739803229,Bad
1.799200256078351,1.89523889654302,1.0012719626894675,1.5044391344923034,Good
1.212302200746964,5.925990976304912,1.0,1.1947835824543211,Moderate
2.4028068046514024,3.1375745401386155,1.1595025262339682,2.123751437236468,Moderate
1.601970714596666,3.606964441593135,1.0699572483482316,1.11986681997189,Good
1.4010022253783163,4.423356435955954,1.0559657986785853,1.5593788927582195,Good
1.50791280858068,6.884364187078657,1.064127486980179,1.4794672798875594,Bad
1.908330821359616,2.6091204526571525,1.3218033424018656,1.349611957807412,Bad
2.390888880523407,2.687967354837353,1.06486945355616,1.9489460576668611,Good
2.800048862824608,3.685811343773335,1.0510992087057909,1.5144288352687607,Good
2.1711272949032496,3.5319983593281656,1.367275553828216,1.3096555520379822,Bad
1.8196476325598143,5.006993889549131,1.0687912848814614,1.9239730043939176,Moderate
1.826732548637247,2.9285781895817338,1.3828569358725225,1.059933409985945,Moderate
2.905344896015898,2.924602715522228,1.0333129700738437,2.07380652935878,Moderate
3.7200851556402874,1.6625790099176507,1.1557309071123203,2.2036630501071275,Moderate
2.12063302210658,4.865012673138205,1.0279828993392923,1.419533869901615,Bad
2.3684551941034213,4.821661075060737,1.0,1.6342956552406505,Bad
1.6422812549602122,5.9496545123734,1.1787407695297318,1.3596004599156697,Bad
1.9730614225785337,5.377754172670193,1.0255495903614458,1.389567164908642,Bad
2.245069918793503,2.5459861384264277,1.0097331799455889,1.4944506323840456,Good
1.914682795067942,6.048189476562582,1.0343426568208318,1.0,Bad
2.912472251030225,6.45046958972687,1.0474492592304705,1.5244173373770182,Bad
1.9029561041434315,3.425512447019972,1.4617178390983288,1.389567164908642,Moderate
2.4726783864492603,5.216084894250287,1.15507190983288,1.604328950247678,Moderate
2.405494195507927,6.107348316733801,1.1755290882238632,1.0899001149789174,Moderate
1.6584054711056306,4.26556797745128,1.2542794030314808,1.5094339848805318,Moderate
1.725589726543829,2.908890127572752,1.2075398460940536,1.0,Good
2.620483722614551,1.4890779634635003,1.282160892343568,1.604328950247678,Good
1.072558972654383,5.365922404635949,1.0,1.2397336399437795,Moderate
1.8384592395617576,5.630196775448819,1.0241670392537894,1.6243059544641931,Bad
2.0749477645268493,3.0665839319331534,1.079284872133696,1.2647054945485237,Good
2.3383099400697285,4.841349137069718,1.041974349008939,1.449500574894587,Moderate
2.676918479123516,5.046464667711368,1.457054013214147,1.8540510922997155,Bad
1.0,3.224372390437828,1.0,1.11986681997189,Good
2.530334713573402,3.3860416688577346,1.0304162083171395,1.4594890770028446,Bad
1.247237959397461,2.766908911161827,1.2518460940536338,1.4794672798875594,Moderate
3.515377718685273,1.855862772525057,1.3218033424018656,1.908989651897432,Moderate
1.4054088446571302,4.040764384800648,1.0,1.349611957807412,Good
4.5445233573137696,1.9110461386367696,1.192230345899728,2.47336339504388,Bad
1.8411466304182824,5.314619858439468,1.1422463956471045,1.0899001149789174,Bad
3.59950407500865,3.046895869924171,1.10828164788185,2.223640054323643,Moderate
3.407882922883529,2.8812511174447586,1.2646715802565098,1.7491676248243118,Moderate
1.658989683705011,5.196302178097031,1.1119315973571706,1.5643725444782484,Good
4.704363421428813,1.354953041027313,1.0389327197823552,2.1836848472224126,Bad
3.17045970935692,4.0447398588601535,1.0206830003886511,1.4644839273910732,Moderate
3.773365177011968,1.3273140308993194,1.059615748153906,2.5133186021451097,Moderate
1.518662307509914,4.809829307026492,1.655266235522736,1.589345597751192,Bad
1.314422214835659,8.174026902811228,1.0,1.0649282603741737,Bad
3.0128396273207776,4.5850257143758615,1.138748533229693,1.5593788927582195,Bad
1.365482254128439,3.3978734368919787,1.037310523124757,1.918979352673889,Good
1.722902335687304,6.127131032887056,1.0513019727944035,1.1448386745766337,Bad
1.6315318205278428,5.843168600065206,1.0209871745044694,1.1897887320660925,Bad
1.8384592395617576,1.7690649222258448,1.0,1.1897887320660925,Good
1.2633621755428792,4.107779518946605,1.036144587640886,1.3246389045344684,Good
4.224843229083684,1.855862772525057,1.2457628635833655,3.672031594762778,Moderate
1.1397432280925812,5.436913012841412,1.02215313797124,1.1448386745766337,Moderate
3.456255571319784,4.7151751627525424,1.1737271574038088,2.363485077180248,Moderate
1.6073454963097151,4.001293606638411,1.0,1.374583812412156,Good
1.0276414857506324,4.381708612475416,1.0013325176836378,1.0,Good
2.754852168994083,3.153381782232365,1.0629615235134084,1.9039960001774028,Moderate
1.3520453643426806,3.563518189371391,1.0093276237854645,1.034961555381201,Good
1.975865617256816,5.101648033823081,1.0852206607073456,1.6992227169466243,Moderate
1.6870318239784252,3.804129024115772,1.0559657986785853,1.669256011953652,Good
2.0936425032101704,4.853180905103962,1.0279828993392923,1.2796888470450098,Bad
3.0665870574700818,3.426175026029889,1.6902448596968518,1.4594890770028446,Bad
3.206914433665179,2.845755813342027,1.015816410415857,2.5482801575263108,Moderate
1.6029054676550485,4.060452446809629,1.103027942479596,1.2097669349508071,Moderate
3.692744096284876,3.334833776805528,1.1340847353284105,1.744172774436083,Moderate
1.9432666445069773,4.49037157010191,1.138748533229693,1.0899001149789174,Bad
3.054685838030013,3.5083348232596783,1.1933363979790128,1.374583812412156,Moderate
3.437444028814705,1.3904483451300442,1.5503303630003886,1.9139845022856603,Moderate
2.659328442736749,4.383885657793717,1.0936818779634667,2.2436182572083574,Bad
3.7901904740753887,2.514466308383202,1.0121664889234356,1.9039960001774028,Moderate
1.634219146887503,3.177045318300853,1.0104935872522347,1.589345597751192,Good
4.903462404530398,1.8005847522690703,1.0851653385153517,2.5582686596345683,Bad
2.4269931288695297,1.5837321077374504,1.28799068169452,1.6243059544641931,Good
1.3421138146500715,3.8514560962527473,1.0432463116984063,1.409545367793357,Good
1.827242396351765,5.969342574382381,1.0012166404974738,1.8190895369185145,Bad
1.2579874583266948,4.577169420401123,1.0,1.0,Good
2.107663541098445,5.738291808209669,1.0291995398367664,1.943951207278633,Bad
1.489101201578737,3.520166591293922,1.0384764865915277,1.2197554370590649,Good
2.013138226304836,3.701618585867085,1.0069957248348231,1.4544954252828155,Good
1.7470886599054318,6.777878274770464,1.079284872133696,1.5943392494712207,Bad
2.128695130179289,3.023232333855684,1.3206373789350951,1.6243059544641931,Bad
1.9446893808427843,2.291366490329501,1.0174893120870578,1.8048205906690609,Good
2.1260077393227643,2.518441782442708,1.0742155180722892,1.7591561269325693,Good
1.1822737505350285,5.511879095106381,1.0012166404974738,1.4295223720098722,Moderate
1.799200256078351,5.235772956259268,1.2311630936649824,1.0998886170871751,Bad
3.0330533316618618,1.6744107779518946,1.1399144966964632,2.3584902267920187,Moderate
3.4284471676836143,4.53372316817938,1.1155815468324912,2.1187565868482388,Bad
1.328092776761797,6.0166696465193565,1.0133831294209097,1.2397336399437795,Good
2.108731802666511,6.475742246248014,1.0251846094053634,1.5843507473629632,Bad
2.003907693033365,3.421536972960466,1.073773108433735,1.5743622452547057,Good
2.5129889268128065,2.751101669068077,1.095608248736883,1.7341842723278256,Good
1.0030712761945146,5.2042531262160425,1.0026650353672757,1.059933409985945,Good
1.529995954541664,3.165213550266609,1.0,1.1498335249648624,Good
2.7736637759960256,1.7414259120978512,1.1923824329576371,1.6243059544641931,Good
2.811520662140292,1.402280113164288,1.1818888457054022,2.15371814222944,Good
2.5452373591036435,5.168757822113311,1.0991061111542946,1.6342956552406505,Bad
2.3786204804332747,4.707318868777804,1.0991061111542946,1.5593788927582195,Moderate
1.9088194496056867,3.0665839319331534,1.0152634123591138,1.0799116128706598,Good
1.5052254177241555,5.697211909594775,1.162067634667703,1.214761785339036,Bad
2.1460596855274776,4.691511626684054,1.014657722502915,1.7591561269325693,Moderate
1.3617433063917748,5.145094286044824,1.0559657986785853,1.1648168774613483,Good
1.7873992002689778,4.553505884332635,1.0034978624174116,1.389567164908642,Moderate
2.193191994760963,2.131874257227896,1.053633899727944,1.274695195324981,Good
1.2944421826349544,5.129287043951074,1.0304162083171395,1.0,Good
1.7175276184711197,4.656016322581324,1.0676253493975905,1.11986681997189,Good
1.8492087384909917,5.010969363608637,1.0757870097162845,1.2397336399437795,Good
2.962948077723624,1.4180873552580378,1.133554739214924,1.918979352673889,Good
2.444168901895088,5.4014177087386805,1.0559657986785853,1.5244173373770182,Bad
1.6253391540750337,4.234048147408054,1.0597816587640887,1.2397336399437795,Moderate
1.658989683705011,5.290956322370981,1.0827320575204042,1.2896785478214672,Good
1.9701403595816296,5.077984497754594,1.1095996984065293,1.5993340998594494,Moderate
1.4864138752190772,7.180158387934752,1.0571317621453555,1.0199782028847149,Bad
2.241564643197218,5.563086987158588,1.037310523124757,1.3795786628003843,Bad
1.9325171455777437,4.742814172880536,1.060629624562767,1.4445057245063584,Moderate
1.6799044689640985,3.831768034243766,1.2425184702681695,1.389567164908642,Good
3.2036428947061384,1.098629618333456,1.122425184609405,2.038846172645779,Good
2.0534487666683816,6.667416888402763,1.1192314963078118,1.1798002299578347,Bad
2.017928795418504,1.4141118811985318,1.0445182464049747,1.9889012647680917,Good
1.400418012778936,5.425081244807168,1.0652934224640498,1.3795786628003843,Moderate
1.5697222823058292,4.612664724503855,1.4244073159735715,1.2796888470450098,Bad
2.109883523177346,3.464983225182209,1.1177613587252235,1.1897887320660925,Good
2.293008567827988,4.05903263464552,1.166564878352118,1.7028558802599725,Good
1.9217677111453744,5.2752437344215055,1.167897396035756,1.4794672798875594,Bad
1.7282771174003533,3.902758642449229,1.1165954232413524,1.3645953103038984,Moderate
3.108767039453528,2.8772756433852527,1.142458394092499,2.038846172645779,Moderate
1.5468212516050852,2.3843168600065203,1.0279828993392923,1.4544954252828155,Good
2.5532994671763527,4.868988147197712,1.0012719626894675,1.3795786628003843,Moderate
3.779814863470136,1.5837321077374504,1.0725011457442677,2.103773234351753,Moderate
1.5831591720915876,3.169189024326115,1.0816167990672367,1.0,Good
1.7900865911255024,8.540811711872784,1.3964244166342792,1.11986681997189,Bad
1.9281939852416987,3.294227148912003,1.0036499494753206,1.5144288352687607,Good
1.5159749166533891,3.3978734368919787,1.0368865542168677,1.4045505174051285,Good
1.894893996070722,6.391310749555651,1.3322969296541003,1.419533869901615,Bad
2.67105513366126,5.784009759893987,1.092465237465993,1.7391791227160542,Bad
1.3090474976194746,6.6161143422062825,1.0163233486202876,1.0,Bad
3.293844984666838,5.050440141770873,1.0304162083171395,1.6742508623418806,Bad
2.27030779989177,4.656016322581324,1.4039270796735328,1.419533869901615,Bad
2.1501940635408925,5.5394234510901,1.053633899727944,1.589345597751192,Bad
1.556285457016935,2.226528401501846,1.1165954232413524,1.0,Good
1.4246043369970636,6.036357708528338,1.0151574131364167,1.0,Bad
1.0953431995333696,4.900507977240936,1.0279828993392923,2.198668199718899,Good
3.3555376545702296,1.9505169167990075,1.0912485969685193,3.217536169479963,Good
1.4729769854333186,5.588264989535459,1.159380856587641,1.6193123027441645,Moderate
2.045386658595673,6.12315555882755,1.1200932856587642,1.829079237694972,Bad
2.0265751160905943,3.942134766467192,1.0466381748931208,1.414539019513386,Good
2.109883523177346,3.0390395759494333,1.047804110376992,1.484462130275788,Good
5.029651939015464,1.2642743708128688,1.1557309071123203,4.965593561180624,Bad
3.87992521975533,1.6428909479086693,1.0012166404974738,3.6970034493675215,Moderate
1.6477728404950187,3.0429203958646656,1.005353240575204,1.7042175673348532,Good
2.149726719260133,2.71163089090584,1.297151751263117,1.034961555381201,Moderate
1.6852791861802827,3.413680678985728,1.3008161678973962,1.1348501724683762,Moderate
2.3678709815040406,2.8930828854790027,1.1154294597745822,1.529412187765247,Good
2.155568845253941,4.656016322581324,1.2308589195491644,1.314650402426211,Moderate
4.587638092355598,3.228347864497334,1.209871745044695,2.4034402842814773,Bad
2.738611149026907,3.40582438501099,1.018249719393704,2.038846172645779,Moderate
1.6039251630840845,3.711557271015849,1.284916788184998,1.6542726594571655,Moderate
2.017928795418504,3.323002008771284,1.8759864189661872,1.5244173373770182,Bad
2.222753036195275,6.158650862930282,1.8371550812281383,1.0749167624824312,Bad
4.962350879755508,1.2721306647876065,1.1935483964244074,2.523307104253368,Bad
1.682591795323758,4.119611286980849,1.1247570835600469,1.0749167624824312,Moderate
2.081090316915879,2.171345035390133,1.073773108433735,1.908989651897432,Good
1.773962374980084,5.13326251801058,1.0608323886513795,1.234738789555551,Bad
1.4326664450697726,5.914159208270668,1.0559657986785853,1.804106184422028,Moderate
2.3083649488005618,3.3308583027460217,1.0279828993392923,1.5943392494712207,Good
3.2842639754332303,4.545554936213623,1.2005441212592305,1.9289678547821465,Moderate
1.6557181447459706,3.993437312663673,1.745044694908667,1.4295223720098722,Bad
2.1958793856174874,5.125311569891568,1.2273610571317528,1.6842393644501383,Good
3.4508808541036,2.4276684580839896,1.0437993097551497,1.6243059544641931,Moderate
2.209316210906381,4.746694992795767,1.1877186070734551,1.4944506323840456,Moderate
3.034338625179245,1.1341249224361871,1.521181500194326,2.59323021501577,Good
1.6898360186567072,6.998706393361589,1.0535324897007383,1.764150977320798,Bad
1.9478234769834015,5.030657425617618,1.1842207446560435,1.2297451378355222,Good
1.9029561041434315,3.950085714586204,1.0936818779634667,1.4395120727863295,Good
1.3439832562699714,3.6936676377480726,1.019987793237466,1.4794672798875594,Good
1.6870318239784252,2.313326251801058,1.0356145915274,1.3945620152968707,Good
1.8223350234163396,6.312463847375451,1.1422463956471045,1.0998886170871751,Bad
3.104210206977104,5.807673295962474,1.0443062479595802,1.6892342148383668,Bad
4.087787391847627,3.808104498175278,1.2919954823163622,1.5493891919817622,Bad
3.461630353032833,2.565768854579683,1.108433734939759,2.8479472074560355,Moderate
1.8223350234163396,2.569649674494915,1.0256510003886514,1.174805379569606,Good
2.3432173130051543,5.152950580019562,1.0802987485425573,2.228634904711871,Bad
2.2039414936901967,6.265136775238476,1.1002720466381657,1.9639294101633475,Bad
3.8098199013202274,2.912770947487984,1.1094982883793238,4.1814655796433104,Bad
2.0319498333067787,2.9640734936844653,1.01199265915274,1.4894557819958172,Good
2.7498279922369,4.648160028606586,1.024332949863972,1.8091010348102567,Bad
3.268607103568571,3.957942008560941,1.0608323886513795,1.7941176823137703,Moderate
1.7655497264483735,3.997412786723179,1.260362633501749,1.034961555381201,Moderate
1.5636464841716418,4.801973013051755,1.0012166404974738,1.5044391344923034,Good
1.647656036673261,6.209953409126763,1.0617955600466382,1.419533869901615,Bad
2.456554170303842,4.462732559973917,1.1200932856587642,1.374583812412156,Moderate
2.3095667833751765,4.723031456727281,1.0060832304702685,1.2647054945485237,Good
2.2576888593426365,5.152950580019562,1.0356145915274,1.5044391344923034,Moderate
1.8076129046100615,3.0863666480864085,1.0145997699183833,1.449500574894587,Good
1.670206526915004,5.397442234679175,1.041366028760202,1.0,Bad
1.1585547705976595,3.985581018688935,1.0,1.0,Good
2.665701635913523,2.25416741162984,1.0766487990672369,1.2996670499297247,Good
2.1721604056801187,4.072284214843873,1.1180148278274389,1.8890126476809168,Good
1.4541654429282402,6.079803960750081,1.005829761368053,1.11986681997189,Bad
2.466602588315073,4.959666817412156,1.1094982883793238,2.4184236367779635,Bad
2.17169306139936,4.7111996886930365,1.0,1.2647054945485237,Moderate
1.9943266837997573,1.9662295047484828,1.0081616883015934,1.3196452528144396,Good
2.1553351086166974,4.663872616556061,1.0054749102215312,1.5843507473629632,Moderate
2.1851298866882534,4.73883869882103,1.145744258064516,1.5643725444782484,Moderate
1.7981486991982116,5.586750523227075,1.2087057815779243,1.0299667049929724,Moderate
2.770732071016466,5.409274002713419,1.0559657986785853,1.6792457127301093,Bad
1.7475772881515026,5.855000368099449,1.0466381748931208,1.4994454827722743,Bad
1.5939086065239567,3.973749250654691,1.079284872133696,1.4045505174051285,Good
1.6039251630840845,3.429487921079477,1.0,1.059933409985945,Good
1.833084522345573,4.545554936213623,1.130586872910999,1.744172774436083,Moderate
1.8677759668730345,3.4097052049262224,1.3383386894675475,1.034961555381201,Moderate
3.0844214079798835,2.9955933237276904,1.048334106490478,1.5244173373770182,Moderate
2.551149593189252,6.142843620836532,1.1793449483093663,1.4644839273910732,Bad
2.046282455547847,3.789173669320488,1.042129821997668,1.500620177607999,Moderate
4.379074839345298,4.202433663220555,1.0851653385153517,2.15371814222944,Bad
1.6180949307420844,5.472408316944144,1.101438010104936,1.3596004599156697,Bad
2.3006867905627075,4.545554936213623,1.263505644772639,1.214761785339036,Bad
1.988951902086708,1.453582659360769,1.3637776914108044,1.3995556670168998,Bad
2.011582432937397,2.684086534922121,1.0338126607073457,1.15982202707312,Good
1.6169265055433228,3.804129024115772,1.0,1.3695889620239272,Good
1.9728276859412897,5.957510806348138,1.1609016712009328,1.0,Bad
1.0671842554381985,3.421536972960466,1.072289147298873,1.11986681997189,Good
1.5939086065239567,3.181020792360359,1.0432568892343568,1.2796888470450098,Good
2.762914277066792,6.667416888402763,1.162067634667703,1.7491676248243118,Bad
2.260376250199161,6.5175793780171,1.216867469879518,1.0699219120942025,Bad
2.497448923266769,2.3093507777415523,1.0024333089778468,1.899001149789174,Good
2.5237384257420405,2.687967354837353,1.2739992320248736,1.5094339848805318,Good
1.4520155044442749,4.257711683476542,1.071123211815002,1.544395540261733,Good
3.622872514487017,2.9640734936844653,1.1605518849591916,1.6492790077371366,Moderate
1.7148402276145949,5.732707213697506,1.1359169436455498,1.2796888470450098,Bad
2.107663541098445,5.523710863140624,1.2141300147687524,1.3945620152968707,Good
3.9948979110304026,1.5994446956869262,1.1046316984065294,3.4372916065390275,Moderate
3.8136757173755136,4.218240905314305,1.2425184702681695,2.223640054323643,Moderate
2.881625916078529,2.6249276947509017,1.0851653385153517,2.11376293512821,Good
1.7417139426892472,4.312895049588255,1.0377160792848814,1.4045505174051285,Good
2.583104887230565,4.056571626894398,1.0368865542168677,1.589345597751192,Good
2.160943562470126,6.817254398788426,1.0389327197823552,1.2297451378355222,Bad
1.5511550539237862,5.239748430318774,1.0992121103769918,1.4295223720098722,Moderate
2.17169306139936,2.6524720507346213,1.4407306645938591,2.703107334211202,Good
1.9197814012068528,4.403573719802698,1.1362645472211426,1.0,Moderate
2.4497773557485165,4.230072673348548,1.0802987485425573,1.5344058394852758,Good
1.6901164510239082,2.703774596931102,1.053167508744656,1.3596004599156697,Good
2.968556467080188,4.332583111597236,1.116798187329965,1.839067739803229,Bad
2.7226037367032463,4.151225771168347,1.1597357077341623,1.6193123027441645,Moderate
1.634219146887503,5.732707213697506,1.0,1.1897887320660925,Moderate
2.214690928122566,3.71733117381656,1.1270890104935871,1.6642623602336228,Good
3.0919418068869717,1.761208628251107,1.0310245285658763,4.920643503691165,Moderate
2.6713100252700865,3.9461102405266977,1.143564446171784,1.4544954252828155,Moderate
1.1558674442379997,3.9619174826204473,1.012825486202876,1.11986681997189,Good
1.3036727159064254,3.705499405782316,1.0,1.1448386745766337,Good
3.745323036738554,1.7532576801320952,1.1910137054022545,2.628190571728771,Moderate
2.158139367791844,4.995162121514888,1.0437993097551497,1.3795786628003843,Bad
1.658989683705011,4.269543451510785,1.1216647773027597,1.6992227169466243,Good
2.5817088525966945,4.805853832966987,1.0763170058297706,1.5943392494712207,Bad
2.2657509674153458,5.4014177087386805,1.1585697722502917,1.709212417723082,Bad
4.2164305805519735,1.4811270153444884,1.092465237465993,3.022752587025642,Moderate
1.9190803202888496,2.4316439321434955,1.101438010104936,1.449500574894587,Good
3.5882872317986574,1.5837321077374504,1.0145997699183833,3.0027743841409267,Moderate
1.6852791861802827,3.689786817832841,1.1842207446560435,1.6143174523559356,Good
2.201254102833672,4.9123397452751805,1.0,1.349611957807412,Moderate
2.545120555281886,4.979449533565411,1.0255495903614458,1.8890126476809168,Bad
1.5636464841716418,2.8930828854790027,1.051968245627672,1.3096555520379822,Good
2.1663182796863105,4.5731939463416165,1.033696083948698,1.329633754922697,Moderate
1.3842937966335174,3.989461838604167,1.0364994387874078,1.11986681997189,Good
1.4542822467499978,3.283531230609047,1.059615748153906,1.1398450228566048,Good
1.7851792181900763,5.819505063996719,1.4793592382432958,1.11986681997189,Bad
1.7907876720435052,3.0863666480864085,1.0384764865915277,1.3096555520379822,Good
1.663396302983825,3.2756749366343088,1.0763170058297706,1.1448386745766337,Good
2.263063576558821,4.5731939463416165,1.606296161678974,1.5843507473629632,Bad
1.3028548311666652,3.512310297319184,1.0,1.294672199541496,Good
2.0688052121378195,2.91674642154749,1.0,1.389567164908642,Good
2.2078503906650333,3.81198531809051,1.113203560046638,2.213651552215385,Good
1.7470886599054318,5.11745527591683,1.1535561601243685,1.7192009198313394,Moderate
2.48074049452197,5.263411966387261,1.329965030703459,1.6143174523559356,Bad
2.160943562470126,6.63977787827477,1.026710936649825,1.6243059544641931,Bad
3.0397133423954297,4.8611318532229735,1.174893120870579,2.1886796976106413,Bad
2.5244713681111466,4.241904441382792,1.0851653385153517,2.07380652935878,Moderate
2.475015236846784,2.0806663651756887,1.1812805254566654,1.6992227169466243,Moderate
3.1424175690835057,4.671823564675073,1.0279828993392923,1.9739179122716053,Bad
2.1690056705428358,4.794022064932743,1.02215313797124,1.449500574894587,Good
2.124488838161866,5.7603462238255,1.0754321585697628,1.3096555520379822,Bad
2.975216477813756,2.471114710305733,1.0629615235134084,1.6492790077371366,Moderate
2.038092385695808,6.154675388870776,1.0877645581033812,1.1648168774613483,Bad
4.053786321758647,1.5205977935067256,1.2311630936649824,5.025526971166569,Bad
1.7593039790760132,5.890495672202181,1.1399144966964632,1.4245287202898431,Bad
1.888935066255157,6.454445063786376,1.1119315973571706,1.389567164908642,Bad
3.0835291583552604,3.5833009055246468,1.0888152879906725,2.293563165086045,Moderate
2.5647500470235896,5.058296435745612,1.0766487990672369,1.709212417723082,Bad
2.158139367791844,4.486396096042405,1.068132287602021,1.4544954252828155,Moderate
1.521349633869574,4.640209080487574,1.0186552755538285,1.059933409985945,Moderate
2.048074049452197,3.113911004070128,1.0116595507190052,1.2996670499297247,Good
1.722902335687304,5.894376492117413,1.0909444228527012,1.1897887320660925,Moderate
1.5692549380250704,6.38742992964042,1.0410010198212205,1.3082291368803167,Bad
2.510301600453147,5.965367100322875,1.1947143319082782,1.6842393644501383,Bad
1.6898360186567072,4.324726817622498,1.0206830003886511,1.3346286053109258,Good
1.2411621612632735,7.23931722810597,1.0742155180722892,1.3845723145204134,Bad
1.518779111331671,4.305038755613516,1.0450159782355228,1.3695889620239272,Good
4.109870537808611,3.5438301273624093,1.0936818779634667,2.07380652935878,Moderate
4.322990623295334,4.1157304670656165,1.10828164788185,2.4084351346697064,Bad
3.100354390921817,3.031088627830422,1.0620490291488536,1.8690344447962015,Moderate
1.639360191963308,4.336558585656741,1.026766258841819,1.3945620152968707,Bad
2.460994198958509,1.7295941440636076,1.0139914496696465,1.8940062994009452,Good
1.4262401709734485,3.626652503602116,1.0097331799455889,1.3346286053109258,Good
2.182442495831729,2.467139236246227,1.060629624562767,1.644284157348908,Good
1.894893996070722,5.361946930576443,1.1072677714729888,1.3096555520379822,Moderate
1.7417139426892472,3.784440962106791,1.026766258841819,1.1448386745766337,Good
3.337243505912826,1.2326598866253695,1.130586872910999,1.724195770219568,Moderate
2.3409973309262533,3.772609194072547,1.2238631947143412,1.938956356890404,Moderate
1.620782321598609,4.896627157325705,1.1247570835600469,1.0149833524964862,Moderate
1.4514780520717157,6.63977787827477,1.0623255561601244,1.529412187765247,Bad
1.6127202135259,5.014944837668143,1.054799835211815,1.5743622452547057,Moderate
1.1906863990667391,4.900507977240936,1.0,1.0,Good
1.852480277450032,5.413249476772925,1.2615792739992229,1.0,Moderate
2.096446697888452,2.0608836490224327,1.121259221142635,1.1398450228566048,Good
1.8045135077825896,4.797997538992249,1.0044183598911776,1.322142078674454,Bad
2.383995197649459,5.638053069423556,1.1061018359891177,1.4794672798875594,Bad
1.88613080708001,5.1844704100627865,1.1605974970851147,1.0,Moderate
1.9701403595816296,6.020645120578863,1.1853867081228138,1.2996670499297247,Bad
1.9190803202888496,3.4531514571479653,1.0326467252234746,1.2697003449367523,Moderate
2.3168110067081256,5.969342574382381,1.3999222790516908,1.3046619003179534,Bad
4.373466449988734,2.068834597141445,1.0340661298095608,2.5832405142393124,Moderate
2.901255407820232,4.518010580229904,1.0012166404974738,2.093784732243495,Bad
3.664000939590324,1.6192274118401817,1.2469795040808394,2.8529408591760648,Moderate
1.580471781235063,6.142843620836532,1.0163233486202876,1.4594890770028446,Bad
1.072558972654383,3.046895869924171,1.0,1.3096555520379822,Good
1.9432666445069773,2.620952220691396,1.0279828993392923,1.5593788927582195,Good
2.2872499007769487,2.1831768034243764,1.3066459292654489,1.11986681997189,Moderate
3.0020901928884083,2.415836690049746,1.3917605907500972,1.6642623602336228,Bad
1.5401612408715168,2.762933437102321,1.0757870097162845,1.6243059544641931,Good
1.6561854890267294,5.780034285834482,1.0012166404974738,1.254716992440266,Moderate
2.529113142958225,3.050871343983677,1.6027982992615624,1.2097669349508071,Moderate
3.145221828258652,7.085504243660801,1.0121664889234356,1.5943392494712207,Bad
2.84109234555726,3.374209900823491,1.115747457442674,1.5394006898735046,Moderate
1.6315318205278428,2.33301431381004,1.0,1.0249718546047435,Good
2.2496267512699277,6.099492022759063,1.2480302339681306,1.7741394794290557,Bad
2.072993316039431,5.298907270489993,1.0165353470656822,1.5493891919817622,Moderate
2.3383099400697285,5.79584152792823,1.174893120870579,1.6193123027441645,Bad
2.4077141775868283,5.3501151625422,1.0510992087057909,1.329633754922697,Bad
2.547924749960168,2.246311117655101,1.1364166342790516,1.6842393644501383,Good
1.6422812549602122,4.569218472282111,1.071123211815002,1.0,Moderate
1.4514780520717157,3.326882828686516,1.0218996688690245,1.1648168774613483,Good
1.4907370355551222,6.162626336989788,1.0097331799455889,1.3046619003179534,Moderate
1.7282771174003533,4.261592503391773,1.2320248830159346,1.569367394866477,Good
2.601204771331849,4.032908090825909,1.1386978561989896,2.882907564169037,Moderate
1.5643475650896446,4.64418455454708,1.0279828993392923,1.3945620152968707,Moderate
1.7963960614000691,5.661716605492043,1.0474492592304705,1.4894557819958172,Moderate
3.787386214900242,1.8400555304313075,1.0340661298095608,3.771920211849953,Moderate
2.3490594389989625,4.557386704247867,1.162067634667703,1.3096555520379822,Moderate
2.7890869112234418,4.687536152624549,1.0120448192771083,3.0826859970115867,Bad
2.191789897421822,5.058296435745612,1.0693489280994948,1.529412187765247,Bad
2.517078415008472,5.32257080655848,1.3479612809949475,2.0638180272505227,Bad
2.064198265597615,4.214265431254798,1.0,1.3995556670168998,Moderate
1.0859957979432766,6.553074682119831,1.053633899727944,1.2697003449367523,Bad
2.3087488986354163,4.360222121725229,1.072289147298873,1.4295223720098722,Bad
1.7014034023257012,5.5394234510901,1.1189273221919938,1.569367394866477,Bad
2.418931020796821,1.3312895049588254,1.0470621438010106,1.779134329817284,Good
1.8841444971414885,6.411093465708907,1.4558880777302758,1.0849052645906887,Bad
2.62854583068726,3.563518189371391,1.036144587640886,1.9239730043939176,Good
1.4837264843625526,4.498227864076648,1.0326467252234746,1.5493891919817622,Moderate
2.12168457898672,5.791866053868725,1.0766487990672369,1.7691458277090266,Bad
2.4013409844100546,3.464983225182209,1.0466381748931208,1.724195770219568,Good
2.3490594389989625,5.898351966176919,1.1340847353284105,1.5244173373770182,Bad
2.241564643197218,6.4347570017773945,1.246016332685581,2.5632635100227974,Bad
3.4200345191519035,2.1831768034243764,1.132614597745822,2.6681469774982007,Moderate
1.2364885249650917,5.003113069633899,1.0139914496696465,1.3945620152968707,Good
1.491788592435262,5.219965714165518,1.060629624562767,1.804106184422028,Bad
1.8975813869272469,6.12315555882755,1.13291877186164,1.1847950803460634,Bad
2.948342762739104,3.015376039880946,1.4966964632724449,1.544395540261733,Moderate
3.546224053636969,1.2602988967533628,1.0,3.4872365144167152,Moderate
2.099134088744977,5.961486280407644,1.212203643995336,1.7341842723278256,Bad
1.825022414272864,5.271268260362,1.174893120870579,1.9689230618833768,Bad
2.4497773557485165,4.43906902390543,1.0109498204430625,1.8540510922997155,Moderate
1.958315891410413,4.084115982878117,1.0816167990672367,1.5144288352687607,Moderate
1.5374738500149925,3.6463405656110974,1.0,1.6642623602336228,Good
3.4480766594253174,1.5719003397032068,1.691410795180723,1.7192009198313394,Moderate
1.0058633454622554,6.198121641092519,1.0,1.11986681997189,Moderate
2.4862320800567765,6.26116130117897,1.0425826692576758,1.604328950247678,Bad
1.8411466304182824,6.134987326861794,1.0081616883015934,2.0488346747540365,Bad
2.6930426952689337,2.250191937570333,1.0617955600466382,1.918979352673889,Good
2.4296805197260545,4.151225771168347,1.037310523124757,1.414539019513386,Good
2.6957300861254585,2.3369897878695456,1.4045860769529732,2.103773234351753,Good
1.8303971314890488,4.218240905314305,1.0384764865915277,1.2497221420520372,Moderate
3.3030755179383093,1.5284540874814636,1.7217256214535563,1.7841291802055128,Moderate
2.8354732497211748,4.0999232249718665,1.174893120870579,1.6193123027441645,Moderate
3.114959705906337,2.766908911161827,1.0338126607073457,2.058823176862294,Moderate
1.2364885249650917,4.34441487963148,1.036144587640886,1.0,Good
2.4296805197260545,6.426806053658383,1.1095996984065293,1.4345172223981009,Bad
2.674114284445233,5.13326251801058,1.041366028760202,1.4944506323840456,Bad
2.402105723733399,1.0,1.1992615530509134,1.569367394866477,Moderate
2.2281278179083244,1.1104613863676998,1.1061018359891177,2.0338513222575503,Good
1.378919079417333,5.169041784546133,1.0,1.3346286053109258,Good
1.748724493881817,4.289231513519767,1.0389327197823552,1.094894965367146,Good
3.506965070153562,2.2383601695360893,1.0851653385153517,2.5882353646275407,Moderate
2.0265751160905943,5.097767213907848,1.1643995336183444,1.294672199541496,Moderate
1.5159749166533891,6.643753352334276,1.1865526715895842,1.1448386745766337,Bad
2.744102734561713,4.064427920869136,1.026766258841819,1.4944506323840456,Moderate
2.182442495831729,3.748945658004059,1.0023318989506411,1.2597118428284946,Good
2.088384589815744,4.821661075060737,1.1853867081228138,1.4395120727863295,Bad
3.22344452857941,3.457032277063197,1.079284872133696,1.6459491074783177,Moderate
2.7526321869151813,5.519735389081118,1.0194663598911775,1.3446171074191833,Bad
1.6799044689640985,3.7764900139877793,1.0571317621453555,1.2277469579465907,Good
2.393693139698553,1.8479118244060453,1.0788609032258063,2.248613107596586,Good
1.9459540353635016,5.440888486900918,1.0874465604352896,1.3704975525193142,Bad
2.253482567325213,5.168757822113311,1.0255495903614458,1.2597118428284946,Moderate
1.9244550375050344,4.143274823049335,1.0851146614846483,1.4544954252828155,Moderate
2.1272930328401483,4.360222121725229,1.0754321585697628,1.6193123027441645,Bad
1.7431160400283885,4.178770127152067,1.0121664889234356,1.3995556670168998,Good
2.357121547071672,3.934278472492454,1.037310523124757,1.5843507473629632,Moderate
1.784711873909318,4.399692899887466,1.2028760202098718,1.2996670499297247,Bad
1.94501928230512,4.750670466855274,1.0389327197823552,1.294672199541496,Moderate
1.8076129046100615,6.86070065101017,1.0450159782355228,1.6642623602336228,Bad
2.4726783864492603,1.2366353606848752,1.3322969296541003,1.3596004599156697,Moderate
2.093759307031928,3.705499405782316,1.167897396035756,1.6942290652265954,Moderate
1.7823750235117948,4.821661075060737,1.0279828993392923,1.7541624752125404,Bad
2.5747984650348203,4.719150636812048,1.1469102215312863,2.058823176862294,Moderate
2.7709763851395013,2.222647581586614,1.018249719393704,1.8490562419114869,Good
1.8650167910062303,4.147250297108842,1.1282549459774582,1.094894965367146,Moderate
1.8760823890687792,6.075828486690575,1.1410804601632336,2.053829525142265,Moderate
1.735850597226992,2.8575875813762712,1.0279828993392923,1.5244173373770182,Good
1.6100328226693752,5.993006110450869,1.0093276237854645,1.2447284903320084,Bad
2.201254102833672,5.547374399209112,1.1119315973571706,2.018867969761064,Bad
1.88613080708001,5.925990976304912,1.015816410415857,1.214761785339036,Bad
2.088384589815744,3.977630070569923,1.0174893120870578,1.669256011953652,Moderate
3.613525112896925,1.347096747052575,1.1551779090555772,2.258601609704844,Moderate
3.25178180650515,3.374209900823491,1.0279828993392923,1.5793558969747346,Moderate
2.657288987381812,4.2970878074945045,1.0852206607073456,1.8790229469044597,Moderate
1.2383579665849915,3.7449701839445537,1.0038158600855034,1.1648168774613483,Good
1.284372545155276,3.772609194072547,1.0,1.2996670499297247,Good
2.562583145864239,2.620952220691396,1.0216231418577535,1.4994454827722743,Good
2.9797733102901804,3.4728395191569468,1.0255495903614458,1.2846836974332383,Moderate
1.5347865236553324,5.06615272972035,1.3322969296541003,1.0,Good
1.0967452968725104,4.379910183734211,1.0,1.1298553220801475,Moderate
1.7900865911255024,8.540811711872784,1.3964244166342792,1.11986681997189,Bad
2.222753036195275,6.158650862930282,1.8371550812281383,1.0749167624824312,Bad
1.6926402133349892,4.920290693394192,1.0356145915274,1.3795786628003843,Moderate
1.193490593745021,4.009244554757423,1.0,1.204772084562579,Good
2.295545745486902,1.654722715942913,1.0076316921881072,1.7691458277090266,Good
1.135136281552377,4.389564906450154,1.0466381748931208,1.3596004599156697,Good
1.1205810806316368,3.677955049798597,1.0024333089778468,1.0,Good
2.660093182060094,2.064859123081938,1.0,1.938956356890404,Good
1.854583455707176,2.8930828854790027,1.02215313797124,1.829079237694972,Good
2.760226950707132,2.30546995782632,1.9630781282549552,1.744172774436083,Bad
1.6449686458167367,1.757233154191601,1.0279828993392923,1.1558268659634567,Good
1.2334172487705768,3.750270816023895,1.0,1.0,Good
3.4340555570401783,1.8203674684223257,1.0535324897007383,3.557158426510917,Moderate
2.134069847395474,4.983330353480644,1.167897396035756,1.214761785339036,Bad
2.130230800524979,2.489761576727701,1.0545666537116207,1.4794672798875594,Good
1.3090474976194746,6.6161143422062825,1.0163233486202876,1.0,Bad
1.8599581729233607,3.81198531809051,1.0396424500582977,1.0499449078776877,Good
1.2198756805736024,3.263843168600065,1.006359757481539,1.3596004599156697,Good
4.241668526147104,1.6902180200456445,1.0316328488146134,2.07380652935878,Moderate
1.722902335687304,5.894376492117413,1.0909444228527012,1.1897887320660925,Moderate
1.784711873909318,4.01710084873216,1.0687912848814614,1.839067739803229,Good
3.5637503671215285,2.6564475247941277,1.3334628931208703,1.764150977320798,Moderate
1.2169439755940423,4.34441487963148,1.0116595507190052,1.0,Good
1.7543328832383809,5.736682687757012,1.0572983163622232,1.5094339848805318,Bad
2.3383099400697285,4.734863224761524,1.1982121943256898,1.6143174523559356,Moderate
2.390888880523407,2.818116803214034,1.1800638849591916,1.2247502874472935,Good
3.757240960866549,2.226528401501846,1.1713952584531675,3.26748107735765,Moderate
1.8465213476344668,3.468864045097441,1.2145355709288768,1.5643725444782484,Good
2.32218572392431,6.233616945195251,1.216231502526234,1.569367394866477,Bad
3.262998714212007,1.907070664577264,1.0985484679362612,2.423418487166193,Moderate
1.6799044689640985,3.354521838814509,1.0408083855421686,1.414539019513386,Good
2.67960586998004,5.085935445873605,1.130586872910999,1.804106184422028,Bad
1.9835771848705237,2.774765205136565,1.3334628931208703,1.0,Bad
2.028555234330116,2.419812164109252,1.0736392102603964,2.303551667194302,Good
1.6281433487533157,5.93384727027965,1.0608323886513795,1.0,Bad
2.0265751160905943,2.9600980196249598,1.005829761368053,1.4045505174051285,Good
2.402105723733399,3.7804654880472848,1.0012166404974738,1.5344058394852758,Good
2.4243057380130053,5.902327440236425,1.1451612903225807,1.4445057245063584,Bad
3.434756637958181,2.6249276947509017,1.5316750874465606,1.5593788927582195,Bad
2.3482916038261177,1.320782894944417,1.0391760590750097,1.779134329817284,Good
2.0749477645268493,6.209953409126763,1.1410804601632336,1.5394006898735046,Bad
1.5132875257968648,6.213834229041995,1.1270890104935871,1.11986681997189,Bad
2.811520662140292,2.2856872416730645,1.0462326187329964,2.1437296401211823,Good
2.5640489661055863,7.077553295541789,1.4500582883793238,1.3346286053109258,Bad
2.2684383582718706,6.718719434599245,1.114263496307812,1.6842393644501383,Bad
2.4469731610702343,4.592882008350599,1.1070650073843762,2.323529870079017,Bad
2.448492062231133,4.904483451300443,1.130586872910999,1.484462130275788,Bad
2.0656003629367565,4.273424271426018,1.0121664889234356,1.3046619003179534,Moderate
1.8223350234163396,4.174889307236835,1.0734551107656432,1.2097669349508071,Good
1.8496760827717504,5.894376492117413,1.0194663598911775,1.1448386745766337,Bad
1.427291727853588,3.520166591293922,1.138748533229693,1.1398450228566048,Good
3.736910452703708,2.55393708654544,1.0523158492032647,2.902885767053752,Moderate
2.196123699740523,5.097767213907848,1.031798759424796,1.5194224869887896,Moderate
1.7873992002689778,5.835217651946195,1.3171395165176836,1.0749167624824312,Bad
1.7685876577638997,3.9461102405266977,1.0011659634667702,1.1997784328425498,Good
2.8967941596971176,3.815960792150016,1.0190792444617178,1.484462130275788,Moderate
1.980889794013999,5.089816265788837,1.0594636610959969,1.639289306960679,Bad
4.781861628469725,4.360222121725229,1.0890364928099494,2.3285235217990463,Bad
1.7470886599054318,3.930302998432948,1.054799835211815,1.5194224869887896,Good
2.507614209596622,3.299338472702797,1.3218033424018656,1.0799116128706598,Moderate
2.2388772523406937,5.038608373736629,1.079284872133696,1.0449500574894588,Bad
2.5640489661055863,5.436913012841412,1.380101040031092,1.3446171074191833,Bad
2.459241561160366,4.825636549120242,1.0746210742324136,1.2846836974332383,Bad
1.9782024676543388,3.788321782022023,1.0489700738437622,1.7491676248243118,Good
1.1074947958017445,4.202433663220555,1.0034978624174116,1.3196452528144396,Good
2.1577187192410423,3.701618585867085,1.0546332809949477,1.3695889620239272,Good
4.77446867536705,1.4180873552580378,1.1094982883793238,2.5882353646275407,Moderate
4.144222148356592,5.488215559037893,1.209871745044695,1.824084387306743,Bad
1.086930551001659,5.129287043951074,1.0,1.2397336399437795,Good
2.012320341565076,3.772609194072547,1.2358558538670812,1.4445057245063584,Bad
1.168252712646754,3.350546364755004,1.0127194869801788,1.2397336399437795,Good
1.404571223876808,3.382160848942503,1.024485036921881,1.2896785478214672,Good
2.688135322333508,5.141118811985318,1.0669156191216478,1.4544954252828155,Bad
1.3197969320518437,5.081959971814099,1.1317528083948698,1.0,Moderate
1.4165422289243543,3.5911571994993845,1.0408083855421686,1.1448386745766337,Good
2.814324856818573,3.326882828686516,1.0145997699183833,1.8540510922997155,Moderate
1.5240370247260986,5.507903621046875,1.0174893120870578,1.0,Bad
3.7649525284802574,4.53372316817938,1.0,2.603218717124027,Bad
2.566736356962111,4.269543451510785,1.3567819665759813,1.4594890770028446,Moderate
1.5748633273816344,5.653860311517306,1.0291995398367664,1.3246389045344684,Bad
1.212302200746964,3.4097052049262224,1.0116595507190052,1.3396222570309548,Good
4.261297953391943,2.0845471850909205,1.0206830003886511,2.4384018396626788,Moderate
2.884430110756811,2.538129844451689,1.0635974908666923,2.038846172645779,Good
3.574499866050762,3.0035442718467023,1.3707734162456275,1.9289678547821465,Moderate
1.5240370247260986,5.2752437344215055,1.0571317621453555,1.0,Moderate
1.6637802528186798,3.5083348232596783,1.3602798289933928,1.0,Moderate
2.160943562470126,6.817254398788426,1.0389327197823552,1.2297451378355222,Bad
2.281875183560764,6.336127383443938,1.174893120870579,1.7341842723278256,Bad
1.948641361723162,4.49037157010191,1.0338126607073457,1.3995556670168998,Moderate
2.177067778615545,5.200277652156537,1.0827827345511076,1.8140958851984847,Bad
1.4998507005079709,3.3032192926180284,1.1095996984065293,1.7341842723278256,Good
1.6169265055433228,4.916315219334686,1.0279828993392923,1.3795786628003843,Bad
1.8496760827717504,3.839624328218504,1.0863820069957248,1.7391791227160542,Good
6.119438626170347,4.194577369245817,1.0571317621453555,2.4084351346697064,Bad
2.012320341565076,4.151225771168347,1.0304162083171395,1.0649282603741737,Moderate
2.7252911275597707,4.186721075271079,1.1189273221919938,1.764150977320798,Moderate
2.7133732034317752,1.8601222090173848,1.0669156191216478,1.859045942687944,Good
1.252379004473266,5.614389533355069,1.1527399828993392,1.8140958851984847,Bad
2.3602975016774024,3.4413196891137217,1.0874465604352896,1.6642623602336228,Good
1.550910739800751,5.330427100533218,1.0,1.1398450228566048,Moderate
1.7795708288335126,2.948266251590716,1.087598647493199,1.1398450228566048,Good
2.4243057380130053,5.109598981942092,1.2087057815779243,1.254716992440266,Bad
3.5686577400569544,3.4531514571479653,1.126531367275554,2.538290456749854,Moderate
2.556524310405436,1.81639199436282,1.0,2.0088794676528066,Good
1.7766497658366087,5.93384727027965,1.029148862806063,1.449500574894587,Moderate
2.392057305722169,5.642028543483062,1.053633899727944,1.484462130275788,Bad
2.1367572382519984,5.4053931827981865,1.0652934224640498,1.9539397093868904,Moderate
2.93490593745021,2.0806663651756887,1.0608323886513795,2.63152047198759,Good
2.799462521828695,2.9443854316754834,1.0457902090944422,1.6942290652265954,Moderate
1.6100328226693752,5.101648033823081,1.0256510003886514,1.325353310781501,Moderate
2.212003601762906,2.561793380520177,1.0652934224640498,1.4295223720098722,Good
1.959390860652396,3.263843168600065,1.1072677714729888,1.4644839273910732,Good
2.096446697888452,5.32257080655848,1.0944422852701128,1.3096555520379822,Moderate
1.9309982444168448,3.953966534501435,1.116798187329965,1.0099885021082575,Good
2.009516146886793,2.4789710042804707,1.0,1.4045505174051285,Good
1.6918754740116442,3.413680678985728,1.0127194869801788,2.318535019690789,Good
1.2187284748432885,4.364197595784735,1.0,1.3196452528144396,Good
1.2418632421812763,2.8970583595385087,1.13291877186164,1.0249718546047435,Bad
2.0023887918724665,5.421105770747662,1.1935483964244074,1.5543840423699908,Bad
1.0429979312200706,4.1157304670656165,1.0139914496696465,1.7192009198313394,Good
1.2821737825448225,3.21651609646309,1.0617955600466382,1.11986681997189,Good
1.5294117419422832,6.056140424681594,1.3248449716284494,2.058823176862294,Moderate
1.2660495663994038,5.192421358181798,1.0559657986785853,1.2397336399437795,Moderate
1.8035234164143965,5.369897878695455,1.1947143319082782,1.3096555520379822,Bad
1.5019538787651148,5.736682687757012,1.0279828993392923,1.3995556670168998,Bad
2.1367572382519984,5.645909363398294,1.204041983676642,1.3396222570309548,Moderate
1.3305464309810775,4.360222121725229,1.0944422852701128,1.0,Good
1.50791280858068,4.210384611339567,1.08861252390206,1.2247502874472935,Moderate
1.4971633096514465,5.653860311517306,1.1842207446560435,1.3645953103038984,Moderate
2.007763509088651,3.752826477919292,1.7648659059463665,1.1698117278495772,Moderate
2.1394446291085227,2.9995687977871963,1.6202876113486204,1.0549385595977163,Bad
1.142430554452241,3.070559405992659,1.0046638258841818,1.2397336399437795,Good
1.5972970782984843,2.644615756759884,1.0036499494753206,1.3596004599156697,Good
1.5858464984512477,3.3939926169767465,1.0,1.2796888470450098,Good
2.2496267512699277,1.6704353038923887,1.0816167990672367,1.1897887320660925,Good
3.3802414371328964,3.098198416120652,1.1599022899339293,2.8379575066795786,Moderate
4.421138017506987,1.4614389533355068,1.0790821080450836,2.2635964600930727,Moderate
1.365482254128439,5.925990976304912,1.0125923047026817,1.409545367793357,Bad
2.755436381593464,6.182314398998769,1.0705655685969686,1.4544954252828155,Bad
1.5552339001367956,5.022801131642881,1.0877645581033812,1.2197554370590649,Moderate
1.6169265055433228,4.916315219334686,1.0279828993392923,1.3795786628003843,Bad
2.533903712071893,2.8536121073167653,1.0851653385153517,1.899001149789174,Moderate
2.545120555281886,2.6091204526571525,1.0231163093664983,1.604328950247678,Good
1.386981187490042,5.6498848374578,1.1061018359891177,1.1698117278495772,Moderate
1.8760823890687792,2.841780339282521,1.2483482316362222,1.4594890770028446,Good
2.155568845253941,4.009244554757423,1.08861252390206,1.2796888470450098,Moderate
1.9459540353635016,4.979449533565411,1.0474492592304705,1.03995520710123,Moderate
1.301962581542042,4.652040848521818,1.0279828993392923,1.3046619003179534,Good
2.138509876050141,4.853180905103962,1.0093276237854645,1.274695195324981,Bad
2.9405143913036387,2.2818064217578327,1.1472143956471046,2.0488346747540365,Moderate
1.8975813869272469,2.664303818768865,1.2005441212592305,1.3596004599156697,Moderate
2.8676048781902543,5.4053931827981865,1.1399144966964632,1.978912762659834,Bad
1.6421644511384548,5.784009759893987,1.0513019727944035,1.0,Moderate
2.0599919735801926,4.813804781085999,1.0304162083171395,1.374583812412156,Bad
1.888935066255157,8.643322150121474,1.0608323886513795,1.604328950247678,Bad
1.5777843903785382,7.03420169746432,1.246016332685581,1.414539019513386,Bad
1.5916886244450557,3.4413196891137217,1.0121664889234356,1.4594890770028446,Good
2.382476296488561,6.746263790582964,1.1824971659541392,1.4395120727863295,Bad
1.6315318205278428,2.33301431381004,1.0,1.0249718546047435,Good
2.099134088744977,2.0885226591504265,1.6902448596968518,1.254716992440266,Good
1.8384592395617576,1.7690649222258448,1.0,1.1897887320660925,Good
2.263063576558821,5.247604724293511,1.0279828993392923,1.7941176823137703,Moderate
1.725589726543829,5.685380141560532,1.1270890104935871,1.1947835824543211,Bad
3.002334507011444,4.825636549120242,1.10048404508356,1.6592675098453944,Bad
2.9180806403867887,1.6270837058149197,1.2956454038087837,1.1348501724683762,Moderate
1.8411466304182824,4.119611286980849,1.0944422852701128,1.419533869901615,Good
2.842366932595122,4.920290693394192,1.059615748153906,1.589345597751192,Bad
2.050761440308721,4.975474059505905,1.0151574131364167,1.414539019513386,Bad
2.604008966010131,2.506610014408464,1.0291995398367664,2.1187565868482388,Moderate
2.005564746478197,4.360222121725229,1.170330705013603,1.0998886170871751,Moderate
3.192893395776905,5.290956322370981,1.0523158492032647,1.839067739803229,Bad
3.810988326518989,1.4929587833787323,1.6074620971628448,2.043839824365808,Moderate
2.013138226304836,5.713019151688525,1.0489700738437622,1.2846836974332383,Moderate
3.0638996666135574,2.534154370392184,1.0241670392537894,1.6454372761570375,Moderate
2.253482567325213,5.168757822113311,1.0255495903614458,1.2597118428284946,Moderate
1.3627948632719145,3.831768034243766,1.0552358087835212,1.034961555381201,Good
2.1357056813718587,4.425533481274255,1.0617955600466382,1.2297451378355222,Moderate
1.1495154705296735,6.107348316733801,1.0,1.0,Moderate
3.128396531195231,4.01710084873216,1.0644823381267003,1.5793558969747346,Bad
2.632051106283545,4.443044497964936,1.0851653385153517,2.4483903417709363,Moderate
1.7685876577638997,5.1884458841222925,1.1702292949863973,1.4594890770028446,Moderate
1.9730614225785337,5.373778698610687,1.0231163093664983,1.0,Bad
2.172670253394637,4.545554936213623,1.0151574131364167,1.3196452528144396,Moderate
2.295312008849658,4.245879915442298,1.1853867081228138,1.6742508623418806,Moderate
1.6449686458167367,5.567062461218094,1.209871745044695,1.4944506323840456,Bad
5.848481686835518,2.52232260235794,1.1058483668869024,2.633185422117,Bad
1.5374738500149925,3.429487921079477,1.1783909832879906,1.2996670499297247,Moderate
1.8088981981274452,4.5731939463416165,1.012825486202876,1.374583812412156,Moderate
1.8760823890687792,2.841780339282521,1.2483482316362222,1.4594890770028446,Good
2.0856971989592186,4.983330353480644,1.0862805969685192,1.2697003449367523,Moderate
2.4357563178602417,4.24976073535753,1.0425826692576758,1.3446171074191833,Good
1.5496254462833672,3.71733117381656,1.0038158600855034,1.3695889620239272,Good
2.0588235483814312,2.514466308383202,1.0944422852701128,2.872919062060779,Good
2.48074049452197,5.003113069633899,1.2063738826272834,1.1648168774613483,Moderate
1.1908032028884965,2.90093917945374,1.0163233486202876,1.1448386745766337,Good
1.8492087384909917,3.3308583027460217,1.3322969296541003,1.3446171074191833,Good
2.828345894706848,1.6349399997896574,1.0255495903614458,1.609322601967707,Good
1.2327495772284274,2.5972886846229084,1.010175589584143,1.3356270959212917,Good
2.0872328693049083,2.9562171997097275,1.270501369607462,1.2197554370590649,Moderate
1.2198756805736024,3.263843168600065,1.006359757481539,1.3596004599156697,Good
1.0504758266933991,5.519735389081118,1.0291995398367664,1.469478777779302,Good
1.6982486671884178,5.862856662074187,1.0734551107656432,1.234738789555551,Bad
2.049539869693545,1.6744107779518946,1.0,1.2996670499297247,Good
4.570780933841073,1.7166265262980764,1.1984241927710844,4.664500096093233,Bad
1.7712749841235595,5.780034285834482,1.1713952584531675,1.6592675098453944,Bad
2.4619289520168914,5.164782348053805,1.3194714434512242,1.1498335249648624,Bad
1.633751802606744,3.1375745401386155,1.0139914496696465,1.5993340998594494,Good
3.07511650982355,3.125742772104372,1.122881417800233,1.8540510922997155,Moderate
1.7935918667217872,2.829948571248278,1.0145997699183833,1.214761785339036,Good
3.448193463247075,2.5421053185111955,1.1900505340069958,3.372364544833053,Moderate
2.1958793856174874,1.5752132347527947,1.4209094535561602,1.7192009198313394,Bad
1.056084216049963,4.64418455454708,1.0,1.15982202707312,Good
1.9478234769834015,5.4566010748503935,1.0241670392537894,1.5094339848805318,Bad
1.3923559047062266,4.608689250444348,1.0863820069957248,1.3845723145204134,Good
2.088384589815744,4.7151751627525424,1.0489700738437622,1.529412187765247,Moderate
1.799200256078351,5.235772956259268,1.2311630936649824,1.0998886170871751,Bad
3.214392329138508,2.514466308383202,1.4477263894286825,1.6742508623418806,Moderate
3.0516145618354984,2.5459861384264277,1.323075305091333,1.5394006898735046,Moderate
2.3849852890176524,5.598582291261319,1.1240980862806065,1.3346286053109258,Bad
2.5909226811802384,4.868988147197712,1.0921103863194714,1.0299667049929724,Moderate
1.7038570565449818,5.393561414763943,1.0,1.3196452528144396,Moderate
2.441364707216806,4.557386704247867,1.0827320575204042,1.4295223720098722,Moderate
3.5315019348306915,3.567493663430897,1.1470268262728331,1.943951207278633,Moderate
2.040362481838489,4.84930008518873,1.0316328488146134,1.4295223720098722,Moderate
1.4622275510009497,3.681835869713829,1.234356781966576,1.1348501724683762,Moderate
1.722902335687304,5.799722347843463,1.060629624562767,1.409545367793357,Bad
1.8814571707818284,2.968048967743971,1.0454722114263506,1.419533869901615,Good
2.076817206146749,6.091635728784325,1.008516539448115,1.6892342148383668,Bad
2.230815144267984,3.6463405656110974,1.0501360373105324,1.5993340998594494,Moderate
2.3251174289038703,2.561793380520177,1.0186552755538285,1.9639294101633475,Good
1.8465213476344668,5.685380141560532,1.0408083855421686,1.1997784328425498,Bad
2.390888880523407,4.427237255871185,1.090031928488146,1.6980480221108998,Good
2.3286354103824776,4.983330353480644,1.1958802953750487,1.3795786628003843,Bad
1.168252712646754,3.823817086124754,1.041366028760202,1.3196452528144396,Good
2.497448923266769,4.699367920658792,1.1021984174115818,2.348501724683761,Good
1.88613080708001,2.0570028291072013,1.0208705697629226,1.3246389045344684,Good
1.8765710173148495,3.7449701839445537,1.1459977271667314,1.034961555381201,Good
2.230815144267984,3.6463405656110974,1.0501360373105324,1.5993340998594494,Moderate
3.5630492862035257,3.764658245953535,1.0133831294209097,1.9289678547821465,Moderate
2.1721604056801187,6.119180084768044,1.0072998989506412,1.3695889620239272,Bad
2.8919080062301394,4.1157304670656165,1.4535561507967354,1.709212417723082,Bad
2.3490594389989625,4.557386704247867,1.162067634667703,1.3096555520379822,Moderate
1.784711873909318,5.744538981731751,1.0804508356004665,1.2097669349508071,Bad
2.668856371050806,3.157357256291871,1.209871745044695,1.9639294101633475,Moderate
2.0936425032101704,4.537698642238886,1.0620490291488536,1.5194224869887896,Moderate
2.037324550522963,5.010969363608637,1.005829761368053,1.419533869901615,Moderate
2.160943562470126,2.120042489193652,1.096774184220754,1.5593788927582195,Good
2.1905046039044382,3.346665544839772,1.2530120575204042,1.2397336399437795,Moderate
1.6422812549602122,3.031088627830422,1.209871745044695,1.669256011953652,Bad
3.9640515760787065,2.569649674494915,1.0024333089778468,1.3596004599156697,Moderate
2.289937291633473,3.354521838814509,1.1800638849591916,1.3446171074191833,Good
1.802985964041837,2.762933437102321,1.1002720466381657,1.6992227169466243,Good
2.1525309139384152,2.415836690049746,1.0693489280994948,1.419533869901615,Good
1.3735443622011485,6.746263790582964,1.0069957248348231,1.059933409985945,Bad
2.676918479123516,1.3746411030362946,1.3253012048192772,1.9039960001774028,Moderate
2.440429954158424,4.227706319741699,1.2774970944422852,2.528301954641596,Good
2.528295258218465,4.975474059505905,1.0450159782355228,1.6792457127301093,Bad
4.590325483212123,1.3431212729930693,1.4185775266226195,2.842952357067807,Moderate
1.267201286910239,6.227464425817443,1.0133251768363778,1.246393440461418,Bad
2.132901422196712,6.198121641092519,1.015816410415857,1.389567164908642,Bad
2.5962973983964237,4.289231513519767,1.1923824329576371,1.7192009198313394,Moderate
2.163630953326651,5.452720254935162,1.0594636610959969,1.3396222570309548,Bad
1.6674023322367215,2.924602715522228,1.0936818779634667,1.5194224869887896,Good
2.4861152762350187,3.685811343773335,1.1106596346677031,1.569367394866477,Moderate
1.6898360186567072,4.837468317154486,1.0766487990672369,1.3446171074191833,Moderate
1.4010022253783163,4.636328260572341,1.020351207151185,1.354605609527441,Good
3.17887235788863,1.650747241883407,1.0571824391760591,2.4783570467639087,Good
1.2579874583266948,4.147250297108842,1.0218996688690245,1.3446171074191833,Good
1.755150767978141,4.782190296898499,1.0909444228527012,1.0,Bad
3.993729485831641,1.9505169167990075,1.3894286917994558,4.006659001405504,Moderate
1.4407285531424818,3.1060547100953904,1.1713952584531675,1.0649282603741737,Good
2.424539474650249,4.667848090615568,1.1107149568596968,1.983906414379863,Moderate
1.737507650671824,5.436913012841412,1.1240980862806065,1.3246389045344684,Bad
2.424539474650249,4.545554936213623,1.116798187329965,1.8890126476809168,Bad
1.2355537719067096,2.6682792928283705,1.0228951045472212,1.1847950803460634,Good
2.292624682489998,5.070128203779855,1.13291877186164,1.3695889620239272,Bad
2.099134088744977,5.535542631174868,1.08348230703459,1.414539019513386,Bad
2.444168901895088,3.374209900823491,1.1182913548387097,1.7391791227160542,Good
1.7793370921962686,3.6581723336453416,1.0093276237854645,1.4644839273910732,Good
2.550996026154683,4.415405487836942,1.0386430408083949,1.724195770219568,Bad
2.284562574417289,4.443044497964936,1.150408083948698,1.6742508623418806,Moderate
2.0426993322360127,5.058296435745612,1.2238631947143412,1.294672199541496,Bad
2.0319498333067787,2.30546995782632,1.141131137193937,1.938956356890404,Good
2.3011541348434656,7.322139604345677,1.0291995398367664,1.349611957807412,Bad
3.829449393061931,3.277000094654144,1.018249719393704,2.4384018396626788,Bad
1.8440676934151865,6.079803960750081,1.0340661298095608,1.2796888470450098,Moderate
1.5524296409616491,5.748514455791256,1.0644823381267003,1.4894557819958172,Bad
1.3998805604063769,4.210384611339567,1.8483906350563544,1.094894965367146,Bad
1.8196476325598143,2.8812511174447586,1.225612125923047,1.354605609527441,Bad
1.929829819218084,5.472408316944144,1.1830548091721729,1.354605609527441,Bad
2.6124216145418417,1.8242482883375577,1.006359757481539,1.2647054945485237,Good
2.906863797176796,5.279124554336737,1.2739992320248736,1.3645953103038984,Bad
1.9190803202888496,3.354521838814509,1.0757870097162845,1.294672199541496,Good
2.182442495831729,2.467139236246227,1.060629624562767,1.644284157348908,Good
5.478325796408897,2.3211825457757955,1.0097331799455889,3.26748107735765,Bad
1.9405792536504527,3.764658245953535,1.444228527011271,1.4045505174051285,Bad
2.284328837780045,3.855431570312253,1.0304162083171395,2.533296805029825,Good
2.0749477645268493,4.261592503391773,1.2926544795958026,1.2896785478214672,Bad
3.1536344122934983,4.616545544419086,1.059615748153906,1.5993340998594494,Bad
1.0,4.703343394718299,1.0,1.03995520710123,Good
2.440429954158424,5.543398925149606,1.079284872133696,1.4994454827722743,Bad
1.6561854890267294,6.083684780665313,1.1569475755926937,1.1348501724683762,Bad
1.56166017423312,3.2520114005658214,1.0069957248348231,1.294672199541496,Good
1.8008360900547362,5.523710863140624,1.0804508356004665,1.3596004599156697,Moderate
2.33024783199702,2.498659066289452,1.0446560342013214,1.414539019513386,Good
2.27650046634458,5.756370749765994,1.282160892343568,1.938956356890404,Bad
2.346372048142438,4.963642291471661,1.0218996688690245,1.2846836974332383,Moderate
2.4296805197260545,5.720875445663262,1.102603973571706,1.4345172223981009,Bad
1.7683539211266557,4.230072673348548,1.008516539448115,1.15982202707312,Moderate
1.2327495772284274,3.681835869713829,1.0,1.1847950803460634,Good
2.122831784717034,3.882975926295973,1.0944422852701128,1.4395120727863295,Good
3.2520155431423934,3.7962727301410335,1.4290711138748542,1.5793558969747346,Bad
1.2720084962149694,3.6976431118075785,1.0025438973960357,1.3346286053109258,Good
2.32919627511688,4.308919575528749,1.0377160792848814,1.3945620152968707,Good
1.6422812549602122,5.665692079551549,1.08861252390206,1.5993340998594494,Moderate
1.7981486991982116,5.3264516264737125,1.0550330446949088,1.354605609527441,Moderate
2.4323678460857145,1.903189844662032,1.011193159735717,1.779134329817284,Good
1.8062108072709209,4.868988147197712,1.2005441212592305,1.544395540261733,Moderate
1.9001519094651491,5.929871796220144,1.0135047990672368,1.899001149789174,Bad
1.658989683705011,4.269543451510785,1.1216647773027597,1.6992227169466243,Good
1.6617939428801578,3.468864045097441,1.0038158600855034,1.5593788927582195,Good
1.9701403595816296,7.270837058149196,1.15507190983288,1.094894965367146,Bad
2.580173182251005,5.772177991859743,1.2611737178390985,1.5543840423699908,Bad
3.120334423122522,3.886951400355479,1.1865526715895842,2.318535019690789,Moderate
1.2687369572559284,3.031088627830422,1.0023318989506411,1.2397336399437795,Good
1.0504758266933991,5.097767213907848,1.0279828993392923,1.3596004599156697,Good
3.882729414433612,1.761208628251107,1.0,2.648168774613486,Moderate
1.10375584806508,4.6599917966408295,1.0279828993392923,1.5394006898735046,Good
2.8085995991433874,2.2620237056045767,1.0069957248348231,1.6293008048524218,Good
1.633751802606744,3.5043593492001723,1.0,1.4994454827722743,Good
1.6169265055433228,6.000862404425607,1.0072998989506412,1.15982202707312,Moderate
2.0426993322360127,5.1844704100627865,1.1888845705402251,1.4894557819958172,Bad
2.072260373670325,5.093791739848342,1.1165954232413524,1.5244173373770182,Moderate
2.163747757148408,4.139394003134104,1.0523158492032647,1.5244173373770182,Good
1.661092861962155,4.616545544419086,1.005829761368053,1.6792457127301093,Moderate
1.8196476325598143,3.772609194072547,1.114263496307812,1.4445057245063584,Good
1.415023327763456,2.979880735778215,1.015816410415857,1.11986681997189,Good
2.607046897325657,2.344846081844284,1.1772250198212204,1.349611957807412,Good
1.4326664450697726,3.8474806221932414,1.0198212110376992,1.154828375353091,Good
3.4480766594253174,3.6503160396706034,1.0356477792460164,6.394006898735045,Bad
1.8216339424983363,4.0447398588601535,1.0025438973960357,1.374583812412156,Good
2.365183655144381,2.2818064217578327,1.024485036921881,1.4744724294993308,Good
1.8216339424983363,5.247604724293511,1.0571824391760591,1.2896785478214672,Bad
1.8707076718525943,5.768202517800238,1.4057520404197434,1.1248616703601186,Bad
1.898349157603227,5.752395275706488,1.0547491581811117,1.2796888470450098,Bad
2.152881454397417,3.92244670445821,1.756704245627672,1.3246389045344684,Bad
2.241564643197218,3.023232333855684,1.0909444228527012,1.4045505174051285,Good
2.673986774143956,6.651609646309014,1.0152634123591138,1.2497221420520372,Bad
1.4165422289243543,3.6345087975768537,1.0,1.1997784328425498,Good
1.0225739026035858,4.512709948150564,1.0013991449669646,1.286348647562648,Good
2.101821415104637,5.287075502455749,1.0163233486202876,1.294672199541496,Moderate
1.233801134108567,3.244060452446809,1.0,1.214761785339036,Good
3.0975501962435352,3.323002008771284,1.149647676642052,2.633185422117,Moderate
2.14335352608336,3.267723988515297,1.2391266070734552,2.2086567018271563,Good
2.55072894463845,5.511879095106381,1.081515389040031,2.19367334933067,Bad
2.5640489661055863,4.695487100743561,1.0233190734551108,1.3845723145204134,Bad
2.3678709815040406,4.305038755613516,1.2856587547609797,2.238623406820129,Bad
1.5912212801642969,3.6424597456958656,1.0746210742324136,1.0899001149789174,Good
1.3735443622011485,5.365922404635949,1.0629615235134084,1.0,Moderate
2.3095667833751765,5.574918755192831,1.0194663598911775,1.2497221420520372,Moderate
1.445869598218287,3.125742772104372,1.0,1.3596004599156697,Good
2.1851298866882534,4.73883869882103,1.145744258064516,1.5643725444782484,Moderate
1.518662307509914,4.352365827750491,1.0571317621453555,1.5144288352687607,Good
2.160943562470126,6.817254398788426,1.0389327197823552,1.2297451378355222,Bad
1.8328507857083287,2.131874257227896,1.0,1.3845723145204134,Good
1.5951301771391335,3.512310297319184,1.014657722502915,1.4245287202898431,Good
3.882729414433612,1.6586035358581448,1.0377160792848814,2.9877910316444405,Moderate
2.8059122082868626,2.8930828854790027,1.097331827438787,1.4395120727863295,Good
2.4269931288695297,1.6625790099176507,1.451224251846094,1.5943392494712207,Bad
1.7067781195418856,3.054752163898909,1.0466381748931208,1.5993340998594494,Good
1.9137056030726651,5.251580198353017,1.0011659634667702,1.4594890770028446,Moderate
1.6870318239784252,3.2401796325315777,1.0,1.9139845022856603,Good
2.620483722614551,1.4890779634635003,1.282160892343568,1.604328950247678,Good
2.230815144267984,6.237497765110482,1.2658375437232805,1.9739179122716053,Bad
2.424539474650249,2.1082107211594083,1.0948985184609406,1.9739179122716053,Good
3.072312315145268,3.894807694330217,1.035282798289934,1.544395540261733,Moderate
1.518779111331671,5.267292786302494,1.0279828993392923,1.2996670499297247,Bad
1.491788592435262,5.969342574382381,1.060629624562767,1.374583812412156,Bad
1.174678986743078,5.2752437344215055,1.0127089094442283,1.0,Good
3.163576668465628,5.693236435535269,1.0572377613680528,1.8190895369185145,Bad
2.518363708525856,2.979880735778215,1.0268169358725223,2.383463280064962,Moderate
2.908032222375558,3.6503160396706034,1.1423478056743102,2.093784732243495,Moderate
2.385280491166843,4.5850257143758615,1.0194663598911775,1.764150977320798,Moderate
1.1693042695268934,5.334402574592724,1.0233190734551108,1.2497221420520372,Bad
1.0644968645816737,4.450616829506852,1.0,1.2397336399437795,Good
2.1889857027435395,3.677955049798597,1.0635974908666923,1.839067739803229,Good
2.9644669788845226,3.421536972960466,1.1737271574038088,1.9539397093868904,Moderate
4.1855842456002765,1.8360800563718012,1.0644823381267003,3.8618203268288713,Moderate
3.773365177011968,1.2879379068813563,1.426739214924213,2.1886796976106413,Moderate
2.260376250199161,6.671392362462269,1.2366886809172173,1.0,Bad
1.8841444971414885,4.056571626894398,1.0851146614846483,1.3845723145204134,Bad
2.3786204804332747,3.993437312663673,1.0046638258841818,1.3346286053109258,Moderate
2.957339623870196,3.0784156999673966,1.0888152879906725,2.0088794676528066,Moderate
1.970257163403387,5.172638642028543,1.0705655685969686,1.0,Moderate
1.5592415418113073,3.7764900139877793,1.009444228527011,1.5244173373770182,Good
2.761044835446892,4.719150636812048,1.0559657986785853,1.7691458277090266,Bad
2.2388772523406937,5.038608373736629,1.079284872133696,1.0449500574894588,Bad
1.5858464984512477,3.914590410483472,1.1294209094442285,1.4345172223981009,Good
1.8749139638700172,4.620521018478592,1.0279828993392923,1.3346286053109258,Bad
1.5347865236553324,4.604713776384843,1.0104935872522347,1.1398450228566048,Moderate
1.7873992002689778,4.2970878074945045,1.3439564803731052,1.4994454827722743,Moderate
3.49574822694357,4.360222121725229,1.1058483668869024,2.2635964600930727,Bad
2.4469731610702343,4.825636549120242,1.4075770011659543,1.1048834674754036,Bad
2.2226362323735174,5.421105770747662,1.0778654675476098,1.6892342148383668,Moderate
1.892772371710308,4.857156379163468,1.0471291068791295,1.3371254311709402,Bad
1.7712749841235595,5.661716605492043,1.0862805969685192,1.3795786628003843,Bad
2.4619289520168914,1.8755508345340384,1.0462326187329964,1.764150977320798,Good
1.3337011661183609,3.6581723336453416,1.0279828993392923,1.3995556670168998,Good
1.467602268217134,6.525435671991839,1.0676253493975905,1.6293008048524218,Bad
2.5129889268128065,7.8505936918271395,1.1247570835600469,2.2036630501071275,Bad
1.8160255531417728,4.021076322791666,1.0462326187329964,1.4245287202898431,Moderate
2.1413140707284226,5.5394234510901,1.0121664889234356,1.5094339848805318,Bad
1.301962581542042,4.186721075271079,1.010175589584143,1.0,Good
2.394744696578693,5.141118811985318,1.0589972701127088,1.4994454827722743,Bad
1.964648774046823,4.837468317154486,1.01703307889623,1.1648168774613483,Moderate
1.55897284787346,5.361946930576443,1.0608323886513795,1.03995520710123,Moderate
2.5640489661055863,1.303650494830832,1.4360668387096776,2.198668199718899,Moderate
2.2282446217300818,3.871144158261729,1.0279828993392923,1.3396222570309548,Moderate
3.344320811360237,2.687967354837353,1.0644823381267003,1.884017797292688,Moderate
1.8749139638700172,4.135418529074598,1.1208352522347451,1.8540510922997155,Moderate
1.3816064702738573,6.040333182587844,1.0279828993392923,1.0,Moderate
2.36565099942514,2.0530273550476954,1.0024333089778468,1.6992227169466243,Good
2.7890869112234418,2.8812511174447586,1.048665899727944,1.834072889415001,Moderate
4.034040026195187,1.354953041027313,1.8208317046249516,2.633185422117,Moderate
3.7649525284802574,4.53372316817938,1.0,2.603218717124027,Bad
2.40720432987231,3.2913875245837847,1.1386978561989896,1.1798002299578347,Good
1.8814571707818284,1.8913580766277884,1.2565099199378158,1.03995520710123,Moderate
1.9513287525796867,4.28137521954503,1.012825486202876,1.4295223720098722,Moderate
3.526127217614506,1.5797566336779445,1.4337349397590362,1.9988897668763488,Good
3.198501849630333,2.064859123081938,1.0766487990672369,3.4772480123084573,Moderate
3.1176470322659973,2.2818064217578327,1.0151574131364167,1.9739179122716053,Moderate
3.260077651215102,1.863719066499795,1.1165954232413524,2.0338513222575503,Moderate
1.5052254177241555,2.163488741415395,1.0116595507190052,1.2397336399437795,Good
1.9446893808427843,2.291366490329501,1.0174893120870578,1.8048205906690609,Good
1.8945434556117209,6.292775785366469,1.125923047026817,1.4245287202898431,Bad
1.8841444971414885,5.929871796220144,1.1643995336183444,1.6992227169466243,Bad
2.8059122082868626,3.177045318300853,1.081515389040031,2.338513222575504,Moderate
1.157035869436761,5.847049419980437,1.026766258841819,1.294672199541496,Moderate
3.2466407614293447,3.0823911740269025,1.083948698017878,1.6592675098453944,Moderate
1.852480277450032,5.764227043740732,1.0693489280994948,1.2247502874472935,Moderate
1.7599413370918096,4.376029363818979,1.0454722114263506,1.0049948503882289,Moderate
1.7066613157201282,5.421105770747662,1.087598647493199,1.644284157348908,Good
2.676918479123516,3.5398546533029034,1.041366028760202,1.7192009198313394,Moderate
1.4622275510009497,4.5298423482641486,1.0069957248348231,1.6143174523559356,Good
2.2684383582718706,2.7314136070590957,1.1340847353284105,1.5394006898735046,Good
3.0162280990953048,1.4456317112417572,1.1017560077730275,2.9877910316444405,Good
4.5445233573137696,3.0272078079151896,1.0279828993392923,2.902885767053752,Moderate
2.1357056813718587,3.92244670445821,1.059615748153906,1.449500574894587,Moderate
2.0265751160905943,3.579325431465141,1.0256510003886514,1.4245287202898431,Good
2.738611149026907,5.835217651946195,1.0206830003886511,1.4295223720098722,Bad
1.440261208861723,4.182745601211574,1.0218996688690245,1.354605609527441,Moderate
1.7497760507619564,5.487742288316523,1.0734551107656432,1.3046619003179534,Moderate
1.5240370247260986,6.493915841948613,1.0209871745044694,1.3096555520379822,Bad
2.5563373984918787,8.020213918366059,1.0291995398367664,1.744172774436083,Bad
1.3168758690549398,4.636328260572341,1.015816410415857,1.329633754922697,Good
4.78772497393198,3.0074250917619345,1.0508780038865138,2.2186464026036137,Bad
1.9513287525796867,2.9640734936844653,1.2495141951029929,1.7591561269325693,Moderate
3.456489307957028,3.6581723336453416,1.0863820069957248,2.458380042547393,Bad
2.817129051496855,3.062703112017921,1.0948985184609406,1.589345597751192,Moderate
4.076220008178633,3.220396916378322,1.097331827438787,2.8879024145572654,Moderate
3.058524949397373,2.4395002261182333,1.3322969296541003,1.3645953103038984,Moderate
3.425642973005332,1.603420169746432,1.0364994387874078,1.943951207278633,Moderate
2.2469393604134025,6.087660254724819,1.0174893120870578,1.214761785339036,Bad
2.9517312345136317,3.8435998022780096,1.0121664889234356,1.859045942687944,Bad
3.2293481200851644,2.8575875813762712,1.0754321585697628,1.449500574894587,Moderate
2.1152583048903955,5.669572899466782,1.216867469879518,1.2846836974332383,Bad
2.191789897421822,5.058296435745612,1.0693489280994948,1.529412187765247,Bad
2.009516146886793,4.865012673138205,1.0279828993392923,1.419533869901615,Bad
2.013138226304836,5.894376492117413,1.2215312957637,1.7570536629102624,Bad
4.036727352554847,1.5876129276526822,2.0820054504469487,2.643173924225257,Moderate
2.8193490335757563,3.520166591293922,1.0944422852701128,1.709212417723082,Moderate
1.6799044689640985,4.837468317154486,1.0011659634667702,1.274695195324981,Good
1.738782237709687,4.987305827540149,1.162067634667703,1.5044391344923034,Bad
1.1654484534716072,5.022801131642881,1.0097331799455889,1.1947835824543211,Good
2.2282446217300818,6.320320141350189,1.0510992087057909,1.2247502874472935,Bad
1.5858464984512477,5.2554610182682495,1.121259221142635,1.0699219120942025,Bad
2.698417412485118,3.232228684412566,1.0617955600466382,1.8140958851984847,Moderate
2.2872499007769487,4.979449533565411,1.1095996984065293,1.1498335249648624,Bad
1.9567034697958712,4.83349284309498,1.9898950641274775,1.3795786628003843,Bad
2.045386658595673,6.61223352229105,1.1982121943256898,1.529412187765247,Bad
1.438041226782822,3.662147807704848,1.3731053151962689,1.0049948503882289,Moderate
2.048074049452197,3.953966534501435,1.122881417800233,1.6892342148383668,Good
1.6309476079284622,3.0942229420611462,1.0066625884181888,1.3845723145204134,Good
3.631472074932285,3.571469137490403,1.1385153517294986,1.8190895369185145,Bad
2.507614209596622,3.334833776805528,1.3171395165176836,1.8690344447962015,Bad
1.0564347565089645,4.3720538897594725,1.1002720466381657,1.4295223720098722,Moderate
2.3759330895767503,2.620952220691396,1.0734551107656432,1.4445057245063584,Good
4.014527338275242,4.648160028606586,1.152080985619899,3.542175074014432,Bad
1.8841444971414885,1.1341249224361871,1.0443062479595802,1.5394006898735046,Good
1.7094655103984104,2.4908027723147144,1.0534219012825496,1.5993340998594494,Good
2.101821415104637,6.131011852802288,1.1374811877186164,1.7841291802055128,Bad
1.491788592435262,5.910183734211162,1.130586872910999,1.0,Bad
1.634219146887503,4.474564328008161,1.054799835211815,1.3446171074191833,Good
1.7390265518327226,4.186721075271079,1.1270890104935871,1.2796888470450098,Good
1.14021057237334,5.413249476772925,1.0443062479595802,2.198668199718899,Bad
3.100354390921817,1.761208628251107,1.0,1.9289678547821465,Good
4.071663175702208,2.770789731077059,1.167897396035756,1.8490562419114869,Moderate
2.02634137945335,3.823817086124754,1.0291995398367664,1.3795786628003843,Good
1.0504758266933991,5.519735389081118,1.0291995398367664,1.469478777779302,Good
2.0292624424502543,2.3921731539812585,1.1216647773027597,1.6143174523559356,Good
2.9797733102901804,5.298907270489993,1.1155815468324912,1.7192009198313394,Bad
1.365482254128439,3.3978734368919787,1.037310523124757,1.918979352673889,Good
1.5885338893077725,7.207702743918471,1.0827827345511076,1.0,Bad
2.458190004280227,2.6130959267166585,1.0699572483482316,2.278579812589559,Good
2.9698417605975718,1.5719003397032068,1.6086280606296153,1.8790229469044597,Moderate
2.676918479123516,1.3746411030362946,1.3253012048192772,1.9039960001774028,Moderate
2.146922524581852,6.052164950622088,1.0218996688690245,1.274695195324981,Bad
3.31908293026197,2.1792013293648704,1.0802987485425573,3.0926744991198443,Moderate
1.8814571707818284,6.679248656437007,1.0816167990672367,1.4594890770028446,Bad
3.321887124940252,3.228347864497334,1.077286109599689,1.709212417723082,Bad
3.3274955787936804,5.263411966387261,1.0632656976292263,1.9739179122716053,Bad
1.6987160114691764,6.627946110240527,1.071123211815002,1.5493891919817622,Bad
2.588235290323714,2.55393708654544,1.1165954232413524,1.834072889415001,Good
2.1169684392547783,3.701618585867085,1.2196657598134473,1.2846836974332383,Moderate
2.7790384932122105,5.164782348053805,1.2133696074621063,1.8890126476809168,Bad
3.231005173529997,4.545554936213623,1.268381441119316,1.3645953103038984,Bad
2.1985667119771475,5.101648033823081,1.1200932856587642,1.4544954252828155,Bad
1.7571370779166626,4.301063281554011,1.1885803964244073,1.0,Moderate
1.684227629300143,5.484240084978387,1.103027942479596,1.469478777779302,Bad
1.443065403540005,4.913948865727837,1.0012166404974738,1.389567164908642,Good
1.9029561041434315,5.961486280407644,1.371939379712398,1.4395120727863295,Bad
2.5086657664767618,7.886088995929871,1.008516539448115,1.349611957807412,Bad
2.2173783189790903,4.415405487836942,1.0396424500582977,2.0488346747540365,Moderate
1.90856455799686,5.058296435745612,1.058399107656432,1.2297451378355222,Bad
2.704960619396929,4.892651683266199,1.0,2.2336297551001,Bad
2.0151245362433574,5.488215559037893,1.150864317139526,1.2896785478214672,Bad
1.7712749841235595,5.661716605492043,1.0862805969685192,1.3795786628003843,Bad
1.6288444296713185,1.9898930408169704,1.2611737178390985,2.288568314697816,Good
1.6954444725101356,5.408895386136323,1.0109498204430625,1.0,Moderate
3.490139837587006,1.6704353038923887,1.0742155180722892,2.1187565868482388,Good
1.748724493881817,6.083684780665313,1.0652934224640498,1.3446171074191833,Moderate
1.6288444296713185,4.123586761040354,1.0104935872522347,1.11986681997189,Good
2.828345894706848,5.200277652156537,1.1021984174115818,2.11376293512821,Bad
2.534487924671274,6.979018331352608,1.0559657986785853,1.5943392494712207,Bad
2.6258584398307354,2.573625148554421,1.0757870097162845,1.484462130275788,Good
2.0319498333067787,2.447451174237245,1.2652292234745433,1.6492790077371366,Moderate
3.102597785362561,1.6415657898888338,1.061562378546444,1.972252962142196,Good
2.01966472852872,5.851024894039943,1.0386430408083949,1.4908833958216825,Bad
2.38857957028706,3.788321782022023,1.0582976976292269,3.4972250165249728,Moderate
1.6977388194738996,5.4053931827981865,1.2531180567431015,1.859045942687944,Bad
3.218131276875172,4.762502234889517,1.2976363031480762,1.544395540261733,Bad
2.3114362249950764,5.496071853012631,1.2261950936649826,1.0449500574894588,Bad
5.809222703352112,1.2484671287191191,1.149647676642052,4.650943158754412,Bad
2.093759307031928,3.863287864286991,1.6331130975514965,1.4944506323840456,Good
2.01582561716136,4.892651683266199,1.0174893120870578,1.314650402426211,Moderate
2.0515793250484817,1.9662295047484828,1.0012719626894675,1.604328950247678,Good
5.004414057917196,4.261592503391773,1.0,2.7530522420888897,Bad
3.829449393061931,4.762502234889517,1.0,2.333518372187275,Bad
2.453866843944182,3.93825394655196,1.1527399828993392,1.983906414379863,Good
1.328092776761797,6.549099208060325,1.1386978561989896,1.0449500574894588,Bad
2.284328837780045,6.403142517589895,1.2360296836377769,1.4245287202898431,Bad
2.2173783189790903,5.176614116088049,1.0687912848814614,1.7391791227160542,Bad
5.615732109607091,1.6428909479086693,1.0377160792848814,3.871808828937129,Bad
1.491788592435262,5.803697821902969,1.071123211815002,2.338513222575504,Bad
2.4619289520168914,1.7375450921826194,1.1177613587252235,1.4744724294993308,Good
2.5855478994671897,2.979880735778215,1.0804508356004665,1.709212417723082,Moderate
1.4998507005079709,3.3032192926180284,1.1095996984065293,1.7341842723278256,Good
1.1205810806316368,5.125311569891568,1.0255495903614458,1.1897887320660925,Good
1.725589726543829,6.509628429898089,1.0781189366498252,1.5244173373770182,Bad
2.730665844775955,4.880819915231955,1.283326855810338,2.148723291841211,Bad
2.544993044980608,1.709906082054626,1.010175589584143,1.5144288352687607,Good
3.579874583266947,1.3576033570669837,1.167897396035756,2.8479472074560355,Good
1.8492087384909917,5.515759915021612,1.0571317621453555,1.6642623602336228,Moderate
2.034754027985061,2.6564475247941277,1.0316328488146134,1.4295223720098722,Good
1.5294117419422832,5.957510806348138,1.0268169358725223,1.0,Bad
3.106897597833628,4.170913833177329,1.581811124757093,2.128746287624696,Moderate
1.8518960648506515,6.777878274770464,1.053633899727944,1.2497221420520372,Bad
1.438041226782822,3.5516864213371475,1.1095996984065293,1.2397336399437795,Good
3.308987752023917,5.598582291261319,1.1348267019043918,1.484462130275788,Moderate
1.929829819218084,3.555661895396653,1.799844530120482,1.4045505174051285,Bad
1.2289638692649416,6.543230651115341,1.0825495530509133,1.3525498935649232,Bad
1.8328507857083287,4.107779518946605,1.0445182464049747,1.5743622452547057,Good
4.7306344133039495,1.3006215622140656,1.559657986785853,2.3664817476795443,Moderate
1.658989683705011,4.616545544419086,1.0547491581811117,1.6742508623418806,Bad
2.040362481838489,4.84930008518873,1.0316328488146134,1.4295223720098722,Moderate
2.8732132675468183,3.0272078079151896,1.143564446171784,2.31354016930256,Moderate
1.6281433487533157,2.3961486280407645,1.1574038087835212,1.1648168774613483,Good
2.9698417605975718,1.8005847522690703,1.271667305091333,1.604328950247678,Moderate
1.914172947353424,3.125742772104372,1.0279828993392923,1.3046619003179534,Good
2.185513772026244,5.7405635076722445,1.0079951061018266,1.1648168774613483,Bad
2.8956469539668035,1.9386851487647636,1.0559657986785853,2.103773234351753,Moderate
2.1233204129631047,2.0885226591504265,1.2320248830159346,1.0,Good
2.584379474268428,2.8852265915042645,1.0705655685969686,1.958934559775119,Good
1.3140716743766578,3.823817086124754,1.1058483668869024,1.4245287202898431,Good
1.722902335687304,6.127131032887056,1.0513019727944035,1.1448386745766337,Bad
1.5423600034819709,7.475952588790846,1.0279828993392923,1.2996670499297247,Bad
2.5452373591036435,3.323002008771284,1.1702292949863973,1.6293008048524218,Moderate
2.647357437689203,1.560068571668963,1.0384764865915277,1.7042175673348532,Good
1.3520453643426806,5.874688430108432,1.2378546443839875,1.0499449078776877,Moderate
2.0872328693049083,2.9562171997097275,1.270501369607462,1.2197554370590649,Moderate
2.303958329521748,5.693236435535269,1.1630308060629615,1.6742508623418806,Bad
2.762914277066792,6.667416888402763,1.162067634667703,1.7491676248243118,Bad
2.034637224163303,3.993437312663673,1.745044694908667,1.0,Bad
1.1101821221614043,4.28137521954503,1.0279828993392923,1.4794672798875594,Good
1.002804194678282,4.166181125963632,1.0,1.0299667049929724,Good
1.0252378810982672,4.939978755403175,1.0,1.11986681997189,Good
2.093759307031928,7.365491202423146,1.239020607850758,1.5593788927582195,Bad
1.3547327551992052,5.373778698610687,1.0,1.0,Good
2.2684383582718706,2.534154370392184,1.1130975608239408,1.414539019513386,Good
2.8059122082868626,1.362809335002051,1.2961523420132142,1.6293008048524218,Moderate
2.256286762003495,1.453582659360769,1.0445182464049747,1.9489460576668611,Good
1.7067781195418856,1.5560930976094571,1.1352506708122814,1.6792457127301093,Good
1.970384673704665,6.04430865664735,1.072289147298873,1.0,Bad
1.2607916530049768,3.7094748798418222,1.0152634123591138,1.3995556670168998,Good
1.8035234164143965,2.1792013293648704,1.0151574131364167,1.1897887320660925,Good
1.7038570565449818,2.4395002261182333,1.008516539448115,1.0,Good
2.061510874741091,4.245879915442298,1.0233190734551108,1.374583812412156,Good
1.7851792181900763,3.989461838604167,1.0693489280994948,1.389567164908642,Good
4.878224523432131,1.3352649790183313,1.0474492592304705,4.471142928796578,Moderate
2.088384589815744,4.73883869882103,1.0025438973960357,1.3645953103038984,Bad
2.385280491166843,4.557386704247867,1.266445863972017,1.2397336399437795,Bad
3.192893395776905,5.046464667711368,1.138748533229693,1.3662602604333078,Good
1.795461308341687,5.137143337925812,1.1527399828993392,1.4944506323840456,Moderate
1.8975813869272469,4.758526760830012,1.1935483964244074,1.3596004599156697,Bad
2.1020551517418813,5.531567157115362,1.1094982883793238,1.1947835824543211,Moderate
1.1155569038744535,4.667848090615568,1.0,1.1648168774613483,Moderate
1.5777843903785382,4.947835049377912,1.541002711232025,1.0099885021082575,Moderate
2.7638490301251744,2.971929787659203,1.0340661298095608,1.449500574894587,Moderate
1.9225855958851343,3.425512447019972,1.0072998989506412,1.2846836974332383,Good
2.187817277544778,4.908458925359948,1.0174893120870578,1.419533869901615,Moderate
1.334211013832879,4.778309476983267,1.0,1.1648168774613483,Good
3.857491533335344,5.4763837910036495,1.099765108433735,2.363485077180248,Bad
2.555986858032877,1.70593060799512,1.1317528083948698,1.6892342148383668,Good
3.787386214900242,2.538129844451689,1.1021984174115818,2.4334069892744496,Moderate
3.128396531195231,1.5364050356004753,1.0279828993392923,1.3396222570309548,Moderate
4.177936400888776,4.407549193862204,1.3446984469490868,3.14761425738576,Bad
1.583275975913345,5.294931796430487,1.0389327197823552,1.274695195324981,Good
1.81427291534363,4.616545544419086,1.2261950936649826,1.5493891919817622,Bad
1.9137056030726651,2.561793380520177,1.0489700738437622,1.2397336399437795,Good
4.01172314359696,1.5009097314977442,1.0474492592304705,2.8479472074560355,Moderate
1.6505770996701652,3.81198531809051,1.083948698017878,1.349611957807412,Good
1.9997014010159415,3.993437312663673,1.122425184609405,1.419533869901615,Moderate
2.131382521035814,5.993006110450869,1.0034978624174116,1.3845723145204134,Bad
1.482190814016863,4.317154486080582,1.0466381748931208,1.484462130275788,Good
2.50586157179848,2.1950085714586205,1.0206830003886511,1.5543840423699908,Good
1.3896685783465663,4.478539802067667,1.024485036921881,1.3396222570309548,Good
3.692043015366873,4.782190296898499,1.0194663598911775,2.5882353646275407,Bad
1.693341294252992,4.470683508092929,1.0198212110376992,1.5843507473629632,Moderate
1.8132213584634904,5.480264610918881,1.0742155180722892,1.7192009198313394,Bad
1.0441294642122916,4.151225771168347,1.0139914496696465,1.11986681997189,Good
1.314422214835659,4.387861131853223,1.0326467252234746,1.0249718546047435,Good
3.0123021749482186,2.356677849878527,1.178072985619899,1.4894557819958172,Good
1.440261208861723,6.608258048231544,1.0644823381267003,1.3196452528144396,Moderate
1.8196476325598143,2.8812511174447586,1.225612125923047,1.2697003449367523,Bad
2.0749477645268493,4.920290693394192,1.3731053151962689,1.0,Bad
2.518363708525856,5.168757822113311,1.1119315973571706,1.6942290652265954,Bad
1.600101272976766,3.315051060652272,1.0343426568208318,1.389567164908642,Good
1.5468212516050852,6.324295615409695,1.049882568208317,1.2397336399437795,Bad
2.451179453087658,6.54512373400082,1.034978624174116,1.5194224869887896,Bad
2.3272775578924394,5.4566010748503935,1.0765847741935484,1.1348501724683762,Bad
2.755436381593464,2.684086534922121,1.1107149568596968,1.9339627051703752,Moderate
2.397432087435217,3.0665839319331534,1.26980179712398,1.5993340998594494,Moderate
2.1905046039044382,3.677955049798597,1.1585697722502917,1.2796888470450098,Moderate
1.795461308341687,5.732707213697506,1.0769529731830547,1.5493891919817622,Bad
2.177067778615545,4.656016322581324,1.0629615235134084,1.3096555520379822,Good
1.9898866551450904,3.81198531809051,1.1374811877186164,1.2297451378355222,Good
3.2520155431423934,4.924171513309425,1.2110377085114652,1.6542726594571655,Bad
1.6879665770368073,5.484240084978387,1.1515740474154683,1.669256011953652,Bad
2.292624682489998,2.699799122871596,1.167897396035756,2.5183134525333384,Good
3.647175642526903,2.6682792928283705,1.0231163093664983,2.543285307138082,Moderate
1.8707076718525943,6.304607553400713,1.3138951232024874,1.7192009198313394,Bad
1.5127500734243058,5.957510806348138,1.113203560046638,1.3246389045344684,Bad
1.5159749166533891,3.3978734368919787,1.0368865542168677,1.4045505174051285,Good
1.4038064845534632,5.030657425617618,1.0851653385153517,1.2397336399437795,Good
2.518363708525856,2.0253883449197017,1.060629624562767,1.6342956552406505,Good
1.599283388237006,4.766477708949024,1.0314807617567043,1.3945620152968707,Good
1.9647655778685804,5.393561414763943,1.3322969296541003,1.3845723145204134,Bad
2.08522985467846,4.995162121514888,1.0304162083171395,1.5593788927582195,Bad
2.3436846572859134,7.010538161395833,1.180722882238632,1.8890126476809168,Bad
2.281875183560764,5.488215559037893,1.0734551107656432,1.374583812412156,Bad
1.5748633273816344,2.889107411419497,1.0139914496696465,1.3795786628003843,Good
1.773962374980084,4.293206987579272,1.0559657986785853,1.354605609527441,Good
2.2979993997061827,7.14466308383202,1.072289147298873,1.7941176823137703,Bad
2.518363708525856,4.068403394928641,1.1130975608239408,1.0449500574894588,Moderate
1.3421138146500715,3.863287864286991,1.06486945355616,1.3096555520379822,Good
2.864545727406281,2.6722547668878764,1.0432463116984063,2.743063739980632,Moderate
2.155568845253941,4.924171513309425,1.3404586179556937,1.204772084562579,Bad
2.404909982908546,5.4566010748503935,1.008516539448115,1.409545367793357,Moderate
3.596699880330368,1.6073956438059378,1.0936818779634667,2.0688128776387518,Moderate
1.6852791861802827,5.164782348053805,1.08861252390206,1.11986681997189,Moderate
1.6234697124551336,5.669572899466782,1.047804110376992,1.0699219120942025,Bad
1.0806210807270922,4.076259688903379,1.0198212110376992,1.11986681997189,Good
2.4097171922132765,2.9285781895817338,1.1012714558880683,1.829079237694972,Good
2.6677046505399717,2.500930765752027,1.276179043917606,1.7591561269325693,Bad
1.4514780520717157,6.919859491181389,1.0699572483482316,2.198668199718899,Bad
1.4864138752190772,4.08298013314683,1.0571317621453555,1.0199782028847149,Bad
1.1876272482827657,3.350546364755004,1.0012719626894675,1.2397336399437795,Good
2.201254102833672,4.947835049377912,1.3089778561989895,1.154828375353091,Bad
1.7278931675654987,2.492979817633015,1.0026650353672757,1.4594890770028446,Good
2.643267949493538,2.739269901033833,1.0754321585697628,1.7949064059891855,Good
1.773962374980084,2.7984287412050524,1.0377160792848814,1.5194224869887896,Bad
2.160943562470126,1.6152519377806758,1.010175589584143,1.9639294101633475,Good
1.6141223108650409,4.679679858649811,1.1462742541780024,1.3596004599156697,Moderate
2.906863797176796,4.26556797745128,1.0912485969685193,1.99389611515632,Moderate
2.1797551694720694,2.167369561330627,1.1002720466381657,1.4544954252828155,Good
1.1205810806316368,4.498227864076648,1.0048665899727944,1.2247502874472935,Good
4.976371917643782,1.2287790667101377,1.1995302448503693,4.625971304149669,Bad
3.885533609111894,1.9780612727827265,1.0778654675476098,2.7780240966936334,Moderate
2.6661689801942816,3.6581723336453416,1.0524679362611735,1.419533869901615,Good
2.408181521867587,5.523710863140624,1.2926544795958026,1.4245287202898431,Bad
2.230815144267984,3.4413196891137217,1.3929265542168676,1.1098783178636322,Moderate
1.835771848705233,4.865012673138205,1.1154294597745822,1.3695889620239272,Moderate
1.6422812549602122,5.9496545123734,1.1787407695297318,1.779134329817284,Bad
2.3732457632170902,1.1696202265389186,1.0503692188107268,1.3645953103038984,Good
1.7186793389819544,4.151225771168347,1.1017560077730275,1.8690344447962015,Moderate
1.980889794013999,1.918902432611508,1.2914885441119317,1.7391791227160542,Moderate
2.061266560618056,2.739269901033833,1.025317863972017,1.5034406438819374,Good
1.7578381588346657,4.013125374672654,1.0652934224640498,1.274695195324981,Moderate
2.4469731610702343,2.703774596931102,1.0021899696851924,1.938956356890404,Good
1.4864138752190772,7.180158387934752,1.0571317621453555,1.0199782028847149,Bad
1.671842360891389,3.815960792150016,1.3392926544889234,1.1398450228566048,Good
2.2388772523406937,5.089816265788837,1.1690633595025262,1.4994454827722743,Moderate
1.982111364629176,6.42292523374315,1.0572377613680528,1.9039960001774028,Bad
2.2400988229558703,3.910614936423966,1.058399107656432,1.859045942687944,Good
1.5697222823058292,2.9837615556934467,1.0559657986785853,1.3246389045344684,Good
3.131200725873513,2.1753205094496386,1.1705624314030314,2.9728076791479543,Moderate
3.989289457176974,1.997843988935982,1.041366028760202,3.711986801864009,Moderate
1.1693042695268934,5.334402574592724,1.0233190734551108,1.2497221420520372,Bad
1.4094148739100274,4.805853832966987,1.0292548620287605,1.3596004599156697,Good
2.607046897325657,2.3764605660317826,1.3462883793237466,1.15982202707312,Moderate
1.8216339424983363,5.705068203569513,1.018249719393704,1.0,Bad
3.020901735393487,4.707318868777804,1.071123211815002,1.374583812412156,Moderate
2.4619289520168914,5.425081244807168,1.1690633595025262,1.2896785478214672,Bad
1.6169265055433228,6.000862404425607,1.0072998989506412,1.15982202707312,Moderate
3.2770197521002813,4.908458925359948,1.01703307889623,2.128746287624696,Bad
1.7094655103984104,4.431212729930692,1.197046258841819,1.6492790077371366,Moderate
1.8411466304182824,2.6761355868031087,1.0408083855421686,1.4445057245063584,Good
2.163630953326651,5.452720254935162,1.0594636610959969,1.3396222570309548,Bad
1.6503433630329214,5.141118811985318,1.3008161678973962,1.3446171074191833,Bad
1.3439832562699714,6.233616945195251,1.083948698017878,1.1947835824543211,Moderate
2.6957300861254585,2.3369897878695456,1.4045860769529732,2.103773234351753,Good
2.0515793250484817,6.075828486690575,1.06645938593082,1.11986681997189,Bad
2.534487924671274,4.797997538992249,1.1410804601632336,2.148723291841211,Bad
2.0803224817430337,4.048620678775386,1.0326467252234746,1.3845723145204134,Moderate
2.5391296995183525,6.276968543272719,1.0610535934706569,1.2846836974332383,Bad
1.835771848705233,3.567493663430897,1.6634278958414304,1.389567164908642,Bad
3.044270174871854,2.2896627157325704,1.1459977271667314,2.258601609704844,Moderate
1.721192201322921,2.8536121073167653,1.0559657986785853,1.1997784328425498,Good
4.956742425902078,1.2799869587623445,1.1180148278274389,4.6759162120273565,Bad
1.967452968725105,2.920721895606996,1.122425184609405,1.2647054945485237,Good
2.0588235483814312,6.162626336989788,1.1838876362223083,1.1847950803460634,Bad
1.5320991327988076,5.074103677839361,1.2565099199378158,1.4445057245063584,Bad
1.8648443263903391,4.83349284309498,1.135047906723669,1.1048834674754036,Moderate
2.7301985004951965,1.5994446956869262,1.035282798289934,2.148723291841211,Good
2.1152583048903955,7.799291145630659,1.271667305091333,1.3945620152968707,Bad
2.497448923266769,2.873394823470021,1.0279828993392923,1.859045942687944,Good
1.3337011661183609,4.001293606638411,1.1946636548775749,1.0,Good
2.800537491070678,4.419380961896448,1.239020607850758,1.6492790077371366,Bad
2.6930426952689337,4.750670466855274,1.2728332685581034,1.2996670499297247,Moderate
1.4461033348555312,3.283531230609047,1.1282549459774582,1.4295223720098722,Good
1.9795461308341689,1.8085357003880815,1.0069957248348231,1.1648168774613483,Good
1.8465213476344668,5.231797482199762,1.0320637294986397,1.5593788927582195,Bad
2.27650046634458,2.344846081844284,1.263505644772639,2.0238628201492928,Moderate
2.445804735871473,5.235772956259268,1.0617955600466382,1.5943392494712207,Moderate
1.7014034023257012,3.117886478129634,1.0268169358725223,1.9739179122716053,Good
1.7347033914966776,7.337852192295153,1.095471076564322,1.4395120727863295,Bad
1.88613080708001,5.208133946131275,1.036144587640886,1.1248616703601186,Moderate
1.5294117419422832,3.618796209627378,1.0466381748931208,1.0,Good
3.728497804171997,1.7848721643195944,1.1131482378546445,2.871254111931369,Moderate
2.800303754433434,3.81198531809051,1.0559657986785853,1.2796888470450098,Moderate
4.480026492732096,1.2879379068813563,1.2481961445783132,2.942840974154982,Moderate
2.177067778615545,2.3488215559037893,1.0,1.3695889620239272,Good
1.7309644437600131,3.299338472702797,1.012825486202876,1.0899001149789174,Good
3.380775535668497,4.545554936213623,1.0620490291488536,1.9988897668763488,Moderate
5.807703802191213,3.0863666480864085,1.0326467252234746,2.238623406820129,Bad
2.3488257023617183,4.734863224761524,1.0194663598911775,1.4544954252828155,Bad
2.6713100252700865,3.177045318300853,1.0693489280994948,2.3435068742955325,Moderate
1.2692043015366874,3.626652503602116,1.0038158600855034,1.4245287202898431,Good
2.0627961682584743,4.202433663220555,1.28364485347843,1.329633754922697,Moderate
2.147365295557204,6.399261697674663,1.1853867081228138,1.4045505174051285,Bad
1.8188297478200544,2.9837615556934467,1.0343426568208318,1.414539019513386,Good
1.6422812549602122,5.9496545123734,1.1787407695297318,1.779134329817284,Bad
1.7390265518327226,6.312463847375451,1.0687912848814614,1.11986681997189,Moderate
1.771158180301802,3.8987831683897225,1.1119315973571706,1.214761785339036,Good
1.9943266837997573,5.464552022969405,1.121259221142635,1.484462130275788,Bad
2.7890869112234418,3.0784156999673966,1.0291995398367664,1.3695889620239272,Moderate
2.394744696578693,5.421105770747662,1.2203653322969297,1.764150977320798,Bad
1.61565191850546,6.411093465708907,1.0076316921881072,1.2597118428284946,Bad
1.50791280858068,4.482515276127173,1.4617178390983288,1.0,Moderate
1.5831591720915876,4.81768560100123,1.2203653322969297,1.314650402426211,Moderate
1.8973476502900024,4.54953041027313,1.0888152879906725,1.354605609527441,Moderate
2.440429954158424,4.461028785376986,1.0972738748542556,2.0318974930920084,Moderate
1.925530006747017,4.20640913728006,1.1165954232413524,1.0998886170871751,Moderate
1.7497760507619564,1.863719066499795,1.0804508356004665,1.544395540261733,Good
3.019032293773587,4.514035106170399,1.2189966047415468,2.083796230135237,Bad
1.9190803202888496,3.819936266209522,1.1935483964244074,1.4894557819958172,Moderate
2.4469731610702343,6.253305007204232,1.3248449716284494,1.9639294101633475,Bad
1.725589726543829,6.73443202254872,1.1235911480761758,1.449500574894587,Bad
1.7685876577638997,2.739269901033833,1.02215313797124,1.2247502874472935,Good
2.2078503906650333,7.47197711473134,1.1857047057909056,1.349611957807412,Bad
2.3488257023617183,4.734863224761524,1.0194663598911775,1.4544954252828155,Bad
1.2902358906175315,4.28137521954503,1.0034978624174116,1.4944506323840456,Good
1.7543328832383809,5.906208260151656,1.1484310361445784,2.2685901118131016,Moderate
1.4756643762898434,3.914590410483472,1.0897784593859308,1.094894965367146,Good
1.1101821221614043,7.763795841527927,1.041974349008939,1.669256011953652,Bad
2.545120555281886,4.979449533565411,1.0255495903614458,1.8890126476809168,Bad
1.3477222040066357,6.718719434599245,1.0450159782355228,1.2297451378355222,Bad
2.408181521867587,2.818116803214034,1.371939379712398,1.2796888470450098,Moderate
2.430147864006813,2.912770947487984,1.10828164788185,1.3596004599156697,Good
3.60137351662855,4.186721075271079,1.2483482316362222,2.4084351346697064,Bad
2.06688565645414,5.2042531262160425,1.0163233486202876,1.4594890770028446,Moderate
3.0823273237806457,2.017532050944964,1.369607452778857,1.938956356890404,Moderate
1.6852791861802827,5.283100028396243,1.102603973571706,1.0,Moderate
2.842366932595122,2.1516569733811512,1.049882568208317,1.779134329817284,Good
2.32218572392431,3.4728395191569468,1.06645938593082,1.354605609527441,Good
2.177067778615545,2.3488215559037893,1.0,1.3695889620239272,Good
2.5818704817393363,5.287075502455749,1.2918216525456665,1.2397336399437795,Bad
1.4122190685883091,2.90093917945374,1.033070694131364,1.3596004599156697,Good
3.276201867360521,2.715606364965346,1.06645938593082,1.7391791227160542,Moderate
1.8760823890687792,5.279124554336737,1.2968620722891566,1.7841291802055128,Bad
3.865904181867056,1.2208281185911256,1.0571824391760591,2.3784684296767336,Moderate
2.7387279528486643,3.1100301841548963,1.145744258064516,1.254716992440266,Good
1.386981187490042,4.5298423482641486,1.0109498204430625,1.03995520710123,Good
2.327560441140495,2.1158777068455983,1.3334628931208703,1.6792457127301093,Moderate
1.438041226782822,2.90093917945374,1.0851146614846483,1.3046619003179534,Good
1.6772170781075737,2.849731287401533,1.030314798289934,1.389567164908642,Good
3.4200345191519035,4.9123397452751805,1.0717822090944422,1.6842393644501383,Bad
2.698417412485118,5.010969363608637,1.0582976976292269,1.5493891919817622,Bad
2.908032222375558,2.644615756759884,1.1585697722502917,1.8091010348102567,Moderate
2.1889857027435395,3.3623781327892472,1.058399107656432,1.6992227169466243,Good
2.155568845253941,3.5871817254398786,1.132614597745822,1.6642623602336228,Good
2.6974402204898418,2.620952220691396,1.184432743101438,1.4894557819958172,Bad
3.2573902603585783,2.715606364965346,1.1830335981344735,1.7391791227160542,Good
2.5596514408846787,4.7151751627525424,1.200746885347843,1.6942290652265954,Moderate
2.50586157179848,5.965367100322875,1.0,2.158712992617669,Bad
2.444168901895088,4.81768560100123,1.0693489280994948,1.4644839273910732,Bad
2.01582561716136,4.001293606638411,1.0279828993392923,1.4994454827722743,Moderate
2.4834278853784943,5.787890579809219,1.1352506708122814,1.419533869901615,Bad
2.8435353577938844,3.204684328428846,1.2856587547609797,1.978912762659834,Good
1.493541230233404,4.403479065658425,1.0377160792848814,1.4295223720098722,Good
1.196294788423303,5.346234342626968,1.053633899727944,2.198668199718899,Bad
4.053786321758647,1.5205977935067256,1.2311630936649824,5.025526971166569,Bad
3.3836965986654013,1.7887529842348264,1.2938204430625728,2.238623406820129,Moderate
1.8261741347836988,2.833924045307784,1.113203560046638,1.4644839273910732,Good
1.722902335687304,2.0096757569702257,1.0769529731830547,1.5793558969747346,Good
1.4864138752190772,4.474564328008161,1.0,1.569367394866477,Moderate
1.6691549700348642,5.60653323938033,1.0489700738437622,1.6143174523559356,Bad
1.1558674442379997,3.792297256081529,1.030314798289934,1.419533869901615,Good
4.181845297863613,2.0760283121062653,1.0599633517294986,2.6213569643221737,Moderate
1.7148402276145949,4.301063281554011,1.0513019727944035,1.5993340998594494,Good
3.349929265213666,2.1831768034243764,1.1492421204819276,2.018867969761064,Moderate
2.428605550484072,3.819936266209522,1.0587640886125145,1.952274759257481,Good
1.0671842554381985,3.421536972960466,1.072289147298873,1.11986681997189,Good
5.651836357953213,2.5933132105634025,1.032849489312087,3.1276360545010453,Bad
2.4001194137948776,4.49037157010191,1.1294209094442285,2.293563165086045,Moderate
3.088085990831685,2.5459861384264277,1.216867469879518,2.4633736942674225,Moderate
1.6422812549602122,7.882113521870365,1.3322969296541003,1.6293008048524218,Bad
2.096446697888452,5.669572899466782,1.096774184220754,1.0499449078776877,Bad
2.623171113471076,4.54953041027313,1.1165954232413524,1.5094339848805318,Bad
2.1357056813718587,4.502203338136154,1.0617955600466382,1.2297451378355222,Moderate
1.056084216049963,4.719150636812048,1.0,1.3596004599156697,Good
2.6972858794928976,2.3843168600065203,1.024485036921881,1.5144288352687607,Good
3.5686577400569544,2.2581428856893453,1.0888152879906725,2.6731406292182296,Moderate
2.0936425032101704,4.7309824048462925,1.1119315973571706,1.5793558969747346,Bad
2.4619289520168914,5.645909363398294,1.145744258064516,1.5194224869887896,Bad
1.3493580379830206,4.7111996886930365,1.0909444228527012,1.5244173373770182,Moderate
2.536707906750175,1.7375450921826194,1.0340661298095608,1.5743622452547057,Good
1.6674023322367215,6.095516548699557,1.0450159782355228,1.0,Bad
2.418931020796821,2.120042489193652,1.0620490291488536,1.6293008048524218,Good
2.1985667119771475,2.3803413859470144,1.0314807617567043,1.7042175673348532,Good
1.3493580379830206,3.5398546533029034,1.0209871745044694,1.254716992440266,Good
1.8088981981274452,4.632352786512836,1.029148862806063,1.0,Moderate
1.171056907325036,5.720875445663262,1.0291995398367664,1.4794672798875594,Moderate
1.9943266837997573,6.178338924939263,1.047804110376992,1.6592675098453944,Bad
1.0996770018520703,4.761461039302503,1.0356145915274,1.1847950803460634,Good
1.4654990899599902,4.494347044161417,1.024332949863972,1.729189421939597,Moderate
1.8411466304182824,6.280944017332225,1.2495141951029929,1.389567164908642,Bad
2.1663182796863105,3.3860416688577346,1.3859308293820445,1.03995520710123,Moderate
2.9261108870083947,2.8575875813762712,1.0394304516129032,1.5993340998594494,Moderate
1.647656036673261,6.462301357761114,1.1597357077341623,1.3645953103038984,Bad
1.3449180093283537,3.287506704668553,1.0072998989506412,1.03995520710123,Good
1.647656036673261,4.103898699031372,1.167897396035756,1.4345172223981009,Moderate
1.8088981981274452,4.5731939463416165,1.012825486202876,1.374583812412156,Moderate
2.959476147006328,4.321129960140087,1.0106601414691023,1.588910481194694,Moderate
2.890930814234862,2.3764605660317826,1.0992121103769918,2.238623406820129,Good
2.605971928083674,2.4316439321434955,1.060629624562767,1.6243059544641931,Good
1.9513287525796867,2.703774596931102,1.0093276237854645,1.5993340998594494,Good
2.7736637759960256,1.7414259120978512,1.1923824329576371,1.6243059544641931,Good
1.7685876577638997,4.679679858649811,1.1492421204819276,1.0199782028847149,Moderate
1.8518960648506515,5.993006110450869,1.0,1.5993340998594494,Moderate
4.718384459317088,3.429487921079477,1.335794792071512,2.1886796976106413,Bad
1.5965959973804815,4.26556797745128,1.2530120575204042,1.4295223720098722,Moderate
2.848910139506933,5.342258868567462,1.114263496307812,1.864039594407973,Bad
2.096446697888452,2.845755813342027,1.2565099199378158,1.214761785339036,Moderate
2.7709763851395013,3.33871459672076,1.1865526715895842,1.5993340998594494,Moderate
4.763251832157058,3.0074250917619345,1.0948985184609406,2.488346747540366,Bad
2.390265776314683,6.036357708528338,1.0608628060629617,1.3695889620239272,Bad
2.827411141648466,3.2913875245837847,1.4279051783909833,1.3795786628003843,Bad
2.8339543485602765,5.819505063996719,1.267662504469491,1.6642623602336228,Bad
1.4246043369970636,4.750670466855274,1.004197434900894,1.274695195324981,Good
1.3708569713446237,3.0823911740269025,1.0256510003886514,1.294672199541496,Good
1.954016143436211,4.7151751627525424,1.030314798289934,1.2796888470450098,Bad
2.1125709140338707,5.886520198142675,1.184930474931986,1.7691458277090266,Bad
2.5156763176693318,3.7804654880472848,1.2670035071900505,1.9289678547821465,Moderate
1.193490593745021,4.880819915231955,1.015816410415857,1.1847950803460634,Good
1.7390265518327226,6.020645120578863,1.2961523420132142,1.0,Bad
2.5927921228001383,3.1967333803098343,1.1618141655654877,1.544395540261733,Good
2.3796720373134144,5.058296435745612,1.2518460940536338,1.5493891919817622,Bad
1.671842360891389,3.815960792150016,1.3392926544889234,1.1398450228566048,Good
1.4907370355551222,6.620089816265788,1.1515740474154683,1.1698117278495772,Moderate
2.3409973309262533,3.070559405992659,1.072289147298873,1.9988897668763488,Moderate
2.4862320800567765,6.26116130117897,1.0425826692576758,1.604328950247678,Bad
1.405792794491985,4.675704384590305,1.0046638258841818,1.0049948503882289,Moderate
1.3140716743766578,3.1471346087102847,1.0244546195102993,1.2647054945485237,Good
2.956404870811813,4.561362178307373,1.108433734939759,2.5133186021451097,Moderate
3.787386214900242,1.8400555304313075,1.0340661298095608,3.771920211849953,Moderate
2.491489993451204,4.01710084873216,1.5993004368441508,1.449500574894587,Moderate
1.663396302983825,5.203779855494673,1.1772250198212204,1.294672199541496,Bad
2.6713100252700865,3.4413196891137217,1.0368865542168677,2.0338513222575503,Moderate
1.0767819693597325,5.422904199488867,1.0159902401865526,1.0998886170871751,Good
2.144118265406705,3.445200509028953,1.048665899727944,1.9739179122716053,Good
3.851883079481916,1.9780612727827265,1.0802987485425573,4.061598759671421,Moderate
1.8895192788545376,5.985149816476131,1.369607452778857,1.5493891919817622,Bad
2.0684045576150387,1.7769212162005823,1.0462326187329964,1.5943392494712207,Good
2.1525309139384152,2.415836690049746,1.0693489280994948,1.419533869901615,Good
2.54231629610674,4.648160028606586,1.0425826692576758,2.2086567018271563,Bad
1.7578381588346657,5.464552022969405,1.071229211037699,2.173696345114155,Moderate
1.4576206044607452,2.699799122871596,1.0559657986785853,1.1847950803460634,Good
1.3493580379830206,3.5398546533029034,1.0209871745044694,1.254716992440266,Good
2.8473744691612435,3.3368215138352806,1.113930387874077,1.4794672798875594,Good
2.5855478994671897,4.036788910741142,1.209871745044695,1.639289306960679,Bad
1.8492087384909917,2.1753205094496386,1.0139914496696465,1.3196452528144396,Good
1.314422214835659,6.702912192505495,1.0151574131364167,1.0649282603741737,Bad
1.81427291534363,4.545554936213623,1.054799835211815,1.0,Moderate
2.4323678460857145,2.1950085714586205,1.0,1.3995556670168998,Good
1.5019538787651148,5.148975105960056,1.095608248736883,1.0998886170871751,Bad
1.56084228949336,3.579325431465141,1.0228951045472212,1.4544954252828155,Good
1.1101821221614043,7.763795841527927,1.041974349008939,1.669256011953652,Bad
3.621937761428635,3.914590410483472,1.0,1.709212417723082,Bad
4.962350879755508,1.2721306647876065,1.1935483964244074,2.523307104253368,Bad
1.6982486671884178,5.768202517800238,1.165464087057909,1.1048834674754036,Moderate
1.459540160144425,3.579325431465141,1.342790516906335,1.2397336399437795,Bad
1.580471781235063,5.251580198353017,1.058399107656432,1.0899001149789174,Bad
1.7417139426892472,4.368078415699968,1.2017100567431014,1.4744724294993308,Bad
2.500253182441916,4.320751343562993,1.0699572483482316,1.669256011953652,Bad
2.14335352608336,5.208133946131275,1.0897784593859308,2.283573464309588,Bad
1.894893996070722,5.985149816476131,1.102603973571706,1.2896785478214672,Bad
3.605112464365214,2.0885226591504265,1.1058483668869024,2.5882353646275407,Bad
1.88613080708001,5.925990976304912,1.015816410415857,1.214761785339036,Bad
1.980889794013999,6.198121641092519,1.0011659634667702,1.2447284903320084,Bad
2.462906144012168,3.4413196891137217,1.0717822090944422,1.3645953103038984,Good
2.4619289520168914,5.164782348053805,1.3194714434512242,1.1498335249648624,Bad
2.0856971989592186,2.538129844451689,1.012825486202876,1.5543840423699908,Good
1.6046581054531908,5.559206167243356,1.1574038087835212,1.294672199541496,Bad
3.490139837587006,2.3211825457757955,1.0340661298095608,1.9139845022856603,Moderate
1.9309982444168448,4.845324611129223,1.0888152879906725,1.884017797292688,Moderate
1.3386085390537867,2.171345035390133,1.0279828993392923,1.569367394866477,Good
1.2418632421812763,5.586750523227075,1.034978624174116,1.11986681997189,Good
2.9429680455229192,4.963642291471661,1.2984842689467548,1.3196452528144396,Bad
2.214690928122566,6.162626336989788,1.2611737178390985,1.6243059544641931,Bad
1.9755150767978145,4.072284214843873,1.0384764865915277,1.569367394866477,Good
2.8381606405777,4.84930008518873,1.060629624562767,2.093784732243495,Bad
1.1822737505350285,4.028932616766404,1.008516539448115,1.2397336399437795,Good
3.260077651215102,2.167369561330627,1.1247570835600469,1.8190895369185145,Good
2.088384589815744,3.977630070569923,1.0174893120870578,1.669256011953652,Moderate
1.1065600427433622,5.003113069633899,1.0279828993392923,2.198668199718899,Good
3.058524949397373,3.4806958131316845,1.1469102215312863,1.8890126476809168,Moderate
2.0426993322360127,5.79584152792823,1.174893120870579,1.5094339848805318,Bad
2.222753036195275,5.803697821902969,1.1772250198212204,1.15982202707312,Bad
1.386981187490042,5.6498848374578,1.1061018359891177,1.1698117278495772,Moderate
1.2355537719067096,4.979449533565411,1.0072998989506412,1.3596004599156697,Good
2.17169306139936,5.977198868357119,1.125923047026817,1.0,Bad
3.1171796879852387,2.6564475247941277,1.0425826692576758,2.4833518971521373,Good
1.214989527106624,6.131011852802288,1.054799835211815,1.839067739803229,Bad
3.876560160342646,1.3391457989335631,1.0953962502914885,2.538290456749854,Moderate
1.0967452968725104,2.5894323906481707,1.3179874823163622,1.0,Moderate
1.6366377793093156,3.0784156999673966,1.0623255561601244,1.569367394866477,Good
1.491788592435262,2.845755813342027,1.0011659634667702,1.0,Good
2.256286762003495,4.285256039460261,1.2542794030314808,1.0998886170871751,Moderate
3.047074369550136,2.920721895606996,1.1934469863972017,1.609322601967707,Moderate
1.8169603062001547,5.823385883911951,1.0699572483482316,1.4544954252828155,Bad
2.4296805197260545,5.8707129560489255,1.145744258064516,1.4395120727863295,Moderate
1.9728276859412897,7.077553295541789,1.0,2.138734789732954,Bad
1.6154076043824244,6.170482630964526,1.1888845705402251,1.5194224869887896,Bad
1.8384592395617576,2.7432453750933394,1.0228951045472212,1.4794672798875594,Good
2.822737505350284,4.892651683266199,1.0206830003886511,1.8190895369185145,Bad
1.9620782515089203,6.253305007204232,1.0991061111542946,1.4644839273910732,Bad
2.404909982908546,5.5394234510901,1.0097331799455889,1.2497221420520372,Moderate
3.7200851556402874,2.948266251590716,1.1399144966964632,6.988346148206266,Bad
1.6127202135259,5.113479801857324,1.0407023863194715,1.1298553220801475,Moderate
2.0599919735801926,4.131443055015092,1.0474492592304705,1.544395540261733,Moderate
1.6127202135259,5.113479801857324,1.0407023863194715,1.1298553220801475,Moderate
3.06670386129184,5.622245827329807,1.0279828993392923,1.9739179122716053,Bad
2.7790384932122105,5.448744780875656,1.1842207446560435,2.158712992617669,Bad
2.98865330310265,2.447451174237245,1.1119315973571706,1.7042175673348532,Moderate
3.103158650096964,3.792297256081529,1.0,2.083796230135237,Moderate
3.613525112896925,1.5679248656437008,1.1034150579090556,2.1886796976106413,Moderate
1.9217677111453744,5.11745527591683,1.3171395165176836,1.419533869901615,Bad
1.5885338893077725,6.063996718656331,1.145744258064516,1.15982202707312,Bad
2.6849805871962245,2.684086534922121,1.4337349397590362,2.043839824365808,Bad
1.693341294252992,5.3501151625422,1.2483482316362222,1.2497221420520372,Bad
1.204240092674255,6.572762744128813,1.012825486202876,1.0,Bad
2.923689094240218,2.534154370392184,1.1061018359891177,2.2436182572083574,Good
1.6169265055433228,3.5976883354542872,1.0165353470656822,1.354605609527441,Good
1.6100328226693752,4.8611318532229735,1.037310523124757,1.4744724294993308,Moderate
2.3488257023617183,4.721422336274623,1.0,1.6642623602336228,Moderate
1.6261570388147937,5.488215559037893,1.060629624562767,1.604328950247678,Moderate
3.5041608754752804,2.8024042152645583,1.0693489280994948,1.7042175673348532,Moderate
3.700455663898584,2.719581839024852,1.0961151869413135,2.533296805029825,Moderate
1.491788592435262,4.865012673138205,1.0979401476875243,1.2647054945485237,Moderate
1.4864138752190772,6.608258048231544,1.0816167990672367,1.824084387306743,Bad
1.9782024676543388,3.756801951978797,1.1107149568596968,1.7691458277090266,Good
2.12168457898672,4.190601895186311,1.0255495903614458,1.5743622452547057,Moderate
3.5237903672169835,2.7314136070590957,1.0450159782355228,2.613207219232285,Moderate
2.5640489661055863,1.303650494830832,1.4360668387096776,2.198668199718899,Moderate
2.475015236846784,2.163488741415395,1.0218996688690245,1.3795786628003843,Good
1.2979141133522507,2.301494483766814,1.052149938593082,1.059933409985945,Good
3.602308269686932,1.8360800563718012,1.0535324897007383,3.222531019868191,Moderate
2.278720448423481,3.677955049798597,1.149647676642052,1.5344058394852758,Moderate
2.647357437689203,3.145525488257628,1.0944422852701128,1.6542726594571655,Moderate
2.6903553044124093,2.778740679196071,1.054799835211815,1.5543840423699908,Moderate
2.289937291633473,3.354521838814509,1.1800638849591916,1.3446171074191833,Good
1.4165422289243543,3.4491759830884594,1.1399144966964632,2.912874269162009,Moderate
1.2355537719067096,5.977198868357119,1.0231163093664983,1.3596004599156697,Moderate
1.8088981981274452,2.1516569733811512,1.0851146614846483,1.0352552290901322,Good
1.6730107860901504,2.534154370392184,1.0644823381267003,1.0,Good
1.1348570746256028,3.9619174826204473,1.0381584889234357,1.4245287202898431,Good
1.493541230233404,4.403479065658425,1.0377160792848814,1.4295223720098722,Good
2.295545745486902,4.999137595574393,1.372755528954528,1.8690344447962015,Bad
2.045386658595673,4.656016322581324,1.0863820069957248,1.469478777779302,Moderate
1.4290443656517304,4.746694992795767,1.0072998989506412,1.3346286053109258,Good
1.6987160114691764,4.431212729930692,1.024485036921881,1.5244173373770182,Good
2.3409973309262533,4.9123397452751805,1.0816167990672367,1.8490562419114869,Bad
2.537175251030934,6.805422630754183,1.2772850959968909,1.529412187765247,Bad
2.9538756262672425,4.346307962516959,1.0778654675476098,1.4245287202898431,Moderate
2.9601438185484774,4.324726817622498,1.1107149568596968,1.3795786628003843,Moderate
1.740311845350106,3.287506704668553,1.1204481368052857,1.3995556670168998,Moderate
3.120334423122522,3.886951400355479,1.1865526715895842,2.318535019690789,Moderate
3.3976008327319183,5.093791739848342,1.008516539448115,3.052719292018614,Bad
2.5936100075398985,5.673548373526288,1.426739214924213,1.409545367793357,Bad
1.6480399220112514,5.746905335338599,1.0493032102603963,1.7072142378341502,Moderate
1.8062108072709209,4.868988147197712,1.2005441212592305,1.544395540261733,Moderate
4.050982127080365,1.2484671287191191,1.1058483668869024,3.956715292196017,Bad
4.36189906631974,1.1814519945731623,1.443062563544501,2.4034402842814773,Moderate
1.750508993131063,4.837468317154486,1.0788609032258063,1.839067739803229,Moderate
1.3359211481972622,3.244060452446809,1.083948698017878,1.3596004599156697,Good
2.209316210906381,6.683224130496513,1.137582597745822,1.0299667049929724,Bad
1.6799044689640985,3.737113889969816,1.1189273221919938,1.0,Moderate
4.813727658850457,1.165644752479413,1.0389327197823552,1.918979352673889,Moderate
2.4497773557485165,1.9425659686799956,1.0291995398367664,1.6293008048524218,Good
3.530036114589344,1.3864728710705383,1.2104800652934318,2.628779117814833,Moderate
1.9701403595816296,5.5710379352776,1.222697231247571,1.5044391344923034,Moderate
2.5936100075398985,4.825636549120242,1.174893120870579,1.5743622452547057,Moderate
2.418931020796821,5.13326251801058,1.2366886809172173,1.4045505174051285,Bad
1.9459540353635016,3.977630070569923,1.102603973571706,1.1048834674754036,Good
2.110467735776727,3.204684328428846,1.0470621438010106,1.8091010348102567,Good
1.3359211481972622,2.1121861952189143,1.037310523124757,1.1398450228566048,Good
2.1985667119771475,3.259867694540559,1.024485036921881,2.093784732243495,Moderate
2.104508805961162,4.399692899887466,1.053633899727944,1.6143174523559356,Bad
2.803224817430338,3.701618585867085,1.1095996984065293,2.0688128776387518,Moderate
1.386981187490042,6.848868882975926,1.0,1.1947835824543211,Moderate
2.537175251030934,4.178770127152067,1.053633899727944,1.644284157348908,Moderate
2.757539559850607,5.448744780875656,1.3462883793237466,2.07380652935878,Bad
1.7122697050766924,5.9180400281859,1.0909444228527012,1.3396222570309548,Moderate
1.8115855244871053,4.750670466855274,1.044073066459386,1.3645953103038984,Moderate
3.1108064948084646,6.675273182377501,1.164247446560435,1.943951207278633,Bad
1.7014034023257012,4.521891400145136,1.4850369125534395,1.5044391344923034,Moderate
1.720682353608403,7.097336011695045,1.0036499494753206,1.4644839273910732,Bad
1.527191759863382,5.582869703311843,1.0279828993392923,2.198668199718899,Bad
2.460994198958509,4.632352786512836,1.2834789428682472,1.2397336399437795,Bad
3.201492956222173,2.978271615325557,1.1343179168286048,1.6345893289495816,Good
3.664000939590324,1.6192274118401817,1.2469795040808394,2.8529408591760648,Moderate
2.132901422196712,3.535973833387672,1.126531367275554,1.5194224869887896,Good
3.1391460301244645,4.557386704247867,1.0816167990672367,1.7341842723278256,Bad
1.86802028099607,3.512310297319184,1.0676253493975905,1.1348501724683762,Good
1.8917392609334387,3.208565148344078,1.033070694131364,1.6642623602336228,Good
2.3114362249950764,4.663872616556061,1.1410804601632336,1.4994454827722743,Bad
2.97136066175847,2.498659066289452,1.048665899727944,1.8940062994009452,Good
3.736910452703708,1.197164582522638,1.205207919160513,2.278579812589559,Moderate
1.521349633869574,4.537698642238886,1.0167897396035757,1.724195770219568,Good
1.1039116079930449,4.021076322791666,1.002945563933152,1.255715483050632,Good
2.107196196817686,4.028932616766404,1.0268169358725223,1.779134329817284,Moderate
1.959390860652396,4.683655332709317,1.041974349008939,1.3945620152968707,Moderate
2.048074049452197,5.799722347843463,1.005829761368053,1.7142060694431107,Bad
2.045386658595673,4.916315219334686,1.2378546443839875,1.589345597751192,Bad
3.8911420629653226,3.354521838814509,1.041366028760202,2.977802529536183,Moderate
1.4810390935060278,4.478539802067667,1.0676253493975905,1.4045505174051285,Moderate
1.7793370921962686,5.803697821902969,1.079284872133696,1.7192009198313394,Moderate
1.5428486317280417,4.699367920658792,1.1270890104935871,1.9988897668763488,Moderate
1.1374063776950578,4.521134166990944,1.0,1.3096555520379822,Good
2.747023797558618,5.097767213907848,1.0,3.1076578516163305,Bad
1.541773662486059,5.574918755192831,1.205674310143801,1.449500574894587,Moderate
1.80480870993178,2.4316439321434955,1.0048665899727944,1.2846836974332383,Good
2.3740636479568504,3.0823911740269025,1.0086382090944424,2.1637066443376973,Moderate
2.458857675822377,7.353659434388902,1.1313979572483484,1.2197554370590649,Bad
2.566736356962111,5.365922404635949,1.3206373789350951,1.938956356890404,Bad
1.0,6.442613295752133,1.0,1.0,Moderate
3.7032598585768657,3.145525488257628,1.015816410415857,2.1437296401211823,Moderate
2.393693139698553,1.603420169746432,1.0961151869413135,1.314650402426211,Good
1.8169603062001547,5.776058811774976,1.1760590843373495,1.2697003449367523,Bad
1.7793370921962686,3.3584973128740154,1.1873637559269334,1.2497221420520372,Bad
2.440429954158424,3.0942229420611462,1.559657986785853,1.1698117278495772,Bad
3.405353678338958,3.5430728942082177,1.121259221142635,2.278579812589559,Moderate
2.975216477813756,2.8260677513330457,1.28799068169452,1.99389611515632,Moderate
2.377008058818733,3.7804654880472848,1.0425826692576758,1.1448386745766337,Moderate
1.6860121285493888,6.063996718656331,1.0445182464049747,1.1798002299578347,Moderate
1.7094655103984104,2.83789951936729,1.096774184220754,1.3596004599156697,Good
1.4461033348555312,3.701618585867085,1.0,1.2185807422233403,Good
2.182442495831729,6.411093465708907,1.1713952584531675,1.4345172223981009,Bad
3.2377607686168752,3.417656153045234,1.0729988775748154,1.589345597751192,Good
2.555986858032877,1.70593060799512,1.1317528083948698,1.6892342148383668,Good
3.731301998850279,2.530273550476952,1.1459977271667314,2.8329638549595493,Moderate
2.0515793250484817,4.22221637937381,1.092465237465993,1.5543840423699908,Good
1.1346021830167758,6.935572079130864,1.0291995398367664,1.2796888470450098,Moderate
2.4637983936367918,3.326882828686516,1.165464087057909,1.5394006898735046,Good
2.803224817430338,5.827361357971456,1.200746885347843,1.4994454827722743,Bad
2.096446697888452,5.511879095106381,1.205207919160513,1.6243059544641931,Moderate
1.252379004473266,6.158650862930282,1.0279828993392923,1.2597118428284946,Moderate
1.314422214835659,5.823385883911951,1.0268169358725223,1.3596004599156697,Good
1.4309563107053895,1.4929587833787323,1.0,1.5993340998594494,Good
1.8438339567779425,1.6783862520114003,1.222697231247571,1.0,Good
1.7262908074618315,5.330427100533218,1.0060832304702685,1.0,Bad
1.954016143436211,6.004837878485112,1.0501360373105324,1.6742508623418806,Bad
2.4968647106673885,6.249329533144726,1.3754372421298096,2.0138731193728354,Bad
2.6124216145418417,5.125311569891568,1.0304162083171395,1.5493891919817622,Bad
2.134069847395474,3.350546364755004,1.5619898857364944,1.6342956552406505,Bad
2.3006867905627075,6.8330616408821765,1.2798289933929266,1.174805379569606,Bad
1.6799044689640985,5.961486280407644,1.108433734939759,1.9289678547821465,Bad
2.699352165543501,6.474133125795357,1.1364166342790516,1.5643725444782484,Bad
2.6972858794928976,2.3843168600065203,1.024485036921881,1.5144288352687607,Good
2.569423683321771,2.2896627157325704,1.5270112615623783,1.1098783178636322,Bad
1.8160255531417728,4.151225771168347,1.0992121103769918,1.4295223720098722,Moderate
1.3107576319838576,5.799722347843463,1.0559657986785853,1.3096555520379822,Good
1.3729601496017674,2.755077143127583,1.0572377613680528,1.2397336399437795,Good
2.0776350908865093,4.84930008518873,1.0913259976680918,1.6942290652265954,Bad
4.05553895955679,4.667848090615568,1.335794792071512,1.899001149789174,Bad
2.142131955468183,4.746694992795767,1.004197434900894,1.5044391344923034,Moderate
1.4514780520717157,5.677523847585793,1.0,1.0,Moderate
2.125470286950206,6.0285014145536,1.0023318989506411,1.314650402426211,Bad
3.0863333530335426,1.9860122209017383,1.0296862184220754,6.463928810829247,Bad
1.9786698119350976,2.684086534922121,1.1058483668869024,1.8140958851984847,Good
2.5506121408166926,3.4768149932164527,1.426739214924213,1.6992227169466243,Moderate
1.6664675791783397,6.730551202633488,1.283326855810338,1.6193123027441645,Bad
1.8975813869272469,1.8715753604745329,1.0769529731830547,1.2197554370590649,Good
1.5944928191233376,2.841780339282521,1.0038158600855034,1.389567164908642,Good
1.862645563779885,3.2520114005658214,1.0,1.1298553220801475,Good
3.907967360028744,1.398304639104782,1.10828164788185,2.0088794676528066,Moderate
1.6046581054531908,5.1884458841222925,1.0443062479595802,1.8790229469044597,Moderate
1.3981980307000346,3.815960792150016,1.01703307889623,1.3096555520379822,Good
2.045386658595673,4.675704384590305,1.138748533229693,1.0449500574894588,Bad
2.537175251030934,5.425081244807168,1.0687912848814614,1.2647054945485237,Bad
1.6987160114691764,5.748514455791256,1.2261950936649826,1.0,Bad
4.785685518577044,1.5442613295752132,1.1362645472211426,3.42730310443077,Bad
2.623171113471076,3.165213550266609,1.0617955600466382,1.7841291802055128,Moderate
1.7067781195418856,4.237928967323287,1.1609016712009328,1.414539019513386,Moderate
1.6584054711056306,3.953966534501435,1.239679605130198,1.4445057245063584,Good
4.998805604063767,1.2406108347443812,1.6785853089778469,3.122641204112817,Moderate
2.475015236846784,2.9640734936844653,1.0231163093664983,1.7491676248243118,Good
5.697054271252186,1.1853328144883943,1.3211950221531286,4.316315752111686,Bad
1.7014034023257012,3.169189024326115,1.6844150703458998,1.294672199541496,Bad
1.8438339567779425,4.486396096042405,1.012825486202876,1.059933409985945,Moderate
2.561361575249062,3.437344215054216,1.0757870097162845,1.2697003449367523,Good
3.024640683130151,4.43906902390543,1.0048665899727944,1.799112532701999,Moderate
2.8127013417433235,5.070128203779855,1.0851146614846483,1.824084387306743,Bad
2.825541700028566,5.054320961686106,1.0425826692576758,1.7491676248243118,Bad
2.0231547828649634,4.510059632110892,1.1180148278274389,1.2447284903320084,Good
3.0022069967101657,3.756801951978797,1.0133831294209097,1.7591561269325693,Moderate
1.4622275510009497,3.1888770863350966,1.0,1.2697003449367523,Good
2.045386658595673,6.060021244596825,1.1947143319082782,2.35349657507199,Bad
1.7470886599054318,4.671823564675073,1.13291877186164,1.0749167624824312,Moderate
1.64066883334567,5.152950580019562,1.0559657986785853,1.3845723145204134,Bad
1.7148402276145949,4.443044497964936,1.0121259137193936,1.5593788927582195,Good
1.8599581729233607,6.229641471135745,1.3521181406917997,1.0,Bad
1.7475772881515026,4.198552843305323,1.0814048006218422,1.6942290652265954,Good
2.83115008938513,3.934278472492454,1.0608323886513795,1.5993340998594494,Moderate
3.8911420629653226,3.354521838814509,1.041366028760202,2.977802529536183,Moderate
1.6664675791783397,4.419380961896448,1.0594636610959969,1.0549385595977163,Moderate
2.354434156215147,3.62267702954261,1.0535324897007383,1.3246389045344684,Good
1.0813221616450948,4.147250297108842,1.0279828993392923,1.11986681997189,Good
3.837862041593641,1.649043467286476,1.1530829133307423,1.9418103858739348,Moderate
2.211419389163525,5.843168600065206,1.0279828993392923,1.4744724294993308,Bad
4.533306514103778,2.3211825457757955,1.0,2.8879024145572654,Bad
1.86802028099607,3.606964441593135,1.0454722114263506,1.4245287202898431,Good
1.6870318239784252,6.430781527717889,1.2299464251846093,1.5543840423699908,Bad
2.392057305722169,5.480264610918881,1.1993781577924605,1.1448386745766337,Bad
2.808716402965145,4.186721075271079,1.097331827438787,2.238623406820129,Bad
2.6258584398307354,1.4851024894039944,1.095608248736883,1.9539397093868904,Good
1.3359211481972622,2.0017248088512143,1.0093276237854645,1.1348501724683762,Good
2.968556467080188,4.825636549120242,1.0632656976292263,1.6642623602336228,Moderate
1.9190803202888496,5.7603462238255,1.152080985619899,1.724195770219568,Moderate
1.7417139426892472,4.841349137069718,1.0944422852701128,1.414539019513386,Moderate
1.7431160400283885,3.662147807704848,1.0597816587640887,1.5943392494712207,Good
1.639593928600552,5.085935445873605,1.1469102215312863,1.1498335249648624,Moderate
3.476679599936269,5.567062461218094,1.1888845705402251,2.0288564718693216,Moderate
1.6965661374820755,3.1612380762071037,1.0489700738437622,1.0149833524964862,Good
1.6127202135259,5.547374399209112,1.0,1.2497221420520372,Moderate
1.6127202135259,6.797566336779445,1.2145355709288768,1.3596004599156697,Bad
1.3518010502196454,4.103898699031372,1.0,1.419533869901615,Good
1.3171096056921838,5.464552022969405,1.1072677714729888,1.0,Moderate
2.187328649298707,4.983330353480644,1.092465237465993,1.2247502874472935,Good
3.4159450309562382,2.4276684580839896,1.0524679362611735,2.748057391700661,Moderate
1.9762480191669205,4.632352786512836,1.058509696074621,1.6892342148383668,Moderate
2.31925401894475,5.290956322370981,1.020351207151185,1.204772084562579,Moderate
2.1693562110018365,4.829517369035474,1.0114475522736106,1.669256011953652,Bad
1.878769779925304,6.229641471135745,1.1655654970851146,1.0499449078776877,Bad
1.9842782657885265,4.845324611129223,1.1170193921492422,1.7941176823137703,Good
1.2272746963815475,6.597467475784315,1.0306479347065682,1.326303854663878,Bad
1.6503433630329214,4.0999232249718665,1.1873637559269334,1.7541624752125404,Good
2.4834278853784943,3.4728395191569468,1.4990283622230858,1.4295223720098722,Bad
2.131382521035814,3.031088627830422,1.041974349008939,1.4544954252828155,Good
1.3197969320518437,3.760777426038303,1.0,1.2996670499297247,Good
1.975865617256816,5.101648033823081,1.0852206607073456,1.6992227169466243,Moderate
1.7282771174003533,2.3843168600065203,1.012392422852701,1.3129854522968014,Good
1.518662307509914,2.786596973170808,1.0734551107656432,1.4544954252828155,Good
1.735850597226992,4.308919575528749,1.0559657986785853,1.414539019513386,Good
2.252314142126452,2.565768854579683,1.0174893120870578,1.3096555520379822,Good
1.8411466304182824,5.4014177087386805,1.2644383987563157,1.6342956552406505,Bad
1.661092861962155,4.983330353480644,1.0163233486202876,1.3596004599156697,Moderate
4.543296497955698,1.6558585656742004,1.1451612903225807,3.791184008487636,Bad
1.6421644511384548,5.507903621046875,1.0340661298095608,1.4045505174051285,Bad
1.6530307538894458,4.924171513309425,1.1469102215312863,1.2996670499297247,Moderate
2.8938624547175578,2.4829464783399766,1.0165353470656822,6.763595860758972,Bad
2.5828605731075296,2.569649674494915,1.0513019727944035,1.9889012647680917,Good
2.295545745486902,6.462301357761114,1.1399144966964632,1.3246389045344684,Bad
1.8492087384909917,6.198121641092519,1.0699572483482316,1.6143174523559356,Bad
2.160943562470126,5.310739038524236,1.0,1.544395540261733,Bad
2.303958329521748,2.3882923340660263,1.2728332685581034,1.5344058394852758,Moderate
2.9040596024985144,3.926422178517716,1.01703307889623,2.278579812589559,Moderate
2.6849805871962245,3.3978734368919787,1.163233570151574,1.5593788927582195,Bad
1.0026873908565246,5.732707213697506,1.0370773416245629,1.5144288352687607,Moderate
1.2551832636484126,6.021402353733054,1.0304162083171395,1.174805379569606,Good
1.580471781235063,4.20640913728006,1.035282798289934,1.1348501724683762,Good
1.6503433630329214,4.979449533565411,1.0454722114263506,1.5394006898735046,Bad
1.6954444725101356,6.2848248372474576,1.0377160792848814,1.3196452528144396,Bad
1.4514780520717157,3.3703290809082587,1.0012719626894675,1.3596004599156697,Good
2.351746765358622,1.6520723999032425,1.5724834729887291,1.804106184422028,Bad
2.662897441235241,5.464552022969405,1.0,2.0488346747540365,Bad
1.9916392929432325,3.4965030552254346,1.2028760202098718,1.908989651897432,Good
2.27030779989177,6.549099208060325,1.0559657986785853,1.4744724294993308,Bad
2.405494195507927,6.107348316733801,1.1755290882238632,1.0899001149789174,Moderate
1.0351801372703968,5.263411966387261,1.0,1.0899001149789174,Good
2.5747984650348203,4.170913833177329,1.041974349008939,1.644284157348908,Good
3.445272400250171,1.512741499531988,1.0,2.5482801575263108,Good
2.3684551941034213,4.821661075060737,1.0,1.6342956552406505,Bad
1.773962374980084,2.7984287412050524,1.0377160792848814,1.5194224869887896,Bad
1.674529687251049,2.1279934373126634,1.2966187329965022,1.3695889620239272,Moderate
3.077920704501832,3.524142065353428,1.1853867081228138,1.8740292951844304,Good
1.7879834128683587,5.798586498112175,1.0364994387874078,1.1348501724683762,Bad
3.8261353506691305,3.3584973128740154,1.0936818779634667,2.293563165086045,Moderate
2.07747700907142,5.855000368099449,1.0024333089778468,1.1048834674754036,Bad
1.6057096623333302,3.0272078079151896,1.0546938359891178,1.329633754922697,Good
2.0487751303702,4.021076322791666,1.0024333089778468,1.374583812412156,Moderate
2.273813075488055,1.5482368036347192,1.0268169358725223,1.3596004599156697,Good
2.217027778520089,2.948266251590716,1.0316328488146134,1.6243059544641931,Good
1.109364237421644,4.273424271426018,1.0279828993392923,1.484462130275788,Good
1.2714242836155885,3.989461838604167,1.02215313797124,1.2447284903320084,Good
2.9107196132320823,4.636328260572341,1.114263496307812,1.8140958851984847,Moderate
3.9914259803131062,3.342690070780266,1.0413080761756703,1.724195770219568,Moderate
1.9225855958851343,3.425512447019972,1.0072998989506412,1.2846836974332383,Good
1.6870318239784252,3.212540622403584,1.0559657986785853,1.978912762659834,Good
1.5240370247260986,6.493915841948613,1.0209871745044694,1.3096555520379822,Bad
1.1346021830167758,3.6976431118075785,1.0,1.1298553220801475,Good
1.835771848705233,5.898351966176919,1.0093276237854645,1.414539019513386,Bad
1.0940579060159858,3.0114005658214404,1.0,1.1148719695836613,Good
2.534487924671274,4.28137521954503,1.239020607850758,1.4245287202898431,Moderate
2.2173783189790903,5.243629250234005,1.2436844057520404,1.669256011953652,Bad
2.5747984650348203,4.719150636812048,1.1469102215312863,2.058823176862294,Moderate
1.929829819218084,5.748514455791256,1.0524679362611735,1.958934559775119,Bad
1.9879747100914311,2.443475700177739,1.0457902090944422,1.409545367793357,Good
1.9943266837997573,4.01710084873216,1.0023318989506411,1.3446171074191833,Moderate
2.359808873431332,4.0999232249718665,1.0163233486202876,1.5194224869887896,Moderate
4.273215877519938,1.4299191232922814,1.355616003109211,2.213651552215385,Moderate
2.6849805871962245,3.3978734368919787,1.163233570151574,1.5593788927582195,Bad
1.8008360900547362,3.5438301273624093,1.0291995398367664,1.3436186168088176,Good
1.4568527692879003,6.091635728784325,1.1189273221919938,1.449500574894587,Bad
2.8059122082868626,3.654291513730109,1.035282798289934,2.39345178217322,Moderate
1.9244550375050344,6.458420537845882,1.1200932856587642,1.1847950803460634,Bad
1.9405792536504527,3.2520114005658214,1.342790516906335,1.1498335249648624,Moderate
1.214989527106624,4.805853832966987,1.0,1.1947835824543211,Good
2.155568845253941,3.220396916378322,1.2530120575204042,1.03995520710123,Moderate
2.8193490335757563,4.218240905314305,1.212203643995336,1.6293008048524218,Moderate
2.9214691121613163,1.9386851487647636,1.0699572483482316,1.7741394794290557,Moderate
1.855284536625179,4.170913833177329,1.0705655685969686,1.15982202707312,Moderate
1.6169265055433228,6.000862404425607,1.0072998989506412,1.15982202707312,Moderate
2.133302076719493,4.691511626684054,1.0445182464049747,1.4794672798875594,Bad
2.402105723733399,1.7927284582943324,1.0042582697240576,3.836848472224127,Moderate
1.4971633096514465,5.141118811985318,1.13291877186164,1.2397336399437795,Moderate
2.02634137945335,3.677955049798597,1.0608323886513795,1.5194224869887896,Moderate
1.6420369408371769,4.640209080487574,1.037310523124757,1.4445057245063584,Good
1.353330657860064,5.208133946131275,1.0036499494753206,1.349611957807412,Moderate
2.253482567325213,5.168757822113311,1.0255495903614458,1.2597118428284946,Moderate
3.5041608754752804,1.5442613295752132,1.0432463116984063,2.058823176862294,Good
2.32919627511688,3.4491759830884594,1.067413350952196,1.9639294101633475,Good
1.9590403201933944,5.9456790383138935,1.0012166404974738,1.2097669349508071,Moderate
2.3786204804332747,4.289231513519767,1.0979401476875243,1.1448386745766337,Moderate
2.770732071016466,5.559206167243356,1.1282549459774582,1.8190895369185145,Bad
2.6151090053983665,4.336558585656741,1.2623396813058687,1.2896785478214672,Moderate
1.9755150767978145,5.3264516264737125,1.1189273221919938,1.484462130275788,Moderate
3.641684056992096,1.86239390847996,1.2739992320248736,2.228634904711871,Moderate
1.518662307509914,5.535542631174868,1.0,1.529412187765247,Bad
3.276201867360521,4.525866874204642,1.2868247182277497,1.3645953103038984,Bad
2.0776350908865093,6.706887666565001,1.0443062479595802,1.0,Bad
1.740311845350106,3.287506704668553,1.1204481368052857,1.3995556670168998,Moderate
1.639360191963308,4.537698642238886,1.041974349008939,1.11986681997189,Good
4.143521067438589,1.5364050356004753,1.0462326187329964,3.572141779007404,Moderate
3.06670386129184,5.160806873994299,1.0790821080450836,2.223640054323643,Bad
1.776766569658366,3.6936676377480726,1.0,1.2397336399437795,Good
3.5315019348306915,1.5837321077374504,1.5853089871745043,1.9889012647680917,Moderate
1.6530307538894458,2.1871522774838823,1.6704236206762535,1.2697003449367523,Bad
1.832316687172728,3.934278472492454,1.095141857753595,1.186460030475473,Moderate
5.368961494490389,1.8321992364565696,1.1944074994170228,4.461154426688321,Bad
4.838965539948724,1.7177623760293637,1.1107149568596968,5.275250311886805,Bad
2.1413140707284226,4.273424271426018,1.053633899727944,1.1098783178636322,Bad
3.724992528575712,2.415836690049746,1.28799068169452,2.258601609704844,Moderate
2.7834785218668774,3.831768034243766,1.1204481368052857,1.6592675098453944,Moderate
2.231048880905228,4.707318868777804,1.12531472677808,1.294672199541496,Bad
1.0504758266933991,5.097767213907848,1.0279828993392923,1.3596004599156697,Good
2.717961961856168,3.5398546533029034,1.1399144966964632,1.648690461651075,Bad
2.7226037367032463,5.062271909805117,1.0827827345511076,1.644284157348908,Moderate
1.601970714596666,4.521891400145136,1.0011659634667702,1.414539019513386,Good
1.86610072531239,5.141118811985318,1.0661413882627284,1.6992227169466243,Bad
1.6234697124551336,5.243629250234005,1.4095679005052468,1.6992227169466243,Bad
1.2211320794956535,5.5476583616419335,1.0173227578701904,1.2597118428284946,Moderate
1.7318991968183957,2.3093507777415523,1.0036499494753206,1.5094339848805318,Good
1.5724096731623538,3.072452488878138,1.0046638258841818,1.2846836974332383,Good
5.144624630290536,1.532429561540969,1.1569475755926937,4.905660151194679,Bad
1.528874289569724,3.918471230398704,1.1107656338904004,1.0899001149789174,Good
1.2075116316332957,4.052596152834892,1.0,1.0,Good
1.7282771174003533,5.310739038524236,1.0466381748931208,1.0,Bad
3.034338625179245,1.1341249224361871,1.521181500194326,2.59323021501577,Good
2.209316210906381,2.4749955302209647,1.1189273221919938,1.4744724294993308,Good
4.095849499920336,3.457032277063197,1.1094982883793238,2.55327380924634,Bad
2.332935222853544,6.304607553400713,1.204041983676642,1.2896785478214672,Bad
1.2767990653286376,4.088091456937622,1.012825486202876,1.0199782028847149,Good
2.320783626585169,5.468432842884638,1.2340387842984843,1.589345597751192,Bad
2.912472251030225,2.849731287401533,1.0,1.5743622452547057,Good
1.6309476079284622,5.523710863140624,1.2457628635833655,1.884017797292688,Bad
1.7605255496911902,5.046464667711368,1.13291877186164,1.0749167624824312,Moderate
1.8465213476344668,4.691511626684054,1.2164992708900118,2.0338513222575503,Moderate
1.823800843657687,3.2520114005658214,1.0,1.4994454827722743,Good
1.4807947793829923,3.5043593492001723,1.0216231418577535,1.094894965367146,Good
2.2657509674153458,5.464552022969405,1.0921103863194714,1.6542726594571655,Bad
2.665701635913523,3.934278472492454,1.0754321585697628,1.8440625901914576,Moderate
1.611318116186759,4.379910183734211,1.0051099292654488,1.6243059544641931,Moderate
2.413322566943392,3.7962727301410335,1.1597357077341623,1.799112532701999,Moderate
1.9842782657885265,5.231797482199762,1.1240980862806065,1.1698117278495772,Bad
2.133302076719493,5.040028185900739,1.083948698017878,1.5448486368412269,Bad
1.7347033914966776,5.784009759893987,1.026766258841819,1.4045505174051285,Bad
2.760226950707132,1.9347096747052572,1.3346288286047416,1.804106184422028,Bad
1.285144056649402,4.111754993006111,1.0765847741935484,1.2697003449367523,Good
2.3436846572859134,4.237928967323287,1.121259221142635,1.6542726594571655,Moderate
2.7502103941470044,2.471114710305733,1.0152634123591138,3.8618203268288713,Moderate
1.967452968725105,5.121430749976336,1.239020607850758,1.9489460576668611,Bad
1.8975813869272469,6.079803960750081,1.1294209094442285,1.8940062994009452,Bad
1.90856455799686,5.346234342626968,1.1526339836766422,1.2397336399437795,Moderate
1.2019032422767315,4.419380961896448,1.0,1.2397336399437795,Good
2.702156360221782,6.46627683182062,1.0340661298095608,1.419533869901615,Bad
1.2075116316332957,4.975474059505905,1.0255495903614458,1.3596004599156697,Good
2.6677046505399717,2.500930765752027,1.276179043917606,1.7591561269325693,Bad
2.010450899945176,5.176614116088049,1.08861252390206,1.544395540261733,Moderate
1.967452968725105,5.1884458841222925,1.0,1.3596004599156697,Moderate
1.6141223108650409,6.142843620836532,1.0874465604352896,2.198668199718899,Bad
2.252314142126452,3.3308583027460217,1.0,1.3645953103038984,Moderate
4.461331754048775,2.6761355868031087,1.1332519082782744,2.768035594585376,Bad
1.639593928600552,4.159082065143085,1.2261950936649826,1.0,Moderate
1.1996331461340504,3.281164877002198,1.0293154170229304,1.2501572586085352,Good
1.8610331421653437,4.332583111597236,1.2590750003886515,1.7192009198313394,Bad
2.813974316359572,4.545554936213623,1.2075398460940536,1.4445057245063584,Bad
1.5267244155826232,5.026776605702387,1.0466381748931208,1.409545367793357,Moderate
1.980889794013999,6.233616945195251,1.0862805969685192,1.5493891919817622,Bad
2.4243057380130053,4.541674116298392,1.216867469879518,1.644284157348908,Moderate
1.967452968725105,3.6581723336453416,1.0081616883015934,1.2896785478214672,Good
1.823800843657687,3.0114005658214404,1.4562429288767975,1.7142060694431107,Bad
2.0319498333067787,2.2581428856893453,1.064127486980179,1.4794672798875594,Good
1.4309563107053895,1.4929587833787323,1.0,1.5993340998594494,Good
2.289937291633473,3.977630070569923,1.0827320575204042,2.2436182572083574,Good
2.846222748650409,4.166938359117824,1.271667305091333,2.0788013797470093,Good
2.822737505350284,4.253736209417036,1.008516539448115,1.3995556670168998,Moderate
2.719916410343586,2.975905261718709,1.4127477652545668,1.6842393644501383,Moderate
1.878769779925304,5.223941188225024,1.1818888457054022,1.0,Moderate
2.381307871289799,5.113479801857324,1.053633899727944,1.8190895369185145,Bad
1.3171096056921838,3.0902474680016403,1.0023318989506411,1.5144288352687607,Good
1.8707076718525943,6.111323790793307,1.1492421204819276,1.2896785478214672,Bad
1.4541654429282402,5.192421358181798,1.2372463241352507,1.5044391344923034,Moderate
1.918312485116005,3.2913875245837847,1.418410972405752,1.5144288352687607,Bad
1.1961779846015457,2.758957963042815,1.0233190734551108,1.1298553220801475,Good
2.0319498333067787,6.1389628009213,1.0687912848814614,1.3196452528144396,Bad
1.8518960648506515,5.523710863140624,1.0874465604352896,1.419533869901615,Moderate
1.9844258346146888,3.283531230609047,1.0389327197823552,1.3046619003179534,Good
2.721785851963486,5.764227043740732,1.0669156191216478,1.6193123027441645,Bad
2.460994198958509,2.5421053185111955,1.0546938359891178,1.5044391344923034,Good
1.6009935226013892,2.684086534922121,1.083948698017878,1.0,Good
1.6073454963097151,6.777878274770464,1.150408083948698,1.859045942687944,Bad
1.9217677111453744,4.762502234889517,1.064127486980179,1.529412187765247,Good
2.3893699793625087,3.4846712871911905,1.4488923528954527,1.4045505174051285,Bad
1.3896685783465663,4.356246647665724,1.0034978624174116,1.729189421939597,Moderate
1.7417139426892472,5.519735389081118,1.0396424500582977,1.5144288352687607,Moderate
1.880522417723446,3.93825394655196,1.0226296587640886,2.2685901118131016,Good
1.8518960648506515,4.285256039460261,1.1655654970851146,1.5394006898735046,Moderate
2.418931020796821,4.226097199289042,1.064127486980179,1.9988897668763488,Moderate
2.5030573771201974,4.589001188435367,1.1812805254566654,1.7591561269325693,Bad
1.670206526915004,4.7111996886930365,1.184930474931986,1.2197554370590649,Bad
1.5692549380250704,4.947835049377912,1.094124287602021,1.3596004599156697,Bad
1.521349633869574,7.341827666354659,1.2844928192771086,1.3695889620239272,Bad
1.056084216049963,3.685811343773335,1.0547491581811117,1.2397336399437795,Good
1.2767990653286376,6.221785177161006,1.0023318989506411,1.0299667049929724,Bad
2.48074049452197,4.813804781085999,1.1469102215312863,2.128746287624696,Bad
1.0813221616450948,4.419380961896448,1.0036499494753206,1.3046619003179534,Good
1.6141223108650409,4.679679858649811,1.1462742541780024,1.3596004599156697,Moderate
2.186181443568393,6.332151909384432,1.0608323886513795,2.31354016930256,Bad
2.2166453766099843,3.43336874099471,1.0852206607073456,2.1187565868482388,Good
2.962948077723624,5.523710863140624,1.3151117916828603,2.533296805029825,Bad
2.803108013608581,2.680111060862614,1.1070650073843762,1.958934559775119,Moderate
1.6127202135259,5.914159208270668,1.1282549459774582,1.4794672798875594,Bad
2.142131955468183,4.746694992795767,1.004197434900894,1.5044391344923034,Moderate
2.604008966010131,6.225665997076239,1.0340661298095608,1.4894557819958172,Bad
2.0023887918724665,6.269112249297982,1.1585697722502917,1.3795786628003843,Bad
4.0044789202640105,1.2761061388471124,1.1434123591138747,3.3024414340706514,Moderate
1.7851792181900763,5.361946930576443,1.058399107656432,1.414539019513386,Moderate
2.7252911275597707,2.948266251590716,1.0652934224640498,1.824084387306743,Moderate
2.878821721400247,4.218240905314305,1.0559657986785853,1.2247502874472935,Moderate
1.384049482510482,5.7603462238255,1.1399144966964632,1.4944506323840456,Good
1.7481636291474143,3.6936676377480726,1.008516539448115,1.3995556670168998,Good
2.67960586998004,4.766477708949024,1.0862805969685192,1.7142060694431107,Moderate
2.97136066175847,4.581050240316355,1.0,1.899001149789174,Bad
1.9701403595816296,4.486396096042405,1.2087057815779243,1.0,Bad
2.4619289520168914,5.026776605702387,1.1270890104935871,1.4594890770028446,Bad
1.7347033914966776,6.280944017332225,1.1119315973571706,1.2647054945485237,Moderate
1.4622275510009497,5.212109420190781,1.145744258064516,1.1648168774613483,Moderate
2.17169306139936,5.977198868357119,1.125923047026817,1.0,Bad
1.4246043369970636,6.186289873058275,1.108433734939759,1.0549385595977163,Bad
1.489101201578737,5.389585940704437,1.0408083855421686,1.4944506323840456,Moderate
2.0235371847750683,5.716899971603756,1.0425826692576758,1.2497221420520372,Bad
1.7497760507619564,3.73313841591031,1.3218033424018656,1.449500574894587,Moderate
2.506881267227516,3.334833776805528,1.0826767353284104,2.348501724683761,Good
2.082425660000178,4.419380961896448,1.0425826692576758,1.2197554370590649,Moderate
1.1738611020033178,4.679679858649811,1.0060832304702685,1.2846836974332383,Good
1.5401612408715168,3.3939926169767465,1.0,1.0549385595977163,Good
1.5412127977516563,3.768633720013041,1.068685285658764,1.2896785478214672,Good
3.5630492862035257,2.699799122871596,1.0165353470656822,2.1637066443376973,Moderate
2.0796214008250318,5.436913012841412,1.3704402798289934,1.589345597751192,Bad
2.076817206146749,6.738407496608226,1.0024333089778468,1.274695195324981,Bad
1.4104345693390634,7.097336011695045,1.0381584889234357,1.3396222570309548,Bad
3.108767039453528,5.1884458841222925,1.0523158492032647,1.4594890770028446,Bad
1.4598907006034263,2.577600622613927,1.0048665899727944,1.389567164908642,Good
2.0426993322360127,2.4868272982552084,1.4232413525068015,1.4295223720098722,Moderate
2.186181443568393,1.4417508913265251,1.0152634123591138,1.5843507473629632,Good
1.6100328226693752,1.8755508345340384,1.0186552755538285,1.2497221420520372,Good
2.3320004697951617,1.7493768602168631,1.553574756315585,1.5194224869887896,Bad
1.3477222040066357,3.4965030552254346,1.0292548620287605,1.294672199541496,Good
2.703792194198168,4.719150636812048,1.0559657986785853,2.1687014947259264,Bad
2.721785851963486,4.387861131853223,1.1878851892732218,1.2297451378355222,Bad
2.6797226738017974,5.137143337925812,1.1061018359891177,1.3945620152968707,Bad
1.6870318239784252,6.430781527717889,1.2299464251846093,1.5543840423699908,Bad
1.9325171455777437,5.862856662074187,1.0,1.3795786628003843,Bad
3.2520155431423934,1.4219681751732698,1.3194714434512242,2.15371814222944,Good
1.9029561041434315,3.366353606848753,1.0340661298095608,2.0138731193728354,Bad
2.3006867905627075,5.4014177087386805,1.1270890104935871,1.6992227169466243,Bad
1.8518960648506515,4.285256039460261,1.1655654970851146,1.5394006898735046,Moderate
2.362846804746858,4.253736209417036,1.0462326187329964,1.5543840423699908,Good
2.327560441140495,3.620405330080035,1.406918003886514,1.2247502874472935,Moderate
2.4243057380130053,5.586750523227075,1.0023318989506411,1.1048834674754036,Bad
1.2916379879566726,3.1060547100953904,1.048334106490478,1.3196452528144396,Good
2.076817206146749,4.703343394718299,1.0291995398367664,1.639289306960679,Bad
3.5368766520468764,3.354521838814509,1.3579479300427515,1.724195770219568,Moderate
2.045970871195053,6.154675388870776,1.0462326187329964,1.2397336399437795,Bad
3.742518842060272,3.074534880052165,1.159380856587641,2.608213567512256,Bad
3.160644963486068,2.971929787659203,1.1095996984065293,2.2735849622013298,Moderate
2.5936100075398985,4.825636549120242,1.174893120870579,1.5743622452547057,Moderate
1.9982993036768009,3.623244954408253,1.0133831294209097,1.5593788927582195,Good
3.1095849241932885,3.737113889969816,1.4407306645938591,2.333518372187275,Bad
1.6755197786192422,4.6264842295678505,1.0913126218422076,1.2397336399437795,Moderate
1.8707076718525943,4.896627157325705,1.108433734939759,1.4395120727863295,Bad
2.12168457898672,5.361946930576443,1.132614597745822,1.7841291802055128,Moderate
2.39254593396824,4.111754993006111,1.037310523124757,1.829079237694972,Moderate
2.1179456312500555,3.5516864213371475,1.2238631947143412,1.5344058394852758,Moderate
1.911368752675142,3.342690070780266,1.026336833268558,1.2497221420520372,Good
2.090304145499423,5.965367100322875,1.162067634667703,1.3645953103038984,Bad
1.86802028099607,5.208133946131275,1.079284872133696,1.2896785478214672,Bad
2.2684383582718706,2.6012641586824143,1.174893120870579,1.7891228319255417,Good
3.0668313715931173,1.9425659686799956,1.0423559238243296,4.50110963378955,Moderate
2.488802602594679,4.904483451300443,1.2191993688301594,1.349611957807412,Moderate
1.6557181447459706,4.537698642238886,1.1422463956471045,1.0199782028847149,Moderate
1.415023327763456,2.8260677513330457,1.020351207151185,1.3096555520379822,Good
1.4767159331699828,4.727006930786786,1.0012166404974738,1.2447284903320084,Good
2.160943562470126,2.139825205346908,1.0116595507190052,1.5993340998594494,Good
1.9432666445069773,3.169189024326115,1.1037699090555773,1.5344058394852758,Good
1.314422214835659,3.0863666480864085,1.0011659634667702,1.3596004599156697,Good
2.193191994760963,4.312895049588255,1.1755290882238632,1.03995520710123,Good
1.2069274190339148,5.010969363608637,1.0,1.0699219120942025,Good
2.3678709815040406,2.8260677513330457,1.1294209094442285,1.7042175673348532,Good
3.6965832076522354,3.315051060652272,1.6754054442285269,1.4944506323840456,Bad
1.9110182122161403,4.888676209206693,1.054799835211815,1.409545367793357,Moderate
2.160943562470126,4.234048147408054,1.179556946754761,1.2846836974332383,Moderate
3.112272315049813,2.565768854579683,1.2600077823552274,2.058823176862294,Moderate
2.6930426952689337,1.7730403962853507,1.2110377085114652,1.6143174523559356,Good
1.518779111331671,5.393561414763943,1.0401493882627284,1.0,Moderate
2.0936425032101704,2.447451174237245,1.0890364928099494,1.4894557819958172,Good
1.8440676934151865,5.239748430318774,1.0364994387874078,1.349611957807412,Moderate
1.6561854890267294,4.084115982878117,1.024332949863972,1.2796888470450098,Good
1.752463441618481,4.364197595784735,1.2600077823552274,1.1648168774613483,Bad
2.5254910635401826,5.432937538781906,1.048334106490478,1.8490562419114869,Bad
3.407882922883529,1.5284540874814636,1.3835989024485036,3.157602759494018,Moderate
1.336305098032117,4.612664724503855,1.0,1.0,Good
1.980889794013999,4.719150636812048,1.096774184220754,1.6817425385901237,Bad
1.8438339567779425,5.843168600065206,1.1715473455110763,1.0,Bad
2.959476147006328,4.321129960140087,1.0106601414691023,1.588910481194694,Moderate
1.1850779452133104,4.648160028606586,1.0194663598911775,1.0649282603741737,Good
2.1233204129631047,6.030205189150531,1.1935483964244074,1.824084387306743,Bad
2.3123709780534587,3.997412786723179,1.0693489280994948,1.6342956552406505,Good
1.3953938360217526,3.567493663430897,1.0,1.0,Good
1.784711873909318,4.758526760830012,1.3218033424018656,1.5044391344923034,Moderate
3.0827112736155,2.971929787659203,1.1095996984065293,2.423418487166193,Moderate
1.3981980307000346,4.675704384590305,1.0851146614846483,1.059933409985945,Moderate
5.708271114462177,1.5719003397032068,1.087598647493199,4.146504024262109,Moderate
2.303374116922367,4.663872616556061,1.064127486980179,1.5543840423699908,Moderate
3.344320811360237,2.687967354837353,1.0644823381267003,1.884017797292688,Moderate
1.8440676934151865,5.239748430318774,1.0364994387874078,1.349611957807412,Moderate
3.422838713830185,2.246311117655101,1.0109498204430625,2.967814027427925,Moderate
2.3490594389989625,4.360222121725229,1.4255732514574426,1.8140958851984847,Bad
2.2066288200498567,5.216084894250287,1.1597357077341623,1.4245287202898431,Bad
2.9601438185484774,4.289231513519767,1.032849489312087,1.8790229469044597,Bad
1.3117348239791344,5.622245827329807,1.0501360373105324,1.8440625901914576,Bad
1.415023327763456,4.596857482410105,1.010175589584143,1.4045505174051285,Good
3.5770703885886648,1.8203674684223257,1.126531367275554,3.736958656468752,Moderate
1.491788592435262,3.457032277063197,1.0338126607073457,1.3795786628003843,Good
2.491489993451204,2.8575875813762712,1.0489700738437622,2.053829525142265,Good
1.5697222823058292,6.600401754256807,1.313641654100272,1.0,Bad
1.614417513014231,6.048189476562582,1.2739992320248736,1.6942290652265954,Bad
3.7384293538646074,2.664303818768865,1.121259221142635,3.3523863419483386,Moderate
1.1065600427433622,3.3939926169767465,1.0,1.0,Good
1.8917392609334387,3.208565148344078,1.033070694131364,1.6642623602336228,Good
1.5535980661604107,5.827361357971456,1.1002720466381657,1.449500574894587,Bad
1.8411466304182824,5.484240084978387,1.0256510003886514,1.6143174523559356,Moderate
2.27112568463153,2.620952220691396,1.041974349008939,1.6642623602336228,Good
1.712152901254935,4.028932616766404,1.0048665899727944,1.6143174523559356,Good
2.359808873431332,7.629765573236014,1.3381266910221532,1.3695889620239272,Bad
1.9755150767978145,5.3264516264737125,1.1189273221919938,1.484462130275788,Moderate
1.1317979238416294,5.338283394507956,1.0133831294209097,1.3596004599156697,Good
2.1697386129119414,3.681835869713829,1.0,1.0141023313696929,Good
2.506881267227516,3.334833776805528,1.0826767353284104,2.348501724683761,Good
1.7309644437600131,3.82779256018426,1.222697231247571,1.03995520710123,Moderate
1.5320991327988076,6.825205346907438,1.1177613587252235,1.374583812412156,Bad
1.5384086030733746,3.985581018688935,1.058509696074621,1.4045505174051285,Good
1.7066613157201282,3.926422178517716,1.0152634123591138,1.4644839273910732,Good
2.4028068046514024,6.178338924939263,1.349786241741158,1.864039594407973,Bad
2.632051106283545,4.443044497964936,1.0851653385153517,2.4483903417709363,Moderate
1.0644968645816737,5.101648033823081,1.0304162083171395,1.1997784328425498,Good
2.7907364830319823,3.582732980659004,1.0148144827050136,1.5822099259582652,Moderate
1.3386085390537867,6.008813352544618,1.0594636610959969,1.829079237694972,Bad
1.8492087384909917,5.653860311517306,1.2056134753206371,2.2086567018271563,Bad
1.7935918667217872,6.04430865664735,1.0364994387874078,1.0249718546047435,Bad
2.413322566943392,3.7962727301410335,1.1597357077341623,1.799112532701999,Moderate
1.1827410948157873,6.063996718656331,1.1282549459774582,1.5044391344923034,Bad
1.995495108998519,3.575349957405635,1.0145997699183833,1.6942290652265954,Good
2.0231547828649634,5.874688430108432,1.1294209094442285,1.8690344447962015,Bad
1.193490593745021,4.009244554757423,1.0,1.204772084562579,Good
2.5198826096867544,2.9917125038124586,1.068132287602021,1.4994454827722743,Good
1.5132875257968648,4.013125374672654,1.0093276237854645,1.3096555520379822,Good
1.6288444296713185,4.068403394928641,1.0582976976292269,1.644284157348908,Moderate
1.5766778176729108,3.6705720265452286,1.026336833268558,1.3681625468662617,Good
3.1310839220517552,1.2602988967533628,1.4990283622230858,1.5793558969747346,Moderate
2.703792194198168,4.719150636812048,1.0559657986785853,2.1687014947259264,Bad
1.8325958940995024,9.132400113584971,1.1812805254566654,1.4395120727863295,Bad
1.6315318205278428,4.241904441382792,1.0594636610959969,1.0549385595977163,Good
1.6315318205278428,3.5871817254398786,1.024485036921881,1.6542726594571655,Good
2.5086657664767618,7.886088995929871,1.008516539448115,1.349611957807412,Bad
2.1152583048903955,3.882975926295973,1.0443062479595802,1.5793558969747346,Good
1.7543328832383809,5.736682687757012,1.0572983163622232,1.4944506323840456,Bad
1.914172947353424,3.930302998432948,1.0340661298095608,1.3645953103038984,Good
1.2418632421812763,4.628377312453329,1.011193159735717,1.5643725444782484,Good
1.6154076043824244,4.356246647665724,1.1410804601632336,1.4744724294993308,Moderate
1.7065338054188504,3.839624328218504,1.2989082378546444,1.6642623602336228,Bad
2.109883523177346,5.811554115877707,1.049882568208317,1.5244173373770182,Bad
3.1310839220517552,2.313326251801058,1.1061018359891177,1.7042175673348532,Moderate
2.0431666765167718,4.975474059505905,1.0291995398367664,1.529412187765247,Bad
1.3505264631817822,4.742814172880536,1.0389327197823552,1.8091010348102567,Good
1.5347865236553324,4.50617881219566,1.0,1.804106184422028,Good
3.478922994377013,2.0885226591504265,1.0754321585697628,1.6642623602336228,Moderate
3.955638927546996,1.1735010464541509,1.0435289669646328,1.938956356890404,Moderate
2.748581654825723,4.5116687525635495,1.099339292654489,1.2506307325474242,Bad
2.2442520340537424,2.171345035390133,1.1170193921492422,1.5144288352687607,Good
1.8975813869272469,5.164782348053805,1.1445783225806452,1.6193123027441645,Moderate
2.0749477645268493,3.0665839319331534,1.079284872133696,1.2647054945485237,Good
3.291040789988556,3.204684328428846,1.1058483668869024,1.824084387306743,Moderate
1.877718223045164,4.829517369035474,1.0097331799455889,1.6243059544641931,Good
1.8169603062001547,4.687536152624549,1.0874465604352896,1.059933409985945,Moderate
3.3165124077240677,1.757233154191601,1.282160892343568,1.7391791227160542,Moderate
2.7442195383834718,5.910183734211162,1.0255495903614458,1.3945620152968707,Bad
2.0426993322360127,2.4868272982552084,1.4232413525068015,1.4295223720098722,Moderate
1.9029561041434315,4.261592503391773,1.247182268169452,1.2647054945485237,Moderate
4.513677022362074,1.6625790099176507,1.2165632957637,5.42008898646344,Bad
3.7032598585768657,3.145525488257628,1.015816410415857,2.1437296401211823,Moderate
2.247874113471785,4.159082065143085,1.015816410415857,1.5344058394852758,Good
2.547924749960168,2.246311117655101,1.1364166342790516,1.6842393644501383,Good
2.9657522724019056,2.447451174237245,1.1715473455110763,2.138734789732954,Moderate
1.599283388237006,4.896627157325705,1.0746210742324136,1.7042175673348532,Moderate
1.443065403540005,4.695487100743561,1.0109498204430625,1.2647054945485237,Good
3.5933114085558406,2.02150752500447,1.1643995336183444,2.058823176862294,Moderate
1.601970714596666,3.606964441593135,1.0699572483482316,1.11986681997189,Good
1.9225855958851343,3.425512447019972,1.0620490291488536,1.4445057245063584,Good
1.6637802528186798,7.901896238023621,1.413913728721337,1.2647054945485237,Bad
3.425642973005332,1.603420169746432,1.0364994387874078,1.943951207278633,Moderate
1.034935823147361,4.94395422946268,1.0,1.1897887320660925,Good
1.56084228949336,3.4806958131316845,1.0,1.389567164908642,Good
2.663481653834621,3.63848427163636,1.1515740474154683,1.529412187765247,Moderate
1.489101201578737,3.2401796325315777,1.013641663427905,1.2397336399437795,Good
2.9461227806602026,2.2903252947424884,1.0012166404974738,2.55327380924634,Good
1.4434159439990064,5.5710379352776,1.0151574131364167,1.0799116128706598,Bad
3.0692743838297423,5.263411966387261,1.0862805969685192,1.5194224869887896,Bad
1.2692043015366874,3.0942229420611462,1.026766258841819,1.314650402426211,Good
2.7467900609213736,5.093791739848342,1.1436921881072677,1.569367394866477,Bad
1.7431160400283885,4.24976073535753,1.0304162083171395,1.4544954252828155,Bad
2.2576888593426365,4.376029363818979,1.096774184220754,3.112652702004559,Bad
2.7145416286305366,2.0885226591504265,1.125923047026817,2.0238628201492928,Good
1.9755150767978145,4.072284214843873,1.0384764865915277,1.569367394866477,Good
2.034754027985061,2.6564475247941277,1.0316328488146134,1.4295223720098722,Good
2.088384589815744,1.6389154738491634,1.1539059463661097,1.349611957807412,Moderate
1.2272746963815475,5.732707213697506,1.025317863972017,1.2197554370590649,Moderate
2.1125709140338707,4.214265431254798,1.08861252390206,1.2397336399437795,Good
1.7066613157201282,2.829948571248278,1.0305267967353284,1.1897887320660925,Good
2.0856971989592186,3.768633720013041,1.0594636610959969,1.5793558969747346,Moderate
1.725589726543829,3.563518189371391,1.06645938593082,1.314650402426211,Good
2.233502535124509,6.864581470925402,1.1200932856587642,1.4245287202898431,Bad
2.243030463438566,6.651609646309014,1.010175589584143,1.3046619003179534,Bad
2.79469536507687,2.033339293038713,1.0547491581811117,2.2436182572083574,Good
3.021836488451869,4.778309476983267,1.116798187329965,2.158712992617669,Bad
1.368169580488099,5.271268260362,1.0104935872522347,1.419533869901615,Moderate
1.862645563779885,6.340102857503444,1.271667305091333,1.4744724294993308,Bad
1.9057602988217133,4.83349284309498,1.068132287602021,1.824084387306743,Good
1.5374738500149925,4.691511626684054,1.0699572483482316,1.2197554370590649,Moderate
2.045386658595673,2.530273550476952,1.2005441212592305,1.0,Good
2.631233221543785,5.6893556156200376,1.2203653322969297,1.859045942687944,Bad
1.7470886599054318,4.308919575528749,1.0501360373105324,1.5593788927582195,Moderate
2.47805316816231,2.419812164109252,1.071123211815002,1.1348501724683762,Bad
1.8973476502900024,4.364197595784735,1.008516539448115,1.764150977320798,Good
2.3114362249950764,4.663872616556061,1.1410804601632336,1.4994454827722743,Bad
2.458190004280227,2.4868272982552084,1.0241670392537894,1.644284157348908,Good
2.243030463438566,6.651609646309014,1.010175589584143,1.3046619003179534,Bad
2.8967941596971176,3.815960792150016,1.0190792444617178,1.484462130275788,Moderate
1.1693042695268934,5.200277652156537,1.0046638258841818,1.03995520710123,Good
2.1905046039044382,4.537698642238886,1.2063738826272834,1.11986681997189,Moderate
2.3786204804332747,3.050871343983677,1.3701374488923437,1.639289306960679,Moderate
2.36565099942514,3.4531514571479653,1.0291995398367664,1.484462130275788,Good
2.01582561716136,1.812416520303314,1.0524679362611735,1.3995556670168998,Good
3.461630353032833,5.381729646729699,1.179556946754761,1.604328950247678,Bad
1.4104345693390634,7.097336011695045,1.0381584889234357,1.3396222570309548,Bad
1.6926402133349892,3.054752163898909,1.0279828993392923,1.5493891919817622,Good
2.2442520340537424,1.7217378500888696,1.0466381748931208,1.544395540261733,Good
1.053280021371681,3.326882828686516,1.0012166404974738,1.1648168774613483,Good
2.578771084911864,2.861563055435777,1.0559657986785853,1.669256011953652,Moderate
1.3084632850200937,3.71733117381656,1.0024333089778468,1.0499449078776877,Good
4.889441366642123,3.0902474680016403,1.0851653385153517,2.708102184599431,Bad
1.4122190685883091,4.939978755403175,1.0186552755538285,1.1498335249648624,Good
1.959390860652396,5.192421358181798,1.1154294597745822,1.4395120727863295,Bad
1.0859957979432766,5.298907270489993,1.0438398849591917,1.0,Good
1.1018371308406398,5.1844704100627865,1.0431403124757093,2.198668199718899,Bad
2.0023887918724665,6.482084073914369,1.036144587640886,1.5643725444782484,Bad
1.827709740632524,3.8356488541589977,1.0153905946366109,1.5643725444782484,Moderate
1.720215009327644,3.165213550266609,1.0734551107656432,1.0849052645906887,Good
1.7712749841235595,5.582869703311843,1.0501360373105324,1.884017797292688,Moderate
4.895049755998688,3.366353606848753,1.0279828993392923,2.368479927568476,Moderate
3.596699880330368,2.3409652619290515,1.1982121943256898,3.192564314875219,Moderate
1.6926402133349892,3.555661895396653,1.0534219012825496,1.2846836974332383,Good
4.788489713255325,2.3409652619290515,1.0717822090944422,3.0027743841409267,Moderate
2.786282716545159,1.7493768602168631,1.9416853975903616,1.2497221420520372,Moderate
3.0946124285587047,5.085935445873605,1.0879462510687914,1.5425555845751646,Moderate
1.3056590258449472,5.917282795031709,1.032849489312087,1.3596004599156697,Moderate
1.6918754740116442,6.127131032887056,1.2302229521958803,1.544395540261733,Bad
1.102120014088695,4.84930008518873,1.0,1.0699219120942025,Good
2.3678709815040406,4.742814172880536,1.1374811877186164,1.484462130275788,Bad
1.7122697050766924,2.849731287401533,1.0454722114263506,1.3446171074191833,Good
1.682591795323758,4.880819915231955,1.0305267967353284,1.4794672798875594,Moderate
1.9352045364342685,3.263843168600065,1.3579479300427515,1.5993340998594494,Bad
4.543296497955698,1.6558585656742004,1.1451612903225807,3.791184008487636,Bad
1.9590403201933944,3.886951400355479,1.0632656976292263,1.9139845022856603,Good
3.579874583266947,5.196302178097031,1.0133831294209097,1.6942290652265954,Bad
2.0319498333067787,5.235772956259268,1.0547491581811117,1.9689230618833768,Moderate
3.0162280990953048,4.9321224614284365,1.0437993097551497,1.8440625901914576,Bad
1.0,4.090457810544471,1.0,1.0,Good
3.100354390921817,3.031088627830422,1.0620490291488536,1.8690344447962015,Moderate
2.072260373670325,4.431212729930692,1.0,1.3995556670168998,Good
4.60644969935754,4.028932616766404,1.0769529731830547,2.5732520121310545,Bad
4.314577974763624,1.8873826025682825,1.018249719393704,2.618202069620513,Bad
1.6799044689640985,2.5854569165886647,1.0233190734551108,1.0,Good
1.556285457016935,5.807673295962474,1.2308589195491644,1.11986681997189,Moderate
1.9378919272907928,6.403142517589895,1.3882627283326856,1.7391791227160542,Bad
2.413322566943392,6.024525940494094,1.0048665899727944,1.9739179122716053,Bad
3.8602957280136265,3.271699462574803,1.1216647773027597,2.643173924225257,Moderate
1.9309982444168448,3.520166591293922,1.015816410415857,1.7941176823137703,Good
2.2791877927042394,6.553074682119831,1.3637776914108044,1.349611957807412,Bad
1.8062108072709209,2.5854569165886647,1.005829761368053,1.354605609527441,Good
1.2687369572559284,2.912770947487984,1.0034978624174116,1.2996670499297247,Good
3.204620086701416,2.61697674663189,1.0795303381267003,1.4869589561358023,Bad
1.674529687251049,5.468432842884638,1.0046638258841818,1.034961555381201,Moderate
1.896506417685264,5.070128203779855,1.1147298872910998,1.4794672798875594,Good
1.8088981981274452,4.443044497964936,1.0163233486202876,1.3695889620239272,Good
1.693341294252992,4.470683508092929,1.0198212110376992,1.5843507473629632,Moderate
2.219831973198371,6.154675388870776,1.0523158492032647,1.2896785478214672,Bad
1.0058633454622554,6.198121641092519,1.0,1.11986681997189,Moderate
2.1905046039044382,3.346665544839772,1.2530120575204042,1.2397336399437795,Moderate
1.6288444296713185,6.714743960539739,1.0093276237854645,1.7192009198313394,Bad
1.6100328226693752,5.334402574592724,1.0979401476875243,1.5493891919817622,Bad
4.350905253267471,1.7650894481663388,1.0725011457442677,2.538290456749854,Moderate
1.5750970640188784,3.283531230609047,1.064127486980179,1.0249718546047435,Good
1.7094655103984104,6.048189476562582,1.2063738826272834,1.094894965367146,Bad
3.484531383733577,1.7769212162005823,1.3041619432568985,3.816870269339412,Moderate
4.662300243267124,3.149406308172859,1.0510992087057909,2.228634904711871,Moderate
1.992690849823372,2.869419349410515,1.0559657986785853,1.724195770219568,Good
3.829066991151826,1.650747241883407,1.334578151574038,2.11376293512821,Moderate
4.609020221895444,1.7730403962853507,1.1046316984065294,4.985571764065339,Moderate
1.6073454963097151,4.518010580229904,1.4768752522347457,1.4345172223981009,Moderate
1.5496254462833672,5.736682687757012,1.1233791496307812,1.3596004599156697,Bad
2.9214691121613163,4.87684444117245,1.0816167990672367,2.003884617264578,Bad
1.6530307538894458,3.417656153045234,1.005829761368053,1.0,Good
2.2496267512699277,2.273855473638821,1.083948698017878,1.669256011953652,Good
1.7390265518327226,6.020645120578863,1.2961523420132142,1.0,Bad
2.9180806403867887,2.91674642154749,1.0608323886513795,1.5394006898735046,Moderate
3.961247316903561,4.064427920869136,1.1192314963078118,2.453385192159165,Moderate
2.5984005766535674,2.356677849878527,1.1131482378546445,1.8690344447962015,Good
4.3454243097153205,1.4574634792760008,1.0766487990672369,2.867924211672551,Moderate
1.8438339567779425,6.099492022759063,1.191216469490867,1.3596004599156697,Moderate
1.6422812549602122,6.872532419044414,1.1107656338904004,1.859045942687944,Bad
2.408181521867587,4.143274823049335,1.041974349008939,1.5793558969747346,Moderate
2.3409973309262533,2.968048967743971,1.3089778561989895,1.389567164908642,Moderate
2.5506121408166926,6.304607553400713,1.145744258064516,1.7691458277090266,Bad
2.252314142126452,3.4531514571479653,1.083948698017878,1.839067739803229,Good
3.023589126250011,3.204684328428846,1.0268169358725223,2.0238628201492928,Good
1.7935918667217872,5.243629250234005,1.0669156191216478,1.3845723145204134,Moderate
1.8841444971414885,5.929871796220144,1.1643995336183444,1.6992227169466243,Bad
1.8169603062001547,6.9632110892588575,1.0256510003886514,1.1698117278495772,Bad
1.8115855244871053,3.4886467612506964,1.0559657986785853,1.569367394866477,Good
1.496345424911686,5.780034285834482,1.0874465604352896,1.374583812412156,Bad
3.156438671468645,2.104329901244176,1.0218996688690245,1.864039594407973,Moderate
1.112168432099926,6.880388713019151,1.0874465604352896,2.198668199718899,Bad
3.872797864741002,1.4772461954292564,1.1247570835600469,1.908989651897432,Moderate
1.3168758690549398,3.92244670445821,1.0,1.2697003449367523,Good
2.1582561716136013,4.975474059505905,1.0571317621453555,1.589345597751192,Moderate
1.5552339001367956,4.872963621257218,1.0,1.4744724294993308,Moderate
1.0834665533987065,6.705562508545166,1.0065842083171397,1.11986681997189,Bad
2.1973982867783857,4.841349137069718,1.0535324897007383,1.349611957807412,Bad
1.4626948952817085,3.5083348232596783,1.0097331799455889,1.4994454827722743,Good
1.548223348944226,5.878663904167937,1.222697231247571,1.2921753736814816,Bad
1.2176769179631486,3.969773776595185,1.0023318989506411,1.0,Good
2.510301600453147,2.33301431381004,1.1422463956471045,1.1148719695836613,Good
1.7470886599054318,4.84930008518873,1.1235911480761758,1.589345597751192,Moderate
2.0455281002197,6.662589527044792,1.0397651830547998,2.198668199718899,Bad
1.5965959973804815,4.908458925359948,1.032879906723669,1.294672199541496,Good
1.346670647126496,5.780034285834482,1.108433734939759,1.4245287202898431,Bad
2.062500966109284,7.105192305669783,1.0377160792848814,1.7841291802055128,Bad
1.671842360891389,3.815960792150016,1.3392926544889234,1.1398450228566048,Good
2.336844119828381,7.259005290114953,1.0025438973960357,1.2846836974332383,Bad
1.8062108072709209,1.7835470062997592,1.0426406218422075,1.286348647562648,Good
4.2332558776153935,1.8479118244060453,1.0133831294209097,3.3973363994377976,Bad
1.6303102499126658,3.421536972960466,1.006359757481539,1.274695195324981,Good
1.6449686458167367,5.993006110450869,1.204041983676642,1.0,Bad
1.072558972654383,6.127131032887056,1.0,1.1398450228566048,Moderate
1.927142428361559,3.871144158261729,1.060629624562767,1.2896785478214672,Good
1.6870318239784252,3.2401796325315777,1.0,1.9139845022856603,Good
1.8937422755598876,6.111323790793307,1.0699572483482316,1.349611957807412,Bad
1.8169603062001547,6.0718530126310695,1.2844928192771086,1.5643725444782484,Bad
1.833084522345573,6.213834229041995,1.1595025262339682,1.6992227169466243,Bad
1.86802028099607,4.368078415699968,1.1317528083948698,1.3346286053109258,Moderate
1.9835771848705237,5.11745527591683,1.108433734939759,1.2247502874472935,Moderate
3.3541355572310887,2.1121861952189143,1.6377769234356785,3.177580962378733,Moderate
1.3896685783465663,4.620521018478592,1.122425184609405,1.1248616703601186,Good
1.134368446379532,3.390017142917241,1.0116595507190052,1.11986681997189,Good
3.724992528575712,3.985581018688935,1.3218033424018656,1.958934559775119,Moderate
2.4527151234333475,3.5398546533029034,1.0852812157015157,1.4328522722686912,Moderate
1.6987160114691764,3.6463405656110974,1.1049358725223477,1.5144288352687607,Good
2.3490594389989625,3.4965030552254346,1.0198212110376992,1.4594890770028446,Moderate
2.9913406939591747,4.7309824048462925,1.0687912848814614,1.7391791227160542,Bad
3.7565398799485465,3.031088627830422,1.0474492592304705,1.639289306960679,Moderate
2.9429680455229192,2.2383601695360893,1.1410804601632336,1.5144288352687607,Good
1.5643475650896446,4.64418455454708,1.0279828993392923,1.3945620152968707,Moderate
2.1413140707284226,2.6919428288968583,1.0763170058297706,1.609322601967707,Good
1.634219146887503,5.732707213697506,1.0,1.1897887320660925,Moderate
2.281875183560764,3.748945658004059,1.0190792444617178,1.7042175673348532,Good
1.6141223108650409,4.31687052364776,1.2104800652934318,1.829079237694972,Moderate
3.622872514487017,1.473270721369751,2.112320248736883,2.2336297551001,Moderate
2.152881454397417,3.445200509028953,1.2670035071900505,1.484462130275788,Moderate
2.5640489661055863,2.139825205346908,1.2751651675087443,1.529412187765247,Good
3.6003963246332726,2.9562171997097275,1.0750450431403031,1.7192009198313394,Moderate
1.1397432280925812,5.436913012841412,1.02215313797124,1.1448386745766337,Moderate
2.0235371847750683,7.633646393151247,1.0401493882627284,1.5244173373770182,Bad
1.5401612408715168,5.247604724293511,1.2308589195491644,1.3046619003179534,Bad
2.370558372360565,4.963642291471661,1.0804508356004665,1.314650402426211,Bad
1.6369065377440275,4.707318868777804,1.0209871745044694,1.2846836974332383,Moderate
2.158139367791844,3.4491759830884594,1.0802987485425573,2.003884617264578,Good
2.057187714405046,5.8707129560489255,1.0462326187329964,1.4395120727863295,Bad
1.419229619780879,5.358066110661212,1.0023318989506411,1.0,Moderate
3.823841003705367,5.109598981942092,1.092465237465993,2.083796230135237,Bad
2.7736637759960256,4.332583111597236,1.318305479984454,2.2685901118131016,Moderate
2.636607938759969,1.5205977935067256,1.06645938593082,1.7341842723278256,Good
1.6898360186567072,5.038608373736629,1.0206830003886511,1.11986681997189,Moderate
1.8416840827908412,3.7283110545523375,1.030781189273222,1.4894557819958172,Good
2.332935222853544,3.701618585867085,1.2856587547609797,1.8740292951844304,Bad
2.2086151299883783,3.378185374882997,1.0437993097551497,2.093784732243495,Good
2.1501940635408925,2.3291334938948074,1.191216469490867,1.409545367793357,Moderate
1.4234359117983018,3.5871817254398786,1.0190792444617178,1.3196452528144396,Good
1.4456147066094602,6.075828486690575,1.092465237465993,1.1398450228566048,Bad
1.8411466304182824,4.5298423482641486,1.0109498204430625,1.314650402426211,Moderate
1.4456147066094602,2.774765205136565,1.0036499494753206,1.214761785339036,Good
1.5944928191233376,5.239748430318774,1.0734551107656432,1.0,Moderate
4.878224523432131,3.713450353901328,1.0620490291488536,3.017757736637413,Bad
1.712152901254935,4.379910183734211,1.072289147298873,1.0649282603741737,Moderate
1.496345424911686,5.279124554336737,1.0316328488146134,1.0998886170871751,Bad
2.017291437402708,1.201140056582144,1.0,1.6143174523559356,Good
2.709166911414352,1.5876129276526822,1.4314030408083949,1.294672199541496,Moderate
2.404909982908546,5.4566010748503935,1.008516539448115,1.409545367793357,Moderate
3.03024913698358,6.379478981521408,1.0145997699183833,1.6792457127301093,Bad
2.1721604056801187,3.3978734368919787,1.058509696074621,1.6243059544641931,Good
1.3337011661183609,5.626221301389313,1.0559657986785853,1.5993340998594494,Good
2.2226362323735174,5.421105770747662,1.0778654675476098,1.6892342148383668,Moderate
1.1906863990667391,5.344625222174311,1.01703307889623,1.204772084562579,Moderate
1.2551832636484126,3.3860416688577346,1.1970969358725223,1.0149833524964862,Good
2.601204771331849,2.246311117655101,1.0445182464049747,1.5993340998594494,Good
2.230047373592004,4.320751343562993,1.1515740474154683,2.0138731193728354,Moderate
2.4042726248927497,4.652040848521818,1.008516539448115,1.3046619003179534,Moderate
1.802985964041837,2.762933437102321,1.1002720466381657,1.6992227169466243,Good
2.6258584398307354,3.2756749366343088,1.5748153999222696,1.6842393644501383,Bad
3.535007210426976,2.051134272162216,1.0802987485425573,2.0088794676528066,Moderate
1.3449180093283537,6.048189476562582,1.035282798289934,1.349611957807412,Moderate
2.502239492380437,3.1612380762071037,1.0816167990672367,1.7891228319255417,Moderate
1.5860802350884915,4.166938359117824,1.0104935872522347,1.3396222570309548,Good
2.630011650928608,4.443044497964936,1.0076316921881072,1.419533869901615,Good
1.6898360186567072,5.038608373736629,1.0206830003886511,1.11986681997189,Moderate
1.1155569038744535,4.667848090615568,1.0034978624174116,1.0,Good
1.6127202135259,6.036357708528338,1.1445783225806452,1.0199782028847149,Bad
1.905643494999956,4.865012673138205,1.1923824329576371,1.154828375353091,Moderate
1.7067781195418856,2.644615756759884,1.1655654970851146,1.3196452528144396,Good
2.155568845253941,4.009244554757423,1.08861252390206,1.2796888470450098,Moderate
1.9217677111453744,5.464552022969405,1.145744258064516,1.1448386745766337,Moderate
2.741415343705189,5.965367100322875,1.3248449716284494,1.2097669349508071,Bad
1.8538156205343312,4.338735630975043,1.0306479347065682,1.419533869901615,Good
2.7817258840687358,5.006993889549131,1.342790516906335,1.799112532701999,Moderate
2.3235878212634518,5.046464667711368,1.0046638258841818,1.5344058394852758,Moderate
2.260376250199161,2.1358497312874016,1.1877186070734551,1.644284157348908,Good
2.1404218211038,2.4789710042804707,1.058509696074621,1.4445057245063584,Good
2.12063302210658,3.40582438501099,1.0011659634667702,1.4744724294993308,Good
1.6141223108650409,4.581050240316355,1.0046638258841818,1.4295223720098722,Good
1.330896971440079,3.425512447019972,1.0038158600855034,1.414539019513386,Good
3.308987752023917,5.598582291261319,1.1348267019043918,1.484462130275788,Moderate
2.1394446291085227,2.404004922015502,1.197046258841819,1.1997784328425498,Good
1.908330821359616,3.212540622403584,1.5001943256898562,1.414539019513386,Bad
2.570358436380153,3.33871459672076,1.097331827438787,1.8140958851984847,Moderate
2.404909982908546,4.592882008350599,1.0656989786241742,2.11376293512821,Good
2.410868912724111,3.046895869924171,1.0851146614846483,1.604328950247678,Good
2.009516146886793,4.458851740058686,1.0535324897007383,1.7941176823137703,Good
1.1370558372360566,3.5871817254398786,1.0431403124757093,1.034961555381201,Good
1.9309982444168448,5.60653323938033,1.0474492592304705,2.198668199718899,Bad
1.5347865236553324,5.243629250234005,1.0151574131364167,1.059933409985945,Moderate
2.572111074178296,4.237928967323287,1.0991061111542946,1.7192009198313394,Moderate
1.967452968725105,4.22221637937381,1.666925758258842,1.409545367793357,Bad
1.7632128760508503,5.720875445663262,1.0909444228527012,1.6892342148383668,Moderate
1.8328507857083287,7.073672475626558,1.0462326187329964,1.6193123027441645,Bad
2.5407584388396334,2.8575875813762712,1.1372494613291877,2.058823176862294,Good
2.005076118232126,5.369897878695455,1.102603973571706,1.829079237694972,Bad
2.1643381614467887,2.0570028291072013,1.0104935872522347,1.1731404294401966,Good
1.3708569713446237,6.359790919512426,1.0011659634667702,1.0,Bad
1.8088981981274452,3.957942008560941,1.048334106490478,1.569367394866477,Moderate
2.278720448423481,3.871144158261729,1.0012166404974738,1.9739179122716053,Moderate
3.905430182369829,1.2208281185911256,1.0679584578313253,2.693118832102945,Moderate
1.5777843903785382,4.048620678775386,1.1434123591138747,1.5244173373770182,Moderate
2.088384589815744,5.22791666228453,1.036144587640886,1.389567164908642,Bad
1.368169580488099,4.340534059716248,1.0186552755538285,1.2996670499297247,Good
1.6637802528186798,5.267292786302494,1.1613680621842208,1.469478777779302,Bad
2.245069918793503,3.3584973128740154,1.0948985184609406,1.254716992440266,Good
2.7330026951734787,4.766477708949024,1.0571824391760591,1.8140958851984847,Bad
1.6369065377440275,4.821661075060737,1.0909444228527012,1.2197554370590649,Moderate
2.9657522724019056,2.447451174237245,1.1715473455110763,2.138734789732954,Moderate
2.0588235483814312,4.813804781085999,1.2005441212592305,1.544395540261733,Bad
1.7014034023257012,5.5394234510901,1.1189273221919938,1.569367394866477,Bad
2.06688565645414,6.202002461007751,1.012825486202876,1.4894557819958172,Bad
4.998805604063767,1.796703932353838,1.103936491255344,5.050500024439512,Bad
2.1272930328401483,3.181020792360359,1.018249719393704,1.094894965367146,Good
3.638762993995192,2.6406402827003777,1.1374811877186164,2.093784732243495,Moderate
2.4722110421685017,2.1121861952189143,1.1399144966964632,2.1187565868482388,Good
1.5697222823058292,4.237928967323287,1.005829761368053,1.15982202707312,Good
1.7981486991982116,5.160806873994299,1.2751651675087443,1.4045505174051285,Moderate
2.012320341565076,4.151225771168347,1.0304162083171395,1.0649282603741737,Moderate
1.6674023322367215,2.924602715522228,1.0936818779634667,1.5194224869887896,Good
1.518779111331671,6.312463847375451,1.0,1.11986681997189,Bad
1.5374738500149925,4.675704384590305,1.0174893120870578,1.354605609527441,Good
2.093759307031928,6.1468190948960375,1.1643995336183444,1.0499449078776877,Bad
2.547924749960168,3.5398546533029034,1.0571317621453555,1.7591561269325693,Moderate
1.7820244830527932,4.9321224614284365,1.1690633595025262,1.0849052645906887,Bad
3.669609328946888,2.8024042152645583,1.1070650073843762,3.217536169479963,Moderate
1.6879665770368073,6.888245006993889,1.0874465604352896,1.5843507473629632,Bad
2.704960619396929,4.892651683266199,1.0,2.2336297551001,Bad
1.7543328832383809,2.5421053185111955,1.0038158600855034,1.5044391344923034,Good
1.496345424911686,5.279124554336737,1.0316328488146134,1.0998886170871751,Bad
1.927142428361559,5.010969363608637,1.1562378453167508,1.234738789555551,Bad
3.1498954645568342,1.229914916441425,1.23052578313253,3.054080979093494,Moderate
2.3168110067081256,5.259436492327756,1.2436844057520404,1.5344058394852758,Bad
1.2606748491832194,4.214265431254798,1.1247570835600469,1.529412187765247,Moderate
1.6369065377440275,3.871144158261729,1.1154294597745822,1.3446171074191833,Good
2.0749477645268493,1.603420169746432,1.2518460940536338,1.589345597751192,Moderate
1.5374738500149925,4.269543451510785,1.0991061111542946,1.354605609527441,Good
4.095849499920336,3.457032277063197,1.1094982883793238,2.55327380924634,Bad
1.548223348944226,4.514035106170399,1.167897396035756,1.0,Moderate
1.4514780520717157,5.681404667501026,1.3722942308589197,2.158712992617669,Bad
1.8833266124017285,7.199846449943733,1.0912485969685193,1.8190895369185145,Bad
1.752463441618481,3.33871459672076,1.0384764865915277,1.2247502874472935,Good
4.959546620580361,1.7769212162005823,1.0890364928099494,4.86071009370522,Bad
2.6043595064691325,5.657741131432537,1.0072998989506412,1.8540510922997155,Bad
1.5965959973804815,5.807673295962474,1.047804110376992,1.0,Bad
2.332935222853544,6.304607553400713,1.204041983676642,1.2896785478214672,Bad
2.534487924671274,2.82209227727354,1.0384764865915277,1.3396222570309548,Good
2.0856971989592186,5.231797482199762,1.0966681849980566,1.469478777779302,Moderate
1.4434159439990064,4.139394003134104,1.215701506412748,1.0998886170871751,Good
1.496345424911686,6.6358970583595385,1.0474492592304705,1.0,Bad
1.830046591030047,5.677523847585793,1.0231163093664983,1.4395120727863295,Bad
4.805315010318747,2.013556576885458,1.1812805254566654,3.077691146623358,Moderate
1.8922066052141973,4.34441487963148,1.0559657986785853,1.7741394794290557,Moderate
2.962948077723624,3.82779256018426,1.0,1.918979352673889,Moderate
2.2388772523406937,4.425533481274255,1.059615748153906,1.2247502874472935,Moderate
3.567589478488888,1.876592030121052,1.003997553050913,2.057955341085697,Moderate
2.303958329521748,5.172638642028543,1.1824971659541392,1.6492790077371366,Moderate
1.5098323642643598,6.076869682277589,1.0666259401476876,1.899001149789174,Moderate
1.967452968725105,2.920721895606996,1.122425184609405,1.2647054945485237,Good
1.6169265055433228,5.338283394507956,1.018249719393704,1.03995520710123,Moderate
2.760226950707132,3.457032277063197,1.1830548091721729,1.4544954252828155,Moderate
1.8035234164143965,4.983330353480644,1.102603973571706,1.4994454827722743,Moderate
2.217027778520089,6.351934625537688,1.0316328488146134,2.4633736942674225,Bad
1.810417099288344,3.571469137490403,1.0291995398367664,1.3596004599156697,Good
1.855284536625179,5.787890579809219,1.0750450431403031,1.5493891919817622,Bad
3.198501849630333,2.064859123081938,1.0766487990672369,3.4772480123084573,Moderate
2.0856971989592186,5.645909363398294,1.030314798289934,1.469478777779302,Bad
1.521349633869574,5.239748430318774,1.1119315973571706,1.1298553220801475,Moderate
2.93490593745021,4.829517369035474,1.0326467252234746,1.5843507473629632,Bad
1.8196476325598143,6.131011852802288,1.349786241741158,1.4345172223981009,Bad
1.8599581729233607,4.159082065143085,1.053633899727944,1.0249718546047435,Moderate
2.522686868861901,2.904914653513246,1.1204481368052857,1.2647054945485237,Good
2.088384589815744,4.73883869882103,1.0025438973960357,1.3645953103038984,Bad
2.457629139545825,5.432937538781906,1.270501369607462,1.4794672798875594,Moderate
2.2283721320313594,6.1468190948960375,1.0050877947920716,1.1698117278495772,Bad
4.298553922248901,1.2786618007425092,1.5556604337349398,2.3784684296767336,Moderate
1.249574809794984,5.054320961686106,1.0851653385153517,1.5144288352687607,Bad
1.3112674796983756,4.320751343562993,1.0024333089778468,1.0899001149789174,Good
3.0078154505635943,3.965798302535679,1.0292548620287605,1.724195770219568,Bad
1.5294117419422832,3.7213066478760655,1.047804110376992,1.6143174523559356,Good
1.7927739819820272,5.618365007414575,1.1247570835600469,1.6342956552406505,Moderate
1.10375584806508,4.916315219334686,1.0060832304702685,1.0998886170871751,Good
3.829066991151826,1.650747241883407,1.334578151574038,2.11376293512821,Moderate
1.8492087384909917,4.600832956469611,1.1434123591138747,1.5094339848805318,Good
2.0426993322360127,3.4491759830884594,1.2623396813058687,1.729189421939597,Bad
2.284562574417289,3.7094748798418222,1.0326467252234746,1.0199782028847149,Moderate
2.0599919735801926,4.131443055015092,1.0474492592304705,1.544395540261733,Moderate
1.3224843229083685,5.030657425617618,1.1049358725223477,1.0,Good
1.8062108072709209,6.671392362462269,1.1216090073843763,1.5943392494712207,Bad
2.607046897325657,4.569218472282111,1.1422463956471045,1.8490562419114869,Bad
2.2282446217300818,2.526298076417446,1.0364994387874078,1.0799116128706598,Good
1.3518010502196454,2.71163089090584,1.132282804508356,1.529412187765247,Moderate
3.088085990831685,2.6722547668878764,1.2448503692188106,1.7192009198313394,Moderate
1.670206526915004,3.71733117381656,1.0255495903614458,1.409545367793357,Good
3.1982681129930897,5.330427100533218,1.3439564803731052,1.799112532701999,Bad
2.4553857451050805,3.12186195218914,1.0474492592304705,1.7591561269325693,Moderate
3.54762615097611,1.962348684833251,1.9587184764865917,1.5943392494712207,Bad
2.570358436380153,3.33871459672076,1.097331827438787,1.8140958851984847,Moderate
1.7873992002689778,4.920290693394192,1.101438010104936,1.529412187765247,Moderate
2.846222748650409,5.137143337925812,1.1515740474154683,2.7880137974700907,Bad
2.5049268187400973,3.8987831683897225,1.0104935872522347,1.6243059544641931,Moderate
2.0830098725995585,4.3720538897594725,1.034978624174116,1.2796888470450098,Moderate
2.945655436379444,3.2007088543693403,1.0513019727944035,2.018867969761064,Moderate
2.5647500470235896,4.723031456727281,1.0510992087057909,1.7391791227160542,Bad
2.4440131419671234,3.0902474680016403,1.2798289933929266,1.6642623602336228,Moderate
1.8062108072709209,4.868988147197712,1.2005441212592305,1.544395540261733,Moderate
1.854583455707176,4.683655332709317,1.215701506412748,1.8790229469044597,Good
3.0397133423954297,3.0665839319331534,1.122425184609405,2.2336297551001,Moderate
1.4122190685883091,3.729162941850804,1.0325301204819275,1.1698117278495772,Good
1.5535980661604107,5.661716605492043,1.0233190734551108,1.2397336399437795,Moderate
2.0426993322360127,3.563518189371391,1.3276331037699185,1.908989651897432,Moderate
3.529398756573548,3.875119632321235,1.135047906723669,2.6731406292182296,Bad
1.8733950627091192,3.4097052049262224,1.1352506708122814,1.2996670499297247,Moderate
2.765601667923317,3.236204158472072,1.6575981344733774,1.99389611515632,Bad
3.375634490592692,2.096378953125164,1.4586762098717452,1.544395540261733,Moderate
1.894893996070722,4.482515276127173,1.1235911480761758,1.414539019513386,Moderate
2.7330026951734787,4.766477708949024,1.0571824391760591,1.8140958851984847,Bad
1.356134852538346,3.768633720013041,1.0139914496696465,1.3096555520379822,Good
1.5524296409616491,5.515759915021612,1.1119315973571706,1.5793558969747346,Moderate
1.9762480191669205,1.4456317112417572,1.0546938359891178,1.419533869901615,Good
1.61565191850546,6.411093465708907,1.0076316921881072,1.2597118428284946,Bad
2.233502535124509,6.249329533144726,1.2996502044306255,1.3795786628003843,Bad
2.0856971989592186,5.645909363398294,1.030314798289934,1.469478777779302,Bad
1.8833266124017285,6.793590862719939,1.1399144966964632,1.1398450228566048,Bad
3.3380113410856707,2.644615756759884,1.2075398460940536,2.138734789732954,Moderate
1.4649148773606095,3.3939926169767465,1.4990283622230858,1.4395120727863295,Bad
1.6369065377440275,4.857156379163468,1.1154294597745822,1.2996670499297247,Bad
1.9029561041434315,3.0942229420611462,1.006359757481539,1.5943392494712207,Good
1.0981473942116515,4.525866874204642,1.0316328488146134,1.419533869901615,Good
1.5858464984512477,6.947403847165108,1.0932763218033423,1.5044391344923034,Bad
1.3090474976194746,2.5933132105634025,1.2087057815779243,1.779134329817284,Good
2.7226037367032463,4.770358528864255,1.130586872910999,1.1698117278495772,Bad
1.7010528618666996,6.119180084768044,1.0231163093664983,1.6193123027441645,Bad
2.0319498333067787,1.8913580766277884,1.047804110376992,1.3845723145204134,Good
1.7234865482866848,6.651609646309014,1.0072998989506412,1.349611957807412,Bad
3.5181819133635552,3.0114005658214404,1.1094982883793238,1.7491676248243118,Moderate
2.3732457632170902,3.074534880052165,1.0501360373105324,1.639289306960679,Good
1.906027380337946,4.987305827540149,1.137582597745822,1.234738789555551,Bad
1.8492087384909917,5.922015502245406,1.1270890104935871,1.6243059544641931,Bad
2.3436846572859134,2.8930828854790027,1.0454722114263506,1.724195770219568,Good
1.4290443656517304,4.076259688903379,1.0401493882627284,1.294672199541496,Good
4.656691789413696,2.534154370392184,1.2032442191993782,2.6531636250017145,Bad
1.2551832636484126,4.085725103330773,1.0316328488146134,1.3596004599156697,Good
2.211419389163525,5.843168600065206,1.0279828993392923,1.4744724294993308,Bad
3.445272400250171,1.5245732675662316,1.0,2.083796230135237,Moderate
1.9513287525796867,5.30676356446473,1.1818888457054022,1.174805379569606,Bad
1.1800537684561272,4.032908090825909,1.0,1.1897887320660925,Good
3.905163100853597,2.3093507777415523,1.0827320575204042,2.648168774613486,Moderate
1.3729601496017674,2.755077143127583,1.0572377613680528,1.2397336399437795,Good
1.5944928191233376,4.821661075060737,1.0474492592304705,1.3196452528144396,Bad
1.3547327551992052,4.936003281343668,1.0314807617567043,1.2996670499297247,Moderate
2.54231629610674,5.3264516264737125,1.0060832304702685,1.8140958851984847,Bad
2.808716402965145,5.176614116088049,1.0340661298095608,1.864039594407973,Bad
1.830046591030047,5.409274002713419,1.6740228931208705,1.3596004599156697,Moderate
3.0020901928884083,1.2721306647876065,1.2961523420132142,1.829079237694972,Good
2.390265776314683,6.036357708528338,1.0608628060629617,1.3695889620239272,Bad
1.171056907325036,3.0161332730351376,1.0,1.2697003449367523,Good
2.7790384932122105,2.948266251590716,1.0781189366498252,2.123751437236468,Good
1.090295610414343,4.140056582144021,1.0125923047026817,1.03995520710123,Good
1.4739117384917009,5.267292786302494,1.2541779930042751,1.0049948503882289,Moderate
2.0212003343775446,6.308488373315945,1.0897784593859308,2.0338513222575503,Bad
1.938136241413828,5.3264516264737125,1.1465770851146522,1.0199782028847149,Bad
2.3168110067081256,5.563086987158588,1.0268169358725223,1.1448386745766337,Bad
2.2254404270518,5.44476930681615,1.1107656338904004,1.9689230618833768,Bad
1.3090474976194746,6.6161143422062825,1.0163233486202876,1.0,Bad
2.8872343699319574,2.2620237056045767,1.1058483668869024,2.1637066443376973,Moderate
2.962948077723624,3.82779256018426,1.0,1.918979352673889,Moderate
2.12063302210658,6.411093465708907,1.0268169358725223,1.4345172223981009,Bad
1.2714242836155885,2.4868272982552084,1.0011659634667702,2.123751437236468,Good
1.6141223108650409,5.4014177087386805,1.0559657986785853,1.4295223720098722,Bad
1.6637802528186798,2.2423356435955952,1.1352506708122814,1.094894965367146,Good
2.7834785218668774,6.134987326861794,1.0632656976292263,1.414539019513386,Bad
1.6057096623333302,3.098198416120652,1.0050877947920716,1.4445057245063584,Good
1.580471781235063,5.318595332498974,1.1148464920326466,1.6243059544641931,Moderate
4.466005390346957,2.372485091972277,1.1070650073843762,2.857935709564293,Bad
1.2902358906175315,5.953535332288632,1.0104935872522347,1.059933409985945,Moderate
2.194594092100104,5.377754172670193,1.0462326187329964,1.5793558969747346,Bad
3.338712422003673,1.5797566336779445,1.0012166404974738,2.718090686707688,Good
1.477276797904385,4.0959477509123605,1.3579479300427515,1.5244173373770182,Good
2.7853904669205365,4.983330353480644,1.1282549459774582,1.9639294101633475,Good
2.081788301984382,4.060452446809629,1.0,1.3845723145204134,Good
2.255001468486112,4.5850257143758615,1.1002720466381657,1.3945620152968707,Moderate
1.4290443656517304,3.784440962106791,1.0152634123591138,1.3246389045344684,Good
1.9029561041434315,6.103467496818569,1.1282549459774582,1.5743622452547057,Bad
3.675217782800317,1.4772461954292564,1.1058483668869024,1.899001149789174,Moderate
3.6519593104760606,2.414227569597089,1.1119315973571706,1.9139845022856603,Moderate
2.122831784717034,3.882975926295973,1.0944422852701128,1.4395120727863295,Good
1.732039413001996,5.251580198353017,1.0817333758258842,1.5194224869887896,Bad
2.747023797558618,4.289231513519767,1.0571824391760591,1.4594890770028446,Moderate
3.591091426476939,1.9741804528674949,1.0656989786241742,2.5133186021451097,Moderate
2.430147864006813,3.725282121935572,1.1751972949863971,1.6642623602336228,Good
2.7226037367032463,1.5639493915841949,1.318305479984454,1.2996670499297247,Good
1.4541654429282402,4.734863224761524,1.06645938593082,1.0,Good
4.02013579212867,4.080235162962885,1.0012166404974738,2.35349657507199,Bad
3.907967360028744,2.364628797997539,1.0851653385153517,2.0887898818552664,Moderate
2.9644669788845226,4.9123397452751805,1.0139914496696465,1.5943392494712207,Bad
1.1317979238416294,2.9640734936844653,1.0024333089778468,1.4295223720098722,Good
2.604008966010131,5.661716605492043,1.01703307889623,1.484462130275788,Bad
1.633751802606744,3.910614936423966,1.2153466552662262,1.449500574894587,Good
1.6127202135259,3.461007751122703,1.2145355709288768,1.3596004599156697,Bad
1.5697222823058292,5.9496545123734,1.024485036921881,1.5347906119773855,Bad
1.8440676934151865,4.537698642238886,1.024332949863972,1.4245287202898431,Moderate
2.8730964637250613,3.4097052049262224,1.1667314325689857,1.7941176823137703,Moderate
1.7712749841235595,5.7603462238255,1.2331908184998055,1.839067739803229,Bad
2.4028068046514024,3.3584973128740154,1.4550262883793237,1.0249718546047435,Moderate
2.6713100252700865,3.0823911740269025,1.0279828993392923,1.5993340998594494,Good
2.0588235483814312,2.63278398872564,1.7473765938593082,1.6792457127301093,Bad
1.3493580379830206,6.056140424681594,1.102603973571706,2.043839824365808,Bad
2.177067778615545,5.200277652156537,1.0827827345511076,1.8140958851984847,Bad
3.214392329138508,4.790141245017511,1.222697231247571,1.604328950247678,Bad
1.6503433630329214,6.257280481263738,1.0944422852701128,1.174805379569606,Bad
1.2660495663994038,2.167369561330627,1.0279828993392923,1.4395120727863295,Good
1.6691549700348642,4.15510659108358,1.0233190734551108,1.3995556670168998,Good
1.7234865482866848,5.728731739638,1.0316328488146134,1.544395540261733,Moderate
3.6275461507852,1.9860122209017383,1.015816410415857,2.508323751756881,Moderate
1.9970140101594172,3.259867694540559,1.102603973571706,1.2447284903320084,Good
3.305061827876831,3.886951400355479,1.0827320575204042,3.3523863419483386,Bad
2.214690928122566,5.803697821902969,1.33113096618733,1.2497221420520372,Bad
1.9513287525796867,4.825636549120242,1.138748533229693,1.1448386745766337,Bad
1.3224843229083685,5.492096378953125,1.0036499494753206,1.2697003449367523,Good
2.977903868670281,5.6025577653208245,1.180722882238632,1.7042175673348532,Bad
2.7467900609213736,3.0114005658214404,1.0582976976292269,1.2247502874472935,Moderate
1.510366462799961,6.107348316733801,1.0559657986785853,1.3446171074191833,Moderate
1.544017056926803,4.565337652366879,1.007786549553051,1.5044391344923034,Good
2.488802602594679,3.378185374882997,1.0781189366498252,1.5843507473629632,Good
1.844601791950787,4.174889307236835,1.0291995398367664,1.0799116128706598,Good
1.5347865236553324,2.557817906460671,1.1165954232413524,1.2497221420520372,Good
1.9117511545852464,3.673979575739091,1.08861252390206,1.6342956552406505,Good
4.266906407245372,1.5364050356004753,1.0961151869413135,3.831853621835898,Moderate
2.2759162537451987,1.7532576801320952,1.0216231418577535,1.9639294101633475,Good
2.209316210906381,5.2042531262160425,1.0381584889234357,1.4245287202898431,Moderate
1.405792794491985,3.524142065353428,1.0069957248348231,1.0,Good
3.9399820556823366,1.453582659360769,1.6167897489312089,2.47336339504388,Moderate
1.6637802528186798,6.93954755319037,1.3206373789350951,1.5993340998594494,Bad
2.3436846572859134,5.642028543483062,1.053633899727944,1.484462130275788,Bad
1.7793370921962686,5.811554115877707,1.0,1.9539397093868904,Moderate
1.5412127977516563,3.768633720013041,1.068685285658764,1.2896785478214672,Good
4.781128686100619,2.810260509239296,1.0326467252234746,2.443396690050907,Bad
2.152881454397417,6.698936718445989,1.1317528083948698,1.3645953103038984,Bad
1.1854284856723118,3.5911571994993845,1.0186552755538285,1.2397336399437795,Good
1.80480870993178,5.014944837668143,1.1049358725223477,1.1798002299578347,Moderate
1.4944759832917862,3.6108452615083664,1.3229693058686358,1.2597118428284946,Bad
3.5691250843377134,1.4969342574382385,1.2028760202098718,2.0338513222575503,Moderate
2.5049268187400973,4.383885657793717,1.3766031776136805,1.449500574894587,Moderate
2.8732132675468183,5.728731739638,1.0206830003886511,1.604328950247678,Bad
1.6799044689640985,3.910614936423966,1.0401493882627284,1.6992227169466243,Good
1.6369065377440275,2.6682792928283705,1.2308589195491644,2.043839824365808,Good
2.104859346420163,2.786596973170808,1.0174893120870578,1.4045505174051285,Good
2.1973982867783857,6.1389628009213,1.099765108433735,1.329633754922697,Bad
2.413556303580636,1.1814519945731623,1.7331519626894676,1.4794672798875594,Bad
2.2872499007769487,5.259436492327756,1.2483482316362222,1.7391791227160542,Bad
1.86533295463641,5.13326251801058,1.174893120870579,1.4345172223981009,Bad
2.719916410343586,2.1279934373126634,1.3905946272833267,1.409545367793357,Good
2.3993015290551174,6.257280481263738,1.0145997699183833,1.5344058394852758,Bad
2.744102734561713,4.064427920869136,1.026766258841819,1.4944506323840456,Moderate
1.467602268217134,5.330427100533218,1.1993781577924605,1.1248616703601186,Bad
2.9264932889185,2.971929787659203,1.01703307889623,1.6892342148383668,Moderate
1.752463441618481,3.1415500141981214,1.3211950221531286,1.4544954252828155,Moderate
4.780077129220479,1.4259436492327755,1.083948698017878,3.192564314875219,Moderate
2.2496267512699277,4.226097199289042,1.280994956859697,1.0449500574894588,Bad
1.0678914635583363,3.19805853832967,1.004123783909833,1.2293100212790242,Good
2.510301600453147,3.5438301273624093,1.521181500194326,1.5144288352687607,Bad
3.45929350263531,4.277399745485523,1.1240980862806065,2.5732520121310545,Moderate
2.3436846572859134,4.403573719802698,1.053633899727944,1.484462130275788,Moderate
2.1985667119771475,2.471114710305733,1.0676253493975905,1.4345172223981009,Good
1.684227629300143,5.776058811774976,1.0466381748931208,1.0799116128706598,Bad
2.3409973309262533,4.9123397452751805,1.0816167990672367,1.8490562419114869,Bad
3.347125006038519,1.89523889654302,1.0,3.3074362844588805,Moderate
1.8814571707818284,5.046464667711368,1.0454722114263506,1.6293008048524218,Moderate
1.683080423569829,4.072284214843873,1.0069957248348231,1.419533869901615,Good
1.725589726543829,5.389585940704437,1.036144587640886,1.529412187765247,Bad
2.57748579139448,3.149406308172859,1.2996502044306255,1.7741394794290557,Moderate
4.813727658850457,2.561793380520177,1.01703307889623,1.414539019513386,Bad
4.421138017506987,1.4614389533355068,1.0790821080450836,2.2635964600930727,Moderate
4.942721388013805,1.201140056582144,1.1557309071123203,2.902885767053752,Bad
1.496345424911686,5.811554115877707,1.0790821080450836,1.1498335249648624,Moderate
1.720215009327644,6.576738218188319,1.101438010104936,1.3246389045344684,Bad
1.5320991327988076,5.811554115877707,1.172561221919938,1.4644839273910732,Bad
2.4726783864492603,6.714743960539739,1.335794792071512,1.6892342148383668,Bad
2.2086151299883783,4.734863224761524,1.0377160792848814,1.414539019513386,Bad
1.4038064845534632,5.334402574592724,1.1338312662261951,1.11986681997189,Moderate
2.045386658595673,4.916315219334686,1.2378546443839875,1.589345597751192,Bad
2.194594092100104,3.0902474680016403,1.0496060411970465,1.3695889620239272,Good
4.0397652838703735,2.920721895606996,1.0936818779634667,2.0288564718693216,Moderate
2.193191994760963,4.312895049588255,1.1755290882238632,1.03995520710123,Good
2.923689094240218,2.7826214991113023,1.087598647493199,1.9039960001774028,Moderate
1.438041226782822,4.797997538992249,1.289156617178391,1.414539019513386,Good
1.4262401709734485,3.244060452446809,1.0165353470656822,1.2497221420520372,Good
1.5455359580877015,2.3369897878695456,1.0,2.15371814222944,Good
2.4217352154751026,6.225665997076239,1.0457902090944422,1.3795786628003843,Bad
2.5129889268128065,3.165213550266609,1.0268169358725223,1.669256011953652,Good
2.2544640161135527,7.341827666354659,1.0501360373105324,1.6742508623418806,Bad
1.620782321598609,5.827361357971456,1.179556946754761,1.2297451378355222,Moderate
2.109883523177346,3.685811343773335,1.241352506801399,1.204772084562579,Moderate
1.3953938360217526,5.484240084978387,1.0676253493975905,1.1098783178636322,Moderate
1.457341397533971,4.214265431254798,1.057831334628838,1.4594890770028446,Good
1.8895192788545376,5.985149816476131,1.369607452778857,1.5493891919817622,Bad
4.093045305242054,3.3703290809082587,1.1289646762534007,1.9139845022856603,Moderate
2.825541700028566,5.054320961686106,1.0425826692576758,1.7491676248243118,Bad
1.94501928230512,3.804129024115772,1.0510992087057909,3.002480710431996,Good
1.6068568680636446,3.1612380762071037,1.1399144966964632,1.0299667049929724,Good
2.013138226304836,2.534154370392184,1.0046638258841818,1.5543840423699908,Good
1.0483726484362552,4.332583111597236,1.0046638258841818,1.1498335249648624,Good
1.682591795323758,6.040333182587844,1.1177613587252235,1.0249718546047435,Moderate
1.6557181447459706,4.809829307026492,1.1993781577924605,1.2697003449367523,Bad
1.6664675791783397,4.348390353690985,1.1888845705402251,1.1498335249648624,Good
2.497448923266769,4.431212729930692,1.0,1.4245287202898431,Bad
2.6258584398307354,5.263411966387261,1.0734551107656432,1.5943392494712207,Bad
2.1851298866882534,5.776058811774976,1.2926544795958026,1.15982202707312,Bad
2.284328837780045,6.048189476562582,1.024332949863972,1.4594890770028446,Bad
1.9786698119350976,3.516191117234416,1.0145997699183833,1.0899001149789174,Good
1.8476730681453015,5.148975105960056,1.0165353470656822,1.4894557819958172,Moderate
4.331403271827046,1.4377754172670194,1.1715473455110763,4.725859921236844,Moderate
2.463272615196721,8.059590042384022,1.024485036921881,1.921081816696196,Bad
1.4810390935060278,3.315051060652272,1.1270890104935871,1.2597118428284946,Good
1.914172947353424,4.450900791939674,1.0304162083171395,1.5593788927582195,Moderate
2.772128105650336,3.9619174826204473,1.0909444228527012,1.5743622452547057,Moderate
2.797499559755152,5.223941188225024,1.1434123591138747,1.234738789555551,Bad
2.443117345014948,2.171345035390133,1.0513019727944035,1.604328950247678,Good
2.107663541098445,2.6682792928283705,1.058399107656432,1.609322601967707,Good
4.238864266971958,1.354953041027313,1.0425826692576758,3.2974477823506225,Moderate
3.722305137719188,1.512741499531988,1.1667314325689857,4.001665349685475,Moderate
2.9405143913036387,2.865443875351009,1.1143649063350174,1.729189421939597,Moderate
4.090241046066907,2.0885226591504265,1.0133831294209097,6.953385791493265,Bad
1.8492087384909917,4.466708034033423,1.0513019727944035,1.4794672798875594,Moderate
3.0134238399201583,5.819505063996719,1.024332949863972,1.4644839273910732,Bad
1.1101821221614043,3.894807694330217,1.0081616883015934,1.0699219120942025,Good
1.5047580734433967,6.150794568955543,1.008516539448115,1.0649282603741737,Bad
1.583275975913345,2.4749955302209647,1.0024333089778468,1.4295223720098722,Good
1.8841444971414885,5.929871796220144,1.1643995336183444,1.6992227169466243,Bad
1.6584054711056306,4.26556797745128,1.2542794030314808,1.5094339848805318,Moderate
1.7685876577638997,3.9461102405266977,1.0011659634667702,1.1997784328425498,Good
1.8020045152534976,5.2042531262160425,1.158164216090167,1.1847950803460634,Moderate
2.354434156215147,2.104329901244176,1.0734551107656432,1.5943392494712207,Good
2.320783626585169,5.468432842884638,1.2340387842984843,1.589345597751192,Bad
1.975865617256816,5.085935445873605,1.0279828993392923,1.8940062994009452,Bad
1.6584054711056306,6.178338924939263,1.0256510003886514,1.314650402426211,Bad
2.2388772523406937,5.79584152792823,1.125923047026817,1.4245287202898431,Bad
5.349332067245549,2.6012641586824143,1.035282798289934,3.0876808473998154,Bad
5.349332067245549,1.4433600117791825,1.1094982883793238,3.137624556609303,Bad
1.521349633869574,4.7151751627525424,1.036144587640886,1.294672199541496,Good
1.7014034023257012,3.334833776805528,1.1340847353284105,1.469478777779302,Good
2.8967941596971176,4.15510659108358,1.0874465604352896,1.978912762659834,Moderate
2.1413140707284226,4.285256039460261,1.0291995398367664,1.204772084562579,Moderate
2.510301600453147,3.0942229420611462,1.3287990672366887,1.4944506323840456,Moderate
1.3627948632719145,3.831768034243766,1.0552358087835212,1.034961555381201,Good
3.5882872317986574,1.9702049788079887,1.0629615235134084,1.9689230618833768,Moderate
2.005564746478197,3.5083348232596783,1.0034978624174116,1.6193123027441645,Good
1.550910739800751,3.5043593492001723,1.0069957248348231,1.544395540261733,Good
3.375167146311933,2.7234626589400834,1.0340661298095608,2.0488346747540365,Moderate
1.9205461405301976,6.54512373400082,1.2175034372328022,1.5943392494712207,Bad
4.181845297863613,2.0760283121062653,1.0599633517294986,2.6213569643221737,Moderate
2.116076189630156,1.8795263085935443,1.0279828993392923,2.1087680847399817,Good
2.3060615077788915,6.6161143422062825,1.1107656338904004,1.6193123027441645,Bad
1.752463441618481,5.5710379352776,1.155904736883016,1.3096555520379822,Moderate
1.9432666445069773,4.857156379163468,1.3637776914108044,1.544395540261733,Moderate
2.3168110067081256,3.737113889969816,1.024485036921881,1.449500574894587,Moderate
1.8188297478200544,3.993437312663673,1.241670504469491,1.3396222570309548,Good
1.3923559047062266,4.53372316817938,1.215701506412748,1.0,Moderate
2.4469731610702343,2.628808514666134,1.266445863972017,1.3845723145204134,Good
1.328092776761797,3.062703112017921,1.020351207151185,1.3596004599156697,Good
1.682591795323758,6.040333182587844,1.1177613587252235,1.0249718546047435,Moderate
1.8088981981274452,3.6976431118075785,1.0652934224640498,1.2247502874472935,Good
2.155568845253941,4.656016322581324,1.2308589195491644,1.314650402426211,Moderate
1.7685876577638997,3.9461102405266977,1.0011659634667702,1.1997784328425498,Good
1.8355275345821973,4.5850257143758615,1.0104935872522347,1.419533869901615,Bad
2.099134088744977,6.4149742856241385,1.312475718616401,1.7741394794290557,Bad
3.7200851556402874,3.323002008771284,1.0608323886513795,1.884017797292688,Moderate
1.4434159439990064,3.520166591293922,1.0746210742324136,1.4594890770028446,Good
4.816531853528739,1.3746411030362946,1.041366028760202,4.3562709592129165,Bad
1.7593039790760132,5.11745527591683,1.0279828993392923,1.639289306960679,Moderate
1.580471781235063,2.699799122871596,1.0340661298095608,1.5244173373770182,Good
1.7578381588346657,5.993006110450869,1.150408083948698,1.154828375353091,Moderate
1.3224843229083685,2.2856872416730645,1.0,1.0849052645906887,Good
2.149726719260133,2.71163089090584,1.297151751263117,1.034961555381201,Moderate
2.050761440308721,5.018825657583375,1.137582597745822,1.3196452528144396,Bad
7.051955771748091,3.2007088543693403,1.1165954232413524,2.6681469774982007,Bad
1.862645563779885,3.2520114005658214,1.0,1.1298553220801475,Good
1.7497760507619564,5.176614116088049,1.0816167990672367,1.639289306960679,Bad
2.1889857027435395,3.677955049798597,1.0635974908666923,1.839067739803229,Good
1.5455359580877015,2.620952220691396,1.0023318989506411,1.3596004599156697,Good
2.558674248889402,4.474564328008161,1.0734551107656432,1.834072889415001,Moderate
1.0,5.874688430108432,1.0046638258841818,1.0,Moderate
1.7014034023257012,3.9816055446294287,1.234356781966576,1.3845723145204134,Good
2.7526321869151813,4.1157304670656165,1.0790821080450836,1.709212417723082,Moderate
1.9478234769834015,5.389585940704437,1.1200932856587642,1.03995520710123,Bad
2.448492062231133,4.904483451300443,1.130586872910999,1.484462130275788,Bad
1.611318116186759,3.73313841591031,1.0851653385153517,1.0,Good
1.647656036673261,5.756370749765994,1.3101437916828604,1.2497221420520372,Moderate
2.98596597674299,4.234048147408054,1.318305479984454,1.5244173373770182,Bad
1.7873992002689778,4.2970878074945045,1.3439564803731052,1.4994454827722743,Moderate
2.924156438520976,5.168757822113311,1.1818888457054022,1.644284157348908,Bad
2.260376250199161,6.671392362462269,1.2366886809172173,1.0,Bad
1.633751802606744,7.60998285708276,1.0510992087057909,1.569367394866477,Bad
2.4553857451050805,6.154675388870776,1.008516539448115,1.419533869901615,Bad
2.5927921228001383,2.8970583595385087,1.0705655685969686,2.228634904711871,Moderate
1.3950432955627512,5.373778698610687,1.2215312957637,2.173696345114155,Bad
2.152881454397417,3.33871459672076,1.452592979401477,1.374583812412156,Moderate
1.3477222040066357,4.589001188435367,1.026766258841819,1.0,Good
1.0779336898705676,5.180589590147555,1.0011659634667702,1.1498335249648624,Good
1.4998507005079709,5.452720254935162,1.0897784593859308,1.8490562419114869,Bad
1.1639295523107087,5.263411966387261,1.0,1.7042175673348532,Moderate
3.11157123413181,1.4969342574382385,1.0041366000777303,3.18756946448699,Moderate
2.315175172731741,7.499616124859334,1.0912485969685193,1.8140958851984847,Bad
1.7712749841235595,5.531567157115362,1.3287990672366887,1.0,Bad
1.670206526915004,4.7111996886930365,1.184930474931986,1.2197554370590649,Bad
2.107663541098445,3.461007751122703,1.0450159782355228,1.589345597751192,Moderate
1.56166017423312,4.202433663220555,1.2436844057520404,1.3096555520379822,Moderate
1.7900865911255024,3.630627977661622,1.205207919160513,1.4744724294993308,Moderate
1.55897284787346,3.023232333855684,1.4232413525068015,1.4295223720098722,Bad
2.511470025651908,2.163488741415395,1.035282798289934,1.569367394866477,Good
1.3112674796983756,4.569218472282111,1.0072998989506412,1.1947835824543211,Good
3.3723629516336517,2.526298076417446,1.23359637465993,2.1187565868482388,Moderate
1.5025380913644957,6.797566336779445,1.0909444228527012,1.4544954252828155,Bad
2.534487924671274,5.231797482199762,1.0921103863194714,1.5943392494712207,Bad
2.7145416286305366,5.519735389081118,1.1364166342790516,1.2597118428284946,Bad
2.0803224817430337,5.626221301389313,1.0932763218033423,2.648168774613486,Bad
2.155568845253941,3.863287864286991,1.1842207446560435,1.4045505174051285,Moderate
2.5318005338147493,3.382160848942503,1.0198212110376992,1.4644839273910732,Moderate
1.4991496195899685,4.127562235099861,1.0802987485425573,1.059933409985945,Moderate
2.480623690700212,1.8676945405593008,1.0915803902059853,1.8440625901914576,Good
1.135136281552377,4.626957500289221,1.0213203109211038,1.059933409985945,Good
1.81427291534363,3.468864045097441,1.4827050136027982,1.0,Moderate
1.9870824604668085,3.606964441593135,1.0304162083171395,1.349611957807412,Good
1.835771848705233,4.924171513309425,1.1235911480761758,1.5643725444782484,Bad
1.287548499761007,3.220396916378322,1.0,1.3795786628003843,Good
1.544017056926803,4.83349284309498,1.0218996688690245,1.5044391344923034,Good
1.9513287525796867,6.367647213487164,1.2938204430625728,1.4644839273910732,Bad
2.2576888593426365,4.376029363818979,1.096774184220754,3.112652702004559,Bad
1.0376231495070214,4.600832956469611,1.0,1.0,Good
1.3224843229083685,3.90663946236446,1.0629615235134084,1.0,Good
1.658989683705011,3.63848427163636,1.2944287633113098,1.2996670499297247,Moderate
1.3735443622011485,5.085935445873605,1.0114475522736106,1.764150977320798,Good
1.9104807598435816,4.052596152834892,1.0629615235134084,1.4445057245063584,Good
1.4111675117081697,2.9995687977871963,1.0408083855421686,1.5943392494712207,Good
1.25261274111051,2.3843168600065203,1.0011659634667702,1.0099885021082575,Good
1.833084522345573,4.983330353480644,1.1830548091721729,1.5194224869887896,Moderate
2.010450899945176,6.241473239169988,1.2436844057520404,1.3695889620239272,Bad
1.2748127553901158,6.075828486690575,1.0279828993392923,2.198668199718899,Bad
2.0032845888246413,4.364197595784735,1.0186552755538285,1.4120421936533716,Bad
4.079024202856916,1.4417508913265251,1.0754321585697628,2.178689996834184,Bad
2.12063302210658,4.991281301599655,1.034978624174116,1.839067739803229,Bad
3.7565398799485465,4.159082065143085,1.1715473455110763,2.3784684296767336,Bad
2.8619964243368257,1.6665544839771569,1.192230345899728,2.7880137974700907,Good
2.374955897581473,3.2138657804234194,1.1737271574038088,3.005771054640224,Good
1.7893187559526575,2.7944532671455464,1.0827320575204042,1.0549385595977163,Good
1.365482254128439,5.472408316944144,1.02215313797124,1.804106184422028,Moderate
1.1766652966815998,3.965798302535679,1.0,1.0,Good
3.422838713830185,3.461007751122703,1.01703307889623,1.729189421939597,Moderate
1.906180947372515,3.4018489109514847,1.3567819665759813,2.0338513222575503,Moderate
2.076817206146749,7.483808882765584,1.0133831294209097,1.3995556670168998,Bad
2.303374116922367,6.35581544545292,1.122425184609405,1.1448386745766337,Bad
2.985381764143609,4.750670466855274,1.209871745044695,1.6193123027441645,Bad
2.906863797176796,3.0665839319331534,1.1070650073843762,2.338513222575504,Moderate
1.8895192788545376,7.259005290114953,1.1888845705402251,1.5643725444782484,Bad
2.088384589815744,3.977630070569923,1.0174893120870578,1.669256011953652,Moderate
1.771158180301802,6.793590862719939,1.026766258841819,1.3995556670168998,Bad
2.752164842634423,2.1476814993216453,1.2693354061406918,1.7741394794290557,Good
1.478351767146368,1.4692952473102447,1.475709288767975,1.0,Bad
1.24396642043842,4.675704384590305,1.024332949863972,1.5593788927582195,Good
4.294948547518786,1.2484671287191191,1.0742155180722892,3.287458081574165,Moderate
1.0322484322908367,3.342690070780266,1.0523158492032647,1.274695195324981,Good
1.9394108284516915,5.014944837668143,1.0534219012825496,1.5843507473629632,Bad
1.488333430902757,5.320299107095906,1.1017560077730275,1.1048834674754036,Bad
2.405494195507927,2.4553074682119838,1.0209871745044694,1.4644839273910732,Good
3.512573524006991,1.7887529842348264,1.0644823381267003,2.633185422117,Moderate
1.9088194496056867,4.202433663220555,1.1106596346677031,1.5993340998594494,Good
1.1800537684561272,3.910614936423966,1.0314807617567043,1.544395540261733,Good
2.260376250199161,2.1358497312874016,1.1877186070734551,1.644284157348908,Good
2.222753036195275,6.359790919512426,1.1737271574038088,1.414539019513386,Bad
1.7067781195418856,3.31117024073704,1.1469102215312863,1.4395120727863295,Good
1.459540160144425,5.440888486900918,1.1958802953750487,1.0499449078776877,Moderate
2.4077141775868283,5.3501151625422,1.0510992087057909,1.329633754922697,Bad
2.676918479123516,1.3746411030362946,1.3253012048192772,1.9039960001774028,Moderate
3.641684056992096,3.050871343983677,1.0408083855421686,2.428413337554421,Moderate
2.1020551517418813,5.531567157115362,1.1094982883793238,1.1947835824543211,Moderate
2.359808873431332,3.701618585867085,1.0991061111542946,1.0199782028847149,Moderate
3.4455061368874147,1.5482368036347192,1.2238631947143412,1.6193123027441645,Good
1.55897284787346,3.023232333855684,1.4232413525068015,1.4295223720098722,Bad
3.164851255503491,2.474616913643869,1.1374811877186164,4.655938009142641,Bad
1.283225339424962,4.581050240316355,1.067413350952196,1.2597118428284946,Good
2.242265724115221,7.48778435682509,1.0,1.3446171074191833,Bad
2.539862641887459,2.301494483766814,1.444228527011271,1.544395540261733,Bad
2.445804735871473,5.480264610918881,1.2110377085114652,1.4395120727863295,Bad
1.1750629365779326,7.640366837394696,1.102603973571706,1.7391791227160542,Bad
2.8059122082868626,3.788321782022023,1.1131482378546445,2.4483903417709363,Moderate
1.7935918667217872,3.725282121935572,1.058509696074621,1.409545367793357,Good
2.78710060128492,2.9837615556934467,1.108433734939759,2.528301954641596,Good
1.2579874583266948,3.788321782022023,1.1177613587252235,1.5144288352687607,Good
2.5647500470235896,3.819936266209522,1.1070650073843762,2.15371814222944,Moderate
2.2388772523406937,2.530273550476952,1.0069957248348231,1.469478777779302,Good
2.1681098735906605,4.048620678775386,1.0687912848814614,1.3596004599156697,Good
2.4986036106333747,4.95020140298476,1.0312750034978624,1.5907720129088574,Moderate
2.281875183560764,5.744538981731751,1.1947143319082782,1.409545367793357,Bad
2.9769691156118983,2.829948571248278,1.049882568208317,1.7941176823137703,Good
1.2888337932783904,5.7405635076722445,1.026766258841819,1.3396222570309548,Moderate
3.195580786633429,2.0530273550476954,1.095608248736883,2.6531636250017145,Moderate
1.4851285817016937,5.780034285834482,1.049882568208317,1.3446171074191833,Bad
2.7666532248034565,2.0570028291072013,1.0450159782355228,2.283573464309588,Moderate
1.5831591720915876,5.4566010748503935,1.4209094535561602,1.1997784328425498,Moderate
3.5882872317986574,1.5482368036347192,1.0559657986785853,2.35349657507199,Moderate
1.722902335687304,5.590725997286581,1.1830548091721729,1.0,Moderate
1.3171096056921838,2.889107411419497,1.0034978624174116,1.4794672798875594,Good
3.7761693716902496,3.4491759830884594,1.2043968348231635,2.1886796976106413,Bad
2.2254404270518,2.366616535027292,1.0038158600855034,1.3945620152968707,Good
1.7122697050766924,4.478539802067667,1.083948698017878,1.9489460576668611,Good
2.738611149026907,4.636328260572341,1.5280251379712395,1.4944506323840456,Bad
1.959390860652396,5.559206167243356,1.1434123591138747,1.1448386745766337,Bad
1.8076129046100615,5.464552022969405,1.0155730991061018,1.6143174523559356,Bad
2.3022992121772488,2.9522417256502216,1.0443062479595802,1.5943392494712207,Good
2.89845121314195,3.33871459672076,1.2372463241352507,1.0549385595977163,Moderate
1.7793370921962686,3.3584973128740154,1.1873637559269334,1.2497221420520372,Bad
1.6557181447459706,7.168326619900508,1.0932763218033423,1.544395540261733,Bad
3.286951301792891,3.267723988515297,1.024485036921881,2.47336339504388,Moderate
2.3114362249950764,3.555661895396653,1.2438509879518072,1.3446171074191833,Moderate
2.2496267512699277,3.953966534501435,1.034978624174116,1.4744724294993308,Good
1.0,2.8930828854790027,1.012825486202876,1.2397336399437795,Good
2.0292624424502543,4.758526760830012,1.4349009032258064,1.3695889620239272,Moderate
1.7148402276145949,2.9522417256502216,1.2646715802565098,1.2497221420520372,Bad
1.4514780520717157,2.7234626589400834,1.0024333089778468,1.3596004599156697,Good
3.591091426476939,1.9741804528674949,1.0656989786241742,2.5133186021451097,Moderate
2.558674248889402,2.9372863708549373,1.0901671138748543,1.6153159429663015,Good
1.4756643762898434,3.914590410483472,1.0897784593859308,1.094894965367146,Good
1.3112674796983756,4.577169420401123,1.0,1.329633754922697,Good
3.344320811360237,3.2756749366343088,1.0279828993392923,2.2036630501071275,Moderate
2.386682588505984,2.096378953125164,1.2391266070734552,1.5593788927582195,Good
2.303958329521748,4.54953041027313,1.0632656976292263,2.213651552215385,Bad
1.5944928191233376,4.766477708949024,1.116798187329965,1.0899001149789174,Moderate
1.929829819218084,6.474133125795357,1.0757870097162845,1.639289306960679,Bad
1.249574809794984,2.404004922015502,1.006359757481539,1.2397336399437795,Good
2.160943562470126,5.381729646729699,1.0769529731830547,1.6592675098453944,Bad
1.3729601496017674,3.319026534711778,1.0109498204430625,1.2597118428284946,Good
1.3117348239791344,5.283100028396243,1.0046638258841818,1.0998886170871751,Moderate
1.2364885249650917,3.4799385799774933,1.0,1.557380712869288,Good
2.0872328693049083,2.9562171997097275,1.270501369607462,1.2197554370590649,Moderate
2.797850100214154,2.013556576885458,1.3591138655266226,1.6892342148383668,Moderate
1.906180947372515,3.4018489109514847,1.3567819665759813,2.0338513222575503,Moderate
2.397432087435217,2.3093507777415523,1.577147298872911,1.5793558969747346,Moderate
1.5106001994372047,4.577169420401123,1.216867469879518,1.2397336399437795,Moderate
1.8945434556117209,2.25416741162984,1.0,1.4744724294993308,Good
1.6596270417208074,5.361946930576443,1.0012719626894675,1.5793558969747346,Moderate
2.55072894463845,1.9702049788079887,1.0572377613680528,2.173696345114155,Good
2.0534487666683816,5.586750523227075,1.122425184609405,1.6642623602336228,Bad
2.43505523694224,2.5421053185111955,1.1410804601632336,1.779134329817284,Good
1.3547327551992052,4.797997538992249,1.041366028760202,1.544395540261733,Good
1.2411621612632735,7.511447892893577,1.0316328488146134,1.1847950803460634,Bad
2.9375933283067344,2.52232260235794,1.5619898857364944,1.2597118428284946,Moderate
1.7150739642518391,5.097767213907848,1.103027942479596,1.4395120727863295,Bad
2.1020551517418813,2.2581428856893453,1.0496060411970465,1.5793558969747346,Good
3.5518324429935326,1.532429561540969,1.1374811877186164,3.8018869168429257,Moderate
1.8196476325598143,3.677955049798597,1.072289147298873,1.7491676248243118,Moderate
2.443117345014948,4.103898699031372,1.355616003109211,2.0338513222575503,Bad
1.66459813755844,4.750670466855274,1.1776305759813448,1.639289306960679,Bad
1.929829819218084,5.523710863140624,1.092465237465993,1.419533869901615,Moderate
2.5156763176693318,5.030657425617618,1.026710936649825,1.5793558969747346,Bad
1.174678986743078,4.151225771168347,1.0046638258841818,1.11986681997189,Good
1.4299791187101127,4.87684444117245,1.4273751822774972,1.0499449078776877,Moderate
3.243369222470304,1.8715753604745329,1.1107149568596968,2.468368544655651,Good
1.143014767051622,6.012694172459851,1.01703307889623,1.3845723145204134,Moderate
2.211419389163525,3.354521838814509,1.0425826692576758,1.419533869901615,Good
1.878769779925304,4.170913833177329,1.1445783225806452,1.2896785478214672,Moderate
2.233502535124509,6.6871049504117455,1.0757870097162845,1.4944506323840456,Bad
2.327560441140495,3.620405330080035,1.406918003886514,1.2247502874472935,Moderate
2.6713100252700865,2.534154370392184,1.0012166404974738,2.598223866735798,Good
2.6339205479034447,4.056571626894398,1.1982121943256898,1.3845723145204134,Moderate
2.2791877927042394,3.342690070780266,1.102603973571706,1.8790229469044597,Good
2.510301600453147,3.0942229420611462,1.3287990672366887,1.4944506323840456,Moderate
1.297246441810101,3.4728395191569468,1.0,1.0,Good
1.1289937291633474,3.839624328218504,1.002945563933152,1.2467842062945262,Good
2.9268438293775008,4.22221637937381,1.2355227454333464,1.6492790077371366,Moderate
2.382476296488561,3.2913875245837847,1.165464087057909,2.443396690050907,Good
3.17045970935692,1.8045602263285765,1.0316328488146134,2.298556816806074,Bad
3.864735756668293,3.181020792360359,1.2467582992615625,1.8440625901914576,Moderate
2.6177963317580266,5.302788090405224,1.1165954232413524,1.8091010348102567,Bad
4.525828618630449,2.557817906460671,1.0599633517294986,3.097669349508073,Moderate
2.443117345014948,1.6389154738491634,1.5549941609016713,1.8140958851984847,Bad
1.1908032028884965,5.397442234679175,1.0,1.254716992440266,Good
1.8975813869272469,5.385610466644931,1.2670035071900505,1.409545367793357,Moderate
1.2215327340184348,4.040764384800648,1.018249719393704,1.2397336399437795,Good
3.2601944550368605,2.7826214991113023,1.0,1.958934559775119,Good
2.048074049452197,5.32257080655848,1.024485036921881,1.1997784328425498,Bad
1.1504926625249503,6.067972192715837,1.0,1.11986681997189,Moderate
3.333103968150245,1.7808966902600885,1.0717822090944422,2.6681469774982007,Moderate
2.057187714405046,5.8707129560489255,1.0462326187329964,1.4395120727863295,Bad
1.7148402276145949,7.5942702691332835,1.1072677714729888,1.604328950247678,Bad
1.5860802350884915,4.900507977240936,1.0546938359891178,1.5144288352687607,Bad
2.196123699740523,4.916315219334686,1.316715547609794,1.5194224869887896,Moderate
2.2254404270518,2.979880735778215,1.1434123591138747,1.4894557819958172,Good
2.8967941596971176,4.64418455454708,1.0715118663039254,2.0488346747540365,Moderate
2.0992508925667344,4.048620678775386,1.0358911185386708,1.8091010348102567,Good
5.167058316710521,1.3431212729930693,1.1338312662261951,4.690899564523843,Bad
2.336844119828381,7.259005290114953,1.0025438973960357,1.2846836974332383,Bad
1.7827574254218994,6.6871049504117455,1.1170193921492422,1.5993340998594494,Bad
2.0856971989592186,4.581050240316355,1.0932763218033423,1.3096555520379822,Moderate
1.0214989333616031,4.885079351724283,1.0013325176836378,1.2197554370590649,Good
1.639360191963308,1.5166223194472197,1.0496060411970465,1.4045505174051285,Good
1.415023327763456,4.596857482410105,1.010175589584143,1.4045505174051285,Good
1.964648774046823,6.73443202254872,1.1715473455110763,1.3246389045344684,Bad
1.2821737825448225,6.152782305985297,1.0011659634667702,1.0899001149789174,Bad
2.6849805871962245,4.494347044161417,1.1247570835600469,1.5993340998594494,Bad
2.163630953326651,3.6463405656110974,1.2250291581811117,1.4594890770028446,Moderate
3.227829218924266,4.577169420401123,1.2005441212592305,1.4245287202898431,Moderate
2.948342762739104,2.0806663651756887,1.2611737178390985,1.7541624752125404,Moderate
2.4028068046514024,5.492096378953125,1.0314807617567043,1.4395120727863295,Moderate
2.132901422196712,3.0074250917619345,1.0725011457442677,1.6143174523559356,Good
1.2327495772284274,5.062271909805117,1.0338126607073457,2.198668199718899,Moderate
1.908330821359616,5.823385883911951,1.0676253493975905,1.5993340998594494,Moderate
1.6046581054531908,3.342690070780266,1.047804110376992,1.3795786628003843,Good
1.6505770996701652,1.398304639104782,1.1107656338904004,1.0,Good
2.013138226304836,2.534154370392184,1.0046638258841818,1.5543840423699908,Good
3.034338625179245,3.886951400355479,1.0620490291488536,2.0288564718693216,Moderate
2.06688565645414,3.0863666480864085,1.7520404197434902,1.0,Bad
3.7172809609620048,1.757233154191601,1.1046316984065294,1.9988897668763488,Moderate
1.8975813869272469,4.553505884332635,1.2180334333462883,1.389567164908642,Bad
3.461630353032833,5.381729646729699,1.179556946754761,1.604328950247678,Bad
1.443065403540005,4.695487100743561,1.0109498204430625,1.2647054945485237,Good
2.393693139698553,5.310739038524236,1.225079835211815,1.8690344447962015,Bad
1.5697222823058292,4.218240905314305,1.101438010104936,1.5593788927582195,Good
1.7094655103984104,5.503928146987369,1.1247570835600469,1.0,Bad
1.283225339424962,4.301063281554011,1.0216231418577535,1.2846836974332383,Good
2.3383099400697285,4.54953041027313,1.0034978624174116,1.5743622452547057,Moderate
4.423708540044889,6.052164950622088,1.1923824329576371,2.0887898818552664,Bad
1.6180949307420844,5.622245827329807,1.0408083855421686,1.6842393644501383,Moderate
2.351746765358622,4.916315219334686,1.0338126607073457,1.2397336399437795,Moderate
3.13645863926794,6.801541810838951,1.167897396035756,1.9639294101633475,Bad
1.8833266124017285,8.970636181020794,1.024332949863972,1.4894557819958172,Bad
1.1149726912750728,4.419380961896448,1.0231163093664983,1.3596004599156697,Good
1.7282771174003533,4.0959477509123605,1.0979401476875243,1.3695889620239272,Good
2.6797226738017974,3.875119632321235,1.0316328488146134,1.3695889620239272,Moderate
2.255001468486112,2.790572447230314,1.2728332685581034,1.4944506323840456,Moderate
1.491788592435262,3.062703112017921,1.493198600855033,1.5194224869887896,Bad
2.107196196817686,5.038608373736629,1.0994558973960358,1.4395120727863295,Bad
3.214392329138508,2.514466308383202,1.4477263894286825,1.6742508623418806,Moderate
3.975268419288699,1.1183176803424375,1.1119315973571706,2.2086567018271563,Moderate
1.6225349593967515,3.445200509028953,1.071229211037699,1.3845723145204134,Good
1.55897284787346,3.62267702954261,1.0489700738437622,1.5543840423699908,Good
1.9405792536504527,6.099492022759063,1.0279828993392923,1.4395120727863295,Bad
1.8216339424983363,4.0447398588601535,1.0025438973960357,1.374583812412156,Good
1.5692549380250704,2.833924045307784,1.0928523528954528,1.5094339848805318,Good
1.803279102291361,3.366353606848753,1.079284872133696,1.7341842723278256,Good
1.1374063776950578,5.79584152792823,1.0790821080450836,1.2397336399437795,Good
3.95252314851592,1.4560436671118917,1.124368429071123,4.086570614276164,Moderate
2.6903553044124093,4.691511626684054,1.0408083855421686,2.0238628201492928,Bad
1.6100328226693752,5.101648033823081,1.0256510003886514,1.325353310781501,Moderate
1.1289937291633474,4.210384611339567,1.0012719626894675,1.3596004599156697,Good
2.013138226304836,5.354090636601706,1.1270890104935871,1.2846836974332383,Moderate
2.8596595739393025,1.8360800563718012,1.0582976976292269,1.6243059544641931,Good
3.4428187460308903,2.91674642154749,1.0699572483482316,2.1836848472224126,Moderate
2.146922524581852,3.8987831683897225,1.0,1.449500574894587,Moderate
1.6530307538894458,6.789710042804707,1.1900505340069958,1.0,Bad
4.9707634637903535,1.2169472986758938,1.0742155180722892,3.2724747290776794,Bad
2.1367572382519984,2.1831768034243764,2.378157792460163,1.589345597751192,Bad
1.365482254128439,5.472408316944144,1.02215313797124,1.804106184422028,Moderate
1.4541654429282402,5.993006110450869,1.1655654970851146,1.4395120727863295,Bad
3.3555376545702296,1.9505169167990075,1.0912485969685193,3.217536169479963,Good
3.568147892342436,2.6524720507346213,1.1233791496307812,2.31354016930256,Moderate
1.8216339424983363,5.247604724293511,1.0571824391760591,1.2896785478214672,Bad
1.7935918667217872,5.243629250234005,1.0669156191216478,1.3845723145204134,Moderate
3.0358575263401435,2.206840339492864,1.0060832304702685,1.859045942687944,Good
2.17169306139936,4.667848090615568,1.114263496307812,1.7741394794290557,Bad
4.283731639811929,3.43336874099471,1.0401493882627284,2.47336339504388,Bad
1.1374063776950578,3.626652503602116,1.0279828993392923,1.2647054945485237,Good
1.5106001994372047,4.612664724503855,1.0,1.0,Moderate
1.7599413370918096,6.0285014145536,1.0048665899727944,1.3845723145204134,Bad
2.0749477645268493,4.920290693394192,1.3731053151962689,1.0,Bad
2.096446697888452,4.936003281343668,1.1751972949863971,1.059933409985945,Bad
1.5636464841716418,5.06615272972035,1.1399144966964632,1.3596004599156697,Bad
1.6906539033964674,5.519735389081118,1.1154294597745822,1.3695889620239272,Moderate
2.142131955468183,5.397442234679175,1.0746210742324136,1.839067739803229,Bad
3.820272005206875,1.9465414427395011,1.1284669444228528,2.383463280064962,Good
2.3067625886968948,5.097767213907848,1.0291995398367664,1.2846836974332383,Moderate
1.5628817448482968,4.514035106170399,1.0209871745044694,1.2397336399437795,Moderate
2.054383519726764,7.448313578662852,1.0401493882627284,1.2846836974332383,Bad
1.752463441618481,2.1831768034243764,1.0,1.1897887320660925,Good
2.0880340493567418,2.3093507777415523,1.010175589584143,1.8540510922997155,Good
1.072558972654383,2.948266251590716,1.0,1.2397336399437795,Good
2.916094330448267,5.105623507882586,1.0699572483482316,1.7941176823137703,Moderate
1.988951902086708,4.561362178307373,1.2191993688301594,1.374583812412156,Moderate
3.2041102389868974,2.0608836490224327,1.0279828993392923,3.2708097789482697,Moderate
2.22250872207224,4.687536152624549,1.114596632724446,1.469478777779302,Moderate
2.010450899945176,4.032908090825909,1.3334628931208703,1.414539019513386,Moderate
2.814324856818573,2.049051880988189,1.0389327197823552,2.523307104253368,Good
3.17045970935692,1.9465414427395011,1.0620490291488536,3.582131479783861,Moderate
2.7666532248034565,4.5731939463416165,1.0166680699572483,2.6731406292182296,Bad
1.6561854890267294,3.382160848942503,1.0389327197823552,2.253606759316616,Good
1.7981486991982116,5.058296435745612,1.197046258841819,1.449500574894587,Moderate
3.893946257643605,2.313326251801058,1.1630308060629615,2.862930559952522,Moderate
1.5580380948150778,4.750670466855274,1.0364994387874078,1.2397336399437795,Moderate
2.706479520557828,1.153812984445169,1.1165954232413524,1.9339627051703752,Good
1.7685876577638997,6.766046506736219,1.108433734939759,1.1048834674754036,Bad
2.676918479123516,5.077984497754594,1.2944287633113098,1.899001149789174,Bad
2.413556303580636,4.356246647665724,1.1002720466381657,2.2336297551001,Moderate
2.048074049452197,3.113911004070128,1.0116595507190052,1.2996670499297247,Good
1.5636464841716418,2.6959183029563643,1.1046316984065294,1.374583812412156,Good
2.459241561160366,3.3032192926180284,1.5083560139914498,1.6642623602336228,Bad
2.65448479270353,1.4851024894039944,1.0012166404974738,2.8879024145572654,Good
2.459241561160366,6.186289873058275,1.1422463956471045,1.414539019513386,Bad
3.4696924611055424,1.0354953041027313,1.9362611643995336,2.0088794676528066,Moderate
2.8166617072160967,5.393561414763943,1.246016332685581,1.669256011953652,Bad
1.3117348239791344,2.561793380520177,1.005829761368053,1.3945620152968707,Good
2.4323678460857145,4.403573719802698,1.278663029926156,2.058823176862294,Moderate
2.475015236846784,4.01710084873216,1.0961151869413135,1.829079237694972,Moderate
2.738611149026907,5.835217651946195,1.0206830003886511,1.4295223720098722,Bad
2.064198265597615,3.685811343773335,1.029148862806063,1.6592675098453944,Good
1.6503433630329214,4.825636549120242,1.191216469490867,1.0499449078776877,Moderate
4.472081188481145,1.4219681751732698,1.2063738826272834,3.8018869168429257,Moderate
1.6533812943484474,5.093791739848342,1.01703307889623,1.3795786628003843,Moderate
1.7040907931822258,5.705068203569513,1.114263496307812,1.0799116128706598,Bad
1.1881158765288364,4.210384611339567,1.0,1.0,Good
1.854583455707176,1.1261739743171757,1.0524679362611735,1.544395540261733,Good
1.927142428361559,3.871144158261729,1.060629624562767,1.2896785478214672,Good
3.534189325687216,2.029363818979208,1.114263496307812,2.288568314697816,Moderate
1.7793370921962686,2.447451174237245,1.0443062479595802,1.9489460576668611,Good
1.314422214835659,2.9917125038124586,1.0174893120870578,1.094894965367146,Good
1.5972970782984843,4.107779518946605,1.2043968348231635,1.3346286053109258,Good
1.835771848705233,5.898351966176919,1.0093276237854645,1.414539019513386,Bad
2.867477367888976,4.328702291682004,1.0279828993392923,1.4794672798875594,Moderate
2.4001194137948776,5.993006110450869,1.0163233486202876,2.7380688895924035,Bad
1.7632128760508503,6.584594512163057,1.005829761368053,1.414539019513386,Moderate
2.502239492380437,5.113479801857324,1.0151574131364167,1.744172774436083,Bad
1.682591795323758,4.119611286980849,1.1247570835600469,1.0749167624824312,Moderate
2.0856971989592186,4.036788910741142,1.122425184609405,1.0,Good
3.861315423442663,2.561793380520177,1.0666259401476876,1.99389611515632,Moderate
2.160943562470126,1.6152519377806758,1.010175589584143,1.9639294101633475,Good
2.005076118232126,5.369897878695455,1.102603973571706,1.829079237694972,Bad
2.27112568463153,4.084115982878117,1.1200932856587642,1.2297451378355222,Moderate
3.483129286394436,2.719581839024852,1.1445783225806452,1.414539019513386,Moderate
4.1855842456002765,3.1928525603946025,1.0425826692576758,2.338513222575504,Moderate
1.4702896590736587,5.13326251801058,1.0961151869413135,1.7541624752125404,Moderate
2.0803224817430337,4.048620678775386,1.0326467252234746,1.3845723145204134,Moderate
2.8928427592885217,5.1844704100627865,1.0,1.6243059544641931,Bad
3.3863839895219257,6.990850099386852,1.3894286917994558,2.902885767053752,Bad
1.013436825288894,4.900507977240936,1.0,1.174805379569606,Good
1.970257163403387,3.019256859796178,1.015816410415857,1.589345597751192,Good
2.3842639560841707,4.257711683476542,1.0489700738437622,1.859045942687944,Moderate
1.929829819218084,5.219965714165518,1.1049358725223477,1.1398450228566048,Moderate
1.196294788423303,6.5175793780171,1.0097331799455889,1.5194224869887896,Moderate
1.314422214835659,2.9917125038124586,1.0174893120870578,1.094894965367146,Good
1.5132875257968648,4.013125374672654,1.0093276237854645,1.3096555520379822,Good
2.6446700468326787,5.610414059295563,1.239020607850758,2.148723291841211,Bad
1.3493580379830206,4.750670466855274,1.0279828993392923,1.2896785478214672,Good
2.128695130179289,7.042057991439059,1.08861252390206,1.5793558969747346,Bad
1.3520453643426806,6.328271089469201,1.2518460940536338,1.1048834674754036,Moderate
1.2355537719067096,4.868988147197712,1.0255495903614458,1.2397336399437795,Good
2.491489993451204,2.0924981332099324,1.2448503692188106,3.921753736814816,Moderate
2.2684383582718706,5.13326251801058,1.174893120870579,1.6892342148383668,Bad
2.209316210906381,3.6936676377480726,1.101438010104936,1.6642623602336228,Moderate
1.9338024390951272,4.892651683266199,1.1301813167508743,1.1398450228566048,Moderate
1.4461033348555312,5.2554610182682495,1.06645938593082,1.0049948503882289,Moderate
1.7571370779166626,1.449607185301263,1.0470621438010106,1.4944506323840456,Good
1.4514780520717157,6.63977787827477,1.0623255561601244,1.529412187765247,Bad
1.852480277450032,3.685811343773335,1.0693489280994948,1.943951207278633,Good
1.8733950627091192,3.90663946236446,1.2075398460940536,1.4544954252828155,Moderate
4.412725368975276,1.051302546196481,1.1155815468324912,4.775804829114531,Moderate
1.6197307647184696,3.4965030552254346,1.0048665899727944,1.6542726594571655,Good
1.341295929910311,3.701618585867085,1.024485036921881,1.6193123027441645,Good
3.023589126250011,1.8321992364565696,1.8441508060629617,1.5943392494712207,Moderate
2.2281278179083244,4.577169420401123,1.48620287602021,1.354605609527441,Moderate
2.588235290323714,3.283531230609047,1.2728332685581034,1.5493891919817622,Bad
1.9029561041434315,3.2007088543693403,1.336960755538282,1.1348501724683762,Moderate
1.8411466304182824,6.351934625537688,1.1095996984065293,1.6293008048524218,Bad
2.1982838287290924,3.1548015943964747,1.1001493136416634,1.260886537664219,Good
2.4469731610702343,2.628808514666134,1.266445863972017,1.3845723145204134,Good
3.344320811360237,3.2756749366343088,1.0279828993392923,2.2036630501071275,Moderate
1.9943266837997573,6.178338924939263,1.047804110376992,1.5993340998594494,Bad
2.001103498355083,5.63407759536405,1.2275131441896618,1.9689230618833768,Moderate
2.381307871289799,4.230072673348548,1.523513399144967,1.5044391344923034,Bad
2.6258584398307354,1.4851024894039944,1.095608248736883,1.9539397093868904,Good
1.5748633273816344,5.653860311517306,1.0291995398367664,1.3246389045344684,Bad
1.443065403540005,4.913948865727837,1.0012166404974738,1.389567164908642,Good
1.9190803202888496,5.314619858439468,1.0559657986785853,1.589345597751192,Bad
2.443117345014948,5.582869703311843,1.35445006762534,1.834072889415001,Bad
1.2418632421812763,3.4806958131316845,1.0,1.0449500574894588,Good
4.60644969935754,4.028932616766404,1.0769529731830547,2.5732520121310545,Bad
2.061510874741091,2.565768854579683,1.0279828993392923,1.0199782028847149,Good
1.4309563107053895,1.4929587833787323,1.0,1.5993340998594494,Good
1.437457014183441,5.160806873994299,1.0,1.3246389045344684,Good
1.5748633273816344,5.1844704100627865,1.0255495903614458,1.4544954252828155,Moderate
1.389912892469602,3.9461102405266977,1.0,1.11986681997189,Good
2.967154369741047,2.786596973170808,1.0827827345511076,1.5943392494712207,Moderate
2.357121547071672,5.531567157115362,1.2623396813058687,2.7330740392041744,Bad
1.8733950627091192,6.482084073914369,1.1235911480761758,1.9139845022856603,Bad
4.210184833179612,3.425512447019972,1.3090838554216868,4.0316320546784485,Bad
2.769457483978603,2.25416741162984,1.1240980862806065,1.820141967597868,Good
1.7282771174003533,4.640209080487574,1.0279828993392923,1.484462130275788,Moderate
1.002804194678282,6.091635728784325,1.0,1.11986681997189,Good
1.7094655103984104,2.4908027723147144,1.0534219012825496,1.5993340998594494,Good
2.647357437689203,3.2913875245837847,1.4162456276719784,1.3246389045344684,Bad
1.647656036673261,6.182314398998769,1.0757870097162845,1.0,Bad
1.5025380913644957,4.841349137069718,1.655266235522736,1.3995556670168998,Bad
2.1233204129631047,4.865012673138205,1.064127486980179,1.294672199541496,Bad
2.2811422411916578,3.1612380762071037,1.068685285658764,1.389567164908642,Good
2.32218572392431,5.468432842884638,1.2576758554216867,1.2397336399437795,Moderate
1.7543328832383809,5.716899971603756,1.0851653385153517,1.887014467791985,Moderate
1.7534406336137578,2.968048967743971,1.060629624562767,1.1498335249648624,Good
2.2442520340537424,3.969773776595185,1.1061018359891177,1.5643725444782484,Moderate
1.142430554452241,3.070559405992659,1.0046638258841818,1.2397336399437795,Good
1.894893996070722,6.391310749555651,1.3322969296541003,1.419533869901615,Bad
1.752463441618481,3.1415500141981214,1.3211950221531286,1.4544954252828155,Moderate
2.1889857027435395,1.9898930408169704,1.0381584889234357,1.6642623602336228,Good
3.171394462415301,2.9877370297529526,1.1655654970851146,1.349611957807412,Moderate
1.720215009327644,2.845755813342027,1.7800233190827828,1.174805379569606,Bad
1.9755150767978145,5.1844704100627865,1.1947143319082782,1.6542726594571655,Bad
3.0726947170553727,5.105623507882586,1.5001943256898562,1.884017797292688,Bad
1.3117348239791344,5.283100028396243,1.0046638258841818,1.0998886170871751,Moderate
1.8518960648506515,5.9180400281859,1.2355227454333464,2.228634904711871,Bad
2.4296805197260545,2.0530273550476954,1.1340847353284105,1.7691458277090266,Good
1.755150767978141,5.914159208270668,1.0874465604352896,1.5593788927582195,Bad
1.3332338218376023,5.851024894039943,1.0851146614846483,1.1897887320660925,Bad
3.913575749385308,3.1612380762071037,1.068132287602021,2.5582686596345683,Moderate
1.833084522345573,3.31117024073704,1.0427107469879515,1.918979352673889,Good
1.1289937291633474,3.4806958131316845,1.0104935872522347,1.11986681997189,Good
2.7118543022708765,2.443475700177739,1.5292417784687136,1.6842393644501383,Bad
1.9788347949146976,3.92244670445821,1.3272782526233968,1.709212417723082,Moderate
2.97136066175847,5.247604724293511,1.0888152879906725,2.053829525142265,Bad
2.0856971989592186,5.645909363398294,1.030314798289934,1.469478777779302,Bad
1.7607942436290376,6.162626336989788,1.037310523124757,1.419533869901615,Bad
1.196294788423303,6.5175793780171,1.0097331799455889,1.5194224869887896,Moderate
2.061510874741091,4.111754993006111,1.0408083855421686,1.7192009198313394,Good
5.38578679155381,1.1735010464541509,1.1727639860085504,4.900666499474649,Bad
2.489036339231923,3.117886478129634,1.0863820069957248,1.7741394794290557,Good
1.9782024676543388,3.6976431118075785,1.0991061111542946,2.238623406820129,Good
1.855284536625179,4.277399745485523,1.0826767353284104,1.4894557819958172,Good
1.6664675791783397,4.482515276127173,1.041974349008939,1.644284157348908,Good
3.0020901928884083,5.93384727027965,1.0279828993392923,1.5344058394852758,Bad
1.4702896590736587,4.963642291471661,1.0377160792848814,1.5194224869887896,Moderate
1.4907370355551222,3.6661232817643534,1.1946636548775749,1.449500574894587,Good
1.738782237709687,6.702912192505495,1.3179874823163622,1.589345597751192,Bad
2.51427422033019,1.3312895049588254,1.0445182464049747,1.9039960001774028,Good
1.489101201578737,4.939978755403175,1.2984842689467548,1.3645953103038984,Moderate
2.8928427592885217,5.1844704100627865,1.0,1.6243059544641931,Bad
2.4001194137948776,7.56663125900529,1.0501360373105324,1.604328950247678,Bad
1.7627455317700913,3.756801951978797,1.0089036548775747,1.5394006898735046,Moderate
1.4654990899599902,4.809829307026492,1.036144587640886,1.2397336399437795,Moderate
2.565514786346934,1.8321992364565696,1.0368865542168677,2.2186464026036137,Good
1.5776675865567809,3.7449701839445537,1.0,1.6642623602336228,Good
3.159242866146927,2.104329901244176,1.1739806265060242,3.057714142406843,Moderate
4.004967548510081,1.6428909479086693,1.071229211037699,3.2475028744729357,Moderate
1.693341294252992,4.470683508092929,1.0198212110376992,1.5843507473629632,Moderate
1.795461308341687,5.6893556156200376,1.0256510003886514,1.6642623602336228,Bad
1.6169265055433228,2.6722547668878764,1.008516539448115,1.6992227169466243,Good
2.278720448423481,6.265136775238476,1.0827320575204042,1.4445057245063584,Bad
3.9184831223207337,3.7094748798418222,1.3567819665759813,1.8190895369185145,Moderate
2.1374901806211044,4.947835049377912,1.0381584889234357,1.5344058394852758,Moderate
2.33024783199702,5.776058811774976,1.0687912848814614,1.6542726594571655,Bad
2.132901422196712,4.474564328008161,1.0572377613680528,1.2796888470450098,Moderate
2.362846804746858,1.8676945405593008,1.1021984174115818,2.0288564718693216,Good
1.6691549700348642,5.168757822113311,1.0384764865915277,1.9639294101633475,Moderate
3.8126241604953743,2.159513267355889,1.1034150579090556,2.058823176862294,Moderate
1.6225349593967515,3.445200509028953,1.071229211037699,1.3845723145204134,Good
1.4542822467499978,4.916315219334686,1.0304162083171395,1.8440625901914576,Bad
2.5871837334435743,2.10035442718467,1.0048665899727944,1.7591561269325693,Good
1.954016143436211,5.085935445873605,1.0023318989506411,1.3096555520379822,Moderate
1.970257163403387,4.324726817622498,1.1812805254566654,1.469478777779302,Good
1.7014034023257012,5.969342574382381,1.0769529731830547,1.8140958851984847,Moderate
2.181465303836452,3.934278472492454,1.0089036548775747,1.0799116128706598,Good
1.8760823890687792,6.083684780665313,1.2495141951029929,1.1997784328425498,Bad
2.79469536507687,4.163057539202592,1.0401493882627284,1.4045505174051285,Moderate
2.010450899945176,2.707750070990608,1.342790516906335,1.15982202707312,Good
1.7927739819820272,3.050871343983677,1.1410804601632336,1.5493891919817622,Good
2.47805316816231,5.125311569891568,1.0,1.6642623602336228,Bad
2.451179453087658,6.332151909384432,1.258841818888457,2.4783570467639087,Bad
4.286535898987076,2.2305038755613515,1.0279828993392923,2.038846172645779,Bad
2.8535837758051152,4.147250297108842,1.0827320575204042,1.8790229469044597,Moderate
1.3337011661183609,4.557386704247867,1.0060832304702685,1.0,Moderate
2.12168457898672,3.62267702954261,1.1897970649047804,1.5344058394852758,Good
1.510366462799961,5.713019151688525,1.0,1.5643725444782484,Bad
6.94492838472397,1.4062555872237938,1.10828164788185,5.225305404009118,Bad
2.0426993322360127,3.346665544839772,1.5130198118927325,1.3046619003179534,Bad
1.600101272976766,3.52802288526866,1.0133831294209097,1.5993340998594494,Good
1.712152901254935,2.017532050944964,1.0023318989506411,1.0749167624824312,Good
3.265802908890289,2.017532050944964,1.0060832304702685,2.743063739980632,Moderate
1.8384592395617576,5.511879095106381,1.0069957248348231,1.3795786628003843,Bad
1.5075622681216787,4.904483451300443,1.1450022914885347,1.4794672798875594,Bad
4.788489713255325,2.404004922015502,1.0717822090944422,1.544395540261733,Bad
2.0265751160905943,7.010538161395833,1.1562378453167508,1.1798002299578347,Bad
2.488802602594679,2.5894323906481707,1.278663029926156,1.5643725444782484,Good
2.327560441140495,5.728731739638,1.13291877186164,1.6492790077371366,Bad
1.986264575727048,4.9281469873689305,1.0093276237854645,1.2896785478214672,Moderate
2.193191994760963,5.567062461218094,1.1970969358725223,1.669256011953652,Bad
1.3493580379830206,6.056140424681594,1.102603973571706,2.043839824365808,Bad
2.0830098725995585,4.3720538897594725,1.034978624174116,1.2796888470450098,Moderate
1.0268737150746523,2.2423356435955952,1.0,1.5993340998594494,Good
4.071663175702208,2.770789731077059,1.167897396035756,1.8490562419114869,Moderate
2.134069847395474,5.030657425617618,1.2261950936649826,1.3596004599156697,Moderate
2.3513628800206323,3.1375745401386155,1.0979401476875243,1.0849052645906887,Good
1.795461308341687,2.8260677513330457,1.003997553050913,1.5993340998594494,Good
1.776766569658366,5.042489193651862,1.0534219012825496,1.4295223720098722,Moderate
1.9728276859412897,5.30676356446473,1.0163233486202876,1.3795786628003843,Moderate
1.8438339567779425,5.2752437344215055,1.0104935872522347,1.419533869901615,Bad
2.57748579139448,7.830905629818158,1.3392926544889234,1.779134329817284,Bad
1.833084522345573,5.886520198142675,1.422075389040031,1.1048834674754036,Bad
3.112272315049813,2.8812511174447586,1.0582976976292269,2.4503885216598675,Moderate
2.609734223685317,3.4097052049262224,1.0443062479595802,1.8091010348102567,Moderate
1.2131200854867243,3.267723988515297,1.006359757481539,1.2697003449367523,Good
2.719916410343586,4.537698642238886,1.1702292949863973,2.07380652935878,Moderate
1.7712749841235595,5.137143337925812,1.138748533229693,1.5144288352687607,Moderate
2.8535837758051152,5.468432842884638,1.032849489312087,1.3046619003179534,Moderate
3.1660196807022527,4.273424271426018,1.0629615235134084,1.5194224869887896,Bad
2.3011541348434656,4.967617765531168,1.0462326187329964,1.4744724294993308,Bad
2.250678308150067,2.620952220691396,1.0523158492032647,1.6193123027441645,Good
2.9180806403867887,3.5083348232596783,1.0608323886513795,1.589345597751192,Moderate
2.5248901462528752,2.7826214991113023,1.0827320575204042,3.971698644692503,Moderate
2.825261267661365,3.4965030552254346,1.2203653322969297,1.469478777779302,Moderate
1.4407285531424818,4.723031456727281,1.0023318989506411,1.0499449078776877,Moderate
2.131382521035814,2.364628797997539,1.0174893120870578,1.7891228319255417,Good
2.152344002024858,6.044497964935898,1.0634279144966965,1.4914539618847484,Moderate
1.5159749166533891,3.3978734368919787,1.0368865542168677,1.4045505174051285,Good
2.4161268261185387,3.606964441593135,1.1557309071123203,2.1836848472224126,Good
2.33024783199702,3.926422178517716,1.3591138655266226,1.8140958851984847,Moderate
1.5347865236553324,4.604713776384843,1.0104935872522347,1.1398450228566048,Moderate
1.9190803202888496,5.823385883911951,1.0587640886125145,1.0,Bad
1.3439832562699714,5.594701471346087,1.228527020598523,1.1847950803460634,Bad
1.7148402276145949,5.290956322370981,1.0816167990672367,1.1847950803460634,Bad
3.602308269686932,1.761208628251107,1.0620490291488536,2.278579812589559,Good
1.835771848705233,4.707318868777804,1.0209871745044694,1.804106184422028,Moderate
2.814324856818573,5.79584152792823,1.0401493882627284,2.0638180272505227,Moderate
1.725589726543829,4.210384611339567,1.0,1.254716992440266,Good
1.521349633869574,5.081959971814099,1.0874465604352896,1.1098783178636322,Moderate
2.7526321869151813,2.4001241021002704,1.024332949863972,2.098779582631724,Moderate
1.7065338054188504,6.927715785156127,1.0089036548775747,1.4944506323840456,Bad
3.5041608754752804,3.165213550266609,1.0072998989506412,1.8440625901914576,Moderate
1.9378919272907928,6.324295615409695,1.108433734939759,1.639289306960679,Bad
1.9190803202888496,3.354521838814509,1.0757870097162845,1.294672199541496,Good
1.053280021371681,2.93255366364124,1.0012166404974738,1.11986681997189,Good
4.317382233938771,1.4299191232922814,1.0510992087057909,4.286349047118714,Moderate
1.4971633096514465,6.454445063786376,1.0757870097162845,1.0099885021082575,Bad
2.0656003629367565,2.766908911161827,1.1240980862806065,1.4295223720098722,Good
3.9163799440635896,1.89523889654302,1.0,4.471142928796578,Moderate
1.927142428361559,5.6498848374578,1.197046258841819,1.03995520710123,Bad
1.970384673704665,6.04430865664735,1.072289147298873,1.0,Bad
2.657288987381812,2.8812511174447586,1.0060832304702685,1.908989651897432,Good
2.12063302210658,6.056140424681594,1.1364166342790516,1.5943392494712207,Bad
2.510301600453147,5.965367100322875,1.1947143319082782,1.6842393644501383,Bad
4.286535898987076,2.2305038755613515,1.0279828993392923,2.038846172645779,Bad
2.372024192601913,5.736682687757012,1.0241670392537894,1.414539019513386,Bad
2.8395627379168404,4.454876265999179,1.024332949863972,1.5643725444782484,Moderate
1.6046581054531908,4.691511626684054,1.0081616883015934,1.469478777779302,Bad
1.3925896413434706,4.368078415699968,1.0145997699183833,1.3596004599156697,Good
1.580471781235063,4.151225771168347,1.0279828993392923,1.469478777779302,Moderate
2.06688565645414,6.202002461007751,1.012825486202876,1.4894557819958172,Bad
1.4622275510009497,6.091635728784325,1.0699572483482316,1.2996670499297247,Moderate
2.4699910600896007,4.999137595574393,1.3404586179556937,1.0799116128706598,Bad
2.4497773557485165,4.620521018478592,1.132282804508356,2.11376293512821,Moderate
2.518363708525856,4.068403394928641,1.1130975608239408,1.0449500574894588,Moderate
1.5025380913644957,3.9619174826204473,1.0734551107656432,1.3596004599156697,Good
3.17887235788863,4.786165770958005,1.015816410415857,1.5743622452547057,Bad
1.1474213863304357,3.535973833387672,1.0,1.2697003449367523,Good
1.3283476683706237,3.52802288526866,1.010175589584143,1.3695889620239272,Good
1.725589726543829,4.143274823049335,1.2495141951029929,1.0,Moderate
1.8973476502900024,3.287506704668553,1.0364994387874078,1.1498335249648624,Good
5.600776318660433,4.462732559973917,1.0408083855421686,2.7330740392041744,Bad
2.33024783199702,4.399692899887466,1.1655654970851146,1.0649282603741737,Bad
2.4722110421685017,4.813804781085999,1.0255495903614458,1.3845723145204134,Moderate
3.3134744764085418,2.285308625095969,1.0291995398367664,1.8790229469044597,Moderate
2.383995197649459,1.6955186521249854,1.0909444228527012,1.5094339848805318,Good
1.810417099288344,4.84930008518873,1.0133831294209097,1.529412187765247,Bad
2.948342762739104,2.033339293038713,1.2699183738826272,2.038846172645779,Bad
3.028963843466196,4.241904441382792,1.1846871356393316,1.6892342148383668,Bad
1.4326664450697726,2.9917125038124586,1.0209871745044694,1.154828375353091,Good
1.6421644511384548,3.626652503602116,1.0750450431403031,1.3995556670168998,Good
2.3759330895767503,4.068403394928641,1.0216231418577535,1.6243059544641931,Moderate
2.6043595064691325,5.63407759536405,1.2063738826272834,1.604328950247678,Bad
2.3409973309262533,4.163057539202592,1.258841818888457,1.03995520710123,Bad
1.4122190685883091,3.299338472702797,1.0038158600855034,1.3346286053109258,Good
1.5132875257968648,3.4846712871911905,1.212203643995336,1.2796888470450098,Moderate
1.2902358906175315,4.28137521954503,1.0034978624174116,1.4944506323840456,Good
2.260376250199161,6.4149742856241385,1.1865526715895842,1.644284157348908,Bad
1.9325171455777437,3.63848427163636,1.060629624562767,1.1348501724683762,Moderate
1.8833266124017285,6.592450806137795,1.0291995398367664,1.3596004599156697,Bad
2.359808873431332,4.679679858649811,1.1492421204819276,1.1997784328425498,Moderate
2.1260077393227643,5.626221301389313,1.2856587547609797,1.4644839273910732,Bad
1.0938135918929506,6.35269185869188,1.0050877947920716,1.094894965367146,Moderate
1.9110182122161403,3.689786817832841,1.329965030703459,1.4794672798875594,Bad
2.1673932489282937,4.285256039460261,1.0717822090944422,1.7841291802055128,Good
2.1367572382519984,6.0285014145536,1.1200932856587642,2.7130970349876598,Bad
2.003907693033365,3.117886478129634,1.2481961445783132,1.2597118428284946,Moderate
4.311773780085343,2.435619406203001,1.0985484679362612,2.8329638549595493,Moderate
1.4094148739100274,6.789710042804707,1.054799835211815,2.198668199718899,Bad
3.1143754933069565,3.0823911740269025,1.0121664889234356,1.9639294101633475,Moderate
2.4001194137948776,4.49037157010191,1.1294209094442285,2.293563165086045,Moderate
2.113271994951874,3.0035442718467023,1.3381266910221532,1.4644839273910732,Moderate
1.1961779846015457,6.119180084768044,1.0289156533229693,1.7491676248243118,Moderate
2.1857500240412064,4.987305827540149,1.024332949863972,1.469478777779302,Moderate
1.2902358906175315,3.208565148344078,1.0279828993392923,2.198668199718899,Good
1.2660495663994038,3.2007088543693403,1.0,1.204772084562579,Good
2.783148620404542,4.301063281554011,1.0757870097162845,1.3046619003179534,Moderate
1.5750970640188784,6.722600254514476,1.1539059463661097,1.03995520710123,Bad
1.6786191754467146,4.805853832966987,1.0109498204430625,1.7391791227160542,Good
2.009516146886793,5.448744780875656,1.052149938593082,1.5144288352687607,Bad
3.0692743838297423,2.3882923340660263,1.1492421204819276,2.123751437236468,Moderate
2.703792194198168,6.119180084768044,1.054799835211815,1.3645953103038984,Bad
3.052682823403565,2.3527970299632948,1.1484310361445784,2.318535019690789,Good
2.797850100214154,4.182745601211574,1.130586872910999,1.4994454827722743,Moderate
3.159242866146927,2.9955933237276904,1.0863820069957248,2.128746287624696,Bad
1.6073454963097151,4.518010580229904,1.4768752522347457,1.4345172223981009,Moderate
2.393693139698553,3.354521838814509,1.077588940536339,1.8490562419114869,Good
2.8535837758051152,1.2642743708128688,1.058399107656432,2.39345178217322,Good
2.4525815504267987,5.578894229252337,1.0644823381267003,1.3795786628003843,Bad
2.643267949493538,2.739269901033833,1.0754321585697628,1.7949064059891855,Good
2.6124216145418417,6.257280481263738,1.2017100567431014,2.0638180272505227,Bad
1.4568527692879003,3.808104498175278,1.5258453260785076,1.2397336399437795,Bad
1.3645475010700567,4.939978755403175,1.0194663598911775,1.0799116128706598,Good
2.2282446217300818,2.873394823470021,1.0092465293431792,1.9689230618833768,Moderate
2.4469731610702343,2.703774596931102,1.0021899696851924,1.938956356890404,Good
1.2902358906175315,6.482084073914369,1.0034978624174116,1.3046619003179534,Moderate
2.160943562470126,2.139825205346908,1.0116595507190052,1.5993340998594494,Good
1.8355275345821973,2.33301431381004,1.032849489312087,1.0149833524964862,Good
2.990990153500173,1.8715753604745329,1.192230345899728,2.2036630501071275,Good
1.3274456152225844,2.735294426974328,1.0,1.0559382488762818,Good
1.6664675791783397,3.5990134934741222,1.0174893120870578,1.3196452528144396,Good
1.3842937966335174,3.989461838604167,1.0364994387874078,1.11986681997189,Good
2.57748579139448,3.149406308172859,1.2996502044306255,1.7741394794290557,Moderate
2.124488838161866,5.7603462238255,1.0754321585697628,1.3096555520379822,Bad
2.4834278853784943,3.81198531809051,1.008516539448115,1.3695889620239272,Moderate
1.8868318879980128,5.9496545123734,1.2774970944422852,1.2497221420520372,Bad
2.1475067371812324,3.0823911740269025,1.1422463956471045,1.5643725444782484,Good
1.683080423569829,4.072284214843873,1.0069957248348231,1.419533869901615,Good
1.5347865236553324,5.594701471346087,1.1200932856587642,1.5843507473629632,Bad
4.331403271827046,1.4377754172670194,1.1715473455110763,4.725859921236844,Moderate
1.438041226782822,4.797997538992249,1.289156617178391,1.414539019513386,Good
1.3757643442800491,3.354521838814509,1.0279828993392923,1.3995556670168998,Good
5.029651939015464,1.2642743708128688,1.1557309071123203,4.965593561180624,Bad
2.5237384257420405,2.250191937570333,1.0454722114263506,1.773686382849562,Good
1.7963960614000691,5.661716605492043,1.0474492592304705,1.4894557819958172,Moderate
1.4568527692879003,6.549099208060325,1.0034978624174116,1.0,Bad
2.109883523177346,4.596857482410105,1.0713563933151962,1.9639294101633475,Bad
2.217027778520089,5.010969363608637,1.018249719393704,1.8140958851984847,Bad
1.9997014010159415,1.5679248656437008,1.0256510003886514,1.6193123027441645,Good
1.529995954541664,4.088091456937622,1.0827320575204042,1.5643725444782484,Moderate
1.365482254128439,3.33871459672076,1.0,1.0149833524964862,Good
2.84109234555726,3.374209900823491,1.115747457442674,1.5394006898735046,Moderate
1.7578381588346657,5.081959971814099,1.1585697722502917,1.5044391344923034,Moderate
1.7497760507619564,4.494347044161417,1.0594636610959969,1.1148719695836613,Moderate
2.8059122082868626,6.142843620836532,1.0450159782355228,1.5593788927582195,Bad
1.7627455317700913,5.243629250234005,1.0194663598911775,1.354605609527441,Bad
2.621216664983657,3.7094748798418222,1.1472143956471046,2.2436182572083574,Good
2.101821415104637,3.8987831683897225,1.0268169358725223,1.569367394866477,Moderate
1.4010022253783163,6.024525940494094,1.0766487990672369,1.6542726594571655,Moderate
1.1346021830167758,3.6976431118075785,1.0,1.1298553220801475,Good
3.761638486087457,3.918471230398704,1.349786241741158,2.1187565868482388,Bad
1.6852791861802827,4.41152466792171,1.179556946754761,1.5094339848805318,Moderate
2.9965986073536017,3.764658245953535,1.2531180567431015,1.7192009198313394,Moderate
1.521349633869574,2.790572447230314,1.1527399828993392,1.0,Good
2.577241477271445,3.760777426038303,1.3264671682860474,1.3945620152968707,Moderate
1.6674023322367215,2.9364344835564715,1.0,1.2996670499297247,Good
1.6860121285493888,7.424650042594365,1.0228951045472212,1.1847950803460634,Bad
1.9970140101594172,4.600832956469611,1.180722882238632,1.414539019513386,Bad
1.9513287525796867,2.3291334938948074,1.071123211815002,1.4045505174051285,Good
1.8046751369252312,3.681835869713829,1.0516607415468324,1.0849052645906887,Good
2.2157658973645487,3.117886478129634,1.034978624174116,1.5543840423699908,Good
1.700670459956595,3.839624328218504,1.0,1.1498335249648624,Good
1.3386085390537867,3.764658245953535,1.0011659634667702,1.5094339848805318,Good
2.149726719260133,1.796703932353838,1.0801328379323747,1.7341842723278256,Good
1.2257390260358578,3.1415500141981214,1.0629615235134084,1.0998886170871751,Good
1.5247699670952048,5.819505063996719,1.0151574131364167,1.2996670499297247,Bad
1.580471781235063,6.142843620836532,1.0163233486202876,1.4594890770028446,Bad
2.160943562470126,3.5911571994993845,1.1200932856587642,1.3795786628003843,Good
2.360042610068576,6.332151909384432,1.0279828993392923,1.5044391344923034,Bad
2.2371671179763104,4.324726817622498,1.0174893120870578,1.2097669349508071,Moderate
4.023290527265953,1.20511553064165,1.2506801305868636,2.773030444973604,Moderate
2.3482916038261177,1.320782894944417,1.0391760590750097,1.779134329817284,Good
1.712152901254935,4.774334002923761,1.0559657986785853,2.0138731193728354,Good
2.0212003343775446,5.519735389081118,1.0501360373105324,1.5194224869887896,Bad
1.5019538787651148,5.077984497754594,1.0693489280994948,1.11986681997189,Good
1.9394108284516915,5.014944837668143,1.0534219012825496,1.5843507473629632,Bad
3.019032293773587,4.514035106170399,1.2189966047415468,2.083796230135237,Bad
2.867337796674022,3.8514560962527473,1.025317863972017,1.414539019513386,Moderate
2.7358068898517605,2.518441782442708,1.058399107656432,1.6542726594571655,Good
3.529398756573548,4.376029363818979,1.0279828993392923,1.99389611515632,Moderate
3.426694529885472,2.530273550476952,1.212203643995336,2.098779582631724,Moderate
1.7571370779166626,2.530273550476952,1.0012166404974738,1.3795786628003843,Good
1.3393096199717895,4.348390353690985,1.008516539448115,1.0649282603741737,Good
3.1020114443666498,4.202433663220555,1.262021683637777,2.0238628201492928,Moderate
2.4527151234333475,5.077984497754594,1.1480761849980567,1.0799116128706598,Bad
3.359998902693345,3.630627977661622,1.1362645472211426,2.543285307138082,Moderate
2.8339543485602765,2.9955933237276904,1.0826767353284104,2.288568314697816,Moderate
1.5724096731623538,5.716899971603756,1.1527399828993392,1.154828375353091,Bad
2.397432087435217,5.772177991859743,1.100981776914108,1.6792457127301093,Bad
1.8895192788545376,6.024525940494094,1.2670035071900505,1.0,Moderate
1.601970714596666,4.521891400145136,1.0011659634667702,1.414539019513386,Good
1.5030755437370549,4.052596152834892,1.0,1.0,Good
1.3386085390537867,2.356677849878527,1.0151574131364167,1.0,Good
1.20155270181773,3.950085714586204,1.0163233486202876,1.1448386745766337,Good
2.7790384932122105,4.174889307236835,1.0104935872522347,1.6293008048524218,Moderate
4.77446867536705,2.064859123081938,1.0559657986785853,3.192564314875219,Bad
1.3757643442800491,3.0784156999673966,1.0292548620287605,1.3695889620239272,Good
1.56166017423312,4.301063281554011,1.0804508356004665,1.5493891919817622,Good
1.341295929910311,2.861563055435777,1.138748533229693,1.0,Good
1.50791280858068,3.6424597456958656,1.0932763218033423,1.1997784328425498,Good
2.5899879281218565,4.021076322791666,1.646039993781578,1.0,Bad
3.0582912127601287,6.288800311306964,1.018249719393704,1.449500574894587,Bad
3.0638996666135574,2.534154370392184,1.0241670392537894,1.6454372761570375,Moderate
1.8736393768321544,2.7432453750933394,1.0152634123591138,1.389567164908642,Good
1.6141223108650409,3.3308583027460217,1.058509696074621,1.3196452528144396,Good
1.683080423569829,4.364197595784735,1.0292548620287605,1.4544954252828155,Moderate
1.7066613157201282,5.421105770747662,1.087598647493199,1.644284157348908,Good
1.9432666445069773,2.538129844451689,1.4232413525068015,1.9289678547821465,Good
2.977903868670281,5.6025577653208245,1.180722882238632,1.7042175673348532,Bad
1.510366462799961,5.713019151688525,1.0,1.5643725444782484,Bad
1.8303971314890488,4.218240905314305,1.0384764865915277,1.2497221420520372,Moderate
1.6169265055433228,5.338283394507956,1.018249719393704,1.03995520710123,Moderate
2.0684045576150387,1.7769212162005823,1.0462326187329964,1.5943392494712207,Good
1.911368752675142,5.543398925149606,1.020351207151185,1.4544954252828155,Moderate
1.959390860652396,4.604713776384843,1.3591138655266226,1.234738789555551,Bad
1.860892925981743,3.993437312663673,1.0145997699183833,1.709212417723082,Good
1.84126343424004,4.837468317154486,1.1119315973571706,1.3246389045344684,Good
1.0813221616450948,4.904483451300443,1.0291995398367664,1.2397336399437795,Good
3.722305137719188,1.512741499531988,1.1667314325689857,4.001665349685475,Moderate
2.2547571543630767,5.993006110450869,1.167897396035756,1.469478777779302,Moderate
1.9029561041434315,3.950085714586204,1.0936818779634667,1.4395120727863295,Good
6.089643848098792,1.2761061388471124,1.116798187329965,4.231409288852798,Bad
1.7712749841235595,3.950085714586204,1.228527020598523,1.0649282603741737,Moderate
1.4654990899599902,4.494347044161417,1.024332949863972,1.729189421939597,Moderate
3.052682823403565,3.157357256291871,1.035282798289934,1.639289306960679,Good
3.13645863926794,6.458420537845882,1.1655654970851146,2.1836848472224126,Bad
4.379074839345298,2.8852265915042645,1.0437993097551497,3.2425080240847066,Bad
2.7301985004951965,5.145094286044824,1.1143649063350174,2.0288564718693216,Bad
2.3786204804332747,3.9816055446294287,1.2646715802565098,1.864039594407973,Bad
2.2657509674153458,2.940409957615977,1.0,1.5194224869887896,Good
2.7442195383834718,5.618365007414575,1.0012166404974738,2.0088794676528066,Bad
1.419229619780879,5.358066110661212,1.0023318989506411,1.0,Moderate
1.7352642562310798,2.7085073041448,1.0027982899339292,1.535875406698131,Good
2.9287633850611807,1.911708717646688,1.0159902401865526,1.7691458277090266,Good
1.1553788159919287,4.245879915442298,1.0127194869801788,1.154828375353091,Good
2.741415343705189,5.965367100322875,1.3248449716284494,1.2097669349508071,Bad
3.913575749385308,1.1261739743171757,1.0961151869413135,2.6531636250017145,Moderate
1.7879834128683587,5.243629250234005,1.0559657986785853,1.254716992440266,Bad
2.107196196817686,5.7405635076722445,1.1702292949863973,1.2447284903320084,Bad
2.9268438293775008,4.22221637937381,1.2355227454333464,1.6492790077371366,Moderate
2.3740636479568504,5.4763837910036495,1.0340661298095608,1.4594890770028446,Moderate
1.6029054676550485,3.413680678985728,1.01703307889623,1.0099885021082575,Good
3.873042178864038,1.8321992364565696,1.1551779090555772,3.2375143723646778,Moderate
1.9253897905634163,6.328271089469201,1.1282549459774582,1.0,Moderate
3.2770197521002813,2.573625148554421,1.0060832304702685,1.9539397093868904,Moderate
2.4553857451050805,5.452720254935162,1.068132287602021,1.9139845022856603,Bad
1.684227629300143,5.776058811774976,1.0466381748931208,1.0799116128706598,Bad
2.8676048781902543,2.620952220691396,1.0644823381267003,2.0638180272505227,Good
1.7318991968183957,3.133693720223384,1.0127194869801788,1.484462130275788,Good
2.124488838161866,6.967186563318363,1.0012166404974738,1.2647054945485237,Bad
1.9618445148716763,4.127562235099861,1.0985484679362612,1.1248616703601186,Moderate
2.1947276651066527,4.474564328008161,1.0906112864360669,1.7042175673348532,Good
1.674529687251049,4.54953041027313,1.02215313797124,1.3645953103038984,Good
2.547924749960168,2.865443875351009,1.0394304516129032,1.2697003449367523,Moderate
2.6681234286817,5.330427100533218,1.0216231418577535,1.4345172223981009,Moderate
1.86802028099607,6.221785177161006,1.1112320248736882,1.839067739803229,Bad
1.988951902086708,2.0885226591504265,1.0757870097162845,1.4045505174051285,Good
3.164851255503491,6.122492979817633,1.260362633501749,2.1437296401211823,Bad
1.9997014010159415,1.610992501288348,1.0186552755538285,1.389567164908642,Good
2.1905046039044382,4.498227864076648,1.1340847353284105,1.254716992440266,Bad
3.507315610612564,4.15510659108358,1.710066070734551,2.648168774613486,Moderate
4.034040026195187,1.354953041027313,1.8208317046249516,2.633185422117,Moderate
1.405792794491985,3.236204158472072,1.0897784593859308,1.0,Good
2.2684383582718706,4.865012673138205,1.1737271574038088,1.11986681997189,Bad
3.7172809609620048,1.4692952473102447,1.276179043917606,3.741953506856981,Moderate
2.7590053800919554,5.361946930576443,1.077588940536339,1.8140958851984847,Bad
2.594831578155076,1.9820367468422329,1.1373705993004275,2.2086567018271563,Good
1.8814571707818284,5.046464667711368,1.0454722114263506,1.6293008048524218,Moderate
3.0853985999751607,5.145094286044824,1.1154294597745822,1.6892342148383668,Bad
2.012320341565076,3.772609194072547,1.2358558538670812,1.4445057245063584,Bad
1.6530307538894458,4.924171513309425,1.1469102215312863,1.2996670499297247,Moderate
2.012320341565076,3.054752163898909,1.0017033190827829,1.4345172223981009,Good
1.7040907931822258,5.993006110450869,1.0852312382432958,1.1847950803460634,Bad
2.591899873175516,2.778740679196071,1.1119315973571706,1.3446171074191833,Good
3.587936691339656,1.3707602831210628,2.0645668153905947,2.443396690050907,Bad
2.099134088744977,6.4149742856241385,1.312475718616401,1.7741394794290557,Bad
3.606748298341599,5.042489193651862,1.2623396813058687,2.59323021501577,Bad
1.9943266837997573,6.178338924939263,1.047804110376992,1.5993340998594494,Bad
2.8619964243368257,1.6665544839771569,1.192230345899728,2.7880137974700907,Good
1.6786191754467146,4.24976073535753,1.0127194869801788,1.4045505174051285,Moderate
5.284835202663876,1.9386851487647636,1.0072998989506412,5.470033894341126,Moderate
1.7766497658366087,4.936003281343668,1.047804110376992,1.4894557819958172,Moderate
2.1721604056801187,3.4768149932164527,1.1532976261173726,1.609322601967707,Good
1.6225349593967515,3.579325431465141,1.0231163093664983,1.1897887320660925,Good
2.517078415008472,4.226097199289042,1.0291995398367664,1.5493891919817622,Moderate
1.5374738500149925,2.687967354837353,1.1294209094442285,1.2647054945485237,Good
3.01992454339821,3.263843168600065,1.1399144966964632,2.133739939344725,Moderate
2.252314142126452,3.3860416688577346,1.3964244166342792,1.4644839273910732,Moderate
2.945655436379444,3.2007088543693403,1.0513019727944035,2.018867969761064,Moderate
2.5962973983964237,4.289231513519767,1.1923824329576371,1.7192009198313394,Moderate
1.8115855244871053,4.750670466855274,1.044073066459386,1.3645953103038984,Moderate
1.9190803202888496,5.314619858439468,1.0559657986785853,1.589345597751192,Bad
3.893946257643605,1.9268533807305197,1.12531472677808,3.097669349508073,Moderate
1.9378919272907928,2.849731287401533,1.241352506801399,1.829079237694972,Good
3.260615103587662,1.141981216410925,1.0223863194714342,2.417248941942239,Moderate
1.6422812549602122,6.596426280197301,1.0932763218033423,1.4544954252828155,Moderate
2.0561361575249064,2.762933437102321,1.0991061111542946,1.0,Good
2.47805316816231,3.232228684412566,1.3576944609405364,1.6542726594571655,Bad
2.488802602594679,3.7764900139877793,1.036144587640886,1.669256011953652,Moderate
3.467853719993183,4.919817422672822,1.002945563933152,2.101276408491738,Bad
1.9620782515089203,6.253305007204232,1.0991061111542946,1.4644839273910732,Bad
1.6852791861802827,3.7764900139877793,1.1643995336183444,1.0749167624824312,Good
1.8476730681453015,5.618365007414575,1.1317528083948698,1.5643725444782484,Bad
2.752164842634423,2.1476814993216453,1.2693354061406918,1.7741394794290557,Good
1.810417099288344,3.571469137490403,1.0291995398367664,1.3596004599156697,Good
2.573162631058436,2.171345035390133,1.00875985075787,3.976692296412532,Moderate
7.191698999840672,1.1696202265389186,1.1459977271667314,5.649834124298962,Bad
1.7879834128683587,4.825636549120242,1.2554960435289546,1.3695889620239272,Bad
2.2576888593426365,2.404004922015502,1.5130198118927325,1.5993340998594494,Bad
1.3168758690549398,3.92244670445821,1.0,1.2697003449367523,Good
2.3235878212634518,1.09465414427395,1.0145997699183833,2.5183134525333384,Good
1.4031054036354604,5.669572899466782,1.4057520404197434,1.3396222570309548,Bad
2.061266560618056,2.739269901033833,1.025317863972017,1.5034406438819374,Good
10.0,3.21651609646309,1.1119315973571706,3.542175074014432,Bad
1.3601074724153897,5.440888486900918,1.0,1.0799116128706598,Good
1.9755150767978145,3.3703290809082587,1.28799068169452,1.4395120727863295,Moderate
2.17169306139936,4.194577369245817,1.041974349008939,1.5643725444782484,Moderate
3.0638996666135574,2.5894323906481707,1.1095996984065293,2.148723291841211,Moderate
2.390265776314683,6.036357708528338,1.0608628060629617,1.5493891919817622,Bad
1.9620782515089203,3.315051060652272,1.1072677714729888,1.389567164908642,Good
6.098056496630502,1.9425659686799956,1.008516539448115,3.881798529713586,Bad
2.1578722862756115,3.271699462574803,1.0106601414691023,1.8009285150245733,Good
1.4541654429282402,6.391310749555651,1.0279828993392923,1.0,Moderate
1.776766569658366,3.0863666480864085,1.049882568208317,1.5993340998594494,Good
4.429550666038697,2.849731287401533,1.087598647493199,3.312431134847109,Moderate
1.5218382621156448,6.111323790793307,1.0292548620287605,1.4851753378546209,Bad
1.2660495663994038,4.494347044161417,1.0256510003886514,1.3596004599156697,Good
1.5939086065239567,4.178770127152067,1.0,1.1048834674754036,Good
1.8707076718525943,7.044329690901633,1.2844928192771086,1.4295223720098722,Bad
1.174678986743078,7.432506336569103,1.0023318989506411,1.329633754922697,Bad
1.9478234769834015,1.654722715942913,1.031798759424796,1.8540510922997155,Good
3.0134238399201583,5.819505063996719,1.024332949863972,1.4644839273910732,Bad
4.193996894131987,1.6152519377806758,1.0912485969685193,4.276359346342257,Bad
2.7226037367032463,1.5639493915841949,1.318305479984454,1.2996670499297247,Good
2.7360406264890047,6.2848248372474576,1.1842207446560435,1.7042175673348532,Bad
3.3487608400149043,3.157357256291871,1.0757870097162845,2.1687014947259264,Moderate
1.9432666445069773,2.3921731539812585,1.33113096618733,1.5194224869887896,Bad
3.829449393061931,1.3746411030362946,1.041366028760202,3.50721471730143,Moderate
1.2418632421812763,7.220102436818358,1.0167897396035757,1.500620177607999,Bad
2.5640489661055863,2.139825205346908,1.2751651675087443,1.529412187765247,Good
3.044270174871854,1.4377754172670194,1.274962403420132,2.148723291841211,Good
1.174678986743078,4.766477708949024,1.0046638258841818,1.0099885021082575,Good
1.1800537684561272,4.032908090825909,1.0,1.1897887320660925,Good
1.8733950627091192,2.530273550476952,1.0594636610959969,1.5743622452547057,Good
1.5159749166533891,3.374209900823491,1.0034978624174116,1.4045505174051285,Good
2.5254910635401826,2.372485091972277,1.0048665899727944,2.053829525142265,Good
1.3090474976194746,2.5933132105634025,1.2087057815779243,1.779134329817284,Good
2.545120555281886,4.478539802067667,1.0693489280994948,1.6542726594571655,Moderate
2.7494774517778984,3.0390395759494333,1.4372328021764478,1.7591561269325693,Good
1.7431160400283885,4.24976073535753,1.0304162083171395,1.4544954252828155,Bad
1.830046591030047,5.409274002713419,1.6740228931208705,1.3596004599156697,Moderate
3.5007193227812023,1.907070664577264,1.08861252390206,2.2036630501071275,Moderate
1.8223350234163396,7.026345403489582,1.369607452778857,1.3596004599156697,Bad
1.3449180093283537,3.2007088543693403,1.0076316921881072,1.3196452528144396,Good
2.1367572382519984,5.6498848374578,1.0023318989506411,1.4644839273910732,Bad
1.6898360186567072,2.3921731539812585,1.041974349008939,1.4644839273910732,Good
1.2418632421812763,5.586750523227075,1.034978624174116,1.11986681997189,Good
4.429550666038697,2.849731287401533,1.087598647493199,3.312431134847109,Moderate
1.005608453853429,3.748945658004059,1.0012166404974738,1.11986681997189,Good
1.7873992002689778,4.2970878074945045,1.3439564803731052,1.4994454827722743,Moderate
1.6369065377440275,6.288800311306964,1.0757870097162845,1.7391791227160542,Bad
3.907967360028744,3.819936266209522,1.0778654675476098,2.3285235217990463,Moderate
2.65448479270353,4.782190296898499,1.01703307889623,1.529412187765247,Bad
1.988951902086708,4.461596710242629,1.0676253493975905,2.0873634666976013,Good
2.8059122082868626,7.621814625117003,1.0048665899727944,1.7042175673348532,Bad
7.113765309970105,3.4925275811659287,1.071123211815002,2.817980502463063,Bad
1.86533295463641,5.338283394507956,1.6121259230470268,1.5344058394852758,Bad
1.4823243870234115,3.437344215054216,1.031798759424796,1.4245287202898431,Good
2.163630953326651,5.141118811985318,1.0862805969685192,1.6193123027441645,Moderate
3.1166698402707205,2.411955870134514,1.1046316984065294,2.373473579288505,Moderate
3.1767691796314863,1.5442613295752132,1.0804508356004665,2.093784732243495,Moderate
1.459540160144425,4.979449533565411,1.0932763218033423,1.11986681997189,Moderate
1.5320991327988076,5.811554115877707,1.172561221919938,1.4644839273910732,Bad
3.905163100853597,3.1967333803098343,1.1131482378546445,1.99389611515632,Moderate
2.0143597969200124,3.950085714586204,1.0635974908666923,1.389567164908642,Moderate
1.5159749166533891,5.180589590147555,1.0279828993392923,1.419533869901615,Bad
1.905643494999956,3.7804654880472848,1.6447726482705014,1.4744724294993308,Bad
1.0813221616450948,4.147250297108842,1.0279828993392923,1.11986681997189,Good
3.2742155574219995,2.0570028291072013,1.0121664889234356,2.0338513222575503,Good
1.7290950021401137,6.194146167033013,1.1788472164788184,1.1847950803460634,Bad
1.5320991327988076,4.202433663220555,1.0693489280994948,1.5144288352687607,Good
2.4726783864492603,2.6249276947509017,1.4617178390983288,2.0088794676528066,Bad
1.7290950021401137,3.973749250654691,1.015816410415857,1.374583812412156,Good
1.647656036673261,6.399261697674663,1.0769529731830547,1.4045505174051285,Moderate
3.5742661294135183,4.825636549120242,1.0863820069957248,2.103773234351753,Bad
1.8492087384909917,4.466708034033423,1.0513019727944035,1.4794672798875594,Moderate
2.488802602594679,3.4491759830884594,1.0851146614846483,2.058823176862294,Moderate
1.5013165207493189,4.147250297108842,1.0338126607073457,1.1398450228566048,Good
2.6876679780527493,3.926422178517716,1.2261950936649826,1.6842393644501383,Bad
1.5670349559461694,4.683655332709317,1.0233190734551108,1.2247502874472935,Good
1.2284264168923824,3.792297256081529,1.0,1.2397336399437795,Good
1.970384673704665,6.04430865664735,1.072289147298873,1.0,Bad
3.6499799017020487,1.6980743140203822,1.0851653385153517,3.287458081574165,Moderate
5.996809705591378,2.153644710410904,1.1605334722114264,2.5732520121310545,Bad
2.676918479123516,2.5933132105634025,1.2670035071900505,1.5743622452547057,Good
1.5777843903785382,3.953966534501435,1.096774184220754,1.4295223720098722,Good
2.3194983330677856,3.437344215054216,1.0454722114263506,1.6342956552406505,Good
3.3065307439676785,1.5857198447672034,1.0946088394869802,2.2612075143710326,Moderate
2.912472251030225,1.8715753604745329,1.2567126840264282,1.6892342148383668,Bad
2.443117345014948,5.582869703311843,1.35445006762534,1.834072889415001,Bad
2.241564643197218,3.6424597456958656,1.521181500194326,1.059933409985945,Bad
3.266185310800394,2.1121861952189143,1.156449843762145,2.123751437236468,Moderate
2.131382521035814,2.364628797997539,1.0174893120870578,1.7891228319255417,Good
1.4541654429282402,6.6358970583595385,1.0279828993392923,1.0,Moderate
2.413556303580636,3.725282121935572,1.0,2.058823176862294,Moderate
2.598984789252948,3.5004785292849405,1.2191993688301594,2.388456931784991,Good
2.0856971989592186,5.231797482199762,1.0966681849980566,1.469478777779302,Moderate
2.1973982867783857,6.1389628009213,1.099765108433735,1.329633754922697,Bad
1.929829819218084,5.271268260362,1.0888152879906725,1.3995556670168998,Moderate
1.9352045364342685,5.298907270489993,1.1294209094442285,1.2697003449367523,Bad
1.658989683705011,4.269543451510785,1.1216647773027597,1.6992227169466243,Good
2.1690056705428358,2.758957963042815,1.0279828993392923,1.4544954252828155,Good
1.8518960648506515,5.9180400281859,1.2355227454333464,2.228634904711871,Bad
1.174678986743078,4.151225771168347,1.0046638258841818,1.11986681997189,Good
2.0534487666683816,3.6108452615083664,1.0991061111542946,1.6592675098453944,Good
1.353330657860064,4.474564328008161,1.0190792444617178,1.3046619003179534,Good
2.744102734561713,4.596857482410105,1.0489700738437622,1.4345172223981009,Moderate
1.3337011661183609,4.001293606638411,1.1946636548775749,1.0,Good
2.760226950707132,6.568787270069308,1.4162456276719784,1.354605609527441,Bad
3.1844807472451944,3.677955049798597,1.041366028760202,1.5244173373770182,Good
3.49574822694357,4.360222121725229,1.1058483668869024,2.2635964600930727,Bad
1.2767990653286376,3.7213066478760655,1.0279828993392923,1.2497221420520372,Good
1.1881158765288364,4.210384611339567,1.0,1.0,Good
4.286535898987076,2.2305038755613515,1.0279828993392923,2.038846172645779,Bad
5.181079354598796,1.2879379068813563,1.1338312662261951,4.196448932139797,Moderate
2.7301985004951965,5.145094286044824,1.1143649063350174,2.0288564718693216,Bad
1.5535980661604107,4.301063281554011,1.1515740474154683,1.4395120727863295,Moderate
1.6422812549602122,5.578894229252337,1.1247570835600469,1.2097669349508071,Bad
2.144118265406705,3.1612380762071037,1.0457902090944422,1.6143174523559356,Good
2.3436846572859134,3.4806958131316845,1.0151574131364167,1.3196452528144396,Moderate
1.611318116186759,4.379910183734211,1.0051099292654488,1.6243059544641931,Moderate
1.0844322649520877,4.001293606638411,1.0321803342401863,1.15982202707312,Good
1.6557181447459706,3.800153550056266,1.1200932856587642,1.0699219120942025,Good
1.988951902086708,5.389585940704437,1.1643995336183444,2.798002299578348,Moderate
1.5939086065239567,3.236204158472072,1.0586308340458608,1.824084387306743,Good
1.2131200854867243,5.13326251801058,1.0,1.214761785339036,Good
2.8112869255030475,2.1950085714586205,1.0652934224640498,1.6143174523559356,Good
2.020732990096786,3.5990134934741222,1.0279828993392923,2.0288564718693216,Good
1.5132875257968648,5.594701471346087,1.1200932856587642,1.0249718546047435,Bad
2.5425500327439834,6.328271089469201,1.0769529731830547,1.9489460576668611,Bad
1.6057096623333302,5.756370749765994,1.0072998989506412,1.7192009198313394,Good
1.550910739800751,5.922015502245406,1.1947143319082782,1.154828375353091,Bad
1.636555997285026,2.975905261718709,1.026710936649825,1.354605609527441,Good
1.9557262778005944,5.468432842884638,1.13609863661096,1.5094339848805318,Bad
1.908330821359616,4.94395422946268,1.037310523124757,1.4594890770028446,Moderate
2.332935222853544,1.4141118811985318,1.1842207446560435,1.6792457127301093,Good
3.024640683130151,2.83789951936729,1.0827320575204042,1.709212417723082,Moderate
2.657288987381812,6.087660254724819,1.0121664889234356,1.329633754922697,Bad
2.013138226304836,5.894376492117413,1.2215312957637,1.7570536629102624,Bad
1.2660495663994038,4.494347044161417,1.0256510003886514,1.3596004599156697,Good
2.5237384257420405,2.687967354837353,1.2739992320248736,1.5094339848805318,Good
1.365482254128439,3.567493663430897,1.0093276237854645,1.609322601967707,Good
1.9432666445069773,5.196302178097031,1.3707734162456275,1.589345597751192,Bad
4.031352635338663,1.8400555304313075,1.191216469490867,4.026637204290219,Moderate
2.1260077393227643,5.772177991859743,1.1180148278274389,1.644284157348908,Bad
2.315175172731741,5.3264516264737125,1.0097331799455889,1.2497221420520372,Bad
2.1916563244152734,2.2620237056045767,1.0294556952973184,1.604328950247678,Good
1.634219146887503,3.764658245953535,1.125923047026817,1.4395120727863295,Good
2.289937291633473,3.859312390227485,1.3019821313641664,1.1448386745766337,Moderate
1.4568527692879003,2.565768854579683,1.024485036921881,1.2497221420520372,Good
1.510366462799961,5.176614116088049,1.109387699961135,1.294672199541496,Moderate
3.0074649101045927,3.058727637958415,1.4104158663039257,1.5993340998594494,Bad
2.93490593745021,1.903189844662032,1.1783909832879906,2.35349657507199,Good
3.11157123413181,3.323002008771284,1.0048665899727944,2.318535019690789,Moderate
1.9378919272907928,5.010969363608637,1.2110377085114652,1.0099885021082575,Bad
1.6369065377440275,4.040764384800648,1.030314798289934,1.374583812412156,Good
2.55072894463845,1.9702049788079887,1.0572377613680528,2.173696345114155,Good
2.201254102833672,3.740994709885048,1.0944422852701128,1.529412187765247,Good
4.637062297671992,1.362809335002051,1.1094982883793238,3.122641204112817,Moderate
3.305061827876831,1.8360800563718012,1.2238631947143412,1.839067739803229,Moderate
1.55897284787346,4.399692899887466,1.0046638258841818,1.0,Good
1.8814571707818284,2.7432453750933394,1.0851653385153517,1.779134329817284,Good
3.618572702015951,2.409305554094844,1.0881461329187718,2.9711427290185446,Moderate
1.9647655778685804,5.393561414763943,1.3322969296541003,1.3845723145204134,Bad
1.8492087384909917,2.9285781895817338,1.06645938593082,1.1048834674754036,Good
1.5888844297667737,5.070128203779855,1.01703307889623,1.0899001149789174,Moderate
1.5720591327033524,4.111754993006111,1.1131482378546445,1.9988897668763488,Good
2.906863797176796,3.6029889675336286,1.041366028760202,1.9639294101633475,Moderate
2.7226037367032463,3.9816055446294287,1.2565099199378158,1.7042175673348532,Moderate
2.0749477645268493,2.904914653513246,1.0384764865915277,1.5394006898735046,Good
1.825022414272864,5.006993889549131,1.15507190983288,1.5044391344923034,Moderate
1.8384592395617576,2.459282942271489,1.167897396035756,2.0887898818552664,Good
3.1498954645568342,4.7151751627525424,1.3521181406917997,1.484462130275788,Bad
2.2576888593426365,5.152950580019562,1.0356145915274,1.5044391344923034,Moderate
1.6050419907911808,5.018825657583375,1.1049358725223477,1.3995556670168998,Moderate
2.12168457898672,5.338283394507956,1.0699572483482316,1.389567164908642,Bad
1.7497760507619564,3.425512447019972,1.1772250198212204,2.288568314697816,Good
2.193191994760963,2.3527970299632948,1.037310523124757,1.2846836974332383,Good
2.4637983936367918,3.326882828686516,1.165464087057909,1.5394006898735046,Good
1.8465213476344668,3.5911571994993845,1.1200932856587642,2.103773234351753,Good
2.3482916038261177,6.698936718445989,1.243329554605519,1.1648168774613483,Bad
1.639360191963308,3.259867694540559,1.0915803902059853,1.3396222570309548,Good
1.8465213476344668,5.231797482199762,1.0320637294986397,1.5593788927582195,Bad
3.490139837587006,1.6704353038923887,1.0742155180722892,2.1187565868482388,Good
2.670775926734486,3.6029889675336286,1.052149938593082,1.4544954252828155,Moderate
1.8303971314890488,6.726575728573982,1.1597357077341623,1.15982202707312,Bad
2.945655436379444,1.9465414427395011,1.0652934224640498,1.6980480221108998,Good
1.6584054711056306,6.178338924939263,1.0256510003886514,1.314650402426211,Bad
2.3060615077788915,4.498227864076648,1.0687912848814614,1.5743622452547057,Moderate
2.786282716545159,1.7493768602168631,1.9416853975903616,1.2497221420520372,Moderate
2.404909982908546,4.592882008350599,1.0656989786241742,2.11376293512821,Good
1.4542822467499978,3.800153550056266,1.067413350952196,1.3446171074191833,Good
1.2635959121801232,4.786165770958005,1.008516539448115,1.254716992440266,Good
2.17169306139936,5.058296435745612,1.0524679362611735,1.2197554370590649,Moderate
2.4028068046514024,6.134987326861794,1.1865526715895842,1.6842393644501383,Bad
2.2872499007769487,3.867263338346497,1.0489700738437622,1.484462130275788,Moderate
3.439664010893607,2.214696633467602,1.1484310361445784,2.8379575066795786,Moderate
2.131382521035814,3.031088627830422,1.041974349008939,1.4544954252828155,Good
1.5724096731623538,6.395286223615157,1.0268169358725223,1.1903772781521544,Bad
3.2377607686168752,1.5757811596184386,1.049882568208317,2.4134299850579346,Good
1.712152901254935,5.811554115877707,1.0489700738437622,1.5344058394852758,Moderate
1.002804194678282,4.947835049377912,1.0,1.2397336399437795,Good
1.6422812549602122,6.596426280197301,1.0932763218033423,1.4544954252828155,Moderate
1.408480120851645,5.30676356446473,1.037310523124757,1.2397336399437795,Moderate
1.9110182122161403,6.584594512163057,1.1154294597745822,1.484462130275788,Bad
2.754852168994083,5.148975105960056,1.2751651675087443,1.174805379569606,Bad
3.6724135881220334,3.2401796325315777,1.122881417800233,3.9866819971889895,Moderate
1.0084126485317106,2.873394823470021,1.0,1.2397336399437795,Good
1.171991660383418,6.671392362462269,1.0256510003886514,1.1248616703601186,Bad
1.7038570565449818,5.279124554336737,1.0356145915274,1.4644839273910732,Bad
2.327560441140495,7.412818274560121,1.1982121943256898,1.4045505174051285,Bad
2.1413140707284226,4.273424271426018,1.053633899727944,1.1098783178636322,Bad
1.776766569658366,3.6936676377480726,1.0,1.2397336399437795,Good
2.1916563244152734,4.028932616766404,1.0250373354061406,1.1123751437236469,Moderate
3.9107715547070256,1.2879379068813563,1.068132287602021,2.8529408591760648,Moderate
1.877718223045164,3.0114005658214404,1.0394304516129032,1.4345172223981009,Good
1.9647655778685804,6.529411146051344,1.209871745044695,1.5094339848805318,Bad
1.773962374980084,2.810260509239296,1.058399107656432,1.2896785478214672,Good
2.400503363629732,3.0264505747609984,1.0612958694131365,1.5194224869887896,Good
2.1905046039044382,3.212540622403584,1.053633899727944,2.19367334933067,Good
2.0749477645268493,5.148975105960056,1.02215313797124,1.354605609527441,Bad
2.6177963317580266,7.1012168316102775,1.4121117979012825,1.5643725444782484,Bad
2.5452373591036435,2.0845471850909205,1.0314807617567043,2.6531636250017145,Good
2.072260373670325,2.71163089090584,1.041974349008939,1.4245287202898431,Good
2.558674248889402,5.862856662074187,1.222697231247571,1.3196452528144396,Bad
3.214392329138508,4.790141245017511,1.222697231247571,1.604328950247678,Bad
1.3925896413434706,4.28137521954503,1.1046316984065294,1.529412187765247,Good
2.5962973983964237,5.748514455791256,1.263505644772639,1.5993340998594494,Bad
2.5747984650348203,4.170913833177329,1.041974349008939,1.644284157348908,Good
1.440261208861723,6.773902800710958,1.099765108433735,1.1947835824543211,Bad
1.8303971314890488,4.857156379163468,1.481539050136028,1.0,Bad
2.404909982908546,4.592882008350599,1.0656989786241742,2.11376293512821,Good
1.6557181447459706,4.143274823049335,1.7170617955693743,1.389567164908642,Bad
3.31908293026197,3.7804654880472848,1.0279828993392923,2.3285235217990463,Moderate
3.714243029646479,1.6940988399608763,1.2401865433346289,2.0088794676528066,Moderate
3.4368598162153248,2.2659991796640826,1.0048665899727944,2.223640054323643,Moderate
2.996715411175359,2.2423356435955952,1.0804508356004665,2.0788013797470093,Good
2.2361899259810336,4.178770127152067,1.053633899727944,1.3737027912853623,Moderate
1.4795201923451295,1.6822670719266326,1.0012166404974738,1.5176065046662153,Good
1.3112674796983756,4.577169420401123,1.0,1.329633754922697,Good
1.3842937966335174,4.734863224761524,1.0513019727944035,1.9039960001774028,Moderate
2.709166911414352,2.979880735778215,1.1271950097162844,1.6642623602336228,Moderate
1.7417139426892472,6.04430865664735,1.2238631947143412,1.1798002299578347,Bad
2.3732457632170902,5.298907270489993,1.034978624174116,1.11986681997189,Bad
2.2226362323735174,6.067972192715837,1.0656989786241742,2.058823176862294,Bad
1.5944928191233376,5.543398925149606,1.026766258841819,1.419533869901615,Bad
1.992690849823372,2.845755813342027,1.0097331799455889,1.419533869901615,Good
2.913407004088607,4.569218472282111,1.4034201414691023,1.544395540261733,Bad
2.2030067406318143,2.526298076417446,1.4720593392926546,1.1298553220801475,Moderate
1.8707076718525943,3.725282121935572,1.0011659634667702,1.7591561269325693,Good
2.03873896676324,3.792297256081529,1.0589113626117372,1.4270255461498578,Good
1.5664507433467885,3.283531230609047,1.008516539448115,1.5144288352687607,Good
1.1009515888899335,7.479833408706078,1.0316328488146134,1.11986681997189,Bad
1.857270846563701,5.776058811774976,1.197046258841819,1.3695889620239272,Bad
2.57748579139448,5.957510806348138,1.2320248830159346,1.3396222570309548,Moderate
3.509769264831845,2.6564475247941277,1.0377160792848814,1.9039960001774028,Moderate
1.2355537719067096,2.6682792928283705,1.0228951045472212,1.1847950803460634,Good
3.020901735393487,2.924602715522228,1.1247570835600469,1.274695195324981,Moderate
1.5243875651851,3.12186195218914,1.0,1.274695195324981,Good
1.5328002137168106,4.048620678775386,1.094124287602021,1.414539019513386,Good
2.9433185859819204,4.734863224761524,1.0571824391760591,1.589345597751192,Bad
2.408181521867587,5.267292786302494,1.0186552755538285,1.0998886170871751,Bad
1.6758149807684326,5.018825657583375,1.0194663598911775,1.409545367793357,Moderate
1.2383579665849915,4.805853832966987,1.0255495903614458,1.0749167624824312,Good
2.89003856461024,6.036357708528338,1.0145997699183833,1.829079237694972,Bad
2.681879771437732,5.11385841843442,1.0854214939759037,1.569367394866477,Bad
1.482029184874221,2.8930828854790027,1.0023318989506411,1.799112532701999,Good
1.9225855958851343,3.425512447019972,1.0620490291488536,1.4445057245063584,Good
1.639105300354481,5.1844704100627865,1.033070694131364,1.9889012647680917,Moderate
2.932101742771928,1.6675956795641702,1.159380856587641,1.6293008048524218,Good
2.36565099942514,2.715606364965346,1.1046316984065294,2.628190571728771,Good
1.5243875651851,3.12186195218914,1.0,1.274695195324981,Good
1.4461033348555312,5.44476930681615,1.005829761368053,1.4794672798875594,Bad
3.0134238399201583,5.819505063996719,1.024332949863972,1.4644839273910732,Bad
1.8975813869272469,5.1844704100627865,1.1107656338904004,1.3596004599156697,Bad
3.8862346900298967,5.298907270489993,1.215701506412748,1.8740292951844304,Bad
1.6449686458167367,3.725282121935572,1.1399144966964632,1.609322601967707,Good
3.5602450915252435,1.410136407139026,1.2567126840264282,3.1026641998963016,Moderate
2.536707906750175,1.7375450921826194,1.0340661298095608,1.5743622452547057,Good
1.733651834616538,4.466708034033423,1.0408083855421686,1.274695195324981,Good
2.241564643197218,2.912770947487984,1.06645938593082,1.2497221420520372,Good
1.5858464984512477,4.308919575528749,1.1165954232413524,1.5793558969747346,Good
1.7094655103984104,4.431212729930692,1.197046258841819,1.6492790077371366,Moderate
1.9459540353635016,2.569649674494915,1.096774184220754,1.4894557819958172,Good
2.335622549213204,5.821776763459293,1.197046258841819,1.484462130275788,Bad
2.091071980672268,2.0411955870134517,1.222697231247571,1.4794672798875594,Good
2.1394446291085227,5.882544724083169,1.2565099199378158,1.414539019513386,Bad
1.765900266907375,2.5894323906481707,1.0617955600466382,1.1448386745766337,Good
2.5909226811802384,5.180589590147555,1.1643995336183444,1.6143174523559356,Moderate
1.7470886599054318,4.896627157325705,1.1119315973571706,1.8140958851984847,Moderate
3.429381920741996,1.8005847522690703,1.278663029926156,3.612098184776834,Moderate
2.0627961682584743,2.297519009707308,1.0190792444617178,1.5244173373770182,Good
2.9913406939591747,2.620952220691396,1.2724834823163622,1.6592675098453944,Moderate
3.571461934735236,1.4377754172670194,1.083948698017878,3.222531019868191,Moderate
1.5939086065239567,5.2042531262160425,1.0466381748931208,1.978912762659834,Moderate
1.7186793389819544,4.151225771168347,1.1017560077730275,1.8690344447962015,Moderate
1.346670647126496,5.200277652156537,1.1539059463661097,1.4744724294993308,Good
1.544017056926803,6.253305007204232,1.0279828993392923,1.329633754922697,Bad
1.9352045364342685,2.979880735778215,1.145744258064516,1.529412187765247,Good
2.1851298866882534,4.73883869882103,1.145744258064516,1.5643725444782484,Moderate
2.4803566091839797,5.989030636391363,1.1861471154294598,1.3995556670168998,Bad
1.5496254462833672,2.2896627157325704,1.0445182464049747,1.4644839273910732,Good
1.802985964041837,2.762933437102321,1.1002720466381657,1.6992227169466243,Good
2.082425660000178,2.865443875351009,1.0279828993392923,1.4944506323840456,Good
1.725589726543829,5.764227043740732,1.0582976976292269,1.274695195324981,Bad
2.222753036195275,3.464983225182209,1.1049358725223477,1.3246389045344684,Good
2.453866843944182,4.868988147197712,1.0198212110376992,1.4794672798875594,Bad
2.0319498333067787,2.2581428856893453,1.064127486980179,1.4794672798875594,Good
1.8760823890687792,5.574918755192831,1.0466381748931208,1.5094339848805318,Bad
2.521051034885516,5.55523069318385,1.0676253493975905,1.8890126476809168,Bad
2.27112568463153,5.314619858439468,1.247182268169452,1.5993340998594494,Bad
3.11157123413181,2.6959183029563643,1.068132287602021,1.9039960001774028,Moderate
1.0245702095561178,3.882691963863151,1.0026650353672757,1.0,Good
2.023887725234069,3.4846712871911905,1.0389327197823552,2.11376293512821,Good
2.1020551517418813,4.43906902390543,1.0961151869413135,1.2796888470450098,Moderate
1.56084228949336,3.579325431465141,1.0228951045472212,1.4544954252828155,Good
2.547924749960168,6.462301357761114,1.3287990672366887,1.0699219120942025,Bad
1.3816064702738573,5.172638642028543,1.0384764865915277,1.0549385595977163,Moderate
1.3117348239791344,5.393561414763943,1.0,1.11986681997189,Moderate
1.740311845350106,3.71733117381656,1.2323797341624565,1.6942290652265954,Moderate
3.1143754933069565,4.81768560100123,1.0,2.2186464026036137,Bad
2.3114362249950764,4.407549193862204,1.1705624314030314,1.0899001149789174,Bad
3.131200725873513,2.7314136070590957,1.008516539448115,1.644284157348908,Moderate
2.342707465290636,1.4456317112417572,1.0356145915274,1.639289306960679,Good
2.034637224163303,3.626652503602116,1.1737271574038088,1.644284157348908,Moderate
1.521349633869574,4.640209080487574,1.0186552755538285,1.059933409985945,Moderate
1.755150767978141,6.190170692973507,1.0874465604352896,1.059933409985945,Bad
1.66459813755844,5.886520198142675,1.13291877186164,1.1448386745766337,Bad
2.27650046634458,5.922015502245406,1.2225912320248735,1.1947835824543211,Bad
3.988354704118592,6.063996718656331,1.2916112771084338,2.460876868407408,Bad
2.854284856723118,5.081959971814099,1.2320248830159346,1.3196452528144396,Bad
2.201254102833672,2.829948571248278,1.4535561507967354,1.2996670499297247,Moderate
1.4434159439990064,5.5710379352776,1.0151574131364167,1.0799116128706598,Bad
1.7014034023257012,4.975474059505905,1.1469102215312863,2.443396690050907,Good
4.101457953773765,1.89523889654302,1.0048665899727944,2.338513222575504,Moderate
2.241564643197218,1.3194577369245817,1.4279051783909833,1.2097669349508071,Bad
3.5329677550720398,2.684086534922121,1.150864317139526,2.5832405142393124,Bad
1.9701403595816296,5.460576548909899,1.1830548091721729,1.469478777779302,Bad
1.378568538958331,4.135418529074598,1.0024333089778468,1.4994454827722743,Good
3.515377718685273,1.9307342006457515,1.1107149568596968,2.2086567018271563,Moderate
2.236657270261792,5.152950580019562,1.0,1.724195770219568,Bad
1.053280021371681,5.212109420190781,1.0291995398367664,1.3596004599156697,Good
2.071208816790185,2.8575875813762712,1.0190792444617178,1.0549385595977163,Good
2.4296805197260545,5.8707129560489255,1.145744258064516,1.4395120727863295,Moderate
1.4864138752190772,3.82779256018426,1.0594636610959969,1.5993340998594494,Good
3.2405649632951574,2.8930828854790027,1.032849489312087,1.983906414379863,Moderate
2.47805316816231,5.125311569891568,1.0,1.6642623602336228,Bad
1.5047580734433967,3.8909268744149847,1.0216231418577535,1.4994454827722743,Good
2.2759162537451987,5.208133946131275,1.0510992087057909,2.2436182572083574,Bad
2.93490593745021,2.4513319941524774,1.3637776914108044,1.5344058394852758,Bad
1.888935066255157,3.3703290809082587,1.1119315973571706,1.5044391344923034,Good
3.034338625179245,3.886951400355479,1.0620490291488536,2.0288564718693216,Moderate
1.3056590258449472,3.4886467612506964,1.0152634123591138,1.2297451378355222,Good
1.193490593745021,4.060452446809629,1.0145997699183833,1.3596004599156697,Good
1.7578381588346657,6.119180084768044,1.315973581033813,1.1298553220801475,Bad
2.6957300861254585,6.549099208060325,1.1002720466381657,1.4894557819958172,Bad
2.5506121408166926,3.4768149932164527,1.426739214924213,1.6992227169466243,Moderate
2.3490594389989625,2.3409652619290515,1.1877186070734551,1.484462130275788,Good
2.68981785203985,2.302914295930924,1.0559657986785853,2.142260072908327,Good
3.305061827876831,3.886951400355479,1.0827320575204042,3.3523863419483386,Bad
1.5965959973804815,4.26556797745128,1.2530120575204042,1.4295223720098722,Moderate
2.8704090728685365,4.415405487836942,1.2670035071900505,1.4544954252828155,Moderate
2.088384589815744,5.551255219124344,1.0781189366498252,1.7042175673348532,Bad
2.3796720373134144,5.058296435745612,1.2518460940536338,1.5493891919817622,Bad
1.7793370921962686,5.267292786302494,1.093043140303148,1.4245287202898431,Bad
1.5670349559461694,4.423356435955954,1.0396424500582977,1.0249718546047435,Moderate
1.7444013335457718,5.929871796220144,1.2530120575204042,1.609322601967707,Moderate
2.177067778615545,5.200277652156537,1.0827827345511076,1.8140958851984847,Bad
2.813974316359572,4.545554936213623,1.2075398460940536,1.4445057245063584,Bad
1.50791280858068,3.9619174826204473,1.0198212110376992,1.0,Good
5.197904651662217,1.907070664577264,1.083948698017878,3.4972250165249728,Bad
2.1797551694720694,3.748945658004059,1.1667314325689857,1.7391791227160542,Good
2.5640489661055863,1.7848721643195944,1.3439564803731052,1.669256011953652,Moderate
2.571378131809189,5.44476930681615,1.0635974908666923,1.7491676248243118,Bad
2.416243629940296,7.1761829138752455,1.1947143319082782,1.274695195324981,Bad
1.5052254177241555,4.170913833177329,1.1783909832879906,1.1302904386366457,Moderate
2.6937437761869365,2.5933132105634025,1.1034150579090556,1.824084387306743,Good
1.0557018141398584,3.5004785292849405,1.0,1.0998886170871751,Good
2.741415343705189,5.965367100322875,1.3248449716284494,1.2097669349508071,Bad
2.101821415104637,4.592882008350599,1.2063738826272834,1.5643725444782484,Moderate
3.2742155574219995,5.105623507882586,1.0425826692576758,1.6143174523559356,Bad
3.300388191578649,3.153381782232365,1.079284872133696,2.0638180272505227,Moderate
1.7038570565449818,3.374209900823491,1.1119315973571706,1.5194224869887896,Good
2.1889857027435395,3.2007088543693403,1.3218033424018656,1.1897887320660925,Bad
1.7515286885600987,4.230072673348548,1.0582976976292269,1.3645953103038984,Good
2.5550910610807023,1.4614389533355068,1.266445863972017,2.288568314697816,Good
1.4066106792317452,3.29536299864329,1.0,1.15982202707312,Good
2.236657270261792,6.549099208060325,1.032849489312087,1.2796888470450098,Bad
1.4434159439990064,4.174889307236835,1.0046638258841818,1.1048834674754036,Good
2.3740636479568504,1.2642743708128688,1.0343426568208318,1.8091010348102567,Good
3.1536344122934983,1.9820367468422329,1.257929324523902,1.8190895369185145,Moderate
3.218131276875172,3.2401796325315777,1.0437993097551497,1.824084387306743,Moderate
1.6449686458167367,4.22221637937381,1.0804508356004665,1.0499449078776877,Good
2.905344896015898,4.7309824048462925,1.3253012048192772,1.4245287202898431,Moderate
2.230815144267984,5.373778698610687,1.0617955600466382,1.4295223720098722,Moderate
2.107663541098445,5.523710863140624,1.2141300147687524,1.3945620152968707,Good
2.410868912724111,5.661716605492043,1.1597357077341623,1.0799116128706598,Bad
1.986264575727048,4.9281469873689305,1.0093276237854645,1.2896785478214672,Moderate
2.2684383582718706,4.865012673138205,1.1737271574038088,1.11986681997189,Bad
1.988951902086708,5.511879095106381,1.114263496307812,1.2996670499297247,Moderate
1.773962374980084,4.139394003134104,1.0104935872522347,1.349611957807412,Good
1.5651154002624894,2.814235983298802,1.0,1.6193123027441645,Good
2.0265751160905943,3.942134766467192,1.0466381748931208,1.414539019513386,Good
2.643267949493538,2.510490834323696,1.2670035071900505,2.2436182572083574,Bad
2.7790384932122105,2.948266251590716,1.0781189366498252,2.123751437236468,Good
3.660495663994039,1.8755508345340384,1.1294209094442285,2.897890916665524,Moderate
5.943824886368888,2.7274381329995894,1.1192314963078118,3.617091836496863,Bad
1.5748633273816344,3.3978734368919787,1.0060832304702685,1.0,Good
1.854583455707176,3.871144158261729,1.014657722502915,1.374583812412156,Moderate
3.053150167684324,2.404004922015502,1.2531180567431015,1.7142060694431107,Bad
1.8465213476344668,5.8391931260057,1.1235911480761758,1.5144288352687607,Bad
1.7094655103984104,4.900507977240936,1.0,1.804106184422028,Moderate
1.854583455707176,5.263411966387261,1.0571317621453555,1.3096555520379822,Bad
2.392057305722169,3.8474806221932414,1.2926544795958026,2.0138731193728354,Moderate
2.747023797558618,4.498227864076648,1.048665899727944,1.4045505174051285,Bad
1.7795708288335126,6.714743960539739,1.026766258841819,1.1997784328425498,Bad
1.3757643442800491,4.596857482410105,1.0291995398367664,1.4794672798875594,Good
1.8223350234163396,3.279555756549541,1.3089778561989895,1.5993340998594494,Moderate
2.814324856818573,2.6959183029563643,1.059615748153906,2.0638180272505227,Moderate
2.572111074178296,5.724850919722768,1.2448503692188106,2.333518372187275,Bad
1.7010528618666996,3.149406308172859,1.0024333089778468,1.0,Good
1.8975813869272469,4.758526760830012,1.1935483964244074,1.3596004599156697,Bad
2.354434156215147,4.15510659108358,1.0559657986785853,1.7841291802055128,Moderate
2.7252911275597707,4.186721075271079,1.1189273221919938,1.764150977320798,Moderate
1.3953938360217526,3.875119632321235,1.0462326187329964,1.5993340998594494,Good
1.862645563779885,4.734863224761524,1.0279828993392923,1.1897887320660925,Moderate
4.303361131553632,2.033339293038713,1.142458394092499,2.1637066443376973,Bad
2.109883523177346,6.229641471135745,1.1772250198212204,1.9339627051703752,Bad
2.7638490301251744,1.2602988967533628,1.310245201710066,2.4983352496486235,Bad
1.274111674472113,4.746694992795767,1.0093276237854645,1.214761785339036,Moderate
1.3117348239791344,4.797997538992249,1.0944422852701128,1.1847950803460634,Moderate
2.663481653834621,4.43906902390543,1.2203653322969297,1.724195770219568,Bad
1.4461033348555312,3.7449701839445537,1.0116595507190052,1.2896785478214672,Good
1.3950432955627512,3.40582438501099,1.0,1.1448386745766337,Good
1.2579874583266948,3.110219492443444,1.0391760590750097,1.472416713536813,Good
1.6127202135259,3.074534880052165,1.079284872133696,1.1798002299578347,Good
1.1666168786703688,7.042057991439059,1.0,1.0,Bad
2.050761440308721,5.342258868567462,1.0174893120870578,1.544395540261733,Bad
1.6982486671884178,3.7449701839445537,1.176413935483871,1.2896785478214672,Good
1.5159749166533891,5.330427100533218,1.0206830003886511,1.3695889620239272,Moderate
2.144118265406705,3.914590410483472,1.1155815468324912,1.5044391344923034,Good
1.9970140101594172,5.042489193651862,1.1655654970851146,1.6842393644501383,Moderate
1.5294117419422832,6.438637821692627,1.053633899727944,1.544395540261733,Bad
1.773962374980084,4.139394003134104,1.0104935872522347,1.349611957807412,Good
4.609020221895444,1.252442602778625,1.116798187329965,2.927857621658496,Bad
1.2019032422767315,5.898351966176919,1.092465237465993,1.1248616703601186,Bad
1.8438339567779425,5.125311569891568,1.2518460940536338,1.4045505174051285,Moderate
1.1370558372360566,5.736682687757012,1.0034978624174116,1.5094339848805318,Moderate
1.8384592395617576,2.687967354837353,1.1002720466381657,1.034961555381201,Good
3.0988354897609187,3.21651609646309,1.0454722114263506,1.9639294101633475,Moderate
1.8665013798351715,5.429056718866674,1.0462326187329964,2.198668199718899,Bad
2.013138226304836,3.512310297319184,1.005829761368053,1.234738789555551,Good
2.295312008849658,3.169189024326115,1.2611737178390985,1.204772084562579,Good
1.2327495772284274,3.969773776595185,1.032849489312087,1.4594890770028446,Good
1.7282771174003533,5.535542631174868,1.1061018359891177,1.1448386745766337,Moderate
2.382476296488561,3.319026534711778,1.035282798289934,1.2846836974332383,Good
2.187817277544778,3.299338472702797,1.0431403124757093,1.544395540261733,Good
4.224843229083684,1.855862772525057,1.2457628635833655,3.672031594762778,Moderate
2.382476296488561,5.302788090405224,1.0048665899727944,1.0998886170871751,Moderate
1.725589726543829,2.908890127572752,1.2075398460940536,1.0,Good
2.8205706041909338,1.6874730498617,1.260362633501749,1.8490562419114869,Good
1.9002687132869067,4.703343394718299,1.239020607850758,1.5244173373770182,Moderate
1.810417099288344,3.0114005658214404,1.099765108433735,1.3346286053109258,Good
1.9730614225785337,2.1476814993216453,1.031798759424796,1.5543840423699908,Good
2.0515793250484817,6.075828486690575,1.06645938593082,1.11986681997189,Bad
2.2872499007769487,1.7020497880798882,1.0699572483482316,1.2846836974332383,Good
3.0330533316618618,2.206840339492864,1.10828164788185,1.4295223720098722,Moderate
6.159749166533894,1.1222931544019437,1.1070650073843762,4.705882917020329,Bad
3.341516616681955,4.005269080697916,1.132614597745822,1.0998886170871751,Good
1.6982486671884178,4.790141245017511,1.008516539448115,1.2297451378355222,Moderate
1.693341294252992,1.449607185301263,1.150408083948698,1.3396222570309548,Good
2.5198826096867544,4.261592503391773,1.081515389040031,2.018867969761064,Moderate
3.579874583266947,2.526298076417446,1.0754321585697628,2.5632635100227974,Moderate
1.827242396351765,3.6424597456958656,1.015816410415857,1.5244173373770182,Good
2.8354732497211748,3.145525488257628,1.1095996984065293,1.6342956552406505,Moderate
1.8196476325598143,4.514035106170399,1.005829761368053,1.7591561269325693,Bad
2.424539474650249,2.4276684580839896,1.058509696074621,1.6293008048524218,Good
1.0245702095561178,3.882691963863151,1.0026650353672757,1.0,Good
4.763251832157058,3.0074250917619345,1.0948985184609406,2.488346747540366,Bad
2.923689094240218,4.328702291682004,1.0231163093664983,1.4794672798875594,Moderate
2.598984789252948,4.387861131853223,1.0757870097162845,1.4345172223981009,Moderate
1.6369065377440275,4.226097199289042,1.0559657986785853,1.0998886170871751,Good
1.6169265055433228,4.892651683266199,1.1119315973571706,1.11986681997189,Moderate
2.9407692829124654,5.791866053868725,1.0216231418577535,1.2447284903320084,Bad
1.7981486991982116,5.3264516264737125,1.0550330446949088,1.354605609527441,Moderate
2.1374901806211044,6.233616945195251,1.0190792444617178,1.214761785339036,Bad
1.8384592395617576,7.005805454182136,1.138748533229693,1.604328950247678,Bad
1.2610587345212094,6.075828486690575,1.0,1.2597118428284946,Moderate
2.1749646003584004,3.149406308172859,1.0948985184609406,2.3984466325614484,Good
2.822036424432281,1.7335696181231135,1.2541779930042751,2.303551667194302,Moderate
2.413556303580636,6.04430865664735,1.125923047026817,1.5094339848805318,Moderate
1.5524296409616491,4.896627157325705,1.044073066459386,1.3196452528144396,Bad
1.18381606405777,5.129287043951074,1.0,1.2397336399437795,Good
1.611318116186759,3.8514560962527473,1.0139914496696465,1.2896785478214672,Good
4.754839183625347,2.7234626589400834,1.1289646762534007,3.067702644515101,Bad
2.163875267449686,3.3978734368919787,1.5927286809172174,1.449500574894587,Moderate
3.349929265213666,1.4141118811985318,1.0754321585697628,2.5832405142393124,Good
3.150830217615216,1.307625968890338,1.0669156191216478,1.8940062994009452,Good
1.712152901254935,5.811554115877707,1.0489700738437622,1.5344058394852758,Moderate
3.020901735393487,4.056571626894398,1.125923047026817,1.669256011953652,Moderate
2.0688052121378195,5.077984497754594,1.0405752040419745,1.4280959568522067,Bad
2.754852168994083,2.557817906460671,1.6949086575981345,1.7591561269325693,Bad
3.262998714212007,1.907070664577264,1.0985484679362612,2.423418487166193,Moderate
2.166806907932381,4.991281301599655,1.0559657986785853,1.709212417723082,Moderate
2.393693139698553,3.4413196891137217,1.0,2.083796230135237,Good
3.63595879931691,2.6406402827003777,1.158164216090167,4.016648702181962,Moderate
2.36565099942514,3.4531514571479653,1.0291995398367664,1.484462130275788,Good
2.650044764048863,3.271699462574803,1.3824329669646327,1.639289306960679,Moderate
1.8496760827717504,5.894376492117413,1.0194663598911775,1.1448386745766337,Bad
1.7820244830527932,6.111323790793307,1.0431403124757093,1.5344058394852758,Bad
2.3095667833751765,1.863719066499795,1.0750450431403031,1.6842393644501383,Good
1.880522417723446,3.6424597456958656,1.0450159782355228,1.5793558969747346,Good
1.5831591720915876,3.729162941850804,1.35445006762534,1.354605609527441,Bad
1.4094148739100274,4.395717425827961,1.0255495903614458,1.3096555520379822,Good
1.1822737505350285,4.435188203990197,1.0024333089778468,1.2397336399437795,Good
5.133407787080543,1.1261739743171757,1.1472143956471046,2.867924211672551,Bad
1.1822737505350285,3.153381782232365,1.0291995398367664,1.4794672798875594,Good
2.023887725234069,6.501772135923352,1.0804508356004665,1.3596004599156697,Bad
2.2576888593426365,2.404004922015502,1.5130198118927325,1.5993340998594494,Bad
1.4122190685883091,5.661716605492043,1.0018249607462106,1.2796888470450098,Moderate
2.620834263073552,4.742814172880536,1.097331827438787,2.3085465175825317,Moderate
3.210483432163671,3.457032277063197,1.126531367275554,1.669256011953652,Moderate
1.4346527550082944,6.0718530126310695,1.0304162083171395,1.2447284903320084,Bad
2.738611149026907,4.376029363818979,1.0644823381267003,1.5593788927582195,Moderate
2.02634137945335,6.000862404425607,1.1289646762534007,1.1698117278495772,Bad
1.7804120614382517,4.73883869882103,1.0151574131364167,1.4794672798875594,Bad
1.0644968645816737,3.973749250654691,1.0,1.274695195324981,Good
1.4542822467499978,4.727006930786786,1.0304162083171395,2.303551667194302,Moderate
1.5636464841716418,6.308488373315945,1.2366886809172173,1.0649282603741737,Moderate
2.772128105650336,3.9619174826204473,1.0909444228527012,1.5743622452547057,Moderate
1.86802028099607,3.070559405992659,1.0408083855421686,1.5094339848805318,Good
2.291012260875456,3.567493663430897,1.0582976976292269,1.9988897668763488,Good
2.5156763176693318,2.6051449785976466,1.0816167990672367,1.4395120727863295,Good
2.682526932976944,6.178338924939263,1.058399107656432,1.5843507473629632,Bad
1.5535980661604107,2.908890127572752,1.4080839393703848,1.2097669349508071,Moderate
2.4778194315250657,4.50617881219566,1.0462326187329964,1.799112532701999,Bad
1.5052254177241555,5.358066110661212,1.1422463956471045,1.0,Bad
3.3359081628285265,3.31117024073704,1.0766487990672369,2.133739939344725,Moderate
1.5468212516050852,5.492096378953125,1.0024333089778468,1.0,Moderate
1.755150767978141,5.914159208270668,1.0874465604352896,1.5593788927582195,Bad
1.9110182122161403,4.723031456727281,1.0760202191993782,1.389567164908642,Moderate
1.3977306864192758,4.979449533565411,1.125923047026817,1.3945620152968707,Bad
1.6987160114691764,6.627946110240527,1.071123211815002,1.5493891919817622,Bad
3.047775450468139,4.174889307236835,1.071123211815002,1.7391791227160542,Moderate
1.2692043015366874,6.101858376365912,1.032849489312087,1.3396222570309548,Moderate
1.0752463635109075,7.783578557681183,1.0,1.0,Bad
1.9325171455777437,5.302788090405224,1.0011659634667702,1.4445057245063584,Moderate
2.2388772523406937,4.502203338136154,1.059615748153906,1.2247502874472935,Moderate
2.9437009878920257,4.068403394928641,1.0493815903614458,1.709212417723082,Moderate
2.096446697888452,3.815960792150016,1.0750450431403031,1.709212417723082,Moderate
2.1357056813718587,6.809398104813689,1.0024333089778468,1.3096555520379822,Bad
2.8435353577938844,3.831768034243766,1.1154294597745822,1.4794672798875594,Moderate
2.5127446126897715,4.896627157325705,1.010175589584143,1.414539019513386,Moderate
1.771158180301802,3.555661895396653,1.0109498204430625,1.4045505174051285,Good
2.9461227806602026,4.198552843305323,1.026766258841819,1.4744724294993308,Moderate
2.5909226811802384,4.3720538897594725,1.1177613587252235,1.8690344447962015,Moderate
2.1985667119771475,4.360222121725229,1.3171395165176836,1.469478777779302,Good
3.201492956222173,2.978271615325557,1.1343179168286048,1.6345893289495816,Good
2.354434156215147,5.231797482199762,1.2973183054799844,1.0,Moderate
2.1749646003584004,5.768202517800238,1.087598647493199,1.0249718546047435,Bad
1.0,6.399261697674663,1.0,1.0,Moderate
2.453866843944182,3.437344215054216,1.5748153999222696,1.234738789555551,Bad
2.803108013608581,4.068403394928641,1.024332949863972,1.839067739803229,Bad
3.459675904545415,4.888676209206693,1.032849489312087,2.383463280064962,Bad
1.926409485992453,4.64418455454708,1.067413350952196,1.4794672798875594,Good
7.329105377535731,1.3273140308993194,1.143564446171784,5.185350196907889,Bad
1.330896971440079,4.0999232249718665,1.010175589584143,1.3995556670168998,Good
1.6637802528186798,5.267292786302494,1.1613680621842208,1.469478777779302,Bad
3.31067028173026,4.135418529074598,1.041366028760202,1.5394006898735046,Moderate
1.330896971440079,4.166938359117824,1.0559657986785853,1.3945620152968707,Good
1.7907876720435052,3.520166591293922,1.122881417800233,2.098779582631724,Good
2.315175172731741,5.1884458841222925,1.0072998989506412,1.6942290652265954,Moderate
2.1357056813718587,1.4259436492327755,1.0610535934706569,1.7741394794290557,Good
2.609734223685317,3.0390395759494333,1.054799835211815,2.0488346747540365,Good
1.6253391540750337,5.791866053868725,1.0953962502914885,1.4445057245063584,Bad
2.222753036195275,6.158650862930282,1.8371550812281383,1.0749167624824312,Bad
2.518363708525856,3.993437312663673,1.2017100567431014,1.4794672798875594,Moderate
1.773962374980084,5.685380141560532,1.0408083855421686,1.0449500574894588,Bad
1.959390860652396,4.841349137069718,1.167897396035756,1.3096555520379822,Moderate
1.8841444971414885,5.590725997286581,1.3148076175670425,1.5993340998594494,Bad
2.231048880905228,4.604713776384843,1.0316328488146134,1.589345597751192,Moderate
1.2490140095574465,3.177045318300853,1.0096115102992615,1.2247502874472935,Good
2.5871837334435743,5.594701471346087,1.0145997699183833,2.4983352496486235,Bad
4.294948547518786,2.829948571248278,1.0072998989506412,2.1886796976106413,Moderate
2.2066288200498567,3.1928525603946025,1.2180334333462883,2.6581572767217434,Moderate
1.8733950627091192,4.474564328008161,1.101438010104936,1.0,Moderate
2.3490594389989625,4.060452446809629,1.096774184220754,1.5194224869887896,Moderate
2.064198265597615,6.158650862930282,1.13291877186164,1.6293008048524218,Bad
3.4105703137400534,4.435188203990197,1.0629615235134084,1.6792457127301093,Bad
2.4273436693285317,7.535111428962065,1.41974349008939,1.529412187765247,Bad
2.534487924671274,4.28137521954503,1.239020607850758,1.4245287202898431,Moderate
1.0268737150746523,2.2423356435955952,1.0,1.5993340998594494,Good
2.494644728588487,5.279124554336737,1.0340661298095608,1.5244173373770182,Bad
1.6926402133349892,2.530273550476952,1.058509696074621,1.5843507473629632,Good
2.057187714405046,6.738407496608226,1.0145997699183833,1.4395120727863295,Bad
2.27112568463153,4.308919575528749,1.1900505340069958,1.5493891919817622,Good
1.5075622681216787,4.884795389291462,1.2554960435289546,1.5344058394852758,Moderate
1.98147400661338,4.719150636812048,1.0340661298095608,1.983906414379863,Bad
2.116076189630156,6.576738218188319,1.1812805254566654,1.2247502874472935,Bad
2.1394446291085227,4.364197595784735,1.0233190734551108,1.5094339848805318,Moderate
3.530036114589344,2.459282942271489,1.1447810866692576,3.0876808473998154,Moderate
2.547924749960168,4.357098534964189,1.0,2.046836494865105,Bad
1.3009853895467651,6.789710042804707,1.0011659634667702,1.15982202707312,Moderate
2.741415343705189,5.965367100322875,1.3248449716284494,1.2097669349508071,Bad
3.094746001565253,2.4237876381687578,1.032849489312087,1.639289306960679,Moderate
1.5611227218605608,5.06615272972035,1.1702292949863973,1.1698117278495772,Moderate
1.833084522345573,5.8391931260057,1.1947143319082782,1.4544954252828155,Bad
2.357121547071672,2.565768854579683,1.1247570835600469,2.2735849622013298,Good
2.382476296488561,3.673979575739091,1.0766487990672369,1.9889012647680917,Good
1.330896971440079,2.8970583595385087,1.0072998989506412,1.0,Good
1.5965959973804815,5.314619858439468,1.0023318989506411,1.3246389045344684,Good
2.547924749960168,4.786165770958005,1.122425184609405,1.2597118428284946,Moderate
4.903462404530398,1.8005847522690703,1.0851653385153517,2.5582686596345683,Bad
2.4778194315250657,4.391741951768454,1.0279828993392923,1.374583812412156,Moderate
2.7817258840687358,1.828223762397064,1.048665899727944,1.9489460576668611,Good
2.054383519726764,2.499510953587918,1.0,1.5793558969747346,Good
1.9169771420317057,3.267723988515297,1.0827320575204042,1.709212417723082,Good
1.7497760507619564,3.153381782232365,1.0389327197823552,1.389567164908642,Good
2.158139367791844,6.6161143422062825,1.2141300147687524,1.7741394794290557,Bad
1.6695388553728543,5.993006110450869,1.1271950097162844,1.419533869901615,Bad
2.3759330895767503,3.989461838604167,1.005829761368053,1.214761785339036,Moderate
3.515377718685273,4.589001188435367,1.2202132452390206,2.093784732243495,Bad
1.7974157568291056,5.55523069318385,1.0750450431403031,1.2097669349508071,Bad
1.4318485603300124,4.036788910741142,1.0279828993392923,1.419533869901615,Good
2.303374116922367,3.035064101889928,1.335794792071512,1.389567164908642,Moderate
2.0185130080178846,6.0718530126310695,1.1247570835600469,1.059933409985945,Bad
1.9422150876268376,6.209953409126763,1.3309282020987174,1.5993340998594494,Bad
1.8917392609334387,2.9285781895817338,1.0109498204430625,1.4944506323840456,Moderate
2.0265751160905943,5.097767213907848,1.1643995336183444,1.294672199541496,Moderate
2.5086657664767618,4.151225771168347,1.326061612125923,1.1298553220801475,Moderate
4.071663175702208,1.8045602263285765,2.010882238631947,2.7530522420888897,Bad
3.4060134812636287,2.912770947487984,1.1484310361445784,3.112652702004559,Moderate
1.9394108284516915,5.645909363398294,1.141131137193937,1.2397336399437795,Bad
2.410868912724111,6.111323790793307,1.0121664889234356,1.329633754922697,Bad
1.9163929294323248,5.693236435535269,1.280994956859697,1.414539019513386,Moderate
2.048074049452197,2.301494483766814,1.4663816649825108,1.764150977320798,Moderate
5.520388974570586,1.3707602831210628,1.1034150579090556,4.3462824571046585,Bad
2.303958329521748,2.924602715522228,1.0268169358725223,2.1637066443376973,Good
2.64607214417182,3.6661232817643534,1.0729988775748154,1.4744724294993308,Moderate
1.9058878091229916,5.030657425617618,1.0687912848814614,1.8690344447962015,Moderate
2.706479520557828,2.013556576885458,1.3626117279440342,1.7741394794290557,Moderate
1.8518960648506515,3.7764900139877793,1.0279828993392923,1.2297451378355222,Moderate
2.1690056705428358,5.13326251801058,1.1119315973571706,2.453385192159165,Bad
1.8917392609334387,5.669572899466782,1.2968620722891566,1.609322601967707,Bad
2.6151090053983665,5.551255219124344,1.2087057815779243,1.2996670499297247,Bad
1.518662307509914,5.156926054079068,1.0069957248348231,1.2647054945485237,Moderate
3.421319812669287,2.1516569733811512,1.108433734939759,2.2186464026036137,Moderate
1.9029561041434315,3.4728395191569468,1.0359780054411194,1.2647054945485237,Moderate
1.737507650671824,4.81768560100123,1.0496060411970465,1.4295223720098722,Bad
1.3493580379830206,5.425081244807168,1.0338126607073457,1.3596004599156697,Moderate
2.5647500470235896,4.723031456727281,1.0510992087057909,1.7391791227160542,Bad
1.527191759863382,2.3488215559037893,1.0912485969685193,1.0,Good
2.60194087404732,3.21651609646309,1.0408083855421686,1.529412187765247,Good
1.284372545155276,2.301494483766814,1.0025438973960357,1.4395120727863295,Good
3.0078154505635943,2.447451174237245,1.048665899727944,1.724195770219568,Moderate
2.4273436693285317,2.502634540348958,1.077588940536339,2.123751437236468,Good
1.2944421826349544,4.719150636812048,1.0048665899727944,1.234738789555551,Moderate
1.954016143436211,2.3803413859470144,1.0036499494753206,1.1947835824543211,Good
4.101712845382592,1.347096747052575,1.1310108418188884,3.502219866913201,Moderate
3.268607103568571,5.302788090405224,1.0060832304702685,1.639289306960679,Bad
2.36565099942514,3.4531514571479653,1.0291995398367664,1.484462130275788,Good
1.8468718880934685,5.906208260151656,1.2180334333462883,1.1947835824543211,Bad
1.5320991327988076,3.299338472702797,1.4978624267392149,1.1947835824543211,Bad
1.5328002137168106,3.098198416120652,1.005829761368053,1.214761785339036,Good
2.8395627379168404,2.6012641586824143,1.165464087057909,1.829079237694972,Moderate
1.9378919272907928,3.973749250654691,1.1052690089389818,1.6942290652265954,Good
2.7666532248034565,5.156926054079068,1.0145997699183833,1.824084387306743,Bad
3.633154604638628,2.7274381329995894,1.0425826692576758,2.043839824365808,Moderate
2.096446697888452,3.815960792150016,1.0750450431403031,1.709212417723082,Moderate
3.195697590455187,1.5757811596184386,1.1423478056743102,2.7880137974700907,Good
1.7981486991982116,5.3264516264737125,1.0550330446949088,1.354605609527441,Moderate
3.5041608754752804,1.5442613295752132,1.0432463116984063,2.058823176862294,Good
1.929829819218084,3.740994709885048,1.1434123591138747,1.1448386745766337,Moderate
1.5540866944064815,4.289231513519767,1.13609863661096,1.4894557819958172,Good
1.748724493881817,5.633793632931228,1.008516539448115,1.0,Bad
3.1902060049203804,5.60653323938033,1.1842207446560435,1.8140958851984847,Bad
1.6421644511384548,3.5833009055246468,1.031798759424796,1.329633754922697,Good
2.4892912308407498,1.4929587833787323,1.1577218064516128,1.6742508623418806,Moderate
2.418931020796821,3.4806958131316845,1.0060832304702685,1.2647054945485237,Moderate
1.6503433630329214,2.029363818979208,1.162067634667703,1.0099885021082575,Good
1.5218382621156448,6.111323790793307,1.0292548620287605,1.4851753378546209,Bad
2.5828605731075296,2.569649674494915,1.0513019727944035,1.9889012647680917,Good
2.360042610068576,3.181020792360359,1.0316328488146134,1.4744724294993308,Good
1.7766497658366087,5.973318048441887,1.0944422852701128,1.349611957807412,Bad
1.810417099288344,3.571469137490403,1.0291995398367664,1.3596004599156697,Good
1.1101821221614043,3.894807694330217,1.0081616883015934,1.0699219120942025,Good
2.354434156215147,6.947403847165108,1.0012166404974738,1.529412187765247,Bad
3.422838713830185,3.882975926295973,1.081515389040031,2.098779582631724,Moderate
1.982111364629176,6.42292523374315,1.0572377613680528,1.9039960001774028,Bad
1.4851285817016937,4.675704384590305,1.0729988775748154,1.983906414379863,Good
2.47805316816231,3.232228684412566,1.3576944609405364,1.6542726594571655,Bad
1.1709166911414353,5.565926611486806,1.0027982899339292,1.5993340998594494,Good
1.5106001994372047,3.40582438501099,1.0279828993392923,1.5044391344923034,Good
1.9352045364342685,4.790141245017511,1.2425184702681695,1.3795786628003843,Bad
1.7795708288335126,3.2520114005658214,1.2068301158181112,1.3645953103038984,Good
1.6422812549602122,5.665692079551549,1.08861252390206,1.5993340998594494,Moderate
1.6225349593967515,4.695487100743561,1.0023116393315197,1.5344058394852758,Moderate
1.647656036673261,3.950085714586204,1.1993781577924605,1.1048834674754036,Moderate
3.549028248315251,2.171345035390133,1.10828164788185,2.4483903417709363,Moderate
2.5264258165985654,6.272993069213213,1.28799068169452,1.5993340998594494,Bad
2.1985667119771475,3.299338472702797,1.150408083948698,1.2097669349508071,Good
2.2576888593426365,5.219965714165518,1.28799068169452,1.0699219120942025,Moderate
5.005971915184302,4.378395717425828,1.0297318305479986,2.7057971456513714,Bad
1.5524296409616491,6.150794568955543,1.135047906723669,1.11986681997189,Moderate
2.5318005338147493,3.989461838604167,1.047804110376992,2.0088794676528066,Moderate
2.922620832672151,3.019256859796178,1.0679584578313253,1.644284157348908,Good
1.5748633273816344,5.563086987158588,1.0173227578701904,1.469478777779302,Moderate
1.5328002137168106,4.620521018478592,1.031798759424796,1.3845723145204134,Good
3.7200851556402874,1.6625790099176507,1.1557309071123203,2.2036630501071275,Moderate
1.471107543813419,2.920721895606996,1.0340661298095608,1.1448386745766337,Good
1.0703602100439291,4.379910183734211,1.0050877947920716,1.11986681997189,Good
2.0803224817430337,2.155537793296383,1.3626117279440342,1.4245287202898431,Moderate
1.647656036673261,5.756370749765994,1.3101437916828604,1.2497221420520372,Moderate
1.986264575727048,3.4886467612506964,1.1865526715895842,1.6342956552406505,Moderate
1.773962374980084,5.385610466644931,1.0742155180722892,1.4894557819958172,Bad
2.547924749960168,2.8852265915042645,1.167897396035756,2.058823176862294,Good
2.780674327188596,4.541674116298392,1.041366028760202,1.6542726594571655,Bad
2.9657522724019056,6.620089816265788,1.0194663598911775,1.4395120727863295,Bad
1.90856455799686,5.638053069423556,1.035282798289934,1.4445057245063584,Bad
3.5378114051052583,4.285256039460261,1.0705655685969686,2.0788013797470093,Bad
3.638762993995192,3.263843168600065,1.0851653385153517,2.523307104253368,Bad
2.3095667833751765,1.863719066499795,1.0750450431403031,1.6842393644501383,Good
1.7820244830527932,1.757233154191601,1.0687912848814614,1.6742508623418806,Good
1.4434159439990064,3.3584973128740154,1.0,1.2597118428284946,Good
1.0,6.442613295752133,1.0,1.0,Moderate
2.099134088744977,2.518441782442708,1.2541779930042751,1.943951207278633,Moderate
3.8862346900298967,1.6389154738491634,1.5001943256898562,2.743063739980632,Moderate
1.970257163403387,2.2778309476983267,1.0546938359891178,1.5094339848805318,Good
1.7038570565449818,5.279124554336737,1.0356145915274,1.4644839273910732,Bad
1.967452968725105,3.354521838814509,1.068685285658764,1.0699219120942025,Good
3.212522887518608,3.1100301841548963,1.1289646762534007,2.123751437236468,Moderate
3.930401046448729,1.5521176235499512,1.1796796797512632,4.486126281293064,Bad
1.2334172487705768,3.750270816023895,1.0,1.0,Good
1.9490253115580167,1.9938685148764763,1.102603973571706,1.5344058394852758,Good
3.609435624701259,1.2406108347443812,1.1818888457054022,2.8379575066795786,Moderate
1.80480870993178,5.519735389081118,1.0912485969685193,1.4345172223981009,Bad
3.3134744764085418,1.8913580766277884,1.0474492592304705,1.604328950247678,Moderate
3.652784096380331,3.808104498175278,1.0048665899727944,2.1886796976106413,Bad
2.3067625886968948,2.301494483766814,1.0,1.2996670499297247,Good
2.3194983330677856,2.2818064217578327,1.258841818888457,1.8940062994009452,Good
1.1504926625249503,6.067972192715837,1.0,1.11986681997189,Moderate
2.142515905303038,1.7848721643195944,1.0279828993392923,1.4445057245063584,Good
1.1788321978409504,3.1020792360358844,1.0292548620287605,1.414539019513386,Good
3.7649525284802574,1.6349399997896574,1.116798187329965,3.1076578516163305,Moderate
1.7497760507619564,6.489940367889107,1.307811892732219,1.0,Bad
4.001791593904351,2.534154370392184,1.0769529731830547,1.8790229469044597,Bad
3.1990359481659345,2.4829464783399766,1.0610535934706569,2.018867969761064,Moderate
2.0856971989592186,3.8514560962527473,1.506024087057909,1.5394006898735046,Moderate
2.264855170463171,5.55523069318385,1.0359113781577924,1.892341349271536,Bad
1.6100328226693752,4.431212729930692,1.096774184220754,2.198668199718899,Moderate
1.6758149807684326,2.0017248088512143,1.0012166404974738,1.5344058394852758,Good
1.693341294252992,5.180589590147555,1.2087057815779243,1.0499449078776877,Bad
1.6758149807684326,4.829517369035474,1.0,1.419533869901615,Moderate
1.4407285531424818,5.089816265788837,1.1189273221919938,1.4544954252828155,Moderate
1.7318991968183957,5.614389533355069,1.0,1.0899001149789174,Moderate
2.3006867905627075,2.810260509239296,1.0106601414691023,1.449500574894587,Good
3.4508808541036,5.547374399209112,1.0165353470656822,1.7391791227160542,Bad
2.9405143913036387,5.594701471346087,1.0510992087057909,1.709212417723082,Bad
1.556285457016935,2.751101669068077,1.0874465604352896,1.0,Good
4.608892711594166,1.402280113164288,1.1081157372716672,2.867924211672551,Moderate
2.0695729828138,5.212109420190781,1.0559657986785853,1.983906414379863,Moderate
1.7309644437600131,3.82779256018426,1.222697231247571,1.03995520710123,Moderate
1.9057602988217133,1.997843988935982,1.0012166404974738,1.609322601967707,Good
4.241668526147104,1.6902180200456445,1.0316328488146134,2.07380652935878,Moderate
1.737507650671824,4.790141245017511,1.0228951045472212,1.449500574894587,Moderate
2.6258584398307354,5.567062461218094,1.270501369607462,1.3196452528144396,Bad
1.7827574254218994,3.287506704668553,1.1021984174115818,1.4544954252828155,Good
2.78710060128492,4.407549193862204,1.2320248830159346,1.8091010348102567,Bad
1.5570183993860416,2.530273550476952,1.026710936649825,1.5344058394852758,Good
1.7309644437600131,3.9461102405266977,1.3066459292654489,1.4794672798875594,Bad
2.9264932889185,2.3961486280407645,1.0632656976292263,2.223640054323643,Moderate
2.005076118232126,3.382160848942503,1.621453546832491,1.3995556670168998,Bad
1.748724493881817,5.633793632931228,1.008516539448115,1.0,Bad
1.827709740632524,5.074103677839361,1.0851146614846483,1.3046619003179534,Moderate
2.124488838161866,4.746694992795767,1.0432463116984063,1.5244173373770182,Bad
1.6674023322367215,5.815529589937213,1.0559657986785853,1.5094339848805318,Moderate
1.5636464841716418,5.713019151688525,1.1450022914885347,1.4245287202898431,Bad
1.9513287525796867,3.934278472492454,1.0897784593859308,1.6345893289495816,Good
2.4778194315250657,2.7944532671455464,1.0437993097551497,1.0799116128706598,Good
2.0561361575249064,6.186289873058275,1.349786241741158,1.644284157348908,Bad
2.0880340493567418,3.382160848942503,1.0255495903614458,1.374583812412156,Good
3.2798239467785635,3.1612380762071037,1.0851653385153517,2.19367334933067,Moderate
3.692744096284876,3.334833776805528,1.1340847353284105,1.744172774436083,Moderate
3.3057629087948337,1.4890779634635003,1.1410804601632336,1.729189421939597,Moderate
1.3896685783465663,2.9995687977871963,1.2681694426739214,1.0,Good
2.3087488986354163,5.160806873994299,1.2868247182277497,2.0288564718693216,Bad
1.7010528618666996,5.089816265788837,1.114263496307812,1.0,Moderate
4.210822191195408,1.3589285150868189,1.0851653385153517,3.9617089439160456,Moderate
1.3757643442800491,3.153381782232365,1.0,1.3446171074191833,Good
2.2871330969551917,4.328702291682004,1.0324845083560046,2.7230855370959173,Moderate
1.634219146887503,5.906208260151656,1.0256510003886514,1.3695889620239272,Moderate
1.7475772881515026,4.537698642238886,1.0127194869801788,1.349611957807412,Moderate
2.096446697888452,2.7471261950085712,1.024485036921881,1.764150977320798,Good
2.5318005338147493,5.610414059295563,1.15507190983288,2.5682571617428263,Moderate
1.018811607001943,2.0766908911161828,1.0174893120870578,1.11986681997189,Good
1.94501928230512,6.249329533144726,1.0048665899727944,1.154828375353091,Bad
1.5132875257968648,4.924171513309425,1.1049358725223477,1.0149833524964862,Moderate
1.88613080708001,5.208133946131275,1.036144587640886,1.1248616703601186,Moderate
2.466602588315073,4.50617881219566,1.135047906723669,1.5493891919817622,Moderate
4.77446867536705,1.4180873552580378,1.1094982883793238,2.5882353646275407,Moderate
2.381307871289799,5.898351966176919,1.037310523124757,1.829079237694972,Bad
1.725589726543829,3.4965030552254346,1.047804110376992,1.5244173373770182,Good
1.8795027222944096,6.9080277231471445,1.0050877947920716,1.1248616703601186,Bad
1.4668344330442893,4.583984518788848,1.071956038865138,1.2996670499297247,Good
2.2871330969551917,5.886520198142675,1.0218996688690245,2.1187565868482388,Bad
2.5747984650348203,2.8852265915042645,1.0174893120870578,1.3995556670168998,Good
1.5132875257968648,5.310739038524236,1.1352506708122814,1.409545367793357,Moderate
2.4646162783765515,5.8707129560489255,1.138748533229693,1.569367394866477,Bad
4.76605602683534,2.6130959267166585,1.0523158492032647,2.9328524720467244,Bad
2.4323678460857145,6.943523027249876,1.2215312957637,1.2097669349508071,Bad
1.8707076718525943,7.113048599644521,1.5134253680528569,1.9639294101633475,Bad
2.6258584398307354,5.263411966387261,1.0734551107656432,1.5943392494712207,Bad
2.8112869255030475,6.205977935067257,1.2238631947143412,2.1637066443376973,Bad
4.008918948918677,1.7493768602168631,1.0790821080450836,2.1437296401211823,Moderate
2.163630953326651,4.49037157010191,1.2576758554216867,1.2697003449367523,Moderate
2.054383519726764,5.8391931260057,1.132614597745822,1.604328950247678,Bad
1.4326664450697726,3.867263338346497,1.121259221142635,1.0649282603741737,Good
1.6691549700348642,4.707318868777804,1.1189273221919938,1.2497221420520372,Good
3.0582912127601287,3.1612380762071037,1.0097331799455889,1.5394006898735046,Moderate
1.599283388237006,4.577169420401123,1.2973183054799844,1.0,Moderate
1.5670349559461694,3.267723988515297,1.2261950936649826,1.9739179122716053,Good
2.36565099942514,1.9505169167990075,1.0305267967353284,1.7491676248243118,Good
1.9478234769834015,3.859312390227485,1.058509696074621,1.7891228319255417,Good
2.867477367888976,4.328702291682004,1.0279828993392923,1.4794672798875594,Moderate
1.7066613157201282,5.200277652156537,1.0985484679362612,1.3945620152968707,Bad
2.315175172731741,5.1844704100627865,1.0804508356004665,1.034961555381201,Bad
2.2996118213207244,1.9019593407864708,1.0544930027205597,1.846118306153976,Good
1.5724096731623538,5.519735389081118,1.0011659634667702,1.8190895369185145,Moderate
2.007763509088651,2.297519009707308,1.5445005736494366,1.0,Moderate
3.3514481663745643,2.120042489193652,1.2903225806451613,2.1637066443376973,Moderate
1.6730107860901504,5.231797482199762,1.1107149568596968,1.5244173373770182,Bad
2.1958793856174874,3.031088627830422,1.197046258841819,1.2896785478214672,Good
2.4862320800567765,1.3707602831210628,1.12531472677808,1.7341842723278256,Good
1.1009515888899335,6.229641471135745,1.0617955600466382,2.198668199718899,Bad
1.7766497658366087,2.6406402827003777,1.180722882238632,1.484462130275788,Good
1.9394108284516915,4.0249571427068975,1.073773108433735,1.4994454827722743,Good
2.517078415008472,6.265136775238476,1.0133831294209097,1.314650402426211,Bad
2.499552101523913,4.880819915231955,1.071123211815002,1.1947835824543211,Moderate
2.155568845253941,4.009244554757423,1.08861252390206,1.2796888470450098,Moderate
2.451179453087658,4.060452446809629,1.3381266910221532,1.174805379569606,Good
2.134069847395474,5.799722347843463,1.0233190734551108,1.5493891919817622,Bad
2.2142235838418074,2.2818064217578327,1.0462326187329964,1.4395120727863295,Good
2.034637224163303,4.525866874204642,1.0338126607073457,1.4644839273910732,Moderate
2.0426993322360127,3.346665544839772,1.5130198118927325,1.3046619003179534,Bad
3.128396531195231,2.6051449785976466,1.08861252390206,2.4633736942674225,Moderate
2.201254102833672,4.9123397452751805,1.0,1.349611957807412,Moderate
1.3925896413434706,5.145094286044824,1.026766258841819,1.2397336399437795,Moderate
1.9001519094651491,5.358066110661212,1.0145997699183833,1.978912762659834,Moderate
1.214989527106624,3.823817086124754,1.0053300707345512,1.03995520710123,Good
1.740311845350106,3.748945658004059,1.0025438973960357,1.469478777779302,Good
2.7330026951734787,3.12186195218914,1.299295353284104,1.2896785478214672,Moderate
2.7582406407686104,1.9110461386367696,1.3053785837543723,1.529412187765247,Moderate
2.668856371050806,5.121430749976336,1.1189273221919938,1.1248616703601186,Bad
2.760226950707132,3.457032277063197,1.1830548091721729,1.4544954252828155,Moderate
1.8076129046100615,3.259867694540559,1.0254390019432569,1.4994454827722743,Good
1.468303349135137,3.6108452615083664,1.0024333089778468,1.11986681997189,Good
3.168707071558777,2.912770947487984,1.8569762922658375,1.329633754922697,Bad
2.913407004088607,1.8400555304313075,1.0139914496696465,1.9289678547821465,Good
4.129500029550314,1.5482368036347192,1.097331827438787,2.872919062060779,Moderate
2.27650046634458,4.687536152624549,1.0781189366498252,1.899001149789174,Bad
1.599283388237006,2.8536121073167653,1.2495141951029929,1.5993340998594494,Moderate
2.023887725234069,4.174889307236835,1.1340847353284105,1.034961555381201,Bad
2.134069847395474,4.427237255871185,1.1107656338904004,1.0,Bad
2.1797551694720694,2.975905261718709,1.0326467252234746,1.4345172223981009,Good
1.9197814012068528,4.892651683266199,1.125923047026817,1.4045505174051285,Moderate
3.4696924611055424,2.214696633467602,1.0862805969685192,1.804106184422028,Moderate
1.6687306451627817,3.242924602715522,1.0031092079284882,1.4395120727863295,Good
1.3981980307000346,4.829517369035474,1.0763170058297706,1.3795786628003843,Good
3.989289457176974,1.997843988935982,1.041366028760202,3.711986801864009,Moderate
1.1182442302341136,6.221785177161006,1.0524679362611735,1.034961555381201,Bad
1.9217677111453744,5.594701471346087,1.1783909832879906,1.2647054945485237,Bad
1.5831591720915876,6.075828486690575,1.1002720466381657,1.0,Bad
2.3409973309262533,3.070559405992659,1.072289147298873,1.9988897668763488,Moderate
1.8518960648506515,4.569218472282111,1.4057520404197434,1.5743622452547057,Bad
1.6814233701249963,2.0924981332099324,1.0546938359891178,1.4944506323840456,Good
2.2871330969551917,5.594701471346087,1.0,2.288568314697816,Bad
1.7432496130349366,3.920080350851361,1.0,1.365593800914264,Good
2.98865330310265,5.417224950832431,1.1270890104935871,1.4544954252828155,Bad
1.1236190119471627,5.030657425617618,1.0023318989506411,1.1248616703601186,Moderate
1.5697222823058292,5.231797482199762,1.0209871745044694,1.5344058394852758,Moderate
2.9644669788845226,4.9123397452751805,1.0139914496696465,1.5943392494712207,Bad
1.967452968725105,4.967617765531168,1.0535324897007383,1.414539019513386,Moderate
1.737507650671824,5.724850919722768,1.0340661298095608,1.294672199541496,Moderate
1.7935918667217872,3.725282121935572,1.058509696074621,1.409545367793357,Good
2.794185517362352,2.912770947487984,1.0644823381267003,1.834072889415001,Good
2.1690056705428358,2.0017248088512143,1.0501360373105324,1.8940062994009452,Good
2.357121547071672,3.934278472492454,1.037310523124757,1.5843507473629632,Moderate
1.204240092674255,4.419380961896448,1.0034978624174116,1.0,Good
1.733651834616538,6.6871049504117455,1.1643995336183444,1.469478777779302,Bad
2.968556467080188,2.52232260235794,1.0778654675476098,2.11376293512821,Good
1.9325171455777437,3.63848427163636,1.060629624562767,1.1348501724683762,Moderate
1.3359211481972622,4.947835049377912,1.0116595507190052,1.0899001149789174,Moderate
1.5885338893077725,4.245879915442298,1.0991061111542946,1.2397336399437795,Moderate
2.7330026951734787,3.12186195218914,1.299295353284104,1.2896785478214672,Moderate
3.0843236952300424,3.4925275811659287,1.1119315973571706,2.2685901118131016,Moderate
1.0307127619451473,4.953987568755718,1.0106601414691023,1.0,Good
4.004967548510081,1.6428909479086693,1.071229211037699,3.2475028744729357,Moderate
2.699352165543501,3.516191117234416,1.0547491581811117,1.4395120727863295,Good
2.12063302210658,4.975474059505905,1.8126700443062571,1.7042175673348532,Moderate
2.531099452896747,5.409274002713419,1.0072998989506412,1.4245287202898431,Bad
1.3421138146500715,4.841349137069718,1.1119315973571706,1.0,Good
2.152881454397417,2.913054909920806,1.4034201414691023,1.569367394866477,Moderate
2.2388772523406937,4.502203338136154,1.059615748153906,1.2247502874472935,Moderate
5.450283656135484,2.912770947487984,1.1192314963078118,3.2375143723646778,Bad
1.9366066337734087,5.894376492117413,1.026766258841819,1.314650402426211,Bad
5.016395640450534,2.3843168600065203,1.194608332685581,6.369035044130301,Bad
2.2576888593426365,4.301063281554011,1.1165954232413524,1.3845723145204134,Bad
2.370558372360565,4.470683508092929,1.2973183054799844,1.799112532701999,Moderate
1.7555347178129956,2.538129844451689,1.3043140303148075,1.3046619003179534,Moderate
1.193490593745021,4.880819915231955,1.015816410415857,1.1847950803460634,Good
4.740818145737073,2.755077143127583,1.01703307889623,2.3784684296767336,Moderate
3.276201867360521,2.226528401501846,1.121259221142635,1.8190895369185145,Moderate
3.3810092723057408,2.222647581586614,1.0827827345511076,2.293563165086045,Moderate
2.6151090053983665,5.551255219124344,1.2087057815779243,1.2996670499297247,Bad
1.293460733846615,2.159513267355889,1.0523158492032647,1.5244173373770182,Good
3.002334507011444,4.825636549120242,1.10048404508356,1.6592675098453944,Bad
2.5640489661055863,6.608258048231544,1.2063738826272834,2.4184236367779635,Bad
1.737507650671824,5.018825657583375,1.0401493882627284,1.3046619003179534,Moderate
1.6309476079284622,5.9180400281859,1.0206830003886511,1.4944506323840456,Bad
1.7309644437600131,4.963642291471661,1.270501369607462,1.354605609527441,Good
2.220065709835615,3.0942229420611462,1.0757870097162845,1.0,Good
1.720682353608403,3.3032192926180284,1.0597816587640887,1.3945620152968707,Good
2.94249380007765,1.21637937381025,1.0279828993392923,2.3014108457896043,Good
2.4323678460857145,5.752395275706488,1.209871745044695,1.5094339848805318,Bad
1.7793370921962686,5.803697821902969,1.079284872133696,1.7192009198313394,Moderate
2.1905046039044382,2.435619406203001,1.1655654970851146,1.349611957807412,Good
2.01582561716136,5.6025577653208245,1.150408083948698,1.6293008048524218,Bad
2.724590046641768,5.180589590147555,1.0255495903614458,2.0138731193728354,Bad
1.8062108072709209,5.125311569891568,1.3346288286047416,1.589345597751192,Bad
1.8733950627091192,5.212109420190781,1.35445006762534,1.6542726594571655,Moderate
1.5540866944064815,4.289231513519767,1.13609863661096,1.4894557819958172,Good
1.8169603062001547,4.036788910741142,1.0151574131364167,1.3396222570309548,Moderate
2.2086151299883783,4.0447398588601535,1.0652934224640498,1.4295223720098722,Moderate
1.8062108072709209,6.671392362462269,1.1216090073843763,1.5943392494712207,Bad
1.4122190685883091,2.90093917945374,1.033070694131364,1.3596004599156697,Good
2.499552101523913,3.575349957405635,1.0,1.8190895369185145,Bad
2.182442495831729,4.920290693394192,1.324135241352507,1.6842393644501383,Bad
1.443065403540005,4.072284214843873,1.167897396035756,1.0,Good
2.096446697888452,2.467139236246227,1.026710936649825,2.07380652935878,Good
1.556285457016935,5.492096378953125,1.1574038087835212,1.1298553220801475,Bad
1.720682353608403,3.3032192926180284,1.0597816587640887,1.3945620152968707,Good
1.7578381588346657,5.464552022969405,1.071229211037699,2.173696345114155,Moderate
1.5912212801642969,1.7940536163141676,1.1130975608239408,1.034961555381201,Good
2.0627961682584743,4.305038755613516,1.073773108433735,1.4295223720098722,Moderate
1.7094655103984104,4.431212729930692,1.197046258841819,1.6492790077371366,Moderate
2.741415343705189,3.319026534711778,1.2518460940536338,1.6293008048524218,Moderate
2.2442520340537424,1.7217378500888696,1.0466381748931208,1.544395540261733,Good
1.1177768859533548,6.840917934856914,1.0279828993392923,2.198668199718899,Bad
4.053786321758647,1.5205977935067256,1.2311630936649824,5.025526971166569,Bad
1.7981486991982116,5.3264516264737125,1.0550330446949088,1.354605609527441,Moderate
2.8479753864485517,3.6463405656110974,1.0632656976292263,1.918979352673889,Moderate
2.800303754433434,3.5516864213371475,1.1094982883793238,1.839067739803229,Moderate
3.961247316903561,2.3211825457757955,1.015816410415857,1.8540510922997155,Moderate
1.8384592395617576,5.500047327072137,1.1410804601632336,1.2597118428284946,Moderate
2.7145416286305366,2.6012641586824143,1.096774184220754,1.764150977320798,Moderate
1.2131200854867243,5.791866053868725,1.0629615235134084,2.198668199718899,Bad
1.647656036673261,4.699367920658792,1.3101437916828604,1.3046619003179534,Moderate
2.761044835446892,3.1849016122755907,1.2360296836377769,4.046615407174935,Moderate
1.827709740632524,2.4947782463742203,1.0338126607073457,1.3596004599156697,Good
1.0322484322908367,3.342690070780266,1.0523158492032647,1.274695195324981,Good
1.3617433063917748,4.829517369035474,1.0928523528954528,1.2796888470450098,Good
1.6730107860901504,6.478108599854863,1.150864317139526,1.3446171074191833,Bad
1.6029054676550485,6.04430865664735,1.0401493882627284,1.349611957807412,Bad
1.7795708288335126,4.758526760830012,1.0979401476875243,1.5194224869887896,Bad
2.0487751303702,3.228347864497334,1.059615748153906,1.7341842723278256,Good
2.383750883526424,4.754645940914779,1.4306933105324524,1.3446171074191833,Moderate
3.024640683130151,3.839624328218504,1.1301813167508743,2.423418487166193,Moderate
2.894595397086664,2.845755813342027,1.06645938593082,1.2597118428284946,Moderate
2.959476147006328,4.321129960140087,1.0106601414691023,1.588910481194694,Moderate
1.2902358906175315,3.752826477919292,1.0279828993392923,1.1398450228566048,Good
3.015527018177302,5.302788090405224,1.2320248830159346,1.5743622452547057,Bad
1.784711873909318,4.758526760830012,1.3218033424018656,1.5044391344923034,Moderate
5.038064587547174,1.2129718246163876,1.0656989786241742,4.536071189170752,Bad
1.7616772702020251,3.334833776805528,1.0526736945200157,1.0799116128706598,Good
1.0504758266933991,5.519735389081118,1.0291995398367664,1.469478777779302,Good
2.2394614649400744,2.0845471850909205,1.0425826692576758,1.834072889415001,Good
2.295545745486902,5.5394234510901,1.243329554605519,1.839067739803229,Bad
2.109883523177346,5.160806873994299,1.029148862806063,1.3346286053109258,Moderate
1.647656036673261,6.198121641092519,1.0431403124757093,2.0288564718693216,Bad
5.809222703352112,1.2484671287191191,1.149647676642052,4.650943158754412,Bad
2.6258584398307354,5.567062461218094,1.270501369607462,1.3196452528144396,Bad
2.4862320800567765,6.26116130117897,1.0425826692576758,1.604328950247678,Bad
3.249328152285869,5.594701471346087,1.2495141951029929,1.864039594407973,Bad
2.4296805197260545,2.0530273550476954,1.1340847353284105,1.7691458277090266,Good
2.327560441140495,7.412818274560121,1.1982121943256898,1.4045505174051285,Bad
1.9755150767978145,6.237497765110482,1.162067634667703,1.589345597751192,Bad
1.7900865911255024,6.482084073914369,1.0256510003886514,1.419533869901615,Bad
2.023887725234069,6.501772135923352,1.0804508356004665,1.3596004599156697,Bad
2.643267949493538,2.739269901033833,1.0754321585697628,1.7949064059891855,Good
3.1541952770279003,2.5854569165886647,1.3955764508356006,1.3096555520379822,Good
2.0292624424502543,3.3703290809082587,1.0279828993392923,1.4794672798875594,Good
2.0627961682584743,3.415763070159755,1.0620490291488536,1.3845723145204134,Good
2.3168110067081256,6.296656605281701,1.1877186070734551,1.5643725444782484,Bad
2.569423683321771,4.49037157010191,1.0391760590750097,1.3995556670168998,Moderate
2.255001468486112,3.756801951978797,1.0687912848814614,1.4395120727863295,Moderate
2.4646162783765515,2.167369561330627,1.0874465604352896,3.277469579465908,Good
1.4122190685883091,5.661716605492043,1.0018249607462106,1.2796888470450098,Moderate
1.9459540353635016,6.233616945195251,1.0734551107656432,1.6492790077371366,Bad
1.55897284787346,5.361946930576443,1.0608323886513795,1.03995520710123,Moderate
2.528295258218465,4.975474059505905,1.0450159782355228,1.6792457127301093,Bad
1.529995954541664,5.397442234679175,1.0,1.1448386745766337,Moderate
2.4699910600896007,4.656016322581324,1.2623396813058687,1.884017797292688,Moderate
1.9782024676543388,7.042057991439059,1.2133696074621063,1.0,Bad
1.620782321598609,7.278693352123934,1.0687912848814614,1.5144288352687607,Bad
1.5347865236553324,4.028932616766404,1.258841818888457,1.0,Good
1.682591795323758,4.695487100743561,1.1061018359891177,1.3196452528144396,Good
1.1065600427433622,5.003113069633899,1.0279828993392923,2.198668199718899,Good
3.823841003705367,3.606964441593135,1.0742155180722892,2.07380652935878,Bad
2.698417412485118,3.113911004070128,1.058509696074621,1.5993340998594494,Moderate
2.3006867905627075,5.06615272972035,1.2180334333462883,1.4944506323840456,Bad
4.325794817973616,1.504790551412976,1.059615748153906,3.052719292018614,Moderate
1.0,4.352365827750491,1.0,1.0,Good
2.41051837226511,3.421536972960466,1.0656989786241742,2.0688128776387518,Moderate
2.69093951701179,2.778740679196071,1.0669156191216478,1.5493891919817622,Good
1.4998507005079709,1.8834071285087768,1.0,1.0449500574894588,Good
3.195697590455187,4.072284214843873,1.0705655685969686,1.764150977320798,Moderate
3.992093651855256,1.3904483451300442,1.0778654675476098,2.5832405142393124,Moderate
5.943824886368888,2.7274381329995894,1.1192314963078118,3.617091836496863,Bad
2.009516146886793,4.916315219334686,1.0316328488146134,1.1148719695836613,Moderate
3.88833786828704,1.410136407139026,1.0571824391760591,2.458380042547393,Moderate
2.037324550522963,5.614389533355069,1.167897396035756,1.7391791227160542,Bad
4.780077129220479,1.4259436492327755,1.083948698017878,3.192564314875219,Moderate
2.057187714405046,4.498227864076648,1.0121664889234356,1.0,Moderate
3.21532708219689,1.6625790099176507,1.081515389040031,2.508323751756881,Moderate
1.8465213476344668,4.636328260572341,1.0827827345511076,1.8440625901914576,Moderate
2.8127013417433235,5.070128203779855,1.0851146614846483,1.918979352673889,Bad
2.676918479123516,5.077984497754594,1.2944287633113098,1.899001149789174,Bad
2.762914277066792,6.5175793780171,1.3206373789350951,2.6581572767217434,Bad
2.445804735871473,3.4965030552254346,1.0268169358725223,1.6243059544641931,Moderate
2.110467735776727,2.707750070990608,1.0623255561601244,1.5144288352687607,Good
2.510301600453147,3.279555756549541,1.034978624174116,1.764150977320798,Good
2.057187714405046,4.8611318532229735,1.1216647773027597,1.6742508623418806,Bad
3.4938787853236697,1.67980606417551,1.0742155180722892,2.792554352610626,Good
1.4176939494351892,6.75023926464247,1.047804110376992,1.3596004599156697,Bad
2.984744406127813,2.00570028291072,1.4698795273999223,1.724195770219568,Bad
2.397432087435217,5.484240084978387,1.1235911480761758,1.5643725444782484,Bad
3.403209286585347,2.2383601695360893,1.0827827345511076,2.123751437236468,Moderate
1.0673010592599557,4.967617765531168,1.0,1.3596004599156697,Good
2.1233204129631047,3.740994709885048,1.2713124539448115,1.0820140768929667,Good
1.9557262778005944,5.468432842884638,1.13609863661096,1.5094339848805318,Bad
1.4165422289243543,3.4491759830884594,1.1399144966964632,2.912874269162009,Moderate
1.3735443622011485,5.365922404635949,1.0629615235134084,1.0,Moderate
2.08522985467846,5.196302178097031,1.0523158492032647,1.5493891919817622,Moderate
2.8730964637250613,3.8987831683897225,1.15507190983288,1.639289306960679,Moderate
2.191789897421822,6.079803960750081,1.0766487990672369,1.3596004599156697,Bad
1.8035234164143965,2.9600980196249598,1.0513019727944035,1.1248616703601186,Good
4.771664480688768,3.153381782232365,1.0133831294209097,2.488346747540366,Moderate
1.6449686458167367,4.22221637937381,1.0804508356004665,1.0499449078776877,Good
2.088384589815744,4.7151751627525424,1.0489700738437622,1.529412187765247,Moderate
1.7795708288335126,6.063996718656331,1.1667314325689857,1.7741394794290557,Bad
1.9029561041434315,4.261592503391773,1.247182268169452,1.2647054945485237,Moderate
2.9698417605975718,2.226528401501846,1.263505644772639,2.363485077180248,Bad
3.4761187352018665,3.2480359265063155,1.0401493882627284,1.6792457127301093,Moderate
1.6772170781075737,5.294931796430487,1.3008161678973962,1.6492790077371366,Bad
3.145221828258652,3.977630070569923,1.0571824391760591,1.9289678547821465,Bad
2.460994198958509,1.7295941440636076,1.0139914496696465,1.8940062994009452,Good
3.3729471642330315,5.669572899466782,1.3987563155849203,1.864039594407973,Bad
1.765900266907375,4.809829307026492,1.116798187329965,1.899001149789174,Bad
1.550910739800751,5.922015502245406,1.1947143319082782,1.154828375353091,Bad
1.6288444296713185,3.5596373694561594,1.0268169358725223,1.2697003449367523,Good
1.3168758690549398,4.884795389291462,1.0394304516129032,1.3845723145204134,Good
2.3436846572859134,7.010538161395833,1.180722882238632,1.8890126476809168,Bad
3.24126604421316,4.336558585656741,1.3766031776136805,1.3795786628003843,Bad
1.5468212516050852,6.454445063786376,1.0,1.4295223720098722,Moderate
3.6275461507852,1.9860122209017383,1.015816410415857,2.508323751756881,Moderate
2.2791877927042394,3.4728395191569468,1.0279828993392923,1.779134329817284,Good
1.548223348944226,5.263411966387261,1.2087057815779243,1.4395120727863295,Moderate
2.547924749960168,3.2019393582449016,1.007786549553051,5.300222166491549,Moderate
3.605112464365214,3.3703290809082587,1.1143649063350174,1.864039594407973,Moderate
2.040011941379488,3.3032192926180284,1.2751651675087443,1.2796888470450098,Good
2.676918479123516,5.314619858439468,1.032849489312087,1.744172774436083,Bad
1.6814233701249963,5.018825657583375,1.0407023863194715,1.4994454827722743,Bad
1.633751802606744,3.1375745401386155,1.0139914496696465,1.5993340998594494,Good
1.8062108072709209,7.1761829138752455,1.150408083948698,1.0549385595977163,Bad
2.923689094240218,1.8597435924402888,1.0048665899727944,1.7491676248243118,Moderate
1.8518960648506515,6.777878274770464,1.053633899727944,1.2497221420520372,Bad
1.2075116316332957,5.5339335107222105,1.0097331799455889,1.2397336399437795,Moderate
1.376231688560808,3.614820735567872,1.030314798289934,1.5094339848805318,Good
1.400418012778936,2.751101669068077,1.072289147298873,1.958934559775119,Good
1.4851285817016937,6.000862404425607,1.0366109506412748,1.2896785478214672,Bad
3.462097697313592,2.4316439321434955,1.0961151869413135,3.1076578516163305,Moderate
1.143014767051622,4.391741951768454,1.0,1.2397336399437795,Good
3.907967360028744,1.398304639104782,1.10828164788185,2.0088794676528066,Moderate
3.8182325498519374,2.90093917945374,1.122881417800233,2.1836848472224126,Moderate
2.571378131809189,5.44476930681615,1.0635974908666923,1.7491676248243118,Bad
4.911875053062109,2.7984287412050524,1.099765108433735,2.618202069620513,Bad
2.142131955468183,4.900507977240936,1.3824329669646327,1.8490562419114869,Moderate
3.475067178321727,1.5442613295752132,1.150408083948698,2.8479472074560355,Moderate
5.444675202282054,1.8005847522690703,1.0717822090944422,3.217536169479963,Bad
1.7282771174003533,5.271268260362,1.0396424500582977,1.3795786628003843,Moderate
2.314123615851601,3.461007751122703,1.0251846094053634,2.1687014947259264,Good
1.980889794013999,3.579325431465141,1.0253012141469102,1.2846836974332383,Good
3.342042395122025,1.7790982615188835,1.0097940147687523,2.917869119550238,Moderate
1.0196294917417033,3.989461838604167,1.0012166404974738,1.034961555381201,Good
3.764151348428424,1.5442613295752132,1.0903084554994171,4.006659001405504,Moderate
2.259090956681778,3.9816055446294287,1.090031928488146,1.6642623602336228,Good
1.7014034023257012,4.975474059505905,1.1469102215312863,2.443396690050907,Good
1.3112674796983756,3.823817086124754,1.0610535934706569,1.329633754922697,Good
3.996416812191301,2.715606364965346,1.2868247182277497,1.9289678547821465,Moderate
1.0441294642122916,4.151225771168347,1.0139914496696465,1.11986681997189,Good
2.6124216145418417,4.119611286980849,1.059615748153906,1.414539019513386,Good
1.6449686458167367,5.2042531262160425,1.060629624562767,1.0,Moderate
1.6234697124551336,5.369897878695455,1.0,1.0,Moderate
1.911368752675142,5.543398925149606,1.020351207151185,1.4544954252828155,Moderate
2.5962973983964237,4.289231513519767,1.1923824329576371,1.7192009198313394,Moderate
2.2173783189790903,1.5679248656437008,1.0034978624174116,1.294672199541496,Good
2.2394614649400744,2.0845471850909205,1.0425826692576758,1.834072889415001,Good
1.4729769854333186,5.588264989535459,1.159380856587641,1.6193123027441645,Moderate
3.716930420503003,4.845324611129223,1.2518460940536338,2.3085465175825317,Bad
1.491788592435262,5.910183734211162,1.130586872910999,1.0,Bad
2.878821721400247,4.829517369035474,1.0754321585697628,1.7458377245654928,Moderate
2.2388772523406937,2.530273550476952,1.0069957248348231,1.469478777779302,Good
1.5159749166533891,4.3720538897594725,1.0291995398367664,1.2397336399437795,Moderate
1.4514780520717157,5.369897878695455,1.0513019727944035,1.4794672798875594,Bad
2.2388772523406937,4.425533481274255,1.0617955600466382,1.2247502874472935,Moderate
3.764151348428424,2.869419349410515,1.1107149568596968,1.799112532701999,Moderate
2.8928427592885217,5.1844704100627865,1.0,1.6243059544641931,Bad
1.905643494999956,6.781759094685695,1.1597357077341623,1.899001149789174,Bad
1.5912212801642969,4.419380961896448,1.2087057815779243,1.2297451378355222,Moderate
2.8967941596971176,4.64418455454708,1.0715118663039254,2.0488346747540365,Moderate
2.187328649298707,4.687536152624549,1.0023318989506411,1.3945620152968707,Moderate
3.0020901928884083,5.93384727027965,1.0279828993392923,1.5344058394852758,Bad
1.0,4.036788910741142,1.0,1.2397336399437795,Good
3.286951301792891,1.1814519945731623,1.2751651675087443,2.083796230135237,Good
1.4111675117081697,5.547374399209112,1.0233190734551108,1.0,Moderate
2.163630953326651,2.2028648654333582,1.0851146614846483,1.154828375353091,Good
1.3627948632719145,3.1888770863350966,1.2495141951029929,1.3046619003179534,Good
1.7655497264483735,5.503928146987369,1.0121664889234356,1.484462130275788,Bad
2.0151245362433574,3.169189024326115,1.0048665899727944,1.604328950247678,Good
1.9352045364342685,5.661716605492043,1.0116595507190052,1.4994454827722743,Bad
2.6180300683952704,4.577169420401123,1.0133831294209097,1.3446171074191833,Bad
1.6029054676550485,4.41152466792171,1.0003649809560824,1.5094339848805318,Good
2.0803224817430337,6.087660254724819,1.162067634667703,1.2097669349508071,Bad
2.800537491070678,4.419380961896448,1.239020607850758,1.6492790077371366,Bad
2.75607373960926,2.1437060252621394,1.0992121103769918,1.7741394794290557,Good
1.8580887313034609,4.868988147197712,1.1002720466381657,1.1947835824543211,Moderate
1.3439832562699714,4.766477708949024,1.0384764865915277,1.4944506323840456,Bad
1.7475772881515026,4.608689250444348,1.1437303567819666,1.5743622452547057,Good
1.4219170106374035,4.683655332709317,1.2611737178390985,1.4894557819958172,Bad
1.20155270181773,3.950085714586204,1.0163233486202876,1.1448386745766337,Good
1.6898360186567072,2.3921731539812585,1.041974349008939,1.4644839273910732,Good
3.964168379900464,3.997412786723179,1.2541779930042751,1.6942290652265954,Moderate
2.050761440308721,4.841349137069718,2.185775359502526,1.3645953103038984,Bad
2.825541700028566,2.810260509239296,1.1301813167508743,1.2647054945485237,Moderate
2.4834278853784943,2.0766908911161828,1.0547491581811117,1.5643725444782484,Good
1.9432666445069773,1.7257133241483755,1.0023318989506411,2.2036630501071275,Good
1.7712749841235595,4.514035106170399,1.0,1.329633754922697,Moderate
1.070105318435102,4.41152466792171,1.0,1.3645953103038984,Good
1.9422150876268376,6.209953409126763,1.3309282020987174,1.5993340998594494,Bad
2.2406161523066803,5.070128203779855,1.0632656976292263,1.5743622452547057,Bad
1.0122851047780588,3.788321782022023,1.0,1.2647054945485237,Good
2.1394446291085227,4.364197595784735,1.0233190734551108,1.5094339848805318,Moderate
2.402105723733399,5.259436492327756,1.1034150579090556,1.9489460576668611,Bad
1.9169771420317057,2.90093917945374,1.0024333089778468,1.4994454827722743,Good
2.172670253394637,5.409274002713419,1.0011659634667702,1.6792457127301093,Bad
1.712152901254935,4.332583111597236,1.005829761368053,1.2846836974332383,Moderate
1.55897284787346,5.8391931260057,1.0944422852701128,1.0,Bad
2.7226037367032463,4.253736209417036,1.1667314325689857,1.4894557819958172,Good
1.620782321598609,1.6152519377806758,1.029148862806063,1.6293008048524218,Good
2.3460215076834365,2.0845471850909205,1.0496060411970465,1.943951207278633,Good
1.7632128760508503,2.833924045307784,1.2483482316362222,1.314650402426211,Moderate
1.995495108998519,5.543398925149606,1.0425826692576758,1.3795786628003843,Moderate
1.252379004473266,3.1888770863350966,1.0012166404974738,1.4245287202898431,Good
1.247237959397461,5.30676356446473,1.0550330446949088,1.0,Moderate
1.6906539033964674,5.989030636391363,1.1527399828993392,1.6942290652265954,Bad
1.927142428361559,5.010969363608637,1.1562378453167508,1.234738789555551,Bad
2.4323678460857145,5.267292786302494,1.1294209094442285,1.5643725444782484,Bad
2.5532994671763527,4.868988147197712,1.0012719626894675,1.3795786628003843,Moderate
2.533903712071893,5.156926054079068,1.0133831294209097,1.7391791227160542,Bad
1.7010528618666996,3.535973833387672,1.3599618313253012,1.6492790077371366,Bad
1.7605255496911902,4.9123397452751805,1.008516539448115,1.4944506323840456,Bad
1.496345424911686,4.805853832966987,1.0231163093664983,1.329633754922697,Moderate
2.502239492380437,3.319026534711778,1.0816167990672367,1.3845723145204134,Good
2.1973982867783857,2.325158019835301,1.0038158600855034,1.409545367793357,Good
1.8975813869272469,4.758526760830012,1.1935483964244074,1.3596004599156697,Bad
1.3547327551992052,2.80628503517979,1.0034978624174116,1.0,Good
2.383995197649459,2.3882923340660263,1.1049358725223477,1.908989651897432,Good
2.045970871195053,6.971067383233596,1.0,1.254716992440266,Bad
1.5777843903785382,4.947835049377912,1.541002711232025,1.0099885021082575,Moderate
4.052851568700266,3.1100301841548963,1.3229693058686358,1.7341842723278256,Moderate
2.131382521035814,3.031088627830422,1.041974349008939,1.4544954252828155,Good
2.4273436693285317,3.4728395191569468,1.0693489280994948,1.589345597751192,Good
2.4968647106673885,1.7927284582943324,1.174893120870579,1.4395120727863295,Good
2.752164842634423,2.1476814993216453,1.2693354061406918,1.7741394794290557,Good
1.102608642334766,5.803697821902969,1.033070694131364,1.1398450228566048,Moderate
2.47805316816231,5.129287043951074,1.1993781577924605,1.4644839273910732,Bad
1.56166017423312,5.385610466644931,1.3462883793237466,1.0,Bad
5.060498273967159,4.170913833177329,1.0255495903614458,2.6581572767217434,Bad
1.4622275510009497,3.287506704668553,1.1317528083948698,1.3446171074191833,Good
1.510366462799961,4.916315219334686,1.0279828993392923,2.198668199718899,Moderate
2.2388772523406937,4.774334002923761,1.1422463956471045,1.0249718546047435,Moderate
1.2490140095574465,3.177045318300853,1.0096115102992615,1.2247502874472935,Good
1.386981187490042,2.8772756433852527,1.02215313797124,1.1248616703601186,Good
2.093759307031928,3.63848427163636,1.0454722114263506,1.6792457127301093,Good
3.4172303244736217,3.4965030552254346,1.0790821080450836,2.2735849622013298,Moderate
2.5254910635401826,4.135418529074598,1.0401493882627284,1.604328950247678,Bad
1.94501928230512,3.804129024115772,1.0510992087057909,3.002480710431996,Good
1.6057096623333302,5.436913012841412,1.0121664889234356,1.4395120727863295,Moderate
1.8303971314890488,2.8024042152645583,1.02215313797124,1.1997784328425498,Good
3.2977008007221245,2.814235983298802,1.114263496307812,1.529412187765247,Moderate
1.1794695558567465,5.787890579809219,1.0401493882627284,1.2447284903320084,Good
1.7475772881515026,4.198552843305323,1.0814048006218422,1.6942290652265954,Good
2.3490594389989625,3.9816055446294287,1.3952584531675087,1.3945620152968707,Bad
1.8599581729233607,3.81198531809051,1.0396424500582977,1.0499449078776877,Good
3.260077651215102,2.167369561330627,1.1247570835600469,1.8190895369185145,Good
3.0612122757570326,3.267723988515297,1.054799835211815,1.908989651897432,Moderate
1.992690849823372,2.975905261718709,1.0547491581811117,1.0,Good
1.6281433487533157,4.127562235099861,1.094124287602021,1.4445057245063584,Good
1.658989683705011,5.847049419980437,1.1119315973571706,1.11986681997189,Moderate
3.919184203238736,2.573625148554421,1.0340661298095608,2.053829525142265,Moderate
3.3555376545702296,7.357634908448408,1.0437993097551497,1.409545367793357,Bad
1.518779111331671,6.079803960750081,1.1310108418188884,1.4594890770028446,Bad
3.276201867360521,3.0942229420611462,1.3019821313641664,1.8190895369185145,Moderate
2.6957300861254585,6.549099208060325,1.1002720466381657,1.4894557819958172,Bad
1.86533295463641,4.801973013051755,1.0209871745044694,1.3346286053109258,Moderate
1.7066613157201282,5.421105770747662,1.087598647493199,1.644284157348908,Good
2.107196196817686,1.7769212162005823,1.0629615235134084,1.3596004599156697,Good
1.556285457016935,3.792297256081529,1.0594636610959969,1.5843507473629632,Good
2.905344896015898,2.924602715522228,1.0333129700738437,2.07380652935878,Moderate
2.354434156215147,4.15510659108358,1.0559657986785853,1.7841291802055128,Moderate
2.1582561716136013,4.021076322791666,1.1410804601632336,1.2846836974332383,Good
1.693341294252992,6.994730919302083,1.2215312957637,1.0998886170871751,Bad
3.4159450309562382,2.4276684580839896,1.0524679362611735,2.748057391700661,Moderate
4.3014332557744215,4.951810523437418,1.2010104842596192,1.6243059544641931,Bad
1.9513287525796867,2.703774596931102,1.0093276237854645,1.5993340998594494,Good
1.9394108284516915,4.0249571427068975,1.073773108433735,1.4994454827722743,Good
2.1690056705428358,2.829948571248278,1.475709288767975,2.683130329994687,Good
2.876017526721965,5.223941188225024,1.0729988775748154,1.4894557819958172,Bad
2.7330026951734787,3.12186195218914,1.299295353284104,1.2896785478214672,Moderate
3.978072613966981,2.684086534922121,1.1289646762534007,3.3673696944448253,Bad
2.193191994760963,2.3527970299632948,1.037310523124757,1.2846836974332383,Good
1.995495108998519,4.888676209206693,1.0255495903614458,1.0,Good
2.792475382997969,3.989461838604167,1.0501360373105324,1.9489460576668611,Moderate
2.9429680455229192,3.654291513730109,1.018249719393704,1.5743622452547057,Moderate
1.4729769854333186,5.588264989535459,1.159380856587641,1.6193123027441645,Moderate
3.5518324429935326,3.319026534711778,1.1630308060629615,2.388456931784991,Moderate
1.171991660383418,3.204684328428846,1.005829761368053,1.254716992440266,Good
4.266906407245372,2.4513319941524774,1.1180148278274389,3.447281307315485,Moderate
1.975865617256816,4.186721075271079,1.0368865542168677,1.7491676248243118,Good
2.9292974835967813,2.561793380520177,1.0425826692576758,1.5244173373770182,Good
2.394744696578693,5.141118811985318,1.0589972701127088,1.4994454827722743,Bad
3.1368091797269417,2.013556576885458,1.0474492592304705,2.7380688895924035,Moderate
2.186181443568393,6.332151909384432,1.0608323886513795,2.31354016930256,Bad
4.805315010318747,3.29536299864329,1.0194663598911775,3.167591261602275,Bad
1.0,6.509628429898089,1.0,1.0,Moderate
2.5899879281218565,4.963642291471661,1.0401493882627284,1.349611957807412,Moderate
1.980889794013999,4.403573719802698,1.037310523124757,1.779134329817284,Good
2.6339205479034447,4.056571626894398,1.1982121943256898,1.3845723145204134,Moderate
1.748724493881817,6.990850099386852,1.1459977271667314,1.4744724294993308,Bad
2.177067778615545,5.547374399209112,1.289156617178391,1.5993340998594494,Bad
2.418931020796821,3.73313841591031,1.071123211815002,1.943951207278633,Bad
1.8868318879980128,4.088091456937622,1.1480761849980567,1.3046619003179534,Good
2.038092385695808,5.370560457705373,1.030781189273222,1.6201801385207608,Bad
1.5687450903105522,3.839624328218504,1.0546938359891178,1.529412187765247,Good
2.1550802170078707,3.437344215054216,1.2467582992615625,1.7042175673348532,Good
2.4001194137948776,4.237928967323287,1.137582597745822,1.7341842723278256,Moderate
2.73335323563248,4.364197595784735,1.0038158600855034,1.7941176823137703,Moderate
2.241564643197218,5.642028543483062,1.1690633595025262,1.409545367793357,Bad
1.670206526915004,4.734863224761524,1.0231163093664983,1.938956356890404,Moderate
2.2254404270518,4.230072673348548,1.1982121943256898,1.5543840423699908,Moderate
1.5524296409616491,3.157357256291871,1.0254390019432569,1.3845723145204134,Good
1.4729769854333186,4.482515276127173,1.121259221142635,1.11986681997189,Moderate
1.5401612408715168,2.841780339282521,1.2751651675087443,1.0,Moderate
1.2606748491832194,4.163057539202592,1.0699572483482316,1.1897887320660925,Good
2.558674248889402,5.862856662074187,1.222697231247571,1.3196452528144396,Bad
1.478351767146368,1.4692952473102447,1.475709288767975,1.0,Bad
1.521349633869574,4.537698642238886,1.0167897396035757,1.724195770219568,Good
1.7497760507619564,5.507903621046875,1.1958802953750487,1.2796888470450098,Moderate
2.662897441235241,4.056571626894398,1.0656989786241742,1.7491676248243118,Moderate
1.5944928191233376,2.841780339282521,1.0038158600855034,1.389567164908642,Good
2.5156763176693318,4.514035106170399,1.2110377085114652,2.523307104253368,Bad
1.0675681407761883,4.080519125395707,1.0,1.0,Good
1.5939086065239567,4.959666817412156,1.2348130151574035,1.3795786628003843,Moderate
1.4983848802666233,2.699799122871596,1.0,1.4644839273910732,Good
2.67960586998004,3.7804654880472848,1.0921103863194714,1.4594890770028446,Moderate
1.693341294252992,6.2178097031015005,1.08861252390206,1.8091010348102567,Bad
1.9478234769834015,1.654722715942913,1.031798759424796,1.8540510922997155,Good
1.9244550375050344,5.910183734211162,1.1422463956471045,1.4245287202898431,Bad
2.591899873175516,2.778740679196071,1.1119315973571706,1.3446171074191833,Good
1.9110182122161403,5.018825657583375,1.0408083855421686,1.6542726594571655,Bad
1.5019538787651148,3.2756749366343088,1.026766258841819,1.0,Good
1.98147400661338,3.681835869713829,1.1021984174115818,1.8690344447962015,Good
2.6180300683952704,3.6463405656110974,1.0778654675476098,2.283573464309588,Moderate
4.191192699453706,3.3703290809082587,1.083948698017878,2.2436182572083574,Bad
1.8088981981274452,2.4513319941524774,1.1119315973571706,1.1698117278495772,Good
3.2466407614293447,3.0823911740269025,1.083948698017878,1.6592675098453944,Moderate
1.8384592395617576,5.290956322370981,1.0769529731830547,1.724195770219568,Bad
1.795461308341687,4.948402974243555,1.2224640497473769,1.4245287202898431,Bad
2.7709763851395013,6.37162268754667,1.2774970944422852,1.3446171074191833,Bad
2.752164842634423,1.4284046569838982,1.2483482316362222,1.799112532701999,Good
1.580471781235063,3.177045318300853,1.1131482378546445,1.5144288352687607,Good
2.374955897581473,3.2138657804234194,1.1737271574038088,3.005771054640224,Good
1.92138376131052,7.042057991439059,1.062628387096774,1.2497221420520372,Bad
1.8216339424983363,5.247604724293511,1.0571824391760591,1.2896785478214672,Bad
1.4486738573934337,4.671823564675073,1.0826767353284104,1.3695889620239272,Moderate
2.822036424432281,2.364628797997539,1.0582976976292269,1.7941176823137703,Good
3.80292621844628,1.3273140308993194,1.6167897489312089,1.839067739803229,Moderate
2.392057305722169,5.531567157115362,1.3253012048192772,1.948510941110364,Bad
2.3136992909795184,4.531830085293901,1.0324012592304703,1.7416759485760689,Moderate
3.31908293026197,2.0608836490224327,1.008516539448115,1.958934559775119,Good
2.588235290323714,2.55393708654544,1.1165954232413524,1.834072889415001,Good
3.8098199013202274,2.912770947487984,1.1094982883793238,4.1814655796433104,Bad
2.3194983330677856,4.829517369035474,1.3574179339292654,1.0849052645906887,Bad
1.639360191963308,1.5166223194472197,1.0496060411970465,1.4045505174051285,Good
1.611318116186759,5.070128203779855,1.0985484679362612,1.0,Moderate
1.5374738500149925,4.691511626684054,1.0699572483482316,1.2197554370590649,Moderate
3.445272400250171,3.737113889969816,1.0632656976292263,1.99389611515632,Bad
1.7347033914966776,4.466708034033423,1.0750450431403031,1.0,Moderate
1.9513287525796867,6.367647213487164,1.2938204430625728,1.4644839273910732,Bad
1.9225855958851343,6.237497765110482,1.01703307889623,2.158712992617669,Bad
3.515377718685273,2.751101669068077,1.0048665899727944,1.8690344447962015,Moderate
2.17169306139936,4.707318868777804,1.0209871745044694,1.2647054945485237,Moderate
1.7475772881515026,4.608689250444348,1.1437303567819666,1.5743622452547057,Good
5.697054271252186,1.1853328144883943,1.3211950221531286,4.316315752111686,Bad
1.6584054711056306,3.62267702954261,1.0338126607073457,1.604328950247678,Good
1.988951902086708,4.340534059716248,1.1760590843373495,2.0238628201492928,Moderate
2.064198265597615,6.158650862930282,1.13291877186164,1.6293008048524218,Bad
1.6879665770368073,5.653860311517306,1.1783909832879906,1.2996670499297247,Moderate
2.091071980672268,4.695487100743561,1.1107656338904004,1.544395540261733,Bad
1.908330821359616,4.94395422946268,1.037310523124757,1.4594890770028446,Moderate
2.072260373670325,2.71163089090584,1.041974349008939,1.4245287202898431,Good
3.231005173529997,1.6270837058149197,1.067413350952196,2.0338513222575503,Good
2.441364707216806,6.9632110892588575,1.0231163093664983,1.804106184422028,Bad
2.1690056705428358,3.801762670508924,1.2938204430625728,1.3645953103038984,Moderate
1.2364885249650917,4.880819915231955,1.0,1.3096555520379822,Good
2.177067778615545,2.518441782442708,1.1061018359891177,1.4894557819958172,Good
2.418931020796821,1.9938685148764763,1.0194663598911775,1.8890126476809168,Good
1.5328002137168106,4.151225771168347,1.0176413991449669,2.058823176862294,Moderate
1.8196476325598143,3.677955049798597,1.072289147298873,1.7491676248243118,Moderate
2.7226037367032463,5.062271909805117,1.0827827345511076,1.644284157348908,Moderate
1.405792794491985,5.910183734211162,1.0524679362611735,1.7142060694431107,Bad
3.724992528575712,2.415836690049746,1.28799068169452,2.258601609704844,Moderate
1.8132213584634904,6.115299264852813,1.0609039689078896,2.126748107735765,Bad
1.8328507857083287,7.073672475626558,1.0462326187329964,1.6193123027441645,Bad
1.0,4.703343394718299,1.0,1.03995520710123,Good
2.8166617072160967,4.119611286980849,1.0139914496696465,1.7391791227160542,Moderate
1.0241863242181275,2.979880735778215,1.0,1.154828375353091,Good
1.3009853895467651,2.2856872416730645,1.0011659634667702,1.0,Good
1.8035234164143965,5.200277652156537,1.2087057815779243,1.4594890770028446,Moderate
2.1851298866882534,3.942134766467192,1.1655654970851146,1.9639294101633475,Good
2.233502535124509,6.38742992964042,1.1270890104935871,1.529412187765247,Bad
1.56166017423312,3.3623781327892472,1.0027982899339292,1.374583812412156,Good
2.867477367888976,5.732707213697506,1.0165353470656822,1.5793558969747346,Bad
1.6960286851095163,4.951810523437418,1.064127486980179,1.0749167624824312,Moderate
1.4160047765517951,4.611055604051197,1.0027982899339292,1.0352552290901322,Good
2.0688052121378195,2.91674642154749,1.0,1.389567164908642,Good
1.6100328226693752,3.579325431465141,1.1655654970851146,1.0,Good
2.02634137945335,2.762933437102321,1.20318019432569,1.1148719695836613,Good
3.160644963486068,5.6025577653208245,1.329965030703459,1.709212417723082,Bad
2.3011541348434656,4.967617765531168,1.0462326187329964,1.4744724294993308,Bad
1.276415115493783,7.05360579704048,1.0306479347065682,1.5194224869887896,Moderate
1.6898360186567072,6.998706393361589,1.0535324897007383,1.764150977320798,Bad
2.2684383582718706,4.5731939463416165,1.2087057815779243,1.1947835824543211,Moderate
1.386981187490042,2.8772756433852527,1.02215313797124,1.1248616703601186,Good
2.057187714405046,3.0665839319331534,1.0012166404974738,1.5543840423699908,Good
1.7148402276145949,6.241473239169988,1.2110377085114652,1.4075471879044257,Bad
1.4541654429282402,5.464552022969405,1.0746210742324136,1.0,Moderate
1.8169603062001547,5.389585940704437,1.0034978624174116,1.11986681997189,Moderate
2.222753036195275,6.158650862930282,1.8371550812281383,1.0749167624824312,Bad
1.7820244830527932,4.092066930997129,1.0081616883015934,1.349611957807412,Good
4.093045305242054,3.3703290809082587,1.1289646762534007,1.9139845022856603,Moderate
2.3175787773841057,2.91674642154749,1.090031928488146,1.709212417723082,Good
2.386682588505984,5.894376492117413,1.3521181406917997,1.6542726594571655,Bad
1.365482254128439,4.128130159965504,1.01199265915274,1.3729188622827464,Good
3.262764977574763,4.383885657793717,1.0676253493975905,2.1687014947259264,Bad
3.620609448502576,1.6428909479086693,1.1111154201321414,1.799112532701999,Good
3.0397133423954297,3.263843168600065,1.0652934224640498,2.103773234351753,Moderate
1.491788592435262,6.482084073914369,1.0862805969685192,1.3346286053109258,Bad
2.292624682489998,6.541242914085588,1.335794792071512,1.1398450228566048,Bad
3.1794565704880107,5.4014177087386805,1.3089778561989895,2.4184236367779635,Bad
1.906180947372515,5.511879095106381,1.0026650353672757,1.3945620152968707,Moderate
1.5748633273816344,2.9364344835564715,1.0851653385153517,1.11986681997189,Good
2.8972827879431886,5.034632899677124,1.3229693058686358,1.3845723145204134,Bad
2.9769691156118983,2.829948571248278,1.049882568208317,1.7941176823137703,Good
1.967452968725105,4.565337652366879,1.0,1.1098783178636322,Bad
1.6906539033964674,5.4763837910036495,1.4978624267392149,1.2397336399437795,Moderate
2.6036265641000265,3.437344215054216,1.13609863661096,1.724195770219568,Good
1.2748127553901158,4.801973013051755,1.0024333089778468,1.3446171074191833,Good
2.457042798549913,3.5083348232596783,1.142458394092499,2.773030444973604,Good
1.2692043015366874,6.213834229041995,1.029148862806063,1.094894965367146,Moderate
1.297246441810101,5.791866053868725,1.0206830003886511,1.3845723145204134,Moderate
1.857270846563701,2.3764605660317826,1.1655654970851146,1.3446171074191833,Good
3.2770197521002813,4.908458925359948,1.01703307889623,2.128746287624696,Bad
3.68082617215688,1.918902432611508,1.1569475755926937,2.628190571728771,Moderate
2.2442520340537424,5.827361357971456,1.3462883793237466,1.5543840423699908,Bad
2.200202545953532,5.3501151625422,1.041366028760202,1.5643725444782484,Moderate
2.7817258840687358,4.41152466792171,1.1399144966964632,1.5194224869887896,Moderate
4.848312941538817,4.699367920658792,1.0466381748931208,2.688123981714716,Bad
2.007763509088651,4.892651683266199,1.409249902837155,1.5643725444782484,Bad
2.222753036195275,6.158650862930282,1.8371550812281383,1.0749167624824312,Bad
1.5892668316768783,6.8330616408821765,1.003997553050913,2.1836848472224126,Bad
3.0843236952300424,3.4925275811659287,1.1119315973571706,2.2685901118131016,Moderate
1.9190803202888496,6.399261697674663,1.1900505340069958,1.5244173373770182,Bad
2.437742627798764,2.4237876381687578,1.0255495903614458,1.4445057245063584,Good
3.993729485831641,1.7295941440636076,1.4244073159735715,1.9489460576668611,Moderate
1.9459540353635016,6.233616945195251,1.0734551107656432,1.6492790077371366,Bad
4.017331597450388,1.61127646372117,1.018249719393704,3.02774743741387,Moderate
2.854284856723118,5.081959971814099,1.2320248830159346,1.3196452528144396,Bad
1.877718223045164,3.0114005658214404,1.0394304516129032,1.4345172223981009,Good
3.605112464365214,3.054752163898909,1.0742155180722892,1.7941176823137703,Moderate
2.0319498333067787,5.701187383654281,1.1783909832879906,1.7541624752125404,Bad
2.854284856723118,5.925990976304912,1.0377160792848814,1.5593788927582195,Moderate
2.8166617072160967,2.687967354837353,1.0268169358725223,1.569367394866477,Moderate
1.6561854890267294,5.60653323938033,1.0788609032258063,1.4295223720098722,Moderate
2.6594505997982667,4.234048147408054,1.0501360373105324,1.529412187765247,Moderate
1.7907876720435052,3.0863666480864085,1.0384764865915277,1.3096555520379822,Good
1.6169265055433228,3.950085714586204,1.0340661298095608,1.349611957807412,Moderate
2.17169306139936,3.839624328218504,1.3287990672366887,1.1798002299578347,Bad
2.152881454397417,5.373778698610687,1.1247570835600469,1.669256011953652,Bad
3.0050112558853126,3.263843168600065,1.0048665899727944,2.248613107596586,Good
2.5425500327439834,5.582869703311843,1.167897396035756,1.03995520710123,Bad
3.260077651215102,2.167369561330627,1.1247570835600469,1.8190895369185145,Good
1.684227629300143,4.589001188435367,1.0863820069957248,1.6592675098453944,Good
1.9352045364342685,5.050440141770873,1.1070345899727945,1.5570283044185709,Bad
2.248893808900821,5.314619858439468,1.015517776914108,3.342397839840081,Moderate
1.9217677111453744,4.032908090825909,1.2646715802565098,1.484462130275788,Moderate
3.692043015366873,2.297519009707308,1.0510992087057909,1.7841291802055128,Bad
1.386981187490042,4.26556797745128,1.102603973571706,1.1698117278495772,Good
1.825022414272864,5.1884458841222925,1.216867469879518,1.4445057245063584,Bad
1.8599581729233607,7.041206104140593,1.13291877186164,1.589345597751192,Bad
2.0856971989592186,4.983330353480644,1.0862805969685192,1.2697003449367523,Moderate
2.7172290194870614,4.494347044161417,1.2541779930042751,2.1087680847399817,Bad
2.3194983330677856,5.429056718866674,1.1072677714729888,1.6992227169466243,Bad
1.6852791861802827,5.050440141770873,1.2005441212592305,1.0,Bad
1.3950432955627512,5.13326251801058,1.1119315973571706,1.3945620152968707,Moderate
1.6288444296713185,3.212540622403584,1.102603973571706,1.2297451378355222,Good
2.3409973309262533,4.868988147197712,1.0921103863194714,1.6193123027441645,Moderate
1.9352045364342685,2.4276684580839896,1.0109498204430625,1.329633754922697,Good
1.7627455317700913,4.750670466855274,1.0377160792848814,1.3246389045344684,Bad
2.128695130179289,3.82779256018426,1.0408083855421686,1.7491676248243118,Good
2.2496267512699277,3.670004101679585,1.0012166404974738,1.2247502874472935,Moderate
2.365183655144381,4.41152466792171,1.1346677030703458,1.5543840423699908,Bad
1.2327495772284274,5.062271909805117,1.0338126607073457,2.198668199718899,Moderate
1.878769779925304,6.099492022759063,1.1177613587252235,1.5543840423699908,Bad
1.9970140101594172,4.750670466855274,1.0198212110376992,1.4245287202898431,Moderate
3.605112464365214,2.0570028291072013,1.008516539448115,3.851831824720613,Moderate
2.241564643197218,3.882975926295973,1.1667314325689857,1.5793558969747346,Good
3.4105703137400534,3.3308583027460217,1.1655654970851146,1.824084387306743,Moderate
2.1958793856174874,5.977198868357119,1.270501369607462,1.5144288352687607,Bad
3.0299539348343894,1.2839624328218504,1.0117822837155073,2.0788013797470093,Good
2.1721604056801187,5.050440141770873,1.0255495903614458,1.4794672798875594,Bad
2.405494195507927,5.109598981942092,1.2693354061406918,1.9739179122716053,Bad
2.0265751160905943,7.010538161395833,1.1562378453167508,1.1798002299578347,Bad
2.9495643333542807,3.3308583027460217,1.1247570835600469,2.148723291841211,Moderate
2.803108013608581,2.680111060862614,1.1070650073843762,1.958934559775119,Moderate
3.439664010893607,1.9307342006457515,1.0705655685969686,2.1836848472224126,Moderate
2.0319498333067787,6.825205346907438,1.2693354061406918,2.35349657507199,Bad
1.1822737505350285,3.153381782232365,1.0291995398367664,1.4794672798875594,Good
2.460664297496174,4.293206987579272,1.15507190983288,2.123751437236468,Moderate
3.856673648595584,3.125742772104372,1.3859308293820445,1.6942290652265954,Moderate
1.6926402133349892,5.101648033823081,1.0279828993392923,1.7841291802055128,Bad
3.212522887518608,1.1932837626074062,1.0072998989506412,3.14761425738576,Good
1.9620782515089203,5.385610466644931,1.1294209094442285,1.3396222570309548,Moderate
2.443117345014948,3.520166591293922,1.101438010104936,1.6642623602336228,Moderate
2.688135322333508,5.310739038524236,1.274962403420132,1.374583812412156,Moderate
2.4722110421685017,2.1121861952189143,1.1399144966964632,2.1187565868482388,Good
1.5858464984512477,4.94395422946268,1.0571317621453555,1.0649282603741737,Good
1.4643774249880503,7.03420169746432,1.1070650073843762,1.2197554370590649,Bad
2.362846804746858,4.253736209417036,1.0462326187329964,1.5543840423699908,Good
1.2355537719067096,4.648160028606586,1.0279828993392923,1.7192009198313394,Good
1.8355275345821973,4.5850257143758615,1.0104935872522347,1.419533869901615,Bad
2.497448923266769,3.3939926169767465,1.041366028760202,1.3645953103038984,Good
1.7712749841235595,5.531567157115362,1.3287990672366887,1.0,Bad
1.8833266124017285,6.793590862719939,1.1399144966964632,1.1398450228566048,Bad
1.386981187490042,5.6498848374578,1.1061018359891177,1.1698117278495772,Moderate
1.520005970689744,2.221890348432422,1.0,1.148070284043076,Good
2.518608022648891,3.871144158261729,1.005829761368053,1.529412187765247,Good
1.6505770996701652,4.447019972024441,1.0669156191216478,1.6842393644501383,Good
1.810417099288344,6.300632079341207,1.1545142666148465,1.15982202707312,Bad
2.2039414936901967,4.170913833177329,1.1352506708122814,1.3695889620239272,Good
1.5401612408715168,2.2581428856893453,1.2080467842984843,1.0,Moderate
2.3404131183268726,2.5421053185111955,1.0089036548775747,1.8140958851984847,Good
2.2039414936901967,3.3584973128740154,1.0,1.1348501724683762,Good
4.182780050921995,1.5679248656437008,1.0863820069957248,3.262486226969421,Moderate
2.278720448423481,4.561362178307373,1.024332949863972,1.864039594407973,Good
1.0,3.926422178517716,1.0089036548775747,1.0,Good
2.1188803843084374,3.993437312663673,1.0389327197823552,1.1698117278495772,Good
1.9110182122161403,4.888676209206693,1.0036499494753206,1.4744724294993308,Bad
3.2742155574219995,5.105623507882586,1.0425826692576758,1.6143174523559356,Bad
3.06670386129184,2.644615756759884,1.225079835211815,1.314650402426211,Moderate
1.599283388237006,5.421105770747662,1.1294209094442285,1.2097669349508071,Moderate
2.6903553044124093,2.5421053185111955,1.0932763218033423,1.374583812412156,Good
3.0370259515389053,3.031088627830422,1.1585697722502917,1.3845723145204134,Good
1.2606748491832194,2.471114710305733,1.012825486202876,1.3995556670168998,Good
1.7309644437600131,3.9461102405266977,1.3066459292654489,1.4794672798875594,Bad
1.735850597226992,2.707750070990608,1.0034978624174116,1.1098783178636322,Good
1.086930551001659,5.129287043951074,1.0,1.2397336399437795,Good
3.2770197521002813,4.908458925359948,1.01703307889623,2.128746287624696,Bad
1.9405792536504527,4.514035106170399,1.0233190734551108,1.1098783178636322,Good
1.5401612408715168,5.780034285834482,1.1492421204819276,1.0,Bad
1.8749139638700172,4.166938359117824,1.103027942479596,1.529412187765247,Good
1.9002687132869067,5.882544724083169,1.1445783225806452,1.0299667049929724,Moderate
3.380775535668497,2.3093507777415523,1.10828164788185,3.672031594762778,Moderate
2.289937291633473,5.713019151688525,1.1643995336183444,1.154828375353091,Bad
2.005076118232126,5.172638642028543,1.0268169358725223,1.3596004599156697,Moderate
1.0112168432099926,3.788321782022023,1.0291995398367664,1.3046619003179534,Good
1.4702896590736587,5.13326251801058,1.0961151869413135,1.7541624752125404,Moderate
1.5524296409616491,4.084115982878117,1.007786549553051,1.4794672798875594,Good
3.17887235788863,2.33301431381004,1.0169114092499028,2.703107334211202,Moderate
1.825022414272864,6.079803960750081,1.1352506708122814,1.4445057245063584,Bad
2.060973422368532,4.497186668489635,1.0026650353672757,1.3700240785804252,Good
1.229945318053281,3.5833009055246468,1.0,1.2397336399437795,Good
2.996715411175359,3.902758642449229,1.3322969296541003,1.6592675098453944,Bad
1.3224843229083685,3.90663946236446,1.0629615235134084,1.0,Good
1.5777843903785382,1.812416520303314,1.2844928192771086,1.0,Good
1.488333430902757,5.320299107095906,1.1017560077730275,1.1048834674754036,Bad
2.052471574673105,3.705499405782316,1.018249719393704,1.414539019513386,Good
2.663481653834621,4.43906902390543,1.2203653322969297,1.724195770219568,Bad
3.829449393061931,1.157788458504675,1.2214298857364945,2.628190571728771,Moderate
2.2030067406318143,2.9285781895817338,1.0,1.5593788927582195,Good
3.722305137719188,1.512741499531988,1.1667314325689857,4.001665349685475,Moderate
2.9644669788845226,5.79584152792823,1.0816167990672367,1.5244173373770182,Bad
2.1125709140338707,2.4789710042804707,1.280994956859697,1.4295223720098722,Good
2.948342762739104,3.8435998022780096,1.2019635258453167,2.173696345114155,Moderate
1.988951902086708,2.0570028291072013,1.0656989786241742,1.294672199541496,Good
1.2944421826349544,7.404961980585384,1.0316328488146134,1.409545367793357,Bad
2.0185130080178846,3.902758642449229,1.1049358725223477,1.0,Good
2.008496451457757,2.758957963042815,1.3684415172949864,1.2497221420520372,Moderate
1.5939086065239567,3.973749250654691,1.079284872133696,1.4045505174051285,Good
2.4619289520168914,5.164782348053805,1.3194714434512242,1.1498335249648624,Bad
3.4200345191519035,2.1831768034243764,1.132614597745822,2.6681469774982007,Moderate
3.18751867856072,5.559206167243356,1.2856587547609797,2.0088794676528066,Bad
2.1233204129631047,4.679679858649811,1.1072677714729888,1.3795786628003843,Bad
2.27112568463153,4.53372316817938,1.0408083855421686,1.5144288352687607,Moderate
1.4407285531424818,4.723031456727281,1.0023318989506411,1.0499449078776877,Moderate
2.289937291633473,2.6367594627851454,1.451224251846094,1.0299667049929724,Bad
2.3893699793625087,4.742814172880536,1.102603973571706,1.484462130275788,Bad
1.443065403540005,4.913948865727837,1.0012166404974738,1.389567164908642,Good
3.4761187352018665,3.457032277063197,1.0036499494753206,2.0138731193728354,Moderate
2.2281278179083244,3.43336874099471,1.1935483964244074,2.2735849622013298,Moderate
1.8895192788545376,7.404961980585384,1.1865526715895842,1.1698117278495772,Bad
2.0260864878445237,3.2520114005658214,1.0279828993392923,1.419533869901615,Good
1.9620782515089203,5.365922404635949,1.1492421204819276,1.8190895369185145,Moderate
1.109364237421644,4.273424271426018,1.0279828993392923,1.484462130275788,Good
2.571378131809189,4.328702291682004,1.1729851908278277,2.0238628201492928,Moderate
1.1693042695268934,4.628377312453329,1.0,1.4544954252828155,Good
1.8973476502900024,4.691511626684054,1.0,1.5743622452547057,Bad
1.292923281474056,4.336558585656741,1.0816167990672367,1.0449500574894588,Moderate
1.6617939428801578,2.63278398872564,1.2063738826272834,1.0499449078776877,Good
4.280927445133647,2.8812511174447586,1.0961151869413135,2.0638180272505227,Moderate
1.2848611734013469,3.5438301273624093,1.0,1.0249718546047435,Good
1.1854284856723118,5.334402574592724,1.0466381748931208,1.2397336399437795,Moderate
4.008918948918677,2.628808514666134,1.1362645472211426,2.4034402842814773,Moderate
1.4810390935060278,6.221785177161006,1.0513019727944035,1.8740292951844304,Bad
1.7766497658366087,4.41152466792171,1.1107656338904004,1.4245287202898431,Moderate
2.241564643197218,3.023232333855684,1.0909444228527012,1.4045505174051285,Good
1.6315318205278428,4.999137595574393,1.0256510003886514,1.4744724294993308,Moderate
2.6151090053983665,2.6682792928283705,1.106843802565099,1.639289306960679,Good
1.620782321598609,1.6152519377806758,1.029148862806063,1.6293008048524218,Good
4.685535109738943,4.955785997496924,1.335794792071512,2.058823176862294,Bad
2.55072894463845,4.5298423482641486,1.0450159782355228,1.5943392494712207,Moderate
2.0856971989592186,4.652040848521818,1.3567819665759813,1.3795786628003843,Bad
1.773962374980084,5.13326251801058,1.0608323886513795,1.234738789555551,Bad
1.752463441618481,2.1831768034243764,1.0,1.1897887320660925,Good
3.487335578411859,2.644615756759884,1.0608323886513795,3.911765234706559,Moderate
1.9244550375050344,2.790572447230314,1.0289156533229693,1.5144288352687607,Good
3.319199734083728,2.502634540348958,1.3148076175670425,1.4944506323840456,Moderate
1.9281939852416987,8.09906082054626,1.0535324897007383,1.6942290652265954,Bad
2.418931020796821,2.120042489193652,1.0620490291488536,1.6293008048524218,Good
1.17442196673772,4.368078415699968,1.0227513004275166,1.2397336399437795,Good
1.5912212801642969,1.7940536163141676,1.1130975608239408,1.034961555381201,Good
2.819933246175137,5.4053931827981865,1.1070650073843762,1.9039960001774028,Bad
2.50586157179848,4.013125374672654,1.451376338904003,1.409545367793357,Bad
2.393693139698553,3.4413196891137217,1.0,2.083796230135237,Good
1.825022414272864,3.0942229420611462,1.3113097551496309,1.4245287202898431,Moderate
2.538710921376624,2.3882923340660263,1.0186552755538285,2.5482801575263108,Good
2.138509876050141,3.40582438501099,1.0254390019432569,1.569367394866477,Good
1.2825576678828123,3.878337873226549,1.0013325176836378,1.1065484176048133,Good
1.3224843229083685,5.492096378953125,1.0036499494753206,1.2697003449367523,Good
2.241564643197218,2.447451174237245,1.0338126607073457,1.6492790077371366,Good
1.056084216049963,4.64418455454708,1.0,1.15982202707312,Good
2.7145416286305366,2.0885226591504265,1.125923047026817,2.0238628201492928,Good
2.177768859533548,5.989030636391363,1.0304162083171395,1.3096555520379822,Bad
1.81427291534363,6.182314398998769,1.3346288286047416,1.0,Bad
2.3740636479568504,3.670004101679585,1.0,1.8091010348102567,Good
1.3056590258449472,5.200277652156537,1.0559657986785853,1.3596004599156697,Good
3.0827112736155,2.7826214991113023,1.3859308293820445,1.834072889415001,Moderate
1.5294117419422832,4.577169420401123,1.0559657986785853,1.4894557819958172,Good
2.3409973309262533,3.894807694330217,1.3043140303148075,1.0849052645906887,Moderate
1.7981486991982116,5.3501151625422,1.1515740474154683,1.484462130275788,Bad
2.634855300961827,3.0074250917619345,1.01703307889623,1.9239730043939176,Moderate
2.3383099400697285,2.52232260235794,1.1783909832879906,1.5344058394852758,Good
1.193490593745021,5.657741131432537,1.01703307889623,1.11986681997189,Good
1.5535980661604107,5.685380141560532,1.0317139432568985,1.4045505174051285,Moderate
2.009516146886793,4.458851740058686,1.0535324897007383,1.7941176823137703,Good
3.061095471935275,5.929871796220144,1.0547491581811117,1.529412187765247,Bad
1.163880663687356,6.884364187078657,1.0544394714341236,1.2397336399437795,Bad
1.2159242801650063,4.975474059505905,1.0024333089778468,1.254716992440266,Good
1.1233852753099187,4.636328260572341,1.0012166404974738,1.1947835824543211,Good
1.634219146887503,2.4316439321434955,1.0151574131364167,1.4594890770028446,Good
3.020901735393487,2.924602715522228,1.1247570835600469,1.274695195324981,Moderate
1.1693042695268934,3.346665544839772,1.0011659634667702,1.0,Good
1.6674023322367215,6.095516548699557,1.0450159782355228,1.0,Bad
2.292624682489998,1.8992143706025264,1.1294209094442285,2.783018947081862,Good
1.5768885934263634,2.6217094538455874,1.0032921041585698,1.4235290310112778,Good
2.906863797176796,4.872963621257218,1.0425826692576758,1.8690344447962015,Bad
3.034338625179245,2.660422998853633,1.312475718616401,1.9639294101633475,Good
3.649746165064805,3.29536299864329,1.3789351045472211,1.0199782028847149,Moderate
2.4861152762350187,3.1415500141981214,1.174893120870579,1.7341842723278256,Moderate
1.88613080708001,6.379478981521408,1.0644823381267003,1.0,Bad
2.913407004088607,1.8400555304313075,1.0139914496696465,1.9289678547821465,Good
1.8895192788545376,5.160806873994299,1.0186552755538285,1.11986681997189,Bad
1.6281433487533157,5.855000368099449,1.0559657986785853,1.2846836974332383,Bad
1.835771848705233,4.31687052364776,1.0629615235134084,1.5593788927582195,Moderate
2.7890869112234418,1.855862772525057,1.6830371364166343,1.943951207278633,Moderate
2.2173783189790903,5.176614116088049,1.0687912848814614,1.7391791227160542,Bad
2.2282446217300818,3.626652503602116,1.026766258841819,1.3995556670168998,Moderate
2.037558287160208,2.9995687977871963,1.0508780038865138,1.6293008048524218,Good
1.9478234769834015,3.768633720013041,1.0304162083171395,1.4744724294993308,Good
1.6422812549602122,5.7603462238255,1.1095996984065293,1.5094339848805318,Bad
2.2394614649400744,5.302788090405224,1.2080467842984843,1.0980726347646008,Bad
1.634219146887503,6.060021244596825,1.1643995336183444,1.1448386745766337,Bad
1.795461308341687,7.057865233532808,1.122425184609405,1.569367394866477,Bad
1.6530307538894458,5.342258868567462,1.1061018359891177,1.314650402426211,Moderate
2.915060768193346,3.466592345634866,1.0,1.4160085867262413,Good
1.1850779452133104,4.719150636812048,1.0194663598911775,1.1897887320660925,Good
1.658989683705011,5.847049419980437,1.1119315973571706,1.11986681997189,Moderate
2.4834278853784943,1.9702049788079887,1.024485036921881,1.899001149789174,Good
2.382476296488561,3.63848427163636,1.1301813167508743,2.1637066443376973,Good
2.848910139506933,6.024525940494094,1.1527399828993392,1.569367394866477,Bad
1.1474213863304357,4.6700251359338685,1.003997553050913,1.2397336399437795,Good
2.163630953326651,2.2856872416730645,1.6972405845316751,1.529412187765247,Bad
2.878821721400247,4.218240905314305,1.0559657986785853,1.2247502874472935,Moderate
3.579874583266947,2.104329901244176,1.0912485969685193,3.377358196553083,Moderate
1.5347865236553324,4.565337652366879,1.024485036921881,1.3446171074191833,Good
1.9870824604668085,4.967617765531168,1.0316328488146134,1.4744724294993308,Moderate
2.2657509674153458,5.393561414763943,1.289156617178391,1.5344058394852758,Moderate
3.546224053636969,2.3369897878695456,1.2165632957637,2.3784684296767336,Moderate
1.7578381588346657,5.661716605492043,1.02215313797124,1.3695889620239272,Moderate
4.81933604820702,3.177045318300853,1.0985484679362612,2.648168774613486,Bad
2.9107196132320823,2.904914653513246,1.047804110376992,1.7826596129926575,Moderate
1.9513287525796867,5.30676356446473,1.1818888457054022,1.174805379569606,Bad
2.245069918793503,6.2178097031015005,1.1240980862806065,1.6592675098453944,Bad
4.269710601923654,2.1950085714586205,1.200746885347843,3.3074362844588805,Bad
1.6369065377440275,3.871144158261729,1.1154294597745822,1.3446171074191833,Good
1.386981187490042,2.8772756433852527,1.02215313797124,1.1248616703601186,Good
3.456744199565855,1.6152519377806758,1.115747457442674,3.152607909105789,Moderate
1.181205488966962,2.582049367394802,1.000399763699961,1.2226094660425957,Good
1.7150739642518391,3.3308583027460217,1.1155815468324912,1.5394006898735046,Good
2.547924749960168,4.663872616556061,1.0173227578701904,1.604328950247678,Moderate
2.260376250199161,6.1468190948960375,1.197046258841819,1.0,Bad
1.1155569038744535,4.667848090615568,1.0034978624174116,1.0,Good
2.604008966010131,3.6661232817643534,1.176413935483871,1.3659090506507905,Bad
3.477754569178251,2.829948571248278,1.0909444228527012,2.07380652935878,Moderate
2.459241561160366,6.8330616408821765,1.191216469490867,1.0499449078776877,Bad
2.4778194315250657,2.7944532671455464,1.0437993097551497,1.0799116128706598,Good
2.7442195383834718,5.239748430318774,1.116798187329965,1.7841291802055128,Bad
2.4941773843077284,4.036788910741142,1.4057520404197434,1.234738789555551,Bad
1.0224336864199852,4.648160028606586,1.0291995398367664,1.3196452528144396,Good
2.6505333922949337,3.6936676377480726,1.1277480077730275,1.3795786628003843,Moderate
3.392526541910956,2.4908027723147144,1.385677360279829,1.864039594407973,Bad
3.219278482605486,3.169189024326115,1.0750450431403031,2.0238628201492928,Moderate
2.034754027985061,4.427237255871185,1.152080985619899,1.2896785478214672,Moderate
1.8496760827717504,2.8852265915042645,1.0047449203264671,1.5643725444782484,Good
1.86802028099607,6.221785177161006,1.1112320248736882,1.469478777779302,Bad
2.079473831998868,1.3312895049588254,1.0116595507190052,1.4358789094729816,Good
1.8020045152534976,5.535542631174868,1.0145997699183833,1.4894557819958172,Bad
2.572111074178296,3.764658245953535,1.0186552755538285,1.3845723145204134,Good
1.7444013335457718,2.463163762186721,1.0268169358725223,1.4544954252828155,Good
2.298349940165184,5.716899971603756,1.0206830003886511,1.2697003449367523,Bad
1.7148402276145949,4.174889307236835,1.0524679362611735,1.3845723145204134,Good
2.132901422196712,5.610414059295563,1.1155815468324912,1.0,Bad
1.9943266837997573,4.514035106170399,1.158164216090167,1.2597118428284946,Bad
2.4941773843077284,5.922015502245406,1.4465604259619125,1.3196452528144396,Bad
2.744102734561713,3.421536972960466,1.205207919160513,1.0649282603741737,Moderate
1.7497760507619564,3.425512447019972,1.1772250198212204,2.288568314697816,Good
1.9432666445069773,3.555661895396653,1.0326467252234746,1.2397336399437795,Good
1.9478234769834015,5.030657425617618,1.1842207446560435,1.2297451378355222,Good
2.598984789252948,4.845324611129223,1.0186552755538285,1.5394006898735046,Bad
1.8020045152534976,3.685811343773335,1.0,1.2597118428284946,Good
1.8518960648506515,4.600832956469611,1.0961151869413135,1.3596004599156697,Good
3.1108064948084646,6.675273182377501,1.164247446560435,1.884017797292688,Bad
1.8599581729233607,5.4763837910036495,1.162067634667703,1.6842393644501383,Bad
1.297246441810101,3.618796209627378,1.0620490291488536,1.2996670499297247,Good
2.632051106283545,4.841349137069718,1.2068301158181112,1.8540510922997155,Bad
1.8945434556117209,6.292775785366469,1.125923047026817,1.4245287202898431,Bad
2.02634137945335,3.677955049798597,1.0608323886513795,1.5194224869887896,Moderate
1.1854284856723118,7.117024073704027,1.0081616883015934,1.3596004599156697,Bad
2.357121547071672,3.934278472492454,1.037310523124757,1.5843507473629632,Moderate
1.8677759668730345,3.4097052049262224,1.3383386894675475,1.034961555381201,Moderate
1.6799044689640985,4.518010580229904,1.0781189366498252,1.6992227169466243,Good
3.686434626010309,1.8755508345340384,1.068132287602021,3.372364544833053,Moderate
1.9730614225785337,4.332583111597236,1.216867469879518,1.2247502874472935,Bad
1.405792794491985,6.829086166822671,1.0,1.4445057245063584,Bad
2.813974316359572,5.093791739848342,1.280994956859697,1.2846836974332383,Bad
1.6664675791783397,4.624496492538098,1.0314807617567043,1.7042175673348532,Moderate
1.1829365848123343,4.49037157010191,1.0262021795569374,1.2397336399437795,Good
1.56084228949336,4.273424271426018,1.049882568208317,1.174805379569606,Good
2.3488257023617183,3.2520114005658214,1.0,1.5144288352687607,Good
2.217027778520089,3.3308583027460217,1.059615748153906,1.5743622452547057,Good
1.496345424911686,5.279124554336737,1.0316328488146134,1.0998886170871751,Bad
6.45267244800795,2.2581428856893453,1.1119315973571706,2.59323021501577,Bad
1.6960286851095163,6.773902800710958,1.1492421204819276,1.3596004599156697,Bad
1.862645563779885,6.340102857503444,1.271667305091333,1.4744724294993308,Bad
2.0212003343775446,4.786165770958005,1.2541779930042751,1.7341842723278256,Bad
2.5936100075398985,4.825636549120242,1.174893120870579,1.5743622452547057,Moderate
2.0534487666683816,3.6029889675336286,1.005829761368053,1.5044391344923034,Good
2.2086151299883783,5.973318048441887,1.1294209094442285,1.1947835824543211,Bad
1.8665013798351715,5.79584152792823,1.0620490291488536,1.354605609527441,Bad
2.0936425032101704,4.537698642238886,1.0620490291488536,1.5194224869887896,Moderate
4.582263375139413,4.762502234889517,1.0279828993392923,2.288568314697816,Bad
6.336414463215493,2.4829464783399766,1.1155815468324912,3.2375143723646778,Bad
1.6315318205278428,1.6862425459861383,1.0757870097162845,1.034961555381201,Good
3.4391541631790887,1.812416520303314,1.0517683637776911,1.864039594407973,Good
2.370558372360565,3.062703112017921,1.102603973571706,1.3396222570309548,Good
2.418931020796821,1.9938685148764763,1.0194663598911775,1.8890126476809168,Good
3.7817778255436783,1.903189844662032,1.184930474931986,2.3784684296767336,Moderate
2.386682588505984,3.1967333803098343,1.2973183054799844,1.764150977320798,Moderate
2.096446697888452,3.6424597456958656,1.3264671682860474,1.5044391344923034,Moderate
1.9169771420317057,4.797997538992249,1.0559657986785853,1.2896785478214672,Bad
1.6029054676550485,4.41152466792171,1.0003649809560824,1.5094339848805318,Good
2.4986036106333747,4.95020140298476,1.0312750034978624,1.5907720129088574,Moderate
1.529995954541664,5.397442234679175,1.0,1.1448386745766337,Moderate
3.125592336516949,1.341796114973234,1.0644823381267003,2.0138731193728354,Good
2.1797551694720694,1.903189844662032,1.0151574131364167,1.3995556670168998,Good
1.8833266124017285,7.199846449943733,1.0912485969685193,1.8190895369185145,Bad
2.2173783189790903,5.338283394507956,1.2739992320248736,1.0549385595977163,Bad
1.9615896232628496,2.6367594627851454,1.0470621438010106,1.5593788927582195,Good
6.016097041466476,3.677955049798597,1.0729988775748154,2.523307104253368,Bad
1.4066106792317452,4.596857482410105,1.006359757481539,1.3346286053109258,Good
1.5052254177241555,5.358066110661212,1.1422463956471045,1.0,Bad
1.8196476325598143,5.9496545123734,1.06645938593082,1.6842393644501383,Bad
1.6421644511384548,2.1516569733811512,1.0304162083171395,1.2097669349508071,Good
1.7651673245382686,4.53372316817938,1.10048404508356,1.8940062994009452,Good
2.3759330895767503,4.805853832966987,1.058509696074621,1.3196452528144396,Bad
2.381307871289799,5.898351966176919,1.037310523124757,1.829079237694972,Bad
3.638762993995192,2.6406402827003777,1.1374811877186164,2.093784732243495,Moderate
1.967452968725105,5.511879095106381,1.1343179168286048,1.1648168774613483,Bad
2.240796808024373,6.083684780665313,1.228527020598523,1.639289306960679,Bad
1.5912212801642969,5.799722347843463,1.0198212110376992,1.294672199541496,Moderate
2.424539474650249,4.667848090615568,1.1107149568596968,1.983906414379863,Moderate
3.1472081381971737,3.0823911740269025,1.0097273874854256,1.7691458277090266,Moderate
2.2791877927042394,3.342690070780266,1.102603973571706,1.8790229469044597,Good
2.1805730542118296,3.914590410483472,1.097331827438787,2.0088794676528066,Good
1.6062705270677324,3.910614936423966,1.1352506708122814,1.644284157348908,Good
2.865034355652352,1.4417508913265251,1.565487748153906,1.724195770219568,Good
1.9647655778685804,3.464983225182209,1.062028769529732,1.3795786628003843,Good
2.673847202929001,3.058727637958415,1.1034150579090556,1.9139845022856603,Moderate
2.968556467080188,6.730551202633488,1.0279828993392923,1.5044391344923034,Bad
1.7390265518327226,7.3733474963978844,1.1282549459774582,1.0,Bad
1.835387963367243,4.218240905314305,1.078618627283327,1.6842393644501383,Good
1.4514780520717157,3.326882828686516,1.0218996688690245,1.1648168774613483,Good
1.6234697124551336,3.0823911740269025,1.0874465604352896,1.5993340998594494,Good
1.7879834128683587,2.1910330973991146,1.0012166404974738,1.5943392494712207,Good
1.3028548311666652,3.800153550056266,1.0279828993392923,1.3596004599156697,Good
1.6691549700348642,2.0253883449197017,1.1200932856587642,1.0749167624824312,Good
1.6870318239784252,3.804129024115772,1.0559657986785853,1.669256011953652,Good
1.7655497264483735,5.503928146987369,1.0121664889234356,1.484462130275788,Bad
1.8895192788545376,4.64418455454708,1.077186154683249,1.449500574894587,Moderate
2.451179453087658,2.317301725860564,1.005829761368053,1.3246389045344684,Good
2.267503605213488,6.6358970583595385,1.008516539448115,1.779134329817284,Bad
2.93783764242977,4.600832956469611,1.2372463241352507,1.5543840423699908,Bad
1.720215009327644,3.354521838814509,1.0629615235134084,1.0,Good
1.6852791861802827,3.413680678985728,1.3008161678973962,1.1348501724683762,Moderate
1.5580380948150778,4.8611318532229735,1.041366028760202,1.409545367793357,Bad
1.3112674796983756,5.996981584510375,1.049882568208317,1.314650402426211,Moderate
4.098653694598618,1.9386851487647636,1.0778654675476098,1.7341842723278256,Bad
1.7262908074618315,5.713019151688525,1.1776305759813448,1.5743622452547057,Moderate
1.1654484534716072,3.6503160396706034,1.0,1.254716992440266,Good
1.2982979986902408,3.567493663430897,1.0,1.2097669349508071,Good
4.168408472574718,1.7769212162005823,1.305479993781578,3.776915062238182,Moderate
3.0516145618354984,2.5459861384264277,1.323075305091333,1.5394006898735046,Moderate
1.5106001994372047,4.577169420401123,1.216867469879518,1.2397336399437795,Moderate
1.9366066337734087,3.71733117381656,1.0501360373105324,1.6243059544641931,Good
2.913407004088607,5.310739038524236,1.1982121943256898,1.644284157348908,Bad
1.0107494989292338,5.543398925149606,1.005829761368053,1.1648168774613483,Good
1.975865617256816,5.085935445873605,1.0279828993392923,1.8940062994009452,Bad
2.453866843944182,2.61697674663189,1.2448503692188106,1.0799116128706598,Moderate
2.0656003629367565,3.21651609646309,1.0961151869413135,1.7491676248243118,Good
1.810417099288344,5.500047327072137,1.0377160792848814,1.5344058394852758,Bad
2.536707906750175,3.4886467612506964,1.0462326187329964,2.338513222575504,Moderate
1.5047580734433967,4.979449533565411,1.0571824391760591,1.1298553220801475,Moderate
1.1048074049452197,2.033339293038713,1.041974349008939,1.8490562419114869,Good
2.7467900609213736,5.63407759536405,1.174893120870579,1.4544954252828155,Bad
2.4553857451050805,3.0035442718467023,1.132614597745822,2.053829525142265,Moderate
4.171563207712002,3.902758642449229,1.243329554605519,2.293563165086045,Moderate
1.406330246864544,4.790141245017511,1.3138951232024874,1.254716992440266,Moderate
3.6812268266796617,2.10035442718467,1.0932763218033423,2.8879024145572654,Bad
2.1475067371812324,2.648591230819389,1.4582199766809172,1.4894557819958172,Moderate
3.2097186928403256,1.1616692784199067,1.087598647493199,1.978912762659834,Moderate
3.248977611826868,2.2028648654333582,1.300511993781578,1.644284157348908,Good
1.9325171455777437,3.953966534501435,1.030314798289934,1.6792457127301093,Moderate
1.1155569038744535,4.147250297108842,1.0,1.11986681997189,Good
2.277037918717139,4.600832956469611,1.0231163093664983,1.5344058394852758,Moderate
2.3678709815040406,5.768202517800238,1.4768752522347457,1.1398450228566048,Bad
1.0938135918929506,6.35269185869188,1.0050877947920716,1.094894965367146,Moderate
1.233801134108567,3.839624328218504,1.0827827345511076,1.2397336399437795,Good
1.5240370247260986,6.075828486690575,1.072289147298873,1.6243059544641931,Bad
3.069508120466986,4.620521018478592,1.0571824391760591,1.6992227169466243,Bad
1.9478234769834015,5.4566010748503935,1.0241670392537894,1.5094339848805318,Bad
3.5329677550720398,2.684086534922121,1.150864317139526,2.5832405142393124,Bad
3.1020114443666498,2.3369897878695456,1.0915803902059853,2.148723291841211,Moderate
1.9190803202888496,3.4531514571479653,1.0326467252234746,1.2697003449367523,Moderate
1.6449686458167367,3.788321782022023,1.0139914496696465,1.2896785478214672,Good
1.0908819514102552,6.008813352544618,1.0081616883015934,1.2497221420520372,Moderate
2.545120555281886,4.376029363818979,1.135047906723669,2.0488346747540365,Bad
1.621206646470692,4.13475595006468,1.0804508356004665,1.6342956552406505,Good
1.6503433630329214,5.338283394507956,1.08861252390206,1.824084387306743,Moderate
2.370558372360565,4.561362178307373,1.1910137054022545,1.9039960001774028,Bad
2.6957300861254585,4.20640913728006,1.0991061111542946,1.5843507473629632,Bad
3.961247316903561,4.064427920869136,1.1192314963078118,2.453385192159165,Moderate
4.391460107754052,2.313326251801058,1.1702292949863973,2.4633736942674225,Moderate
1.647656036673261,6.399261697674663,1.0769529731830547,1.4045505174051285,Moderate
1.2081489896490918,2.687967354837353,1.0305267967353284,1.449500574894587,Good
3.2170797199950325,1.1222931544019437,1.5491643995336184,3.172586111990504,Moderate
2.4269931288695297,2.573625148554421,1.0279828993392923,2.07380652935878,Good
1.489101201578737,2.2581428856893453,1.005829761368053,1.3046619003179534,Good
2.83115008938513,1.4377754172670194,1.10048404508356,2.763040744197147,Good
3.0450880596116146,2.2028648654333582,1.054799835211815,1.9988897668763488,Good
1.7543328832383809,5.906208260151656,1.1484310361445784,2.2685901118131016,Moderate
1.3196801282300863,5.169515055267503,1.0401493882627284,1.3645953103038984,Good
2.8339543485602765,5.819505063996719,1.267662504469491,1.6642623602336228,Bad
2.3114362249950764,5.32257080655848,1.2215312957637,1.419533869901615,Bad
1.7014034023257012,4.269543451510785,1.443062563544501,1.1947835824543211,Moderate
2.40720432987231,3.2913875245837847,1.1386978561989896,1.1798002299578347,Good
1.992690849823372,4.687536152624549,1.0255495903614458,1.0699219120942025,Good
3.823841003705367,2.163488741415395,1.0072998989506412,2.758047092477118,Moderate
1.143652125067418,3.3584973128740154,1.0012719626894675,1.234738789555551,Good
2.814707258728678,3.173069844241347,1.1500900862806065,7.028302553975696,Bad
1.9169771420317057,1.0315198300432251,1.0457902090944422,1.7391791227160542,Good
3.03024913698358,1.915021612696276,1.0437993097551497,1.8790229469044597,Good
1.14021057237334,3.019256859796178,1.0012166404974738,1.2097669349508071,Good
2.9461227806602026,4.198552843305323,1.026766258841819,1.4744724294993308,Moderate
3.2573902603585783,1.4337999432075137,1.0501360373105324,2.698113682491173,Good
2.4269931288695297,3.287506704668553,1.0559657986785853,1.5593788927582195,Good
1.356134852538346,4.320751343562993,1.0827320575204042,1.2197554370590649,Good
1.3816064702738573,5.172638642028543,1.0384764865915277,1.0549385595977163,Moderate
3.324691319618534,3.5516864213371475,1.0656989786241742,1.6293008048524218,Moderate
2.0487751303702,5.531567157115362,1.13609863661096,1.4994454827722743,Bad
3.13645863926794,6.458420537845882,1.1655654970851146,2.1836848472224126,Bad
1.8438339567779425,3.8514560962527473,1.3113097551496309,1.729189421939597,Bad
1.6617939428801578,4.750670466855274,1.1301813167508743,1.4245287202898431,Good
1.8599581729233607,4.159082065143085,1.053633899727944,1.0249718546047435,Moderate
2.405494195507927,2.751101669068077,1.0617955600466382,1.4744724294993308,Moderate
2.4028068046514024,3.3584973128740154,1.4550262883793237,1.0249718546047435,Moderate
2.437742627798764,2.4237876381687578,1.0255495903614458,1.4445057245063584,Good
2.499552101523913,2.755077143127583,1.0116595507190052,1.943951207278633,Good
2.354434156215147,6.947403847165108,1.0012166404974738,1.529412187765247,Bad
2.010450899945176,6.241473239169988,1.2436844057520404,1.3695889620239272,Bad
2.8784711809412453,4.052596152834892,1.071123211815002,1.744172774436083,Moderate
2.2469393604134025,3.5833009055246468,1.122881417800233,1.6742508623418806,Good
3.969659965435271,3.0074250917619345,1.0802987485425573,3.14761425738576,Moderate
1.7122697050766924,5.716899971603756,1.012409800233191,1.2197554370590649,Bad
1.2635959121801232,3.630627977661622,1.0279828993392923,1.3995556670168998,Good
1.7431160400283885,4.407549193862204,1.0036499494753206,1.5743622452547057,Bad
1.4598907006034263,5.55523069318385,1.0582976976292269,1.1648168774613483,Bad
2.555986858032877,2.872826898604377,1.1017560077730275,1.6312989847413533,Moderate
2.6177963317580266,7.1012168316102775,1.4121117979012825,1.5643725444782484,Bad
1.8922066052141973,4.34441487963148,1.0559657986785853,1.7741394794290557,Moderate
2.98596597674299,2.096378953125164,1.064127486980179,2.003884617264578,Moderate
1.2767990653286376,6.316439321434957,1.0396424500582977,1.3596004599156697,Bad
2.1867423083027955,5.152950580019562,1.0656989786241742,1.5743622452547057,Bad
2.216226598468256,6.060021244596825,1.1602657038476487,1.4045505174051285,Bad
5.133407787080543,1.1261739743171757,1.1472143956471046,2.867924211672551,Bad
1.3386085390537867,3.6345087975768537,1.0,1.6193123027441645,Good
1.9733163141873604,1.5797566336779445,1.0159902401865526,1.978912762659834,Good
1.7309644437600131,5.969342574382381,1.0034978624174116,1.0899001149789174,Bad
1.2687369572559284,4.447019972024441,1.3218033424018656,1.1398450228566048,Bad
2.36565099942514,3.1612380762071037,1.083948698017878,2.31354016930256,Good
1.8749139638700172,4.581050240316355,1.0389327197823552,1.3446171074191833,Good
3.4060134812636287,1.2208281185911256,1.0863820069957248,2.7380688895924035,Good
1.580471781235063,4.707318868777804,1.0523158492032647,1.5743622452547057,Moderate
1.693341294252992,5.054320961686106,1.047804110376992,1.8440625901914576,Bad
1.880522417723446,4.640209080487574,1.0036499494753206,1.709212417723082,Bad
2.177067778615545,3.711557271015849,1.0629615235134084,1.5429259730488778,Bad
1.5580380948150778,4.119611286980849,1.010175589584143,1.414539019513386,Moderate
2.130230800524979,6.61223352229105,1.1971522580645162,1.294672199541496,Bad
1.2355537719067096,2.577600622613927,1.041974349008939,2.198668199718899,Good
4.146325326613735,2.9837615556934467,1.1070650073843762,2.4034402842814773,Bad
3.160644963486068,5.6025577653208245,1.329965030703459,1.709212417723082,Bad
1.970257163403387,5.223941188225024,1.0,1.7142060694431107,Bad
2.32919627511688,2.1753205094496386,1.021241567042363,1.2896785478214672,Moderate
2.093759307031928,2.017532050944964,1.1760590843373495,1.4345172223981009,Bad
1.5347865236553324,5.594701471346087,1.1200932856587642,1.5843507473629632,Bad
2.5640489661055863,1.303650494830832,1.4360668387096776,2.198668199718899,Moderate
1.7685876577638997,3.685811343773335,1.4768752522347457,1.0,Bad
1.752463441618481,5.5710379352776,1.155904736883016,1.3096555520379822,Moderate
1.0,3.224372390437828,1.0,1.11986681997189,Good
1.5025380913644957,2.7471261950085712,1.041366028760202,1.469478777779302,Good
2.4296805197260545,6.426806053658383,1.1095996984065293,1.294672199541496,Bad
2.381307871289799,1.6704353038923887,1.0408083855421686,1.3945620152968707,Good
5.38578679155381,1.1735010464541509,1.1727639860085504,4.900666499474649,Bad
1.9970140101594172,3.259867694540559,1.102603973571706,1.2447284903320084,Good
2.2576888593426365,3.93825394655196,1.08861252390206,1.03995520710123,Good
4.508068568508645,1.8913580766277884,1.1837138064516128,4.710876568740357,Bad
1.9478234769834015,1.8755508345340384,1.0496060411970465,1.5643725444782484,Good
1.5052254177241555,4.498227864076648,1.137582597745822,1.2597118428284946,Good
1.5664507433467885,6.525435671991839,1.1532976261173726,1.6642623602336228,Bad
3.422838713830185,3.461007751122703,1.01703307889623,1.729189421939597,Moderate
1.4729769854333186,4.407549193862204,1.0513019727944035,1.3795786628003843,Good
1.8115855244871053,4.750670466855274,1.044073066459386,1.3645953103038984,Moderate
1.5455359580877015,2.829948571248278,1.2553439564710454,1.3596004599156697,Good
1.7309644437600131,4.336558585656741,1.114263496307812,1.297061145263536,Moderate
2.009375930703193,2.8040133357172152,1.0456563109211037,1.6345893289495816,Good
2.6930426952689337,1.7730403962853507,1.2110377085114652,1.6143174523559356,Good
1.4895898298248078,2.2620237056045767,1.0,1.5643725444782484,Good
1.9137056030726651,4.214265431254798,1.2670035071900505,1.4544954252828155,Moderate
1.5294117419422832,1.4456317112417572,1.0,1.0699219120942025,Good
1.8062108072709209,7.416793748619627,1.239020607850758,1.2497221420520372,Bad
2.071208816790185,3.737113889969816,1.0729988775748154,1.5843507473629632,Good
1.4115513970461595,3.2913875245837847,1.005829761368053,1.349611957807412,Good
2.7442195383834718,5.910183734211162,1.0255495903614458,1.3945620152968707,Bad
1.7578381588346657,6.056140424681594,1.0174893120870578,1.5344058394852758,Moderate
2.01582561716136,3.93825394655196,1.246016332685581,1.7491676248243118,Bad
1.9394108284516915,3.957942008560941,1.068132287602021,1.2197554370590649,Good
2.1643381614467887,2.0570028291072013,1.0104935872522347,1.1731404294401966,Good
2.445804735871473,5.216084894250287,1.0761367959580257,1.8140958851984847,Bad
2.93490593745021,4.762502234889517,1.0194663598911775,1.4295223720098722,Moderate
3.2321523792603117,5.436913012841412,1.0656989786241742,1.5843507473629632,Bad
1.9733163141873604,1.9662295047484828,1.2213192973183056,1.094894965367146,Good
1.854583455707176,5.2554610182682495,1.2984842689467548,1.0499449078776877,Moderate
1.3842937966335174,3.804129024115772,1.0097331799455889,1.254716992440266,Good
1.405792794491985,5.989030636391363,1.0174893120870578,1.0249718546047435,Moderate
2.373783215589649,6.42292523374315,1.315973581033813,1.9739179122716053,Bad
1.90856455799686,5.346234342626968,1.1526339836766422,1.2397336399437795,Moderate
3.2293481200851644,1.5679248656437008,1.058509696074621,3.687014947259265,Good
3.4733145405235843,2.9640734936844653,1.10828164788185,2.47336339504388,Moderate
1.862645563779885,4.892651683266199,1.2261950936649826,1.1698117278495772,Moderate
1.620782321598609,3.173069844241347,1.8056743194714344,1.0249718546047435,Bad
1.3359211481972622,3.378185374882997,1.0023318989506411,1.5643725444782484,Good
2.968556467080188,4.825636549120242,1.0632656976292263,1.6642623602336228,Moderate
1.633751802606744,3.6936676377480726,1.031798759424796,1.5643725444782484,Good
4.614628611252007,1.4614389533355068,1.12531472677808,3.711986801864009,Moderate
1.5858464984512477,3.3939926169767465,1.0,1.2796888470450098,Good
1.4122190685883091,4.15510659108358,1.083948698017878,1.5094339848805318,Good
4.384683293198727,1.4284046569838982,1.0450159782355228,2.5133186021451097,Moderate
1.1773663775996026,4.916315219334686,1.0279828993392923,1.6992227169466243,Good
1.50791280858068,6.221785177161006,1.212203643995336,1.3945620152968707,Bad
2.1833772488901118,6.265136775238476,1.058399107656432,1.449500574894587,Bad
2.632051106283545,4.443044497964936,1.0851653385153517,2.4483903417709363,Moderate
3.638996730632436,2.2423356435955952,1.1364166342790516,2.3784684296767336,Moderate
3.559352841900621,2.0096757569702257,1.234356781966576,3.422308254042542,Moderate
1.4299791187101127,4.048620678775386,1.0010493587252234,1.2597118428284946,Good
1.2606748491832194,2.471114710305733,1.012825486202876,1.3995556670168998,Good
1.6584054711056306,4.202433663220555,1.0316328488146134,1.2397336399437795,Good
1.835771848705233,4.31687052364776,1.0629615235134084,1.5593788927582195,Moderate
2.400503363629732,3.0264505747609984,1.0612958694131365,1.5194224869887896,Good
3.620609448502576,1.6428909479086693,1.1111154201321414,1.799112532701999,Good
1.9782024676543388,3.326882828686516,1.0198212110376992,1.6143174523559356,Good
1.671842360891389,3.7213066478760655,1.2180334333462883,1.1648168774613483,Moderate
3.271411298246853,3.823817086124754,1.0559657986785853,1.569367394866477,Moderate
1.327859040124553,3.662147807704848,1.0921103863194714,1.6492790077371366,Good
3.1197969707499627,3.1375745401386155,1.0617955600466382,2.053829525142265,Moderate
1.8492087384909917,5.503928146987369,1.0186552755538285,1.2297451378355222,Moderate
2.6236384577518344,3.074534880052165,1.1240980862806065,2.4084351346697064,Good
2.5855478994671897,5.484240084978387,1.475709288767975,1.4345172223981009,Bad
2.3786204804332747,3.382160848942503,1.0992121103769918,1.6592675098453944,Good
2.212003601762906,4.83349284309498,1.2005441212592305,1.6342956552406505,Moderate
1.3977306864192758,3.804129024115772,1.0093276237854645,1.2497221420520372,Good
3.1230218139790464,2.214696633467602,1.13291877186164,2.083796230135237,Moderate
1.7278931675654987,2.492979817633015,1.0026650353672757,1.4594890770028446,Good
2.440429954158424,5.346234342626968,1.0254390019432569,1.4644839273910732,Bad
1.5636464841716418,4.924171513309425,1.0304162083171395,1.839067739803229,Moderate
2.453866843944182,5.369897878695455,1.2518460940536338,1.4594890770028446,Bad
2.5909226811802384,3.145525488257628,1.1037699090555773,1.834072889415001,Moderate
2.3194983330677856,4.975474059505905,1.3276331037699185,1.0998886170871751,Bad
2.109883523177346,4.596857482410105,1.0713563933151962,1.9639294101633475,Bad
3.2090176119223237,2.3803413859470144,1.222697231247571,2.1087680847399817,Moderate
2.0880340493567418,2.364628797997539,1.5304584469490865,1.0649282603741737,Bad
1.722902335687304,5.6498848374578,1.1289646762534007,1.8140958851984847,Bad
2.357121547071672,1.5364050356004753,1.535172949863972,2.0138731193728354,Bad
1.9029561041434315,6.205977935067257,1.241352506801399,1.6542726594571655,Bad
3.4761187352018665,3.2480359265063155,1.0401493882627284,1.6792457127301093,Moderate
1.9110182122161403,4.589001188435367,1.1643995336183444,1.5943392494712207,Bad
1.102120014088695,2.2659991796640826,1.0,1.234738789555551,Good
2.0265751160905943,3.1888770863350966,1.0699572483482316,1.094894965367146,Good
1.5720591327033524,5.452720254935162,1.0109498204430625,1.3346286053109258,Moderate
1.040310540363546,6.5609309760945695,1.0,1.0,Moderate
2.634855300961827,4.166938359117824,1.135047906723669,1.6742508623418806,Good
5.060498273967159,4.170913833177329,1.0255495903614458,2.6581572767217434,Bad
4.143521067438589,3.165213550266609,1.0961151869413135,3.222531019868191,Bad
1.7793370921962686,5.267292786302494,1.093043140303148,1.9039960001774028,Bad
1.4756643762898434,6.919859491181389,1.125923047026817,1.349611957807412,Bad
1.5455359580877015,3.926422178517716,1.3839875569374271,1.2597118428284946,Moderate
2.091071980672268,5.196302178097031,1.0139914496696465,2.003884617264578,Bad
2.5506121408166926,3.1612380762071037,1.0081616883015934,1.4544954252828155,Good
1.6449686458167367,3.8514560962527473,1.0356145915274,1.2397336399437795,Good
1.722902335687304,7.073672475626558,1.0594636610959969,1.639289306960679,Bad
2.003907693033365,4.695487100743561,1.2421129141080451,1.6742508623418806,Bad
2.128695130179289,3.050871343983677,1.4290711138748542,1.604328950247678,Bad
3.770433472032408,2.3882923340660263,1.071229211037699,1.8940062994009452,Moderate
2.0291456386284965,5.030657425617618,1.0437993097551497,1.0,Moderate
3.877121025077048,1.6310591798744256,1.0060832304702685,3.7519420089652384,Moderate
1.496345424911686,5.279124554336737,1.0316328488146134,1.0998886170871751,Bad
2.8345774527690004,2.0253883449197017,1.1130975608239408,1.094894965367146,Moderate
1.9002687132869067,2.869419349410515,1.0024333089778468,1.3795786628003843,Good
1.2848611734013469,6.403142517589895,1.029148862806063,1.3096555520379822,Bad
2.5506121408166926,4.695487100743561,1.1221071869413135,1.99389611515632,Bad
1.862645563779885,3.2520114005658214,1.0,1.1298553220801475,Good
1.0644968645816737,4.498227864076648,1.0,1.1398450228566048,Good
3.579874583266947,5.196302178097031,1.0133831294209097,1.6942290652265954,Bad
3.38907138037845,1.2997696749156,1.6925767586474931,1.484462130275788,Moderate
1.7038570565449818,5.223941188225024,1.0,1.709212417723082,Bad
2.7526321869151813,5.219965714165518,1.0024333089778468,2.003884617264578,Bad
1.7981486991982116,3.7213066478760655,1.030314798289934,1.7142060694431107,Good
1.9325171455777437,3.63848427163636,1.060629624562767,1.1348501724683762,Moderate
2.2019870452027783,6.087660254724819,1.1640815359502523,2.133739939344725,Bad
3.407882922883529,2.8812511174447586,1.2646715802565098,1.7491676248243118,Moderate
1.795461308341687,5.137143337925812,1.1527399828993392,1.4944506323840456,Moderate
2.62854583068726,2.861563055435777,1.1737271574038088,1.204772084562579,Good
2.5132576852475186,3.989461838604167,1.047804110376992,2.0088794676528066,Moderate
2.945655436379444,2.1516569733811512,1.2401865433346289,1.5993340998594494,Good
2.5452373591036435,4.947835049377912,1.1609016712009328,1.154828375353091,Bad
2.160943562470126,5.4053931827981865,1.263505644772639,1.469478777779302,Moderate
1.5692549380250704,3.73313841591031,1.0340661298095608,1.7591561269325693,Moderate
2.0319498333067787,3.354521838814509,1.005829761368053,1.274695195324981,Good
2.4646162783765515,4.561362178307373,1.0233190734551108,2.0288564718693216,Moderate
2.491489993451204,4.778309476983267,1.3662110003886514,2.5732520121310545,Moderate
1.7820244830527932,2.818116803214034,1.1270890104935871,1.6492790077371366,Good
1.6637802528186798,2.2423356435955952,1.1352506708122814,1.094894965367146,Good
2.316322378462055,1.410136407139026,1.097331827438787,1.0249718546047435,Good
1.5912212801642969,6.37162268754667,1.0338126607073457,1.11986681997189,Bad
3.369558692458505,1.915021612696276,1.0523158492032647,1.9489460576668611,Moderate
1.6503433630329214,3.520166591293922,1.1760590843373495,1.4794672798875594,Moderate
2.901255407820232,5.547374399209112,1.0364994387874078,1.5743622452547057,Bad
4.491243335942089,1.2208281185911256,1.0729988775748154,3.6420648897698062,Bad
1.356134852538346,5.038608373736629,1.015816410415857,1.5643725444782484,Good
3.4723797874652025,2.4829464783399766,1.1119315973571706,1.7891228319255417,Moderate
2.0431666765167718,6.65558512036852,1.0644823381267003,2.370976753428491,Bad
5.318485732293854,1.4456317112417572,1.058399107656432,4.6809098637473845,Bad
2.1663182796863105,1.4811270153444884,1.137582597745822,2.2685901118131016,Good
4.081828462032062,1.81639199436282,1.081515389040031,3.2475028744729357,Moderate
5.270814100278737,1.6073956438059378,1.2129133742712788,4.10654881716088,Bad
2.0431666765167718,4.872963621257218,1.0462326187329964,1.0149833524964862,Bad
1.437457014183441,4.348390353690985,1.0012166404974738,1.314650402426211,Good
1.66459813755844,2.760567083495472,1.049882568208317,1.5843507473629632,Good
1.336305098032117,4.612664724503855,1.0,1.0,Good
2.187328649298707,5.223941188225024,1.2576758554216867,1.709212417723082,Bad
1.7820244830527932,5.590725997286581,1.2296929560823942,1.6542726594571655,Bad
1.620782321598609,4.896627157325705,1.1247570835600469,1.0149833524964862,Moderate
1.4622275510009497,4.5298423482641486,1.0069957248348231,1.6143174523559356,Good
3.094746001565253,1.2918187267965882,1.0121664889234356,2.5482801575263108,Moderate
1.556285457016935,5.492096378953125,1.1574038087835212,1.1298553220801475,Bad
4.129500029550314,1.504790551412976,1.2919954823163622,2.633185422117,Bad
1.647656036673261,2.829948571248278,1.0034978624174116,1.4894557819958172,Good
2.1140367342752184,5.330427100533218,1.2314948869024485,1.5493891919817622,Moderate
2.5899879281218565,2.313326251801058,1.0377160792848814,1.4445057245063584,Good
2.6677046505399717,2.500930765752027,1.276179043917606,1.7591561269325693,Bad
2.2388772523406937,4.845324611129223,1.0338126607073457,1.204772084562579,Moderate
2.070647952055783,3.438764027218325,1.121725612125923,1.4744724294993308,Good
1.5858464984512477,5.858881188014681,1.030314798289934,1.094894965367146,Bad
2.0233502728615105,3.969773776595185,1.0368865542168677,1.5094339848805318,Good
1.9366066337734087,4.888676209206693,1.0,1.294672199541496,Moderate
5.509172066863728,3.169189024326115,1.059615748153906,2.603218717124027,Bad
1.174678986743078,4.786165770958005,1.0,1.0,Good
1.5643475650896446,2.131874257227896,1.0023318989506411,1.3695889620239272,Good
3.734106193528561,3.5004785292849405,1.0510992087057909,2.1836848472224126,Moderate
1.112168432099926,3.5398546533029034,1.0255495903614458,1.1498335249648624,Good
1.520005970689744,2.221890348432422,1.0,1.148070284043076,Good
2.091071980672268,2.6959183029563643,1.1445783225806452,1.4295223720098722,Good
1.8465213476344668,8.008382150331816,1.2028760202098718,1.2597118428284946,Bad
1.4756643762898434,3.914590410483472,1.0897784593859308,1.094894965367146,Good
2.31925401894475,5.290956322370981,1.020351207151185,1.204772084562579,Moderate
1.7795708288335126,4.94395422946268,1.0316328488146134,1.5993340998594494,Bad
1.1374063776950578,4.487626599917967,1.0,1.2070423621328463,Good
2.1663182796863105,4.5731939463416165,1.033696083948698,1.329633754922697,Moderate
2.6876679780527493,3.973749250654691,1.2553439564710454,1.8740292951844304,Moderate
4.570780933841073,3.342690070780266,1.083948698017878,2.5832405142393124,Bad
2.4892912308407498,2.33301431381004,1.222697231247571,1.3346286053109258,Good
1.6561854890267294,5.594701471346087,1.081515389040031,1.7541624752125404,Bad
2.9913406939591747,3.930302998432948,1.2868247182277497,1.4345172223981009,Moderate
2.445804735871473,5.519735389081118,1.3940924897007383,1.374583812412156,Bad
3.1767691796314863,4.28137521954503,1.1923824329576371,1.529412187765247,Moderate
2.359808873431332,5.014944837668143,1.1842207446560435,1.6342956552406505,Bad
1.5455359580877015,6.269112249297982,1.2798289933929266,1.4445057245063584,Bad
1.967452968725105,2.920721895606996,1.122425184609405,1.2647054945485237,Good
2.518363708525856,4.521891400145136,1.1539059463661097,1.1448386745766337,Bad
1.995495108998519,2.325158019835301,1.0097331799455889,1.7841291802055128,Good
1.1827410948157873,5.515759915021612,1.0116595507190052,1.1798002299578347,Bad
2.243030463438566,5.941703564254388,1.2145355709288768,1.0,Bad
2.83115008938513,3.934278472492454,1.0608323886513795,1.5993340998594494,Moderate
1.5468212516050852,6.324295615409695,1.049882568208317,1.2397336399437795,Bad
2.424539474650249,6.54512373400082,1.0279828993392923,1.389567164908642,Bad
1.4122190685883091,4.939978755403175,1.0186552755538285,1.1498335249648624,Good
1.2635959121801232,4.348390353690985,1.0368865542168677,1.2497221420520372,Good
2.01582561716136,2.8772756433852527,1.1177613587252235,1.3246389045344684,Moderate
2.204918685685474,2.25416741162984,1.0305267967353284,1.7591561269325693,Good
2.091071980672268,3.7764900139877793,1.1294209094442285,2.253606759316616,Good
3.2520155431423934,2.4789710042804707,1.3287990672366887,1.2397336399437795,Moderate
1.389785382168324,6.695055898530757,1.0559657986785853,1.6742508623418806,Moderate
3.17045970935692,1.5994446956869262,1.0754321585697628,2.937847322434953,Good
2.4646162783765515,5.8707129560489255,1.138748533229693,1.569367394866477,Bad
2.1851298866882534,3.4768149932164527,1.4174115911387486,1.449500574894587,Moderate
2.390888880523407,4.727006930786786,1.0450159782355228,1.4594890770028446,Bad
1.6584054711056306,2.9522417256502216,1.102603973571706,1.0,Good
2.533903712071893,2.364628797997539,1.041366028760202,1.8440625901914576,Good
3.641684056992096,2.072715417056677,1.0979401476875243,2.4084351346697064,Moderate
4.923091896272101,2.561793380520177,1.0012166404974738,3.052719292018614,Bad
2.3383099400697285,5.318595332498974,1.2028760202098718,1.0449500574894588,Bad
2.048074049452197,3.113911004070128,1.0116595507190052,1.2996670499297247,Good
3.549028248315251,5.148975105960056,1.1131482378546445,2.133739939344725,Bad
2.948342762739104,5.578894229252337,1.266573941702293,1.11986681997189,Bad
2.107663541098445,5.738291808209669,1.0291995398367664,1.943951207278633,Bad
1.1693042695268934,5.334402574592724,1.0233190734551108,1.2497221420520372,Bad
2.326392015941733,1.89523889654302,1.0457902090944422,1.729189421939597,Good
1.529995954541664,3.5083348232596783,1.0559657986785853,1.3596004599156697,Good
2.416243629940296,5.973318048441887,1.307811892732219,1.4644839273910732,Bad
2.071208816790185,4.163057539202592,1.1216647773027597,1.449500574894587,Moderate
1.2311137432520425,3.113911004070128,1.377769141080451,1.0,Bad
2.4028068046514024,3.3584973128740154,1.4550262883793237,1.0249718546047435,Moderate
2.236657270261792,3.555661895396653,1.1484310361445784,1.4544954252828155,Moderate
1.98147400661338,5.705068203569513,1.0106335017489312,2.003884617264578,Bad
1.2794863916882977,3.654291513730109,1.0038932607850757,1.2597118428284946,Good
2.187817277544778,1.8873826025682825,1.006359757481539,1.3196452528144396,Good
2.64607214417182,2.502634540348958,1.0510992087057909,1.329633754922697,Good
3.773365177011968,4.218240905314305,1.0453056572094832,2.045504774495217,Bad
2.2496267512699277,1.6704353038923887,1.0816167990672367,1.1897887320660925,Good
2.1125709140338707,5.886520198142675,1.184930474931986,1.7691458277090266,Bad
1.7851792181900763,5.361946930576443,1.058399107656432,1.414539019513386,Moderate
1.7543328832383809,3.859312390227485,1.0510992087057909,1.2996670499297247,Good
1.510366462799961,5.1844704100627865,1.0090031900505247,1.4295223720098722,Bad
3.077920704501832,4.466708034033423,1.0048665899727944,2.0488346747540365,Bad
1.8076129046100615,3.259867694540559,1.0254390019432569,1.4994454827722743,Good
1.443065403540005,6.087660254724819,1.0,1.3446171074191833,Moderate
1.6421644511384548,3.626652503602116,1.0750450431403031,1.3995556670168998,Good
3.8701104738844783,1.350977566967807,1.114263496307812,2.977802529536183,Moderate
1.5025380913644957,5.886520198142675,1.005829761368053,1.03995520710123,Moderate
2.128695130179289,3.023232333855684,1.3206373789350951,1.6243059544641931,Bad
3.286951301792891,5.594701471346087,1.3113097551496309,2.0238628201492928,Bad
1.9029561041434315,5.361946930576443,1.0340661298095608,2.0138731193728354,Bad
1.7446456476688073,3.9461102405266977,1.2302229521958803,1.4045505174051285,Moderate
2.3060615077788915,5.030657425617618,1.3148076175670425,1.1098783178636322,Moderate
3.11157123413181,4.34441487963148,1.0340661298095608,2.018867969761064,Bad
1.8200315823946691,4.577169420401123,1.0617955600466382,1.5094339848805318,Moderate
2.160943562470126,5.354090636601706,1.0524679362611735,1.6942290652265954,Bad
1.6530307538894458,4.770358528864255,1.278663029926156,1.0149833524964862,Moderate
1.954016143436211,3.788321782022023,1.0991061111542946,1.5643725444782484,Good
2.160943562470126,6.6319215843000325,1.0,2.0338513222575503,Bad
1.86533295463641,6.265136775238476,1.0705655685969686,1.2097669349508071,Bad
1.9970140101594172,4.600832956469611,1.180722882238632,1.414539019513386,Bad
2.1179456312500555,3.1849016122755907,1.853478429848426,1.469478777779302,Bad
1.4456147066094602,2.774765205136565,1.0036499494753206,1.214761785339036,Good
1.2327495772284274,2.5972886846229084,1.010175589584143,1.3356270959212917,Good
2.382476296488561,5.302788090405224,1.0048665899727944,1.0998886170871751,Moderate
1.50791280858068,3.113911004070128,1.1655654970851146,1.1698117278495772,Good
2.6488763388501013,4.675704384590305,1.1338312662261951,1.834072889415001,Bad
1.5697222823058292,4.218240905314305,1.101438010104936,1.5593788927582195,Good
2.3320004697951617,1.7493768602168631,1.553574756315585,1.5194224869887896,Bad
5.155841473500528,2.8852265915042645,1.024332949863972,3.2075476673717054,Bad
1.7175276184711197,4.691511626684054,1.0046638258841818,1.589345597751192,Good
1.4066106792317452,5.062271909805117,1.0255495903614458,1.154828375353091,Good
2.518363708525856,1.4417508913265251,1.1107656338904004,2.123751437236468,Good
1.171991660383418,6.142843620836532,1.0093276237854645,1.11986681997189,Bad
1.661092861962155,3.760777426038303,1.7089001072677807,1.1348501724683762,Bad
1.908330821359616,4.699367920658792,1.064127486980179,1.5493891919817622,Bad
2.0992508925667344,2.2936381897920763,1.0432463116984063,1.7741394794290557,Good
1.544017056926803,6.253305007204232,1.0279828993392923,1.329633754922697,Bad
1.0644968645816737,5.716899971603756,1.0292548620287605,2.198668199718899,Bad
3.305061827876831,3.886951400355479,1.0827320575204042,3.3523863419483386,Bad
3.233203936140451,2.4789710042804707,1.1574038087835212,2.623196920008742,Moderate
1.5215833705068178,3.910614936423966,1.0496060411970465,1.2597118428284946,Good
2.219831973198371,4.782190296898499,1.0364994387874078,1.2846836974332383,Moderate
1.7150739642518391,5.440888486900918,1.1195632895452778,1.5543840423699908,Bad
2.201254102833672,5.547374399209112,1.172561221919938,1.4295223720098722,Moderate
2.381307871289799,1.6704353038923887,1.0408083855421686,1.3945620152968707,Good
1.5428486317280417,4.636328260572341,1.037310523124757,1.6592675098453944,Moderate
2.6853311276552256,2.9562171997097275,1.0802987485425573,2.138734789732954,Good
1.720215009327644,3.354521838814509,1.0629615235134084,1.0,Good
1.6786191754467146,4.771967649316912,1.010175589584143,1.6243059544641931,Moderate
2.394744696578693,3.224372390437828,1.1200932856587642,1.724195770219568,Good
2.8395627379168404,4.387861131853223,1.015816410415857,1.8540510922997155,Bad
1.174678986743078,4.766477708949024,1.0046638258841818,1.0099885021082575,Good
1.378568538958331,4.021076322791666,1.0635974908666923,1.389567164908642,Good
1.438041226782822,4.458851740058686,1.096774184220754,2.1437296401211823,Good
1.773962374980084,3.413680678985728,1.0,2.083796230135237,Good
2.647357437689203,3.2913875245837847,1.4162456276719784,1.3246389045344684,Bad
1.9898866551450904,4.786165770958005,1.071123211815002,1.1048834674754036,Bad
1.55897284787346,5.243629250234005,1.0209871745044694,1.5094339848805318,Good
2.9107196132320823,4.636328260572341,1.114263496307812,1.8140958851984847,Moderate
1.7571370779166626,2.699799122871596,1.0241670392537894,1.3596004599156697,Good
2.475015236846784,4.01710084873216,1.0961151869413135,1.829079237694972,Moderate
1.9513287525796867,2.9640734936844653,1.2495141951029929,1.7591561269325693,Moderate
2.710569008753493,2.068834597141445,1.1447810866692576,2.228634904711871,Good
3.7565398799485465,1.8795263085935443,1.0944422852701128,1.9139845022856603,Moderate
4.782881323898762,1.4259436492327755,1.099765108433735,3.042730789910357,Bad
1.50791280858068,4.352365827750491,1.0594636610959969,1.5593788927582195,Moderate
2.1916563244152734,4.028932616766404,1.0250373354061406,1.1123751437236469,Moderate
1.3386085390537867,4.589001188435367,1.0,1.11986681997189,Moderate
1.7150739642518391,5.811554115877707,1.0827320575204042,1.1947835824543211,Moderate
1.214989527106624,4.805853832966987,1.0,1.1947835824543211,Good
3.910958466620584,5.076848648023305,1.0,2.538290456749854,Bad
1.7515286885600987,4.340534059716248,1.0304162083171395,1.3695889620239272,Moderate
3.3917587067381105,2.250191937570333,1.064127486980179,1.5493891919817622,Moderate
1.4160047765517951,4.611055604051197,1.0027982899339292,1.0352552290901322,Good
2.518363708525856,1.4417508913265251,1.1107656338904004,2.123751437236468,Good
2.134069847395474,5.803697821902969,1.01703307889623,1.4644839273910732,Bad
1.9394108284516915,4.521891400145136,1.0778654675476098,1.779134329817284,Good
1.1639295523107087,4.865012673138205,1.0093276237854645,1.7691458277090266,Moderate
1.9432666445069773,1.7257133241483755,1.0023318989506411,2.2036630501071275,Good
2.155568845253941,3.863287864286991,1.1842207446560435,1.4045505174051285,Moderate
3.0726947170553727,2.664303818768865,1.0510992087057909,2.053829525142265,Moderate
1.5384086030733746,5.018825657583375,1.0401493882627284,1.8740292951844304,Good
1.7417139426892472,5.259436492327756,1.024485036921881,1.0299667049929724,Good
1.252379004473266,5.160806873994299,1.0060832304702685,1.204772084562579,Good
1.7470886599054318,6.777878274770464,1.079284872133696,1.5943392494712207,Bad
3.403209286585347,2.2383601695360893,1.0827827345511076,2.123751437236468,Moderate
1.1788321978409504,3.1020792360358844,1.0292548620287605,1.414539019513386,Good
4.031352635338663,1.8400555304313075,1.191216469490867,4.026637204290219,Moderate
1.7014034023257012,4.667848090615568,1.072289147298873,1.7192009198313394,Good
2.553533203813597,3.90663946236446,1.059615748153906,1.669256011953652,Moderate
2.5936100075398985,3.71733117381656,1.5923047120093277,1.9289678547821465,Bad
1.056084216049963,4.085725103330773,1.0,1.0,Good
2.867721682012012,4.20640913728006,1.2693354061406918,2.1187565868482388,Moderate
3.6275461507852,1.9860122209017383,1.015816410415857,2.508323751756881,Moderate
2.544853473765653,5.164782348053805,1.3766031776136805,1.672585912212471,Moderate
2.233502535124509,6.324295615409695,1.1772250198212204,1.4245287202898431,Bad
3.631472074932285,3.571469137490403,1.1385153517294986,1.8190895369185145,Bad
3.1368091797269417,2.013556576885458,1.0474492592304705,2.7380688895924035,Moderate
1.833084522345573,6.343983677418676,1.422075389040031,1.374583812412156,Bad
2.324873114780835,5.815529589937213,1.197046258841819,1.2447284903320084,Bad
1.926409485992453,4.64418455454708,1.067413350952196,1.4794672798875594,Good
1.5025380913644957,3.950085714586204,1.0116595507190052,1.0,Moderate
1.7820244830527932,2.356677849878527,1.0757870097162845,1.2397336399437795,Good
1.2411621612632735,7.511447892893577,1.0316328488146134,1.1847950803460634,Bad
1.287548499761007,3.220396916378322,1.0,1.3795786628003843,Good
4.07341581350035,1.6940988399608763,1.1739806265060242,5.704772683896677,Bad
1.658989683705011,5.302788090405224,1.083948698017878,1.3795786628003843,Bad
2.792475382997969,6.194146167033013,1.180722882238632,1.6892342148383668,Bad
3.5718124751942377,1.9938685148764763,1.0851146614846483,3.0926744991198443,Moderate
1.7290950021401137,3.277000094654144,1.081515389040031,1.7841291802055128,Good
1.550910739800751,4.139394003134104,1.5036921881072678,1.2846836974332383,Moderate
2.497448923266769,2.6564475247941277,1.0036499494753206,1.349611957807412,Good
3.476679599936269,5.567062461218094,1.1888845705402251,2.0288564718693216,Moderate
1.7470886599054318,4.896627157325705,1.1119315973571706,1.8140958851984847,Moderate
2.0023887918724665,3.177045318300853,1.163233570151574,1.544395540261733,Moderate
2.1501940635408925,3.764658245953535,1.2110377085114652,1.1498335249648624,Moderate
2.489036339231923,4.450900791939674,1.2287297846871357,2.2635964600930727,Good
2.292624682489998,2.699799122871596,1.167897396035756,2.5183134525333384,Good
2.7118543022708765,4.454876265999179,1.125923047026817,1.7491676248243118,Bad
3.843236758809826,1.2721306647876065,1.5538282254178002,2.4633736942674225,Moderate
1.661092861962155,4.616545544419086,1.005829761368053,1.6792457127301093,Moderate
3.13645863926794,5.330427100533218,1.0632656976292263,1.484462130275788,Bad
3.4992535025398546,2.2620237056045767,1.0594636610959969,2.5582686596345683,Moderate
1.7038570565449818,3.673979575739091,1.006359757481539,1.3645953103038984,Good
3.587936691339656,1.3707602831210628,2.0645668153905947,2.443396690050907,Bad
1.3090474976194746,3.1375745401386155,1.0,1.274695195324981,Good
1.8733950627091192,3.2401796325315777,1.0081616883015934,1.409545367793357,Good
1.86802028099607,3.070559405992659,1.0408083855421686,1.5094339848805318,Good
1.6814233701249963,4.308919575528749,1.0594636610959969,1.5643725444782484,Good
1.3056590258449472,5.917282795031709,1.032849489312087,1.3596004599156697,Moderate
1.7417139426892472,5.200277652156537,1.1235911480761758,2.133739939344725,Bad
1.50791280858068,3.953966534501435,1.02215313797124,1.2647054945485237,Good
3.487736232934641,3.3032192926180284,1.048665899727944,1.8540510922997155,Moderate
2.797499559755152,5.503928146987369,1.0620490291488536,1.5843507473629632,Bad
1.5620441240679748,3.315051060652272,1.2180334333462883,1.6342956552406505,Good
3.120334423122522,2.120042489193652,1.0513019727944035,1.884017797292688,Moderate
1.6127202135259,6.060021244596825,1.0174893120870578,1.2896785478214672,Moderate
1.888935066255157,5.898351966176919,1.008516539448115,1.0,Bad
2.093759307031928,4.021076322791666,1.2017100567431014,1.2597118428284946,Good
1.9253897905634163,4.269543451510785,1.0766487990672369,1.544395540261733,Good
1.9562361255151124,3.930302998432948,1.0109498204430625,1.569367394866477,Good
1.5320991327988076,3.054752163898909,1.053633899727944,1.6193123027441645,Good
2.924156438520976,3.156032098272036,1.041974349008939,1.6942290652265954,Moderate
2.6258584398307354,2.120042489193652,1.0314807617567043,1.908989651897432,Good
3.837862041593641,1.3154822628650755,1.1545142666148465,2.957824326651468,Moderate
1.980889794013999,1.918902432611508,1.2914885441119317,1.7391791227160542,Moderate
1.712152901254935,5.006993889549131,1.036144587640886,1.4345172223981009,Bad
1.073291915023489,4.174889307236835,1.0,1.3596004599156697,Moderate
1.8707076718525943,5.373778698610687,1.1831608083948697,2.198668199718899,Moderate
4.799706556465318,3.4413196891137217,1.0304162083171395,2.79300744919012,Moderate
1.1822737505350285,4.435188203990197,1.0024333089778468,1.2397336399437795,Good
2.1111050937925238,4.592882008350599,1.1399144966964632,1.7391791227160542,Moderate
1.1738611020033178,6.5569555020350645,1.0121664889234356,1.2397336399437795,Moderate
1.405792794491985,5.677523847585793,1.114263496307812,1.2996670499297247,Moderate
1.8169603062001547,5.1884458841222925,1.2017100567431014,1.3995556670168998,Moderate
2.522686868861901,2.904914653513246,1.1204481368052857,1.2647054945485237,Good
1.9943266837997573,5.081959971814099,1.0757870097162845,1.6293008048524218,Moderate
2.072260373670325,5.093791739848342,1.1165954232413524,1.5244173373770182,Moderate
2.251825513880381,1.398304639104782,1.0,1.2497221420520372,Good
1.327859040124553,6.2178097031015005,1.0069957248348231,2.758047092477118,Moderate
2.916094330448267,5.105623507882586,1.0699572483482316,1.7941176823137703,Moderate
6.016097041466476,3.677955049798597,1.0729988775748154,2.523307104253368,Bad
1.6730107860901504,4.28137521954503,1.309028533229693,1.484462130275788,Bad
1.214989527106624,3.823817086124754,1.0053300707345512,1.03995520710123,Good
1.4756643762898434,3.914590410483472,1.0897784593859308,1.094894965367146,Good
1.246770615116702,4.486396096042405,1.058399107656432,1.0,Good
2.456554170303842,4.0249571427068975,1.2822623023707735,1.3645953103038984,Moderate
2.4296805197260545,5.752395275706488,1.180722882238632,1.3196452528144396,Bad
1.1009515888899335,5.890495672202181,1.0279828993392923,2.198668199718899,Bad
1.671842360891389,4.26556797745128,1.1410804601632336,1.2247502874472935,Moderate
2.1394446291085227,4.782190296898499,1.0,1.354605609527441,Moderate
2.3409973309262533,4.9123397452751805,1.0816167990672367,1.8490562419114869,Bad
2.6124216145418417,6.257280481263738,1.2017100567431014,2.0638180272505227,Bad
3.088085990831685,2.5459861384264277,1.216867469879518,2.4633736942674225,Moderate
3.692043015366873,2.297519009707308,1.0510992087057909,1.7841291802055128,Bad
1.8115855244871053,4.289231513519767,1.0396424500582977,1.6642623602336228,Good
1.8062108072709209,5.385610466644931,1.0,1.3346286053109258,Moderate
1.0820869009684395,4.179527360306259,1.0279828993392923,1.2397336399437795,Good
1.059122147365489,3.7213066478760655,1.0268169358725223,1.5344058394852758,Good
1.929829819218084,6.474133125795357,1.0757870097162845,1.639289306960679,Bad
3.882729414433612,1.6586035358581448,1.0377160792848814,2.9877910316444405,Moderate
1.8895192788545376,2.1121861952189143,1.3008161678973962,1.449500574894587,Bad
2.3678709815040406,4.951810523437418,1.0699572483482316,1.529412187765247,Bad
2.241564643197218,5.642028543483062,1.1690633595025262,1.409545367793357,Bad
2.7118543022708765,5.590725997286581,1.0069957248348231,1.6992227169466243,Bad
1.112168432099926,3.606964441593135,1.0291995398367664,1.2397336399437795,Good
2.197798941301168,4.683655332709317,1.0443062479595802,1.6742508623418806,Moderate
4.822140307382167,1.0749660822649685,1.1094982883793238,3.741953506856981,Bad
1.9225855958851343,4.013125374672654,1.0364994387874078,1.609322601967707,Good
1.2767990653286376,3.7213066478760655,1.0279828993392923,1.2497221420520372,Good
1.5294117419422832,1.4456317112417572,1.0,1.0699219120942025,Good
1.684227629300143,4.589001188435367,1.0863820069957248,1.6592675098453944,Good
1.6879665770368073,6.840917934856914,1.2658375437232805,1.419533869901615,Bad
1.748724493881817,3.29536299864329,1.0304162083171395,1.8490562419114869,Good
1.823102858589184,2.8024042152645583,1.122425184609405,1.4944506323840456,Good
1.5916886244450557,2.774765205136565,1.0445182464049747,1.4994454827722743,Good
1.3813727336366135,6.036357708528338,1.0431403124757093,2.198668199718899,Bad
2.163630953326651,4.182745601211574,1.041974349008939,1.374583812412156,Good
1.7038570565449818,5.223941188225024,1.0,1.709212417723082,Bad
2.1179456312500555,3.1849016122755907,1.853478429848426,1.469478777779302,Bad
1.1289937291633474,5.677523847585793,1.0256510003886514,1.2796888470450098,Good
1.7038570565449818,4.683655332709317,1.2980787127866305,1.3596004599156697,Moderate
1.9281939852416987,2.9837615556934467,1.0279828993392923,1.3396222570309548,Good
3.474334235952621,2.90093917945374,1.13609863661096,2.373473579288505,Moderate
1.8465213476344668,5.32257080655848,1.1539059463661097,1.3995556670168998,Bad
1.771158180301802,5.460576548909899,1.0231163093664983,1.669256011953652,Bad
2.8557506769644654,3.752826477919292,1.033070694131364,1.6492790077371366,Moderate
1.86533295463641,6.265136775238476,1.0705655685969686,1.2097669349508071,Bad
3.11157123413181,3.4097052049262224,1.026766258841819,2.3085465175825317,Moderate
1.8384592395617576,4.750670466855274,1.0,1.4245287202898431,Moderate
2.5532994671763527,2.360653323938033,1.0652934224640498,1.4944506323840456,Good
3.622872514487017,4.478539802067667,1.2028760202098718,1.6342956552406505,Moderate
1.8814571707818284,5.046464667711368,1.0454722114263506,1.6293008048524218,Moderate
2.3083649488005618,3.0114005658214404,1.10828164788185,1.1798002299578347,Good
1.5998208406095653,4.291881829559438,1.026583754372328,1.3396222570309548,Good
1.914172947353424,2.833924045307784,1.0381584889234357,1.469478777779302,Good
2.957339623870196,5.081959971814099,1.0,2.2735849622013298,Bad
2.034637224163303,5.208133946131275,1.2203653322969297,1.349611957807412,Bad
2.008496451457757,4.525866874204642,1.0582976976292269,1.1398450228566048,Moderate
2.448492062231133,3.425512447019972,1.0778654675476098,1.609322601967707,Good
2.3006867905627075,6.119180084768044,1.0127194869801788,1.3246389045344684,Bad
1.722902335687304,4.64418455454708,1.036144587640886,1.4994454827722743,Moderate
1.7900865911255024,3.918471230398704,1.3521181406917997,1.5793558969747346,Moderate
2.6339205479034447,2.534154370392184,1.029148862806063,1.839067739803229,Good
5.495151028975453,1.717383759452268,1.2104800652934318,3.6420648897698062,Bad
1.6992535283386,5.791866053868725,1.0559657986785853,1.4445057245063584,Moderate
2.3067625886968948,4.596857482410105,1.0304162083171395,1.6293008048524218,Moderate
1.878769779925304,5.748514455791256,1.2448503692188106,1.1148719695836613,Bad
1.5720591327033524,4.31687052364776,1.033070694131364,1.4894557819958172,Good
1.4649148773606095,5.776058811774976,1.012825486202876,1.204772084562579,Moderate
1.8169603062001547,3.8356488541589977,1.034978624174116,1.354605609527441,Good
1.773962374980084,5.208133946131275,1.0466381748931208,1.5543840423699908,Good
2.335622549213204,4.403573719802698,1.029148862806063,2.323529870079017,Moderate
1.3171096056921838,3.0902474680016403,1.0023318989506411,1.5144288352687607,Good
1.1988653109612055,3.2520114005658214,1.0454722114263506,1.1498335249648624,Good
2.489036339231923,3.117886478129634,1.0863820069957248,1.7741394794290557,Good
1.6503433630329214,5.141118811985318,1.3008161678973962,1.3446171074191833,Bad
1.8384592395617576,5.993006110450869,1.079284872133696,1.419533869901615,Bad
1.8707076718525943,7.044329690901633,1.2844928192771086,1.4295223720098722,Bad
1.3197969320518437,4.127562235099861,1.0652934224640498,1.2097669349508071,Moderate
4.280927445133647,1.4574634792760008,1.0377160792848814,2.038846172645779,Moderate
1.795461308341687,7.412818274560121,1.1492421204819276,1.0,Bad
1.214989527106624,3.823817086124754,1.0053300707345512,1.03995520710123,Good
2.405494195507927,4.166938359117824,1.1177613587252235,1.8190895369185145,Moderate
2.182442495831729,6.411093465708907,1.1713952584531675,1.5643725444782484,Bad
2.134069847395474,4.825636549120242,1.0209871745044694,1.4944506323840456,Moderate
2.295312008849658,2.0253883449197017,1.2541779930042751,2.198668199718899,Good
2.101821415104637,4.983330353480644,1.1527399828993392,1.609322601967707,Bad
1.440261208861723,2.2896627157325704,1.026710936649825,1.3246389045344684,Good
2.131382521035814,6.746263790582964,1.1049358725223477,1.4395120727863295,Bad
2.1889857027435395,4.770358528864255,1.0012166404974738,1.2397336399437795,Moderate
2.090304145499423,5.965367100322875,1.162067634667703,1.3645953103038984,Bad
2.1233204129631047,6.030205189150531,1.1935483964244074,1.824084387306743,Bad
2.1663182796863105,2.4553074682119838,1.0979401476875243,1.569367394866477,Good
2.295545745486902,6.462301357761114,1.1399144966964632,1.3246389045344684,Bad
1.6100328226693752,3.5004785292849405,1.1107656338904004,1.1897887320660925,Good
1.4514780520717157,4.253736209417036,1.02215313797124,1.4544954252828155,Good
1.5570183993860416,5.488215559037893,1.0,1.4544954252828155,Moderate
1.661092861962155,4.983330353480644,1.0163233486202876,1.3596004599156697,Moderate
1.9527945728210343,4.474564328008161,1.0781189366498252,1.4944506323840456,Moderate
1.8328507857083287,1.473270721369751,1.0462326187329964,1.6193123027441645,Bad
2.233502535124509,3.058727637958415,1.02215313797124,1.3446171074191833,Good
2.082425660000178,2.865443875351009,1.0279828993392923,1.4944506323840456,Good
1.6898360186567072,3.181020792360359,1.0305267967353284,1.4894557819958172,Good
4.777272870045333,3.3860416688577346,1.0620490291488536,2.902885767053752,Bad
1.2902358906175315,3.054752163898909,1.2658375437232805,1.2796888470450098,Good
1.6879665770368073,5.653860311517306,1.1783909832879906,1.2996670499297247,Moderate
2.128695130179289,2.356677849878527,1.2541779930042751,1.639289306960679,Good
1.2203643088196732,3.965798302535679,1.0,1.2397336399437795,Good
1.8062108072709209,4.868988147197712,1.2005441212592305,1.544395540261733,Moderate
3.3302997734719626,2.360653323938033,1.0255495903614458,1.6542726594571655,Moderate
2.4834278853784943,5.3264516264737125,1.0699572483482316,1.5194224869887896,Moderate
1.5401612408715168,5.780034285834482,1.1492421204819276,1.0,Bad
2.365183655144381,2.1082107211594083,1.0384764865915277,1.4794672798875594,Good
2.4646162783765515,5.247604724293511,1.1189273221919938,1.644284157348908,Bad
1.3531970848535155,5.122755907996171,1.011193159735717,1.11986681997189,Good
3.585483037120375,2.829948571248278,1.0389327197823552,2.0488346747540365,Moderate
1.365482254128439,3.33871459672076,1.0,1.0149833524964862,Good
3.68082617215688,2.715606364965346,1.0109498204430625,1.9489460576668611,Moderate
1.3140716743766578,3.5990134934741222,1.0368865542168677,1.2397336399437795,Good
4.822140307382167,1.0749660822649685,1.1094982883793238,3.741953506856981,Bad
2.02634137945335,4.454876265999179,1.026710936649825,1.5044391344923034,Moderate
3.9360094358052926,4.387861131853223,1.0012166404974738,2.7130970349876598,Bad
3.2819604699146963,2.865254567062461,1.2505135763699962,2.698113682491173,Moderate
1.8945434556117209,2.25416741162984,1.0,1.4744724294993308,Good
1.419229619780879,4.013125374672654,1.0186552755538285,1.314650402426211,Good
2.0291456386284965,5.030657425617618,1.0437993097551497,1.0,Moderate
2.5425500327439834,4.462732559973917,1.036144587640886,1.609322601967707,Bad
4.252484714834315,3.6330889854127446,1.102603973571706,2.4250834372956023,Bad
1.1346021830167758,5.121430749976336,1.1374811877186164,1.544395540261733,Moderate
1.5552339001367956,3.7764900139877793,1.0,1.544395540261733,Good
4.126695834872033,4.076259688903379,1.0874465604352896,2.493340399260395,Bad
2.583398025480089,5.022801131642881,1.0778654675476098,1.6143174523559356,Bad
2.376867842635132,3.208565148344078,1.068685285658764,1.639289306960679,Good
2.418931020796821,3.73313841591031,1.071123211815002,1.943951207278633,Bad
1.2019032422767315,4.419380961896448,1.0,1.2397336399437795,Good
3.087353048462579,5.63407759536405,1.2569338888457051,2.0288564718693216,Bad
1.8733950627091192,6.482084073914369,1.1235911480761758,1.9139845022856603,Bad
1.5860802350884915,4.166938359117824,1.0104935872522347,1.3396222570309548,Good
2.273111994570052,4.872963621257218,1.0559657986785853,1.8490562419114869,Bad
1.8384592395617576,6.115299264852813,1.334462274387874,1.6942290652265954,Bad
2.2226362323735174,4.73883869882103,1.0316328488146134,1.5743622452547057,Moderate
1.8868318879980128,5.626221301389313,1.0687912848814614,1.5993340998594494,Moderate
3.133771248411416,4.178770127152067,1.0921103863194714,2.4334069892744496,Moderate
1.964648774046823,4.837468317154486,1.01703307889623,1.1648168774613483,Moderate
3.2573902603585783,2.715606364965346,1.1830335981344735,1.7391791227160542,Good
1.56166017423312,4.202433663220555,1.2436844057520404,1.3096555520379822,Moderate
2.408181521867587,2.818116803214034,1.371939379712398,1.2796888470450098,Moderate
2.250678308150067,4.7111996886930365,1.0145997699183833,1.409545367793357,Bad
1.5025380913644957,5.042489193651862,1.012825486202876,1.1997784328425498,Moderate
2.4778194315250657,5.200277652156537,1.1760590843373495,1.0,Bad
1.56166017423312,3.2520114005658214,1.0069957248348231,1.294672199541496,Good
1.995495108998519,3.413680678985728,1.0590750066070735,1.1048834674754036,Good
1.5720591327033524,3.969773776595185,1.0699572483482316,1.3596004599156697,Good
2.0265751160905943,2.6682792928283705,1.0769529731830547,1.6542726594571655,Good
1.61565191850546,6.411093465708907,1.0076316921881072,1.2597118428284946,Bad
1.6234697124551336,5.669572899466782,1.047804110376992,1.0699219120942025,Bad
1.1504926625249503,4.368078415699968,1.0,1.3596004599156697,Good
1.4353538359262972,3.579325431465141,1.0012166404974738,1.2447284903320084,Bad
3.8286482130100974,2.9640734936844653,1.121259221142635,1.764150977320798,Moderate
1.1794695558567465,4.999137595574393,1.0218996688690245,1.0,Good
1.386981187490042,6.4347570017773945,1.0582976976292269,1.3945620152968707,Bad
1.5777843903785382,1.812416520303314,1.2844928192771086,1.0,Good
1.6127202135259,5.113479801857324,1.0407023863194715,1.1298553220801475,Moderate
2.1833772488901118,3.7213066478760655,1.0316328488146134,1.529412187765247,Good
2.968556467080188,4.332583111597236,1.116798187329965,1.839067739803229,Bad
2.034754027985061,2.447451174237245,1.0279828993392923,1.6243059544641931,Good
2.418931020796821,3.606964441593135,1.0090031900505247,2.253606759316616,Moderate
1.5455359580877015,5.014944837668143,1.209871745044695,1.0299667049929724,Moderate
1.6941091294258368,2.549961612485933,1.0255495903614458,1.0699219120942025,Good
1.5267244155826232,5.831336832030962,1.0781189366498252,1.7192009198313394,Moderate
1.325171713764893,6.998706393361589,1.1119315973571706,1.5144288352687607,Bad
1.3028548311666652,5.931480916672801,1.0133831294209097,1.3945620152968707,Good
1.9567034697958712,6.497796661863846,1.1772250198212204,1.449500574894587,Bad
1.8115855244871053,4.801973013051755,1.349786241741158,1.1798002299578347,Bad
1.7795708288335126,5.5394234510901,1.0377160792848814,1.3196452528144396,Bad
1.6691549700348642,5.168757822113311,1.0384764865915277,1.9639294101633475,Moderate
2.187817277544778,4.458851740058686,1.0734551107656432,1.1698117278495772,Moderate
3.5315019348306915,3.567493663430897,1.1470268262728331,1.943951207278633,Moderate
1.4246043369970636,3.705499405782316,1.1982121943256898,1.254716992440266,Moderate
2.3060615077788915,5.354090636601706,1.0921103863194714,1.4644839273910732,Moderate
1.6315318205278428,6.198121641092519,1.0163233486202876,1.3596004599156697,Bad
3.020901735393487,2.924602715522228,1.1247570835600469,1.274695195324981,Moderate
1.7963960614000691,6.040333182587844,1.0255495903614458,1.204772084562579,Bad
1.550910739800751,5.310739038524236,1.0582976976292269,1.4345172223981009,Bad
2.1665520163235548,4.727006930786786,1.0145997699183833,1.0899001149789174,Good
2.1663182796863105,1.4811270153444884,1.137582597745822,2.2685901118131016,Good
1.9898866551450904,1.9386851487647636,1.0826767353284104,1.8790229469044597,Good
1.4542822467499978,3.800153550056266,1.067413350952196,1.3446171074191833,Good
1.2794863916882977,5.137143337925812,1.2360296836377769,2.1187565868482388,Bad
1.9163929294323248,3.0942229420611462,1.1830548091721729,2.0887898818552664,Bad
3.249328152285869,2.4553074682119838,1.2670035071900505,1.4894557819958172,Moderate
3.133771248411416,4.178770127152067,1.0921103863194714,2.4334069892744496,Moderate
2.604008966010131,3.6661232817643534,1.176413935483871,1.3659090506507905,Bad
1.7605255496911902,3.445200509028953,1.3870967648659152,1.484462130275788,Bad
2.1643381614467887,2.0570028291072013,1.0104935872522347,1.1731404294401966,Good
1.8008360900547362,6.079803960750081,1.329965030703459,1.0,Bad
1.8303971314890488,4.218240905314305,1.0384764865915277,1.2497221420520372,Moderate
2.641982655976154,1.6665544839771569,1.371939379712398,1.3645953103038984,Good
1.30636010676295,2.407980396075008,1.0023318989506411,1.1648168774613483,Good
1.6281433487533157,4.127562235099861,1.094124287602021,1.4445057245063584,Good
3.327261842156437,3.2401796325315777,1.2366886809172173,1.839067739803229,Moderate
1.4541654429282402,6.576738218188319,1.2296929560823942,1.3596004599156697,Bad
2.69093951701179,3.323002008771284,1.0316328488146134,1.3845723145204134,Moderate
3.4696924611055424,1.0354953041027313,1.9362611643995336,2.0088794676528066,Moderate
1.6739922348784897,3.2575013409337106,1.0069957248348231,1.4653649485178666,Good
2.9375933283067344,1.532429561540969,1.3760658219976682,1.449500574894587,Good
1.986264575727048,5.531567157115362,1.0851146614846483,1.6642623602336228,Moderate
1.773962374980084,3.236204158472072,1.0209871745044694,1.4245287202898431,Good
1.9701403595816296,4.884795389291462,1.0652934224640498,1.449500574894587,Moderate
2.4918405339102048,2.0253883449197017,1.0597816587640887,1.7341842723278256,Good
1.799200256078351,4.829517369035474,1.1180148278274389,1.4245287202898431,Good
1.2794863916882977,4.301063281554011,1.005829761368053,1.2097669349508071,Good
3.840666236271924,4.8611318532229735,1.1094982883793238,2.503330100036852,Bad
3.8014073172853817,1.2997696749156,1.2530627345511076,2.912874269162009,Moderate
1.5320991327988076,3.575349957405635,1.1002720466381657,1.0199782028847149,Good
4.367857996135305,1.828223762397064,1.0072998989506412,2.628190571728771,Moderate
3.1391460301244645,2.2896627157325704,1.130586872910999,1.6942290652265954,Good
2.27650046634458,4.687536152624549,1.0781189366498252,1.899001149789174,Bad
1.878769779925304,6.6871049504117455,1.0093276237854645,1.2796888470450098,Moderate
2.800303754433434,3.421536972960466,1.0450159782355228,2.982797379924412,Moderate
2.178533598856892,6.048189476562582,1.1399144966964632,1.8190895369185145,Bad
1.7040907931822258,5.235772956259268,1.0046638258841818,2.213651552215385,Moderate
2.155568845253941,2.8772756433852527,1.3253012048192772,1.349611957807412,Moderate
1.658989683705011,4.616545544419086,1.0547491581811117,1.6742508623418806,Bad
1.0785179024699485,3.801762670508924,1.0060832304702685,1.0,Good
1.9582391401415609,6.781759094685695,1.1692299137193938,1.0849052645906887,Bad
1.0673010592599557,5.377754172670193,1.0338126607073457,2.198668199718899,Moderate
1.9110182122161403,2.502634540348958,1.4209094535561602,1.5094339848805318,Bad
1.2411621612632735,7.511447892893577,1.0316328488146134,1.1847950803460634,Bad
1.8062108072709209,2.5854569165886647,1.005829761368053,1.354605609527441,Good
2.222753036195275,4.036788910741142,1.0396424500582977,1.6193123027441645,Moderate
2.9107196132320823,3.90663946236446,1.3264671682860474,1.2996670499297247,Moderate
1.6756814077618838,5.638053069423556,1.083948698017878,1.7072142378341502,Moderate
1.4542822467499978,4.727006930786786,1.0304162083171395,2.303551667194302,Moderate
1.9366066337734087,3.71733117381656,1.0501360373105324,1.6243059544641931,Good
1.356134852538346,4.83349284309498,1.058399107656432,1.2497221420520372,Good
2.113271994951874,5.054320961686106,1.0068132203653324,2.6781354796064583,Moderate
2.3409973309262533,4.9123397452751805,1.0816167990672367,1.8490562419114869,Bad
1.8492087384909917,4.719150636812048,1.0979401476875243,1.7391791227160542,Moderate
1.830046591030047,2.5550729362767264,1.0,1.5194224869887896,Good
2.0235371847750683,5.716899971603756,1.0425826692576758,1.2497221420520372,Bad
1.7935918667217872,5.243629250234005,1.0669156191216478,1.3845723145204134,Moderate
1.9001519094651491,3.71733117381656,1.0048665899727944,1.4395120727863295,Good
2.3602975016774024,4.845324611129223,1.058509696074621,1.569367394866477,Moderate
2.0515793250484817,3.374209900823491,1.0620490291488536,2.2186464026036137,Moderate
1.3439832562699714,6.213834229041995,1.2110377085114652,1.5543840423699908,Bad
1.6046581054531908,5.559206167243356,1.1574038087835212,1.294672199541496,Bad
2.5936100075398985,2.029363818979208,1.2774970944422852,1.7541624752125404,Good
1.9647655778685804,5.003113069633899,1.037310523124757,1.569367394866477,Bad
3.4159450309562382,2.2818064217578327,1.0746210742324136,2.3285235217990463,Moderate
3.4159450309562382,2.2818064217578327,1.0746210742324136,2.3285235217990463,Moderate
2.660794262978097,1.0,1.1422463956471045,1.6742508623418806,Good
1.5724096731623538,6.395286223615157,1.0268169358725223,1.1903772781521544,Bad
3.053150167684324,5.6498848374578,1.179556946754761,1.7192009198313394,Bad
2.499552101523913,4.214265431254798,1.2238631947143412,1.0699219120942025,Moderate
5.469913147877187,2.968048967743971,1.1107149568596968,3.0826859970115867,Bad
2.2684383582718706,6.718719434599245,1.114263496307812,1.6842393644501383,Bad
1.6505770996701652,5.732707213697506,1.0890364928099494,1.5044391344923034,Bad
1.7900865911255024,3.630627977661622,1.205207919160513,1.4744724294993308,Moderate
2.007763509088651,3.228347864497334,1.5736494364554994,1.5194224869887896,Bad
2.825541700028566,5.4053931827981865,1.0024333089778468,1.983906414379863,Bad
2.107196196817686,5.038608373736629,1.0994558973960358,1.4395120727863295,Bad
1.6449686458167367,5.22791666228453,1.0734551107656432,1.4794672798875594,Bad
1.773962374980084,5.898351966176919,1.121259221142635,1.4345172223981009,Bad
2.41051837226511,2.6722547668878764,1.0021899696851924,1.978912762659834,Good
1.7094655103984104,5.373778698610687,1.0364994387874078,1.389567164908642,Bad
2.2684383582718706,5.665692079551549,1.191216469490867,1.5793558969747346,Bad
1.9281939852416987,5.961486280407644,1.01703307889623,1.3995556670168998,Bad
1.633751802606744,3.4886467612506964,1.0705655685969686,1.1348501724683762,Good
1.7632128760508503,2.3488215559037893,1.026766258841819,1.834072889415001,Good
2.109883523177346,4.202433663220555,1.083948698017878,2.003884617264578,Moderate
1.4326664450697726,2.9917125038124586,1.0209871745044694,1.154828375353091,Good
2.811520662140292,2.1082107211594083,1.073773108433735,1.6792457127301093,Good
2.5640489661055863,1.303650494830832,1.4360668387096776,2.198668199718899,Moderate
1.467602268217134,3.681835869713829,1.0617955600466382,1.0849052645906887,Good
2.438560512538524,3.855431570312253,1.0559657986785853,1.6342956552406505,Moderate
3.35583285671942,1.85785050955481,1.2164992708900118,2.8054939758265918,Moderate
2.7442195383834718,5.243629250234005,1.0316328488146134,1.3046619003179534,Moderate
2.1140367342752184,5.330427100533218,1.2314948869024485,1.5493891919817622,Moderate
1.0376231495070214,4.600832956469611,1.0,1.0,Good
2.054383519726764,5.8391931260057,1.132614597745822,1.604328950247678,Bad
2.4637983936367918,1.8321992364565696,1.0432463116984063,2.083796230135237,Good
2.9202475415461397,3.2520114005658214,1.0432463116984063,1.702076745930155,Moderate
1.556285457016935,3.165213550266609,1.054799835211815,1.2647054945485237,Good
1.7927739819820272,3.074534880052165,1.329965030703459,1.5144288352687607,Moderate
4.034040026195187,3.1415500141981214,1.1095996984065293,2.1886796976106413,Bad
1.5858464984512477,2.790572447230314,1.0827320575204042,1.4644839273910732,Good
2.875783790084721,4.707318868777804,1.3661095903614455,1.3246389045344684,Bad
3.041465980193572,1.5245732675662316,1.1070650073843762,2.1087680847399817,Moderate
1.620782321598609,5.543398925149606,1.2238631947143412,1.3695889620239272,Moderate
1.5972970782984843,5.2752437344215055,1.0470621438010106,1.2197554370590649,Moderate
2.4834278853784943,4.995162121514888,1.3322969296541003,1.4794672798875594,Bad
2.827411141648466,2.6761355868031087,1.138748533229693,1.8540510922997155,Moderate
1.3896685783465663,2.4395002261182333,1.0,1.5244173373770182,Good
2.394744696578693,3.2401796325315777,1.034978624174116,1.7891228319255417,Moderate
2.994028084815699,6.052164950622088,1.3894286917994558,1.6592675098453944,Bad
2.01582561716136,2.4749955302209647,1.036144587640886,1.484462130275788,Good
1.670206526915004,6.1389628009213,1.0364994387874078,1.214761785339036,Bad
2.741415343705189,1.4614389533355068,1.0408083855421686,2.613207219232285,Good
3.201306044308615,4.604713776384843,1.0364994387874078,1.609322601967707,Bad
1.2697141492512054,2.6012641586824143,1.0305267967353284,1.4744724294993308,Good
1.2551832636484126,6.021402353733054,1.0304162083171395,1.174805379569606,Good
1.070105318435102,6.004837878485112,1.0279828993392923,2.198668199718899,Moderate
2.6797226738017974,5.137143337925812,1.1061018359891177,1.3945620152968707,Bad
1.5240370247260986,5.054320961686106,1.180722882238632,1.4245287202898431,Good
2.289937291633473,6.821229872847932,1.037310523124757,1.6892342148383668,Bad
1.6982486671884178,3.8474806221932414,1.0343426568208318,1.4744724294993308,Good
3.730367245791897,3.0114005658214404,1.1002720466381657,2.333518372187275,Moderate
4.269710601923654,2.1950085714586205,1.200746885347843,3.3074362844588805,Bad
1.752463441618481,3.3703290809082587,1.413913728721337,1.0,Bad
1.725589726543829,3.563518189371391,1.06645938593082,1.314650402426211,Good
1.7444013335457718,4.73883869882103,1.0046638258841818,1.5044391344923034,Bad
1.9970140101594172,4.750670466855274,1.0198212110376992,1.4245287202898431,Moderate
1.755150767978141,4.872963621257218,1.0652934224640498,1.5044391344923034,Moderate
1.7712749841235595,5.137143337925812,1.138748533229693,1.5144288352687607,Moderate
2.886533289013955,3.0784156999673966,1.0338126607073457,2.4783570467639087,Moderate
1.4810390935060278,6.478108599854863,1.0,1.274695195324981,Bad
3.214392329138508,4.790141245017511,1.222697231247571,1.604328950247678,Bad
2.4296805197260545,2.0530273550476954,1.1340847353284105,1.7691458277090266,Good
1.8922066052141973,4.995162121514888,1.02215313797124,1.2846836974332383,Moderate
1.8973476502900024,4.54953041027313,1.0888152879906725,1.354605609527441,Moderate
1.8833266124017285,2.3409652619290515,1.0046638258841818,1.234738789555551,Good
1.878769779925304,4.821661075060737,1.0699572483482316,1.5943392494712207,Moderate
1.8035234164143965,2.620952220691396,1.0,1.4395120727863295,Good
2.2633797401890003,2.1926422178517715,1.0,1.5673692149775456,Good
1.825022414272864,5.413249476772925,1.0305267967353284,1.1148719695836613,Bad
2.6853311276552256,2.9877370297529526,1.12531472677808,1.7042175673348532,Good
1.6225349593967515,2.9955933237276904,1.0559657986785853,1.1798002299578347,Good
2.393693139698553,5.661716605492043,1.0827320575204042,2.298556816806074,Bad
1.3842937966335174,4.734863224761524,1.0513019727944035,1.9039960001774028,Moderate
2.3436846572859134,3.4806958131316845,1.0151574131364167,1.3196452528144396,Moderate
2.1958793856174874,5.125311569891568,1.2273610571317528,1.6842393644501383,Good
1.611318116186759,4.376029363818979,1.068685285658764,1.3596004599156697,Good
1.7578381588346657,2.841780339282521,1.0011659634667702,1.3346286053109258,Good
2.796237678599612,2.6647770894902347,1.0923435678196658,1.6909974557601533,Good
3.1472081381971737,6.099492022759063,1.1842207446560435,1.9039960001774028,Bad
1.491788592435262,5.219965714165518,1.060629624562767,1.804106184422028,Bad
2.0515793250484817,1.9662295047484828,1.0012719626894675,1.604328950247678,Good
2.0319498333067787,3.1967333803098343,1.071123211815002,1.3596004599156697,Good
6.098056496630502,1.9425659686799956,1.008516539448115,3.881798529713586,Bad
3.779814863470136,1.5837321077374504,1.0725011457442677,2.103773234351753,Moderate
1.8665013798351715,3.40582438501099,1.0356145915274,1.7042175673348532,Good
2.424539474650249,4.667848090615568,1.1107149568596968,1.983906414379863,Moderate
1.440261208861723,1.9110461386367696,1.0279828993392923,1.4445057245063584,Good
3.321887124940252,1.796703932353838,1.270501369607462,2.8329638549595493,Moderate
2.884741695109605,4.431212729930692,1.102603973571706,2.4384018396626788,Moderate
2.124488838161866,4.727006930786786,1.059615748153906,1.4045505174051285,Bad
1.5888844297667737,5.070128203779855,1.01703307889623,1.0899001149789174,Moderate
1.8518960648506515,5.235772956259268,1.1900505340069958,1.0,Moderate
3.437444028814705,1.3154822628650755,1.8418188791294208,1.839067739803229,Moderate
3.094746001565253,2.739269901033833,1.159380856587641,2.39345178217322,Moderate
1.4837264843625526,4.498227864076648,1.0326467252234746,1.5493891919817622,Moderate
1.6758149807684326,3.054752163898909,1.3052679953361834,1.839067739803229,Bad
2.932101742771928,1.6675956795641702,1.159380856587641,1.6293008048524218,Good
1.4514780520717157,2.577600622613927,1.0069957248348231,1.294672199541496,Good
3.168323186220787,2.185448502886952,1.0293154170229304,2.849373622613701,Moderate
2.744102734561713,5.563086987158588,1.2530120575204042,1.4445057245063584,Bad
3.2251418280677417,2.368509617912771,1.0384764865915277,1.799112532701999,Moderate
2.5156763176693318,4.904483451300443,1.2238631947143412,1.3845723145204134,Bad
1.4879327763799757,3.606964441593135,1.0661413882627284,1.3596004599156697,Good
3.1199838826635204,1.8597435924402888,1.0669156191216478,1.978912762659834,Moderate
1.9217677111453744,5.925990976304912,1.1107656338904004,1.5394006898735046,Moderate
1.0886831887998012,4.170913833177329,1.0,1.958934559775119,Good
2.7442195383834718,2.790572447230314,1.0,1.5743622452547057,Good
2.142131955468183,2.226528401501846,1.0396424500582977,1.834072889415001,Good
2.32218572392431,5.464552022969405,1.1410804601632336,2.1087680847399817,Bad
4.58097808162203,2.1989840455181264,1.1313979572483484,2.318535019690789,Bad
2.2361899259810336,5.460576548909899,1.1667314325689857,1.2397336399437795,Moderate
2.848910139506933,5.342258868567462,1.114263496307812,1.864039594407973,Bad
2.2576888593426365,4.060452446809629,1.3710775903614458,1.589345597751192,Moderate
2.163630953326651,2.2856872416730645,1.6972405845316751,1.529412187765247,Bad
1.521349633869574,1.9702049788079887,1.0888152879906725,1.884017797292688,Good
1.7571370779166626,1.449607185301263,1.0470621438010106,1.4944506323840456,Good
4.188388504775424,2.948266251590716,1.1776305759813448,1.7691458277090266,Moderate
2.187817277544778,3.299338472702797,1.0431403124757093,1.544395540261733,Good
1.6073454963097151,2.514466308383202,1.355616003109211,1.0,Moderate
2.034637224163303,2.71163089090584,1.3276331037699185,1.8890126476809168,Good
4.956742425902078,1.2799869587623445,1.1180148278274389,4.6759162120273565,Bad
1.3028548311666652,4.15510659108358,1.018249719393704,1.2397336399437795,Good
2.3684551941034213,5.452720254935162,1.058399107656432,1.4594890770028446,Bad
2.498086281282565,4.884795389291462,1.2645655810338128,2.07380652935878,Bad
2.3436846572859134,6.4347570017773945,1.197046258841819,2.128746287624696,Bad
1.6637802528186798,2.2423356435955952,1.1352506708122814,1.094894965367146,Good
2.9264932889185,2.91674642154749,1.0790821080450836,1.5244173373770182,Moderate
1.292923281474056,3.973749250654691,1.0279828993392923,2.0238628201492928,Good
3.429381920741996,2.6406402827003777,1.041366028760202,2.0423199130885643,Moderate
1.4570865059251443,5.393561414763943,1.0012166404974738,1.1897887320660925,Moderate
2.4918405339102048,2.0253883449197017,1.0597816587640887,1.7341842723278256,Good
2.371259453278568,5.464552022969405,1.0462326187329964,1.7891228319255417,Bad
2.1905046039044382,6.695055898530757,1.0023318989506411,1.5344058394852758,Bad
1.611318116186759,3.73313841591031,1.0851653385153517,1.0,Good
1.862645563779885,3.1375745401386155,1.108433734939759,1.6642623602336228,Good
1.9513287525796867,4.825636549120242,1.138748533229693,1.1448386745766337,Bad
1.8975813869272469,5.385610466644931,1.2670035071900505,1.409545367793357,Moderate
3.790955213398734,3.4806958131316845,1.0127194869801788,1.839067739803229,Moderate
2.12511194237059,4.967617765531168,1.0687912848814614,1.0499449078776877,Bad
2.792475382997969,6.103467496818569,1.493198600855033,1.2297451378355222,Bad
1.7309644437600131,7.138321256165666,1.0279828993392923,1.8091010348102567,Bad
3.069508120466986,1.9702049788079887,1.2165632957637,3.377358196553083,Good
1.328092776761797,5.07959361820725,1.0340661298095608,1.11986681997189,Good
1.7605255496911902,4.9123397452751805,1.008516539448115,1.4944506323840456,Bad
3.0988354897609187,4.734863224761524,1.2903225806451613,1.2647054945485237,Moderate
2.50586157179848,2.7234626589400834,1.0571824391760591,1.6143174523559356,Good
1.738782237709687,4.825636549120242,1.0597816587640887,1.724195770219568,Good
2.360042610068576,5.791866053868725,1.0510992087057909,1.3945620152968707,Bad
2.529113142958225,5.6025577653208245,1.2028760202098718,1.11986681997189,Bad
1.6309476079284622,3.5990134934741222,1.0231163093664983,1.5543840423699908,Good
2.134069847395474,2.9600980196249598,1.053633899727944,1.0799116128706598,Good
2.32919627511688,4.308919575528749,1.0377160792848814,1.3945620152968707,Good
2.511470025651908,5.239748430318774,1.2299464251846093,1.7142060694431107,Bad
1.98147400661338,4.494347044161417,1.0863820069957248,1.0,Good
2.7387279528486643,3.1100301841548963,1.145744258064516,1.254716992440266,Good
2.050761440308721,4.841349137069718,2.185775359502526,1.3645953103038984,Bad
2.9429680455229192,3.768633720013041,1.1247570835600469,1.908989651897432,Moderate
3.023973011588001,3.3860416688577346,1.006529333851535,2.363485077180248,Moderate
2.8112869255030475,3.914590410483472,1.0501360373105324,1.5643725444782484,Moderate
2.211419389163525,4.612664724503855,1.0437993097551497,1.469478777779302,Bad
2.0231547828649634,5.034632899677124,1.0763170058297706,2.2146500428257507,Bad
2.0426993322360127,4.064427920869136,1.0,2.3285235217990463,Good
4.079024202856916,1.2169472986758938,1.048665899727944,3.402331249826026,Moderate
1.427291727853588,3.520166591293922,1.138748533229693,1.1398450228566048,Good
2.2173783189790903,6.442613295752133,1.1539059463661097,1.3695889620239272,Bad
2.376867842635132,1.307625968890338,1.0437993097551497,1.2697003449367523,Good
4.685535109738943,4.955785997496924,1.335794792071512,2.058823176862294,Bad
3.664000939590324,1.6192274118401817,1.2469795040808394,2.8529408591760648,Moderate
2.2469393604134025,5.32257080655848,1.1539059463661097,1.4894557819958172,Bad
2.1721604056801187,3.4768149932164527,1.1532976261173726,1.609322601967707,Good
2.329863946659029,6.473281238496892,1.4286471449669649,1.0899001149789174,Bad
2.273813075488055,3.413680678985728,1.0304162083171395,1.2846836974332383,Good
2.397432087435217,5.484240084978387,1.1235911480761758,1.5643725444782484,Bad
1.1908032028884965,2.90093917945374,1.0163233486202876,1.1448386745766337,Good
2.8850674687726072,7.207702743918471,1.0610535934706569,1.908989651897432,Bad
1.8062108072709209,5.393561414763943,1.1574038087835212,1.2247502874472935,Moderate
4.098653694598618,1.9386851487647636,1.0778654675476098,1.7341842723278256,Bad
1.0263850868285815,6.253305007204232,1.0279828993392923,1.15982202707312,Moderate
1.5535980661604107,4.553505884332635,1.0046638258841818,1.0,Moderate
2.2039414936901967,4.671823564675073,1.4535561507967354,1.5993340998594494,Bad
2.65448479270353,4.048620678775386,1.0693489280994948,1.569367394866477,Bad
1.8062108072709209,4.87684444117245,1.3859308293820445,1.15982202707312,Moderate
1.4864138752190772,6.801541810838951,1.3008161678973962,1.11986681997189,Bad
2.6339205479034447,1.7532576801320952,1.2798289933929266,1.094894965367146,Moderate
1.7150739642518391,4.518010580229904,1.0194663598911775,1.2896785478214672,Good
1.6617939428801578,3.468864045097441,1.0038158600855034,1.5593788927582195,Good
2.2928689966130333,4.821661075060737,1.220047334628838,1.804106184422028,Bad
1.4626948952817085,3.366353606848753,1.002068300038865,1.609322601967707,Good
2.278720448423481,2.234479349620857,1.0705655685969686,1.4894557819958172,Good
1.8693055745134532,5.13326251801058,1.0928523528954528,1.5194224869887896,Bad
2.370558372360565,3.1415500141981214,1.2690355973571703,1.644284157348908,Moderate
3.1472081381971737,3.0823911740269025,1.0097273874854256,1.7691458277090266,Moderate
3.0137354242729524,4.131443055015092,1.1796796797512632,1.609322601967707,Moderate
1.4901761708207195,5.814488394350199,1.0713563933151962,1.5993340998594494,Bad
2.2173783189790903,2.2581428856893453,1.0256510003886514,1.8890126476809168,Good
1.5697222823058292,4.218240905314305,1.101438010104936,1.5593788927582195,Good
2.3194983330677856,4.198552843305323,1.1130975608239408,1.5643725444782484,Good
1.5670349559461694,3.5833009055246468,1.047804110376992,1.2197554370590649,Good
2.0426993322360127,5.216084894250287,1.01703307889623,1.4894557819958172,Bad
2.3286354103824776,4.983330353480644,1.1958802953750487,1.3795786628003843,Bad
1.5374738500149925,4.652040848521818,1.258492032646716,1.2796888470450098,Bad
1.8115855244871053,6.253305007204232,1.2984842689467548,1.2497221420520372,Bad
1.9197814012068528,4.900507977240936,1.0408083855421686,1.2197554370590649,Bad
1.4998507005079709,3.5516864213371475,1.0862805969685192,1.294672199541496,Good
2.547924749960168,4.663872616556061,1.0173227578701904,1.604328950247678,Moderate
1.7390265518327226,6.087660254724819,1.0687912848814614,1.0799116128706598,Bad
1.0813221616450948,4.904483451300443,1.0291995398367664,1.2397336399437795,Good
2.27112568463153,5.314619858439468,1.247182268169452,1.5993340998594494,Bad
1.7605255496911902,3.5596373694561594,1.7636999704624952,1.1847950803460634,Bad
2.875783790084721,2.1950085714586205,1.2576758554216867,1.892341349271536,Moderate
4.993197150210339,1.2918187267965882,1.0608323886513795,4.26137599384577,Moderate
1.5052254177241555,4.498227864076648,1.137582597745822,1.2597118428284946,Good
2.9590922616683377,2.415836690049746,1.313641654100272,1.0199782028847149,Good
3.510003001469088,1.7138815561141318,1.289156617178391,2.333518372187275,Moderate
1.7282771174003533,5.271268260362,1.0396424500582977,1.3795786628003843,Moderate
1.8917392609334387,2.8536121073167653,1.033070694131364,1.2397336399437795,Good
1.7766497658366087,5.973318048441887,1.0944422852701128,1.349611957807412,Bad
1.3520453643426806,4.679679858649811,1.1061018359891177,1.0,Moderate
1.467602268217134,5.610414059295563,1.0559657986785853,1.6193123027441645,Moderate
2.6876679780527493,3.973749250654691,1.2553439564710454,1.8740292951844304,Moderate
1.405792794491985,7.152519377806758,1.1655654970851146,1.4395120727863295,Bad
2.2979993997061827,3.4925275811659287,1.1399144966964632,1.5543840423699908,Good
2.808716402965145,4.186721075271079,1.097331827438787,2.238623406820129,Bad
2.160943562470126,4.561362178307373,1.0121664889234356,1.2896785478214672,Moderate
1.5428486317280417,4.939978755403175,1.239020607850758,1.5793558969747346,Moderate
2.1550802170078707,6.430781527717889,1.036144587640886,1.5943392494712207,Bad
2.6043595064691325,5.657741131432537,1.0072998989506412,1.8540510922997155,Bad
2.8193490335757563,3.520166591293922,1.0944422852701128,1.709212417723082,Moderate
1.732039413001996,5.251580198353017,1.0817333758258842,1.5194224869887896,Bad
3.19875674123916,4.478539802067667,1.1873637559269334,1.3695889620239272,Bad
1.9405792536504527,7.733033244638895,1.1165954232413524,1.5194224869887896,Bad
2.7226037367032463,5.062271909805117,1.0827827345511076,1.644284157348908,Moderate
1.548223348944226,5.768202517800238,1.0198212110376992,1.4994454827722743,Bad
2.132901422196712,4.474564328008161,1.0572377613680528,1.2796888470450098,Moderate
3.4772659409321807,2.0530273550476954,1.0432463116984063,2.428413337554421,Moderate
4.412725368975276,2.975905261718709,1.083948698017878,2.5732520121310545,Moderate
2.445804735871473,5.519735389081118,1.3940924897007383,1.374583812412156,Bad
4.685535109738943,4.955785997496924,1.335794792071512,2.058823176862294,Bad
2.054383519726764,4.794022064932743,1.0693489280994948,1.4744724294993308,Moderate
1.9002687132869067,3.914590410483472,1.7735272848814612,1.329633754922697,Bad
1.6557181447459706,4.340534059716248,1.0093276237854645,1.3246389045344684,Good
1.2364885249650917,4.880819915231955,1.0,1.3096555520379822,Good
1.1048074049452197,2.033339293038713,1.041974349008939,1.8490562419114869,Good
2.4325092877097423,4.521891400145136,1.4392098499805674,1.3329636551815165,Bad
1.50791280858068,5.101648033823081,1.0151574131364167,1.234738789555551,Moderate
2.034637224163303,2.163488741415395,1.108433734939759,1.6842393644501383,Good
1.8438339567779425,4.060452446809629,1.0897784593859308,2.018867969761064,Good
2.5962973983964237,4.289231513519767,1.1923824329576371,1.7192009198313394,Moderate
3.0074649101045927,3.058727637958415,1.4104158663039257,1.5993340998594494,Bad
1.8665013798351715,2.443475700177739,1.0254390019432569,1.644284157348908,Good
1.5267244155826232,6.182314398998769,1.0582976976292269,1.5793558969747346,Bad
1.548223348944226,4.521891400145136,1.005829761368053,1.5743622452547057,Good
1.857270846563701,5.267292786302494,1.1107656338904004,1.2697003449367523,Bad
1.6926402133349892,4.920290693394192,1.0036499494753206,1.0,Moderate
1.5052254177241555,3.7804654880472848,1.1574038087835212,1.1148719695836613,Good
1.9835771848705237,5.937822744339156,1.108433734939759,1.3046619003179534,Bad
2.8435353577938844,3.1100301841548963,2.3198600948309367,1.7491676248243118,Bad
3.1518499130442525,2.4513319941524774,1.053633899727944,1.884017797292688,Moderate
1.4541654429282402,4.612664724503855,1.3206373789350951,1.11986681997189,Bad
1.9432666445069773,3.8474806221932414,1.278663029926156,1.2896785478214672,Moderate
2.9725290869572314,5.389585940704437,1.1982121943256898,2.085461180264647,Moderate
2.4077141775868283,5.3501151625422,1.0510992087057909,1.329633754922697,Bad
3.484531383733577,1.7769212162005823,1.3041619432568985,3.816870269339412,Moderate
2.8999701143028487,4.218240905314305,1.0559657986785853,1.4794672798875594,Bad
1.8492087384909917,4.640209080487574,1.0326467252234746,1.4245287202898431,Good
2.134069847395474,2.9600980196249598,1.053633899727944,1.0799116128706598,Good
1.9281939852416987,7.716468769390953,1.0535324897007383,1.6942290652265954,Bad
1.5836966244641468,4.880819915231955,1.0559657986785853,1.394855689005802,Moderate
1.4290443656517304,3.740994709885048,1.0109498204430625,1.2796888470450098,Good
1.995495108998519,4.888676209206693,1.0255495903614458,1.0,Good
2.5927921228001383,5.042489193651862,1.0693489280994948,1.6342956552406505,Bad
3.1401232221197417,3.299338472702797,1.2028760202098718,1.9489460576668611,Moderate
2.9644669788845226,5.79584152792823,1.0816167990672367,1.5244173373770182,Bad
1.6772170781075737,5.803697821902969,1.2017100567431014,1.2097669349508071,Bad
3.271411298246853,4.127562235099861,1.1569475755926937,3.1825746140987614,Bad
2.233502535124509,6.249329533144726,1.2996502044306255,1.3795786628003843,Bad
2.0319498333067787,2.2581428856893453,1.064127486980179,1.4794672798875594,Good
2.0561361575249064,4.170913833177329,1.030314798289934,1.4445057245063584,Good
1.7927739819820272,5.141118811985318,1.0991061111542946,1.254716992440266,Good
1.6691549700348642,3.71733117381656,1.041974349008939,1.4445057245063584,Good
2.5129889268128065,7.8505936918271395,1.1247570835600469,2.2036630501071275,Bad
3.0140611979359546,1.7020497880798882,1.0852206607073456,2.0238628201492928,Good
2.912472251030225,2.30546995782632,1.0462326187329964,2.7530522420888897,Good
3.105962844775246,3.62267702954261,1.1447810866692576,2.0638180272505227,Moderate
1.357664460178765,4.683655332709317,1.106843802565099,1.3795786628003843,Good
2.2254404270518,2.979880735778215,1.1434123591138747,1.4894557819958172,Good
1.756372338593318,5.148975105960056,1.0190792444617178,1.3246389045344684,Moderate
3.8098199013202274,2.912770947487984,1.1094982883793238,4.1814655796433104,Bad
1.6772170781075737,5.109598981942092,1.209871745044695,1.4594890770028446,Bad
2.1188803843084374,5.657741131432537,1.0425826692576758,1.2647054945485237,Moderate
2.2066288200498567,4.577169420401123,1.054799835211815,1.644284157348908,Moderate
1.6422812549602122,6.596426280197301,1.0932763218033423,1.4544954252828155,Moderate
2.953717544452153,2.530273550476952,1.0629615235134084,1.409545367793357,Good
2.0426993322360127,5.058296435745612,1.2238631947143412,1.294672199541496,Bad
2.9461227806602026,6.312463847375451,1.024332949863972,1.449500574894587,Bad
1.827242396351765,4.908458925359948,1.026766258841819,1.4445057245063584,Good
2.07747700907142,5.855000368099449,1.0024333089778468,1.1048834674754036,Bad
1.3140716743766578,6.040333182587844,1.0629615235134084,1.0,Moderate
1.5965959973804815,5.038608373736629,1.1982121943256898,1.2197554370590649,Bad
1.6814233701249963,3.81198531809051,1.0948985184609406,1.0,Good
1.7094655103984104,4.486396096042405,1.077186154683249,1.5022995117558051,Moderate
3.2654523684312875,3.1020792360358844,1.137582597745822,1.4944506323840456,Moderate
2.5156763176693318,6.75023926464247,1.0279828993392923,1.4544954252828155,Bad
6.42895346807058,1.1893082885479005,1.0985484679362612,5.105438584037228,Bad
3.094746001565253,1.2918187267965882,1.0121664889234356,2.5482801575263108,Moderate
1.3981980307000346,4.790141245017511,1.052149938593082,1.4345172223981009,Good
3.333103968150245,2.471114710305733,1.1119315973571706,2.373473579288505,Bad
3.0397133423954297,3.0665839319331534,1.122425184609405,2.2336297551001,Moderate
1.6127202135259,6.060021244596825,1.0174893120870578,1.2896785478214672,Moderate
1.370008321600458,3.8356488541589977,1.0305267967353284,1.0649282603741737,Good
1.9620782515089203,5.803697821902969,1.1165954232413524,1.6193123027441645,Moderate
1.5858464984512477,5.858881188014681,1.030314798289934,1.094894965367146,Bad
2.1947276651066527,3.1507314661926946,1.1012714558880683,1.7341842723278256,Good
3.041465980193572,6.537267440026082,1.0,2.348501724683761,Bad
3.218131276875172,4.762502234889517,1.2976363031480762,1.544395540261733,Bad
2.4902170188349557,5.973318048441887,1.1727639860085504,1.2397336399437795,Bad
2.1663182796863105,3.823817086124754,1.380101040031092,1.2397336399437795,Moderate
2.064198265597615,6.280944017332225,1.1399144966964632,1.5394006898735046,Bad
2.2469393604134025,4.596857482410105,1.3784354139137194,1.4295223720098722,Moderate
1.6772170781075737,3.4413196891137217,1.0079951061018266,1.6345893289495816,Good
2.67960586998004,3.7804654880472848,1.0921103863194714,1.4594890770028446,Moderate
2.381307871289799,5.898351966176919,1.037310523124757,1.987138023846305,Bad
1.6288444296713185,4.865012673138205,1.0781189366498252,1.274695195324981,Moderate
2.445804735871473,5.519735389081118,1.3940924897007383,1.374583812412156,Bad
1.8841444971414885,6.722600254514476,1.121259221142635,1.03995520710123,Bad
1.2916379879566726,2.3093507777415523,1.0152634123591138,1.4794672798875594,Good
4.16875901303372,3.228347864497334,1.1021984174115818,3.017757736637413,Moderate
1.784711873909318,4.383885657793717,1.228527020598523,1.5793558969747346,Moderate
2.2791877927042394,5.492096378953125,1.2133696074621063,1.0,Bad
2.284328837780045,6.403142517589895,1.2360296836377769,1.4245287202898431,Bad
1.8795027222944096,2.9837615556934467,1.0572377613680528,2.1637066443376973,Good
3.375167146311933,2.7234626589400834,1.0340661298095608,2.0488346747540365,Moderate
2.2078503906650333,7.47197711473134,1.1857047057909056,1.349611957807412,Bad
1.975865617256816,3.0823911740269025,1.0343426568208318,1.5244173373770182,Good
2.278210600708962,2.7090752290104434,1.0368865542168677,1.4544954252828155,Good
5.399807829442085,1.4299191232922814,1.0729988775748154,3.02774743741387,Moderate
2.7498279922369,2.325158019835301,1.0450159782355228,2.138734789732954,Moderate
1.8833266124017285,6.592450806137795,1.0291995398367664,1.3596004599156697,Bad
1.7981486991982116,4.072284214843873,1.1107656338904004,1.2597118428284946,Good
2.5936100075398985,1.7532576801320952,1.4349009032258064,1.8190895369185145,Moderate
1.8328507857083287,2.9837615556934467,1.3576944609405364,1.6892342148383668,Bad
1.3107576319838576,5.468432842884638,1.0023318989506411,1.2597118428284946,Moderate
1.56166017423312,4.032908090825909,1.0011659634667702,1.03995520710123,Good
1.8468718880934685,5.906208260151656,1.2180334333462883,1.1947835824543211,Bad
2.1501940635408925,6.288800311306964,1.2518460940536338,1.609322601967707,Bad
2.0151245362433574,6.793590862719939,1.0656989786241742,1.254716992440266,Bad
1.8384592395617576,6.766046506736219,1.1107656338904004,1.5493891919817622,Bad
1.518779111331671,5.314619858439468,1.0109498204430625,1.1698117278495772,Moderate
1.3028548311666652,3.800153550056266,1.0279828993392923,1.3596004599156697,Good
1.3757643442800491,4.596857482410105,1.0291995398367664,1.4794672798875594,Good
1.5692549380250704,4.797997538992249,1.1935483964244074,2.0138731193728354,Moderate
1.2176769179631486,3.031088627830422,1.0,1.374583812412156,Good
2.064198265597615,4.50617881219566,1.0687912848814614,1.7891228319255417,Bad
3.055104616171742,2.0885226591504265,1.1271950097162844,1.8940062994009452,Moderate
1.174678986743078,4.786165770958005,1.0,1.0,Good
1.0276414857506324,4.381708612475416,1.0013325176836378,1.0,Good
2.3067625886968948,4.332583111597236,1.0629615235134084,1.204772084562579,Moderate
1.7712749841235595,3.5319983593281656,1.1772250198212204,1.0,Good
4.001791593904351,2.534154370392184,1.0769529731830547,1.8790229469044597,Bad
2.06688565645414,2.530273550476952,1.047804110376992,1.409545367793357,Good
1.8384592395617576,6.115299264852813,1.334462274387874,1.6942290652265954,Bad
1.6100328226693752,3.299338472702797,1.2530120575204042,1.7691458277090266,Good
3.0773364919024515,1.295794200856094,1.2355227454333464,1.7541624752125404,Good
1.8922066052141973,3.863287864286991,1.282160892343568,1.5993340998594494,Bad
2.6930426952689337,2.530273550476952,1.0501360373105324,1.569367394866477,Good
1.7965362775836695,5.902327440236425,1.1772250198212204,1.1997784328425498,Bad
1.954016143436211,2.3803413859470144,1.0036499494753206,1.1947835824543211,Good
1.7270555467851765,5.902327440236425,1.1002720466381657,1.0649282603741737,Bad
2.7790384932122105,5.547374399209112,1.2296929560823942,1.99389611515632,Bad
1.7290950021401137,2.2896627157325704,1.026766258841819,1.329633754922697,Good
2.101821415104637,6.048189476562582,1.072289147298873,1.4445057245063584,Bad
2.9375933283067344,4.068403394928641,1.0676253493975905,1.1947835824543211,Bad
1.4127799333227116,6.0718530126310695,1.0,1.1847950803460634,Moderate
2.037558287160208,3.831768034243766,1.1143649063350174,1.978912762659834,Good
1.2327495772284274,3.681835869713829,1.0,1.1847950803460634,Good
2.2657509674153458,5.464552022969405,1.0921103863194714,1.6542726594571655,Bad
2.886533289013955,3.0784156999673966,1.0338126607073457,2.4783570467639087,Moderate
3.559352841900621,2.0096757569702257,1.234356781966576,3.422308254042542,Moderate
1.720682353608403,2.7432453750933394,1.0279828993392923,1.449500574894587,Good
3.716930420503003,4.845324611129223,1.2518460940536338,2.3085465175825317,Bad
2.488802602594679,6.237497765110482,1.150408083948698,1.7042175673348532,Bad
3.097683769250084,2.814235983298802,1.0081616883015934,1.4944506323840456,Good
1.427291727853588,4.845324611129223,1.0069957248348231,1.2697003449367523,Moderate
1.894893996070722,3.1849016122755907,1.0034978624174116,1.639289306960679,Good
3.034338625179245,3.886951400355479,1.0620490291488536,2.0288564718693216,Moderate
1.1908032028884965,5.397442234679175,1.0,1.254716992440266,Good
2.4918405339102048,5.081959971814099,1.0535324897007383,1.6992227169466243,Moderate
1.9755150767978145,5.152950580019562,1.1061018359891177,1.589345597751192,Bad
1.8169603062001547,5.515759915021612,1.2005441212592305,1.0,Moderate
2.295312008849658,4.245879915442298,1.1853867081228138,1.6742508623418806,Moderate
3.797551501230096,4.916315219334686,1.3229693058686358,1.8440625901914576,Bad
1.489101201578737,2.93255366364124,1.1737271574038088,1.3196452528144396,Good
1.8693055745134532,2.680111060862614,1.0535324897007383,1.6892342148383668,Good
2.269569891264092,2.968048967743971,1.0,1.4544954252828155,Good
2.636607938759969,4.955785997496924,1.0582976976292269,1.729189421939597,Bad
2.26189515136006,4.936003281343668,1.0,1.6742508623418806,Bad
2.096446697888452,4.076259688903379,1.0632656976292263,1.779134329817284,Moderate
1.950627671661684,5.5394234510901,1.0048665899727944,1.6492790077371366,Bad
1.2418632421812763,4.22221637937381,1.0034978624174116,1.1947835824543211,Good
1.4094148739100274,4.060452446809629,1.0,1.0299667049929724,Good
1.9534319308368304,5.898351966176919,1.184930474931986,1.5144288352687607,Bad
1.9782024676543388,4.0249571427068975,1.041974349008939,1.4644839273910732,Good
3.268607103568571,2.372485091972277,1.0279828993392923,1.8540510922997155,Moderate
2.142131955468183,2.569649674494915,1.1704412934317916,1.174805379569606,Good
2.187817277544778,3.125742772104372,1.036144587640886,1.2247502874472935,Moderate
1.9163929294323248,3.606964441593135,1.047804110376992,1.0199782028847149,Good
2.775065873335167,6.178338924939263,1.0705655685969686,1.4994454827722743,Bad
1.438041226782822,3.7764900139877793,1.0571317621453555,1.349611957807412,Good
1.7578381588346657,3.33871459672076,1.054799835211815,1.4395120727863295,Good
1.6141223108650409,3.3308583027460217,1.058509696074621,1.3196452528144396,Good
1.740311845350106,3.71733117381656,1.2323797341624565,1.6942290652265954,Moderate
1.196294788423303,5.346234342626968,1.053633899727944,2.198668199718899,Bad
2.583104887230565,1.2307668037398904,1.3140303085891956,1.6259709045936028,Moderate
1.9217677111453744,4.0249571427068975,1.3322969296541003,1.2097669349508071,Moderate
1.6739922348784897,3.2575013409337106,1.0069957248348231,1.4653649485178666,Good
2.817638899211373,3.326882828686516,1.1640815359502523,1.804106184422028,Moderate
3.566437757978053,2.064859123081938,1.2366886809172173,1.8140958851984847,Moderate
1.835771848705233,5.448744780875656,1.145744258064516,1.5344058394852758,Bad
2.12063302210658,4.797997538992249,1.071123211815002,1.744172774436083,Moderate
1.6477728404950187,6.797566336779445,1.018249719393704,1.2397336399437795,Bad
2.410868912724111,3.461007751122703,1.0991061111542946,2.1836848472224126,Good
2.475015236846784,2.4001241021002704,1.048665899727944,3.02774743741387,Good
1.725589726543829,5.389585940704437,1.036144587640886,1.4994454827722743,Bad
6.86383995971612,3.713450353901328,1.1119315973571706,2.79300744919012,Bad
1.9405792536504527,4.514035106170399,1.0233190734551108,1.1098783178636322,Good
2.2254404270518,4.107779518946605,1.0656989786241742,1.9039960001774028,Good
2.253081912802432,2.172670193409968,1.0,2.132074989215316,Good
2.023887725234069,2.8970583595385087,1.0571317621453555,2.2685901118131016,Good
3.375634490592692,2.096378953125164,1.4586762098717452,1.544395540261733,Moderate
2.281875183560764,4.234048147408054,1.1830548091721729,1.4544954252828155,Moderate
2.901255407820232,2.443475700177739,1.0742155180722892,1.569367394866477,Good
1.927142428361559,6.647728826393782,1.1655654970851146,1.1348501724683762,Bad
2.2058109353100965,4.088091456937622,1.2287297846871357,1.2597118428284946,Moderate
2.421618411653345,1.7848721643195944,1.6890788962300816,1.8490562419114869,Bad
3.0140611979359546,1.7020497880798882,1.0852206607073456,2.0238628201492928,Good
2.0749477645268493,3.5723210247888684,1.179556946754761,1.204772084562579,Moderate
2.0872328693049083,2.9562171997097275,1.270501369607462,1.2197554370590649,Moderate
2.396497334376836,2.9285781895817338,1.0069348900116597,4.5960045991566965,Moderate
5.401911007699228,3.244060452446809,1.0693489280994948,2.383463280064962,Bad
1.489101201578737,3.520166591293922,1.0384764865915277,1.2197554370590649,Good
2.3409973309262533,4.9123397452751805,1.0816167990672367,1.8490562419114869,Bad
4.19680108881027,3.1060547100953904,1.0790821080450836,2.423418487166193,Bad
1.376231688560808,6.008813352544618,1.036144587640886,1.3246389045344684,Bad
2.706479520557828,4.5731939463416165,1.1907925005829771,1.6942290652265954,Moderate
5.412660506628462,4.15510659108358,1.1200932856587642,2.5183134525333384,Bad
2.0023887918724665,3.177045318300853,1.163233570151574,1.544395540261733,Moderate
1.693341294252992,3.3703290809082587,1.0408083855421686,1.204772084562579,Good
2.4726783864492603,6.714743960539739,1.335794792071512,1.6892342148383668,Bad
2.741415343705189,6.478108599854863,1.0114475522736106,1.6742508623418806,Bad
1.9378919272907928,5.271268260362,1.0069957248348231,1.6942290652265954,Moderate
2.4941773843077284,3.93825394655196,1.2483482316362222,1.3346286053109258,Moderate
2.201254102833672,5.862856662074187,1.1399144966964632,1.3446171074191833,Bad
1.9513287525796867,4.28137521954503,1.012825486202876,1.4295223720098722,Moderate
1.5468212516050852,3.4886467612506964,1.0669156191216478,1.2097669349508071,Good
1.4622275510009497,5.705068203569513,1.0,1.274695195324981,Moderate
3.2520155431423934,4.924171513309425,1.2110377085114652,1.6542726594571655,Bad
3.2041102389868974,5.085935445873605,1.0401493882627284,1.744172774436083,Bad
1.400418012778936,5.216084894250287,1.0135250586863584,1.4395120727863295,Moderate
1.9309982444168448,3.3584973128740154,1.4805758787407697,1.0,Bad
3.7032598585768657,1.8795263085935443,1.1447810866692576,1.8790229469044597,Moderate
1.5888844297667737,5.772177991859743,1.2944287633113098,1.449500574894587,Bad
4.048177932402084,1.954397736714239,1.0194663598911775,2.318535019690789,Moderate
1.1951030153595628,2.91674642154749,1.0012825402254175,1.1398450228566048,Good
2.1665520163235548,4.8611318532229735,1.011801479984454,2.11376293512821,Bad
1.6315318205278428,5.748514455791256,1.0524679362611735,1.8740292951844304,Bad
1.4879327763799757,5.432937538781906,1.0,1.8540510922997155,Bad
1.835655044883476,5.223941188225024,1.0377160792848814,1.2597118428284946,Bad
2.4834278853784943,6.312463847375451,1.0364994387874078,1.4944506323840456,Bad
2.3409973309262533,3.070559405992659,1.072289147298873,1.9988897668763488,Moderate
2.200202545953532,6.056140424681594,1.013748110376992,1.5044391344923034,Bad
2.3740636479568504,3.7213066478760655,1.026766258841819,2.368479927568476,Good
1.6503433630329214,8.655153918155715,1.1165954232413524,1.03995520710123,Bad
1.2979141133522507,2.301494483766814,1.052149938593082,1.059933409985945,Good
2.410868912724111,5.661716605492043,1.1597357077341623,1.0799116128706598,Bad
1.30636010676295,2.407980396075008,1.0023318989506411,1.1648168774613483,Good
1.7444013335457718,6.65558512036852,1.1574038087835212,1.0849052645906887,Bad
1.5720591327033524,4.951810523437418,1.0206830003886511,1.329633754922697,Bad
1.5025380913644957,4.352365827750491,1.06645938593082,1.0,Moderate
1.5294117419422832,4.5850257143758615,1.1247570835600469,1.6492790077371366,Moderate
2.502239492380437,4.734863224761524,1.203875401476875,1.729189421939597,Moderate
2.01582561716136,2.4947782463742203,1.349786241741158,1.409545367793357,Moderate
1.5528302954844304,2.222647581586614,1.0023318989506411,1.2397336399437795,Good
2.601672115612608,1.8597435924402888,1.191216469490867,1.2796888470450098,Good
1.6057096623333302,4.470683508092929,1.1589937411581812,1.329633754922697,Good
3.5041608754752804,5.713019151688525,1.100981776914108,2.5133186021451097,Bad
3.8098199013202274,3.6424597456958656,1.1070650073843762,2.0887898818552664,Moderate
2.0776350908865093,3.1888770863350966,1.0559657986785853,1.5993340998594494,Good
2.569423683321771,2.2896627157325704,1.5270112615623783,1.1098783178636322,Bad
2.163630953326651,2.2856872416730645,1.6972405845316751,1.529412187765247,Bad
2.4862320800567765,5.2554610182682495,1.058399107656432,1.3246389045344684,Bad
2.0319498333067787,3.1967333803098343,1.071123211815002,1.3596004599156697,Good
1.6901164510239082,6.330732097220323,1.0,1.424981816869337,Bad
3.759344139123693,1.6744107779518946,1.0072998989506412,3.612098184776834,Moderate
2.850779581126833,4.979449533565411,1.0304162083171395,1.3596004599156697,Moderate
1.6505770996701652,2.703774596931102,1.015816410415857,1.354605609527441,Good
1.9733163141873604,2.55393708654544,1.0034978624174116,1.609322601967707,Good
1.2902358906175315,4.01710084873216,1.0069957248348231,1.389567164908642,Good
1.3439832562699714,4.383885657793717,1.0023318989506411,1.1398450228566048,Moderate
2.4296805197260545,4.967617765531168,1.0034978624174116,1.5394006898735046,Bad
1.7178781589301209,5.965367100322875,1.090031928488146,1.469478777779302,Bad
4.098653694598618,1.9386851487647636,1.0778654675476098,1.7341842723278256,Bad
2.6043595064691325,2.459282942271489,1.1107656338904004,1.544395540261733,Good
1.249574809794984,3.4728395191569468,1.0661413882627284,1.0998886170871751,Good
1.1289937291633474,6.738407496608226,1.005829761368053,1.7941176823137703,Bad
1.9137056030726651,4.214265431254798,1.2670035071900505,1.4544954252828155,Moderate
3.6179863610200393,1.6389154738491634,1.0864925954139135,2.1437296401211823,Moderate
3.6275461507852,1.9860122209017383,1.015816410415857,2.508323751756881,Moderate
1.9137056030726651,4.013125374672654,1.0617955600466382,1.1348501724683762,Moderate
1.314422214835659,6.280944017332225,1.1702292949863973,1.0,Bad
2.263063576558821,4.758526760830012,1.1469102215312863,1.0699219120942025,Moderate
1.5401612408715168,5.247604724293511,1.2308589195491644,1.3046619003179534,Bad
2.0856971989592186,2.02150752500447,1.8383210167120088,1.7691458277090266,Bad
5.04647717158202,2.4001241021002704,1.100981776914108,2.8329638549595493,Moderate
2.0235371847750683,7.633646393151247,1.0401493882627284,1.5244173373770182,Bad
1.9378919272907928,5.010969363608637,1.2110377085114652,1.0099885021082575,Bad
2.3114362249950764,4.080235162962885,1.0851146614846483,1.484462130275788,Moderate
1.5106001994372047,5.062271909805117,1.2028760202098718,1.0499449078776877,Moderate
1.6926402133349892,5.101648033823081,1.0279828993392923,1.7841291802055128,Bad
1.6772170781075737,3.204684328428846,1.5806451612903225,1.0099885021082575,Bad
1.5401612408715168,2.841780339282521,1.2751651675087443,1.0,Moderate
2.251825513880381,5.598582291261319,1.0076316921881072,1.1798002299578347,Moderate
1.4514780520717157,3.5478056014219157,1.0,1.4395120727863295,Good
4.637062297671992,1.362809335002051,1.1094982883793238,3.122641204112817,Moderate
2.752164842634423,3.5871817254398786,1.1923824329576371,1.6992227169466243,Moderate
3.305061827876831,3.5871817254398786,1.1240980862806065,2.578246862519284,Moderate
2.034754027985061,3.0429203958646656,1.006569909055577,1.609322601967707,Good
2.5237384257420405,6.65558512036852,1.2275131441896618,1.3945620152968707,Bad
2.9583593192992312,2.861563055435777,1.1055718398756316,2.0688128776387518,Moderate
3.1902060049203804,5.60653323938033,1.1842207446560435,1.8140958851984847,Bad
2.676918479123516,7.227485460071727,1.0909444228527012,1.5793558969747346,Bad
1.6584054711056306,4.26556797745128,1.2542794030314808,1.5094339848805318,Moderate
2.172670253394637,4.545554936213623,1.0151574131364167,1.3196452528144396,Moderate
2.9590922616683377,2.415836690049746,1.313641654100272,1.0199782028847149,Good
2.1525309139384152,3.4846712871911905,1.0863820069957248,1.469478777779302,Good
3.131200725873513,2.565768854579683,1.0699572483482316,2.258601609704844,Good
3.3057629087948337,2.861563055435777,1.172561221919938,2.043839824365808,Moderate
3.2798239467785635,1.9938685148764763,1.1313979572483484,2.3984466325614484,Good
1.7014034023257012,2.810260509239296,1.13291877186164,1.589345597751192,Good
2.430657711721332,3.334833776805528,1.026710936649825,1.884017797292688,Good
2.3060615077788915,5.030657425617618,1.3148076175670425,1.1098783178636322,Moderate
1.7935918667217872,4.273424271426018,1.141131137193937,1.0,Good
3.141833356484125,1.3391457989335631,1.0676253493975905,2.058823176862294,Moderate
1.3386085390537867,3.6345087975768537,1.0,1.6193123027441645,Good
2.064198265597615,4.5850257143758615,1.1157792460163234,1.3845723145204134,Moderate
2.867721682012012,4.975474059505905,1.1002720466381657,2.743063739980632,Bad
2.854284856723118,4.26556797745128,1.3019821313641664,1.329633754922697,Bad
1.5132875257968648,5.310739038524236,1.1352506708122814,1.409545367793357,Moderate
1.8108177538111248,4.226097199289042,1.1858863987563155,1.3645953103038984,Moderate
1.7851792181900763,5.697211909594775,1.106843802565099,1.4894557819958172,Moderate
1.2311137432520425,4.703343394718299,1.0,1.0899001149789174,Moderate
1.400418012778936,5.425081244807168,1.0652934224640498,1.3795786628003843,Moderate
2.676918479123516,4.001293606638411,1.1155815468324912,1.639289306960679,Moderate
4.059394775612077,3.839624328218504,1.2141300147687524,3.5122083690214585,Moderate
1.9943266837997573,3.0272078079151896,1.0944422852701128,1.2397336399437795,Good
1.948641361723162,4.947835049377912,1.4372328021764478,1.3446171074191833,Bad
2.557138578543712,2.4513319941524774,1.407024003109211,1.214761785339036,Moderate
2.2066288200498567,4.565337652366879,1.3089778561989895,1.2397336399437795,Bad
2.064198265597615,5.586750523227075,1.1034150579090556,1.0249718546047435,Moderate
3.133771248411416,3.918471230398704,1.209871745044695,1.604328950247678,Moderate
1.8411466304182824,3.461007751122703,1.1313979572483484,1.3645953103038984,Good
1.6860121285493888,7.424650042594365,1.0228951045472212,1.1847950803460634,Bad
1.905643494999956,3.7962727301410335,1.222697231247571,1.4994454827722743,Good
1.1101821221614043,4.28137521954503,1.0279828993392923,1.4794672798875594,Good
1.583275975913345,3.957942008560941,1.0450159782355228,1.274695195324981,Good
1.521349633869574,3.879095106380741,1.1888845705402251,1.5993340998594494,Moderate
2.8367585432385587,3.0035442718467023,1.033070694131364,1.6542726594571655,Moderate
1.5720591327033524,3.3860416688577346,1.0024333089778468,1.329633754922697,Good
1.6422812549602122,5.9496545123734,1.1772250198212204,1.2647054945485237,Bad
2.5318005338147493,4.983330353480644,1.3532841041585697,1.4944506323840456,Bad
1.5052254177241555,4.868988147197712,1.1049358725223477,1.1248616703601186,Moderate
2.32218572392431,5.216084894250287,1.3322969296541003,1.724195770219568,Moderate
4.911875053062109,2.814235983298802,1.068132287602021,2.3085465175825317,Bad
2.1394446291085227,4.782190296898499,1.0,1.354605609527441,Moderate
2.5030573771201974,5.070128203779855,1.0291995398367664,1.9339627051703752,Bad
2.27650046634458,5.681404667501026,1.2378546443839875,1.419533869901615,Bad
2.0212003343775446,3.1970173427426563,1.0443062479595802,1.3995556670168998,Good
2.3095667833751765,1.863719066499795,1.0750450431403031,1.6842393644501383,Good
3.509769264831845,2.6564475247941277,1.0377160792848814,1.9039960001774028,Moderate
2.8085995991433874,2.83789951936729,1.1037699090555773,1.5743622452547057,Moderate
4.838965539948724,1.7177623760293637,1.1107149568596968,5.275250311886805,Bad
1.3084632850200937,4.060452446809629,1.018249719393704,1.4994454827722743,Good
2.1553351086166974,4.648160028606586,1.0364994387874078,1.4644839273910732,Bad
2.074013011468467,3.5043593492001723,1.0534219012825496,1.6243059544641931,Good
3.6724135881220334,3.43336874099471,1.0389327197823552,2.1886796976106413,Moderate
1.854583455707176,4.703343394718299,1.0396424500582977,1.2996670499297247,Bad
1.5328002137168106,5.314619858439468,1.150864317139526,1.1098783178636322,Bad
3.2170797199950325,1.1222931544019437,1.5491643995336184,3.172586111990504,Moderate
1.5831591720915876,5.314619858439468,1.024485036921881,1.724195770219568,Moderate
3.148026022936934,3.125742772104372,1.1143649063350174,1.7741394794290557,Moderate
1.784711873909318,4.399692899887466,1.2028760202098718,1.2996670499297247,Bad
1.830046591030047,5.409274002713419,1.6740228931208705,1.3596004599156697,Moderate
3.108767039453528,4.916315219334686,1.0389327197823552,1.6842393644501383,Bad
1.6533812943484474,2.810260509239296,1.0127194869801788,1.5793558969747346,Good
2.107196196817686,4.671823564675073,1.2495141951029929,1.5643725444782484,Bad
2.444168901895088,4.080235162962885,1.0717822090944422,1.5793558969747346,Moderate
2.0656003629367565,3.21651609646309,1.0961151869413135,1.7491676248243118,Good
1.8707076718525943,6.111323790793307,1.1492421204819276,1.2896785478214672,Bad
2.0695729828138,2.920721895606996,1.2366886809172173,1.2397336399437795,Bad
1.445869598218287,5.089816265788837,1.0500194325689856,1.274695195324981,Moderate
2.9612910242787915,3.5946594028375207,1.167897396035756,2.1886796976106413,Moderate
3.047775450468139,1.922877906671013,1.2436844057520404,1.729189421939597,Moderate
2.315175172731741,5.811554115877707,1.2859122238631948,1.609322601967707,Bad
3.248595209916763,2.55393708654544,1.0166625573260786,4.221420786744541,Moderate
2.1721604056801187,3.457032277063197,1.141131137193937,1.709212417723082,Good
2.5837563700597044,3.019256859796178,1.0139914496696465,2.134739628623291,Good
1.56166017423312,5.4566010748503935,1.0291276517683638,1.409545367793357,Moderate
2.5049268187400973,3.985581018688935,1.1539059463661097,1.4245287202898431,Moderate
3.873042178864038,1.8321992364565696,1.1551779090555772,3.2375143723646778,Moderate
1.9943266837997573,2.1437060252621394,1.0746210742324136,1.2197554370590649,Good
1.0263850868285815,6.253305007204232,1.0279828993392923,1.15982202707312,Moderate
2.3740636479568504,1.2642743708128688,1.0343426568208318,1.8091010348102567,Good
3.3030755179383093,1.7887529842348264,1.2658375437232805,1.958934559775119,Moderate
1.755150767978141,4.782190296898499,1.0909444228527012,1.0,Bad
1.4031054036354604,4.28137521954503,1.0081616883015934,1.094894965367146,Moderate
1.5628817448482968,4.514035106170399,1.0209871745044694,1.2397336399437795,Moderate
1.1101821221614043,4.31687052364776,1.0,1.0,Good
3.206914433665179,2.845755813342027,1.015816410415857,2.5482801575263108,Moderate
2.3067625886968948,6.067972192715837,1.0048665899727944,1.1648168774613483,Bad
2.01812905818303,6.119180084768044,1.2296929560823942,1.274695195324981,Bad
7.329105377535731,1.3273140308993194,1.143564446171784,5.185350196907889,Bad
2.665701635913523,3.934278472492454,1.0754321585697628,1.8440625901914576,Moderate
2.252314142126452,2.565768854579683,1.0174893120870578,1.3096555520379822,Good
1.6225349593967515,4.695487100743561,1.0023116393315197,1.5344058394852758,Moderate
3.871512571223619,1.922877906671013,1.048665899727944,3.2075476673717054,Moderate
1.489101201578737,5.768202517800238,1.1364166342790516,1.0,Bad
3.483129286394436,2.719581839024852,1.1445783225806452,1.414539019513386,Moderate
3.506965070153562,4.301063281554011,1.0669156191216478,1.829079237694972,Bad
2.160943562470126,6.336127383443938,1.2996502044306255,1.5194224869887896,Bad
1.171991660383418,5.385610466644931,1.0629615235134084,1.1798002299578347,Moderate
1.9620782515089203,3.4728395191569468,1.1818888457054022,1.7341842723278256,Good
2.738611149026907,6.272993069213213,1.0316328488146134,1.3596004599156697,Bad
2.1805730542118296,2.4276684580839896,1.0231163093664983,1.4544954252828155,Good
2.8498873315022104,2.301494483766814,1.4617178390983288,1.609322601967707,Moderate
2.107196196817686,4.801973013051755,1.282160892343568,1.6742508623418806,Bad
3.103158650096964,2.3211825457757955,1.0145997699183833,2.663152127109972,Moderate
1.070105318435102,4.41152466792171,1.0,1.3645953103038984,Good
3.2224544372112174,5.6498848374578,1.3881106412747766,1.7142060694431107,Bad
1.50791280858068,4.352365827750491,1.0594636610959969,1.5593788927582195,Moderate
1.0564347565089645,3.5596373694561594,1.0046638258841818,1.1698117278495772,Good
2.371259453278568,5.338283394507956,1.059615748153906,1.724195770219568,Bad
1.6288444296713185,4.005269080697916,1.1818888457054022,1.4594890770028446,Moderate
1.9730614225785337,4.0999232249718665,1.0693489280994948,1.5394006898735046,Good
1.6654903871830626,5.582869703311843,1.133554739214924,2.0688128776387518,Moderate
1.9002687132869067,6.915884017121883,1.0559657986785853,1.724195770219568,Bad
1.6684220276657582,3.965798302535679,1.0763170058297706,1.5943392494712207,Good
3.8935638557335,1.5837321077374504,1.1462742541780024,3.0477244416303857,Moderate
2.383995197649459,3.4531514571479653,1.0186552755538285,1.5144288352687607,Good
1.4851285817016937,5.780034285834482,1.049882568208317,1.3446171074191833,Bad
2.416243629940296,1.6665544839771569,1.4523902153128645,1.5094339848805318,Bad
1.771158180301802,4.790141245017511,1.2153466552662262,1.6143174523559356,Bad
2.466602588315073,5.851024894039943,1.032849489312087,1.5244173373770182,Bad
3.383452284542366,3.740994709885048,1.1340847353284105,2.038846172645779,Moderate
2.822036424432281,3.145525488257628,1.1399144966964632,1.6492790077371366,Moderate
1.784711873909318,4.202433663220555,1.289156617178391,1.294672199541496,Moderate
1.3160346364502011,2.845755813342027,1.0228951045472212,1.2397336399437795,Good
1.491788592435262,4.226097199289042,1.0466381748931208,1.4894557819958172,Good
1.671842360891389,3.7213066478760655,1.2180334333462883,1.1648168774613483,Moderate
2.4357563178602417,5.014944837668143,1.0,1.4794672798875594,Moderate
2.518363708525856,2.246311117655101,1.1445783225806452,1.918979352673889,Moderate
2.902657505159373,2.4868272982552084,1.0757870097162845,1.9039960001774028,Moderate
2.0627961682584743,4.608689250444348,1.06645938593082,1.4744724294993308,Moderate
2.8563880349802617,2.301494483766814,1.4039270796735328,1.0549385595977163,Moderate
1.6584054711056306,3.5438301273624093,1.1702292949863973,1.2197554370590649,Moderate
1.2982979986902408,5.3501151625422,1.0,1.0,Moderate
1.905643494999956,4.924171513309425,1.1165954232413524,1.5743622452547057,Moderate
1.8868318879980128,5.973318048441887,1.0,1.3196452528144396,Moderate
1.5243875651851,4.868988147197712,1.006326569762923,1.389567164908642,Moderate
2.458190004280227,6.142843620836532,1.0255495903614458,1.1498335249648624,Moderate
2.4726783864492603,1.2366353606848752,1.3322969296541003,1.3596004599156697,Moderate
2.502239492380437,2.3211825457757955,1.1399144966964632,1.569367394866477,Good
1.510111571191134,5.756370749765994,1.0190792444617178,1.0,Moderate
1.040310540363546,6.5609309760945695,1.0,1.0,Moderate
1.7347033914966776,2.9285781895817338,1.008516539448115,1.3945620152968707,Good
2.489036339231923,3.117886478129634,1.0863820069957248,1.7741394794290557,Good
2.314123615851601,3.0823911740269025,1.2973183054799844,1.908989651897432,Bad
3.2573902603585783,3.8514560962527473,1.2005441212592305,1.9739179122716053,Moderate
2.0292624424502543,4.557386704247867,1.0912485969685193,1.729189421939597,Moderate
3.0358575263401435,2.206840339492864,1.0060832304702685,1.859045942687944,Good
1.3589390472166285,4.277399745485523,1.067413350952196,1.11986681997189,Good
2.370558372360565,4.241904441382792,1.058399107656432,1.5344058394852758,Moderate
2.537175251030934,2.8812511174447586,1.2670035071900505,1.2996670499297247,Moderate
2.0291456386284965,2.577600622613927,1.031798759424796,1.7941176823137703,Good
1.4094148739100274,6.060021244596825,1.0454722114263506,2.198668199718899,Bad
2.3436846572859134,7.010538161395833,1.180722882238632,1.8890126476809168,Bad
3.535007210426976,1.8479118244060453,1.0985484679362612,1.7741394794290557,Moderate
2.418931020796821,5.085935445873605,1.0474492592304705,1.569367394866477,Bad
3.015527018177302,3.046895869924171,1.0827827345511076,1.9489460576668611,Moderate
1.7432496130349366,3.920080350851361,1.0,1.365593800914264,Good
3.568147892342436,2.6524720507346213,1.1233791496307812,2.31354016930256,Moderate
2.295312008849658,2.2659991796640826,1.0932763218033423,2.148723291841211,Moderate
1.905643494999956,4.865012673138205,1.1923824329576371,1.154828375353091,Moderate
1.894893996070722,4.892651683266199,1.1539059463661097,1.4245287202898431,Bad
3.955638927546996,2.510490834323696,1.0851653385153517,2.763040744197147,Moderate
2.346372048142438,1.828223762397064,1.3637776914108044,1.1798002299578347,Good
2.131382521035814,2.364628797997539,1.0174893120870578,1.7891228319255417,Good
1.1639295523107087,3.3071947666775343,1.034978624174116,1.2297451378355222,Good
1.600101272976766,6.142843620836532,1.200746885347843,1.174805379569606,Bad
2.230815144267984,3.614820735567872,1.130586872910999,1.15982202707312,Good
2.7172290194870614,3.8474806221932414,1.197046258841819,1.864039594407973,Good
2.3383099400697285,3.6345087975768537,1.163233570151574,1.8940062994009452,Good
3.341516616681955,4.7111996886930365,1.176413935483871,1.9539397093868904,Bad
1.86802028099607,7.14466308383202,1.2984842689467548,1.0749167624824312,Bad
2.6953461362906035,4.829517369035474,1.0543197326078508,1.1648168774613483,Bad
1.5697222823058292,6.600401754256807,1.313641654100272,1.0,Bad
1.7578381588346657,2.841780339282521,1.0011659634667702,1.3346286053109258,Good
2.876017526721965,2.7432453750933394,1.090031928488146,1.329633754922697,Good
2.489036339231923,3.117886478129634,1.0863820069957248,1.7741394794290557,Good
1.693341294252992,6.083684780665313,1.1618141655654877,1.7541624752125404,Moderate
1.7708910987855693,3.8576086156305545,1.0066625884181888,1.4908833958216825,Good
3.829449393061931,2.364628797997539,1.135047906723669,2.223640054323643,Moderate
3.265802908890289,3.457032277063197,1.0389327197823552,1.864039594407973,Moderate
3.0345829393022807,1.7217378500888696,1.060629624562767,2.0088794676528066,Moderate
2.811520662140292,5.279124554336737,1.150864317139526,2.173696345114155,Bad
2.607046897325657,4.569218472282111,1.1422463956471045,1.8490562419114869,Bad
2.5550910610807023,1.4614389533355068,1.266445863972017,2.288568314697816,Good
2.271509634466385,4.83349284309498,1.1177613587252235,1.4644839273910732,Moderate
3.98368106782041,2.762933437102321,1.1447810866692576,2.4384018396626788,Bad
1.2692043015366874,3.859312390227485,1.0,1.3096555520379822,Good
1.6637802528186798,2.2423356435955952,1.1352506708122814,1.094894965367146,Good
3.510003001469088,4.801973013051755,1.234356781966576,2.213651552215385,Bad
1.634219146887503,3.177045318300853,1.0104935872522347,1.589345597751192,Good
2.037324550522963,3.117886478129634,1.172561221919938,1.5344058394852758,Good
2.0627961682584743,6.46627683182062,1.0535324897007383,1.0,Bad
4.135108483403743,2.3961486280407645,1.092465237465993,2.967814027427925,Bad
2.651680598025248,5.4763837910036495,1.0316328488146134,1.3396222570309548,Moderate
2.499552101523913,5.973318048441887,1.1247570835600469,1.234738789555551,Bad
2.071208816790185,4.163057539202592,1.1216647773027597,1.449500574894587,Moderate
2.023887725234069,5.874688430108432,1.2611737178390985,1.349611957807412,Bad
1.4864138752190772,4.182745601211574,1.1002720466381657,1.254716992440266,Moderate
3.792994668753671,3.177045318300853,1.0340661298095608,2.912874269162009,Moderate
2.144819346324708,5.906208260151656,1.162067634667703,1.4045505174051285,Bad
3.708868312430294,5.208133946131275,1.0610535934706569,2.348501724683761,Bad
1.752463441618481,4.364197595784735,1.2600077823552274,1.1648168774613483,Bad
1.2355537719067096,3.4768149932164527,1.1788472164788184,1.15982202707312,Good
2.0534487666683816,5.381729646729699,1.0932763218033423,1.7691458277090266,Bad
1.0673010592599557,7.587928441466929,1.0024333089778468,1.5793558969747346,Bad
2.1413140707284226,6.063996718656331,1.1690633595025262,1.2597118428284946,Bad
1.7627455317700913,2.498659066289452,1.0377160792848814,1.4794672798875594,Good
2.8784711809412453,5.06425964683487,1.1760590843373495,1.544395540261733,Moderate
4.696166450412264,4.609730446031362,1.0599633517294986,2.089698472350653,Bad
1.970257163403387,4.450900791939674,1.087598647493199,1.2497221420520372,Good
2.0803224817430337,3.204684328428846,1.1574038087835212,2.0288564718693216,Good
1.5690899550454709,6.12315555882755,1.06645938593082,1.294672199541496,Bad
2.303374116922367,5.535542631174868,1.216867469879518,1.6892342148383668,Bad
3.459675904545415,4.888676209206693,1.032849489312087,2.383463280064962,Bad
1.9163929294323248,6.186289873058275,1.0594636610959969,2.2086567018271563,Moderate
1.795461308341687,6.087660254724819,1.075670432957637,1.374583812412156,Bad
2.1367572382519984,6.225665997076239,1.241352506801399,1.5144288352687607,Bad
2.5962973983964237,3.326882828686516,1.0034978624174116,1.0199782028847149,Good
2.219831973198371,4.782190296898499,1.0364994387874078,1.2846836974332383,Moderate
2.090838244035024,4.581050240316355,1.0304162083171395,2.2036630501071275,Moderate
1.7793370921962686,4.391741951768454,1.1049358725223477,1.7192009198313394,Good
2.418931020796821,3.7962727301410335,1.1340847353284105,1.8190895369185145,Moderate
1.6422812549602122,2.6012641586824143,1.1690633595025262,1.2697003449367523,Good
1.4038064845534632,3.468864045097441,1.0060832304702685,1.4594890770028446,Good
1.4514780520717157,6.919859491181389,1.0699572483482316,2.198668199718899,Bad
1.7282771174003533,4.403573719802698,1.1434123591138747,1.234738789555551,Moderate
2.440429954158424,4.227706319741699,1.2774970944422852,2.528301954641596,Good
2.6849805871962245,2.684086534922121,1.4337349397590362,2.043839824365808,Bad
1.8665013798351715,2.443475700177739,1.0254390019432569,1.644284157348908,Good
3.0345829393022807,1.7217378500888696,1.060629624562767,2.0088794676528066,Moderate
2.5264258165985654,4.261592503391773,1.137582597745822,1.8940062994009452,Moderate
2.0265751160905943,2.6682792928283705,1.0769529731830547,1.6542726594571655,Good
1.8328507857083287,6.107348316733801,1.0763170058297706,1.4994454827722743,Bad
2.27650046634458,4.269543451510785,1.2973183054799844,1.0,Bad
1.314422214835659,3.0863666480864085,1.0011659634667702,1.3596004599156697,Good
2.9769691156118983,2.829948571248278,1.049882568208317,1.7941176823137703,Good
2.050761440308721,5.858881188014681,1.060629624562767,1.5993340998594494,Bad
2.160943562470126,5.925990976304912,1.355616003109211,1.03995520710123,Bad
1.1504926625249503,3.6424597456958656,1.0,1.11986681997189,Good
2.9601438185484774,6.012694172459851,1.0279828993392923,1.529412187765247,Bad
1.7873992002689778,4.537698642238886,1.1877186070734551,1.0899001149789174,Moderate
5.7054669197838965,1.61127646372117,1.0912485969685193,4.381242813817661,Bad
2.386682588505984,2.1910330973991146,1.150408083948698,1.804106184422028,Good
1.682591795323758,5.3264516264737125,1.0431403124757093,1.0149833524964862,Moderate
1.7038570565449818,5.279124554336737,1.0356145915274,1.4644839273910732,Bad
2.1188803843084374,4.608689250444348,1.0559657986785853,2.1087680847399817,Bad
4.92028770159382,1.650747241883407,1.0729988775748154,4.541066039558981,Bad
1.50791280858068,3.457032277063197,2.042363000388652,1.214761785339036,Bad
1.6503433630329214,4.596857482410105,1.0431403124757093,1.7691458277090266,Good
2.0803224817430337,2.301494483766814,1.2739992320248736,1.5493891919817622,Moderate
2.4646162783765515,6.359790919512426,1.1189273221919938,1.3096555520379822,Bad
1.6926402133349892,2.530273550476952,1.058509696074621,1.5843507473629632,Good
1.830046591030047,3.8987831683897225,1.0036499494753206,1.3446171074191833,Good
1.9432666445069773,1.5797566336779445,1.024485036921881,1.0649282603741737,Good
2.7226037367032463,3.1375745401386155,1.2005441212592305,1.6742508623418806,Moderate
1.888935066255157,3.808104498175278,1.0024333089778468,1.3596004599156697,Good
3.020901735393487,6.2003933405550935,1.2947531970462496,1.6352941458510164,Bad
2.155568845253941,3.220396916378322,1.2530120575204042,1.03995520710123,Moderate
2.1394446291085227,2.404004922015502,1.197046258841819,1.1997784328425498,Good
3.7228893503185687,3.0074250917619345,1.0474492592304705,1.6642623602336228,Moderate
1.2848611734013469,2.889107411419497,1.0,1.419533869901615,Good
3.980876808645264,1.5679248656437008,1.1070650073843762,2.1836848472224126,Moderate
1.8492087384909917,2.9285781895817338,1.06645938593082,1.1048834674754036,Good
1.6421644511384548,4.174889307236835,1.0,1.4944506323840456,Moderate
1.830046591030047,6.067972192715837,1.0609039689078896,1.3516089390281438,Bad
2.8029805033073028,6.328271089469201,1.0343426568208318,1.804106184422028,Bad
1.967452968725105,4.170913833177329,1.143564446171784,1.2846836974332383,Moderate
1.9835771848705237,5.385610466644931,1.1410804601632336,1.6992227169466243,Moderate
1.5328002137168106,4.151225771168347,1.0176413991449669,2.058823176862294,Moderate
2.451179453087658,3.413680678985728,1.0851146614846483,1.779134329817284,Moderate
1.988951902086708,4.5298423482641486,1.1247570835600469,1.254716992440266,Bad
2.93490593745021,2.6406402827003777,1.165464087057909,4.2014425838598255,Moderate
1.072558972654383,5.365922404635949,1.0,1.2397336399437795,Moderate
1.518779111331671,5.638053069423556,1.0316328488146134,1.374583812412156,Bad
1.5025380913644957,4.841349137069718,1.655266235522736,1.3995556670168998,Bad
2.0776350908865093,3.0035442718467023,1.0081616883015934,1.409545367793357,Good
1.856886896728846,4.376029363818979,1.030314798289934,1.5943392494712207,Good
1.3757643442800491,4.750670466855274,1.152080985619899,1.4245287202898431,Good
3.07511650982355,2.4868272982552084,1.12531472677808,1.9039960001774028,Moderate
3.1579575726295435,4.6599917966408295,1.2737457629226585,2.173696345114155,Bad
2.124488838161866,6.38742992964042,1.0024333089778468,1.4944506323840456,Bad
1.9755150767978145,5.32257080655848,1.174893120870579,1.3945620152968707,Bad
1.6369065377440275,4.040764384800648,1.030314798289934,1.374583812412156,Good
2.6180300683952704,4.577169420401123,1.0133831294209097,1.3446171074191833,Bad
4.398704331087002,4.356246647665724,1.0450159782355228,2.608213567512256,Bad
1.6288444296713185,4.119611286980849,1.053633899727944,1.7741394794290557,Good
2.354434156215147,4.277399745485523,1.1423478056743102,1.859045942687944,Moderate
3.5180651095417974,2.6012641586824143,1.0746210742324136,1.4544954252828155,Moderate
2.569423683321771,1.0,1.0773644897007384,1.9829079237694969,Good
1.3716248065174683,3.899824363976736,1.0,1.286348647562648,Good
3.369558692458505,1.3746411030362946,1.0863820069957248,2.428413337554421,Moderate
1.6960286851095163,2.577600622613927,1.1667314325689857,1.3795786628003843,Good
2.1958793856174874,2.443475700177739,1.2693354061406918,1.5593788927582195,Good
1.171991660383418,6.671392362462269,1.0256510003886514,1.1248616703601186,Bad
2.8408480314342244,3.2520114005658214,1.0097940147687523,1.6342956552406505,Moderate
2.500253182441916,4.368078415699968,1.2718338872911,1.7142060694431107,Moderate
2.2086151299883783,2.6761355868031087,1.0669156191216478,1.6243059544641931,Good
2.879204123310352,2.4276684580839896,1.0254390019432569,1.724195770219568,Good
2.0067119522085117,6.075828486690575,1.0218996688690245,1.529412187765247,Bad
1.5776675865567809,3.82779256018426,1.068685285658764,1.3795786628003843,Good
2.451179453087658,6.332151909384432,1.258841818888457,2.4783570467639087,Bad
2.3759330895767503,5.030657425617618,1.1667314325689857,1.764150977320798,Moderate
2.7590053800919554,5.361946930576443,1.077588940536339,1.8140958851984847,Bad
1.5748633273816344,5.6893556156200376,1.0218996688690245,1.4395120727863295,Moderate
1.459540160144425,4.1157304670656165,1.1783909832879906,1.2796888470450098,Moderate
2.5318005338147493,4.557386704247867,1.0034978624174116,1.4295223720098722,Moderate
4.071663175702208,2.770789731077059,1.167897396035756,1.8490562419114869,Moderate
1.7094655103984104,3.831768034243766,1.4663816649825108,1.4395120727863295,Moderate
2.4699910600896007,5.077984497754594,1.126739224251846,1.609322601967707,Bad
2.4004614406677547,3.326882828686516,1.0513019727944035,1.609322601967707,Good
1.5320991327988076,3.098198416120652,1.0501360373105324,1.0499449078776877,Good
1.3981980307000346,3.4491759830884594,1.0012166404974738,1.6342956552406505,Good
2.536707906750175,5.156926054079068,1.0304162083171395,1.5344058394852758,Bad
1.4851285817016937,2.549961612485933,1.0050877947920716,1.3196452528144396,Good
2.009516146886793,5.448744780875656,1.052149938593082,1.5144288352687607,Bad
2.253482567325213,4.076259688903379,1.192230345899728,1.2297451378355222,Moderate
1.7094655103984104,4.01710084873216,1.1630308060629615,1.5743622452547057,Moderate
3.103158650096964,4.163057539202592,1.0364994387874078,1.5793558969747346,Moderate
1.7515286885600987,4.056571626894398,1.0114475522736106,1.3645953103038984,Good
1.2386383989521923,4.368078415699968,1.0408083855421686,1.7192009198313394,Moderate
1.2272746963815475,3.974885100385978,1.0079951061018266,1.2996670499297247,Good
2.956404870811813,3.173069844241347,1.073773108433735,2.0688128776387518,Moderate
1.7094655103984104,5.6025577653208245,1.097331827438787,1.824084387306743,Bad
2.012320341565076,2.0608836490224327,1.024332949863972,1.2597118428284946,Good
1.6127202135259,4.872963621257218,1.0501360373105324,1.3596004599156697,Bad
1.6557181447459706,4.809829307026492,1.1993781577924605,1.2697003449367523,Bad
1.7148402276145949,4.667848090615568,1.072289147298873,1.5044391344923034,Moderate
2.531099452896747,3.354521838814509,1.0,2.0238628201492928,Moderate
2.765601667923317,3.29536299864329,1.1585697722502917,1.6143174523559356,Moderate
5.24557621918047,3.7764900139877793,1.0754321585697628,2.4134299850579346,Bad
2.08522985467846,4.577169420401123,1.0279828993392923,1.7341842723278256,Bad
9.71916988063501,2.699799122871596,1.052149938593082,3.252497724861164,Bad
2.9797733102901804,3.4728395191569468,1.0255495903614458,1.2846836974332383,Moderate
2.48074049452197,5.263411966387261,1.329965030703459,1.6143174523559356,Bad
1.5412127977516563,3.098198416120652,1.0377160792848814,1.669256011953652,Good
1.601970714596666,4.518010580229904,1.2436844057520404,1.0199782028847149,Good
1.25261274111051,5.283100028396243,1.457054013214147,1.1798002299578347,Moderate
1.4971633096514465,6.454445063786376,1.0757870097162845,1.0099885021082575,Bad
1.8518960648506515,6.777878274770464,1.053633899727944,1.2497221420520372,Bad
1.5347865236553324,5.594701471346087,1.1200932856587642,1.5843507473629632,Bad
2.107663541098445,6.896195955112901,1.0012166404974738,1.529412187765247,Bad
2.413322566943392,2.8812511174447586,1.100981776914108,1.639289306960679,Moderate
2.8623469647958277,2.8930828854790027,1.746210658375437,2.443396690050907,Moderate
1.1504926625249503,4.368078415699968,1.0,1.3596004599156697,Good
1.6557181447459706,4.537698642238886,1.1422463956471045,1.0199782028847149,Moderate
6.0756228102105165,1.0,1.2445461951029926,4.885683146978163,Bad
1.4122190685883091,5.018825657583375,1.0802987485425573,1.4794672798875594,Good
1.979179659649616,2.2659991796640826,1.322469615235134,2.39345178217322,Moderate
1.0336505296299778,5.7405635076722445,1.0255495903614458,1.2247502874472935,Good
1.365482254128439,5.925990976304912,1.0125923047026817,1.409545367793357,Bad
2.846222748650409,3.050871343983677,1.0676253493975905,1.859045942687944,Moderate
2.5086657664767618,4.54953041027313,1.1017560077730275,1.7866260060655272,Bad
2.0561361575249064,5.2752437344215055,1.216867469879518,1.604328950247678,Bad
2.132901422196712,4.474564328008161,1.0572377613680528,1.2796888470450098,Moderate
1.748724493881817,5.633793632931228,1.008516539448115,1.0,Bad
1.2327495772284274,2.5972886846229084,1.010175589584143,1.3356270959212917,Good
2.01582561716136,3.93825394655196,1.246016332685581,1.7491676248243118,Bad
1.5916886244450557,3.768633720013041,1.0729988775748154,1.3596004599156697,Good
1.7766497658366087,2.8772756433852527,1.2378546443839875,1.0,Good
2.0212003343775446,5.598582291261319,1.1061018359891177,1.0,Bad
1.0429979312200706,4.1157304670656165,1.0139914496696465,1.7192009198313394,Good
1.437457014183441,4.34441487963148,1.0535324897007383,1.5543840423699908,Good
1.8693055745134532,5.022801131642881,1.024368432180334,1.3046619003179534,Bad
1.5328002137168106,4.048620678775386,1.094124287602021,1.414539019513386,Good
1.3816064702738573,3.63848427163636,1.1515740474154683,1.4295223720098722,Good
3.512573524006991,1.7887529842348264,1.0644823381267003,2.633185422117,Moderate
2.565514786346934,1.6310591798744256,2.1076564228527013,1.6892342148383668,Bad
1.112168432099926,3.606964441593135,1.0291995398367664,1.2397336399437795,Good
1.1794695558567465,5.787890579809219,1.0401493882627284,1.2447284903320084,Good
1.14796341798038,5.799722347843463,1.0,1.0899001149789174,Good
2.9994028020318835,2.0766908911161828,1.164247446560435,2.55327380924634,Moderate
2.057187714405046,6.2848248372474576,1.018249719393704,1.6193123027441645,Bad
2.109883523177346,6.521460197932333,1.1830548091721729,2.8329638549595493,Bad
3.219278482605486,3.169189024326115,1.0750450431403031,2.0238628201492928,Moderate
2.510301600453147,3.985581018688935,1.1294209094442285,2.758047092477118,Moderate
1.9562361255151124,4.0959477509123605,1.0114475522736106,1.5493891919817622,Good
1.899162140581279,3.417656153045234,1.5724834729887291,1.1648168774613483,Bad
2.537175251030934,2.8812511174447586,1.2670035071900505,1.2996670499297247,Moderate
2.2226362323735174,4.73883869882103,1.0316328488146134,1.5743622452547057,Moderate
1.4541654429282402,5.993006110450869,1.1655654970851146,1.4395120727863295,Bad
1.9110182122161403,4.888676209206693,1.0036499494753206,1.4744724294993308,Bad
1.6315318205278428,10.0,1.125923047026817,1.0998886170871751,Bad
2.096446697888452,3.701618585867085,1.01703307889623,1.6642623602336228,Moderate
4.578173886943748,3.050871343983677,1.1715473455110763,2.618202069620513,Moderate
2.0212003343775446,5.22791666228453,1.1877186070734551,1.5094339848805318,Bad
1.86533295463641,6.308488373315945,1.064127486980179,2.0338513222575503,Bad
3.248977611826868,2.2028648654333582,1.300511993781578,1.644284157348908,Good
1.4318485603300124,4.036788910741142,1.0279828993392923,1.419533869901615,Good
3.605112464365214,2.0570028291072013,1.008516539448115,3.851831824720613,Moderate
2.072260373670325,3.879095106380741,1.4127477652545668,1.5194224869887896,Bad
1.5580380948150778,3.81198531809051,1.0012166404974738,1.1897887320660925,Good
2.372024192601913,5.440888486900918,1.0,1.2896785478214672,Bad
1.7309644437600131,3.535973833387672,1.1655654970851146,1.0,Good
1.9029561041434315,6.221785177161006,1.20318019432569,1.3096555520379822,Bad
1.830046591030047,2.5550729362767264,1.0,1.5194224869887896,Good
1.7347033914966776,6.840917934856914,1.048665899727944,1.5094339848805318,Bad
1.8384592395617576,3.5083348232596783,1.024485036921881,1.0449500574894588,Good
1.4767159331699828,3.563518189371391,1.0036499494753206,1.274695195324981,Good
1.0886831887998012,7.633646393151247,1.0,1.0,Bad
2.9725290869572314,4.056571626894398,1.1958802953750487,1.8740292951844304,Moderate
4.060913676772975,1.650747241883407,1.0932763218033423,2.003884617264578,Moderate
1.9970140101594172,4.068403394928641,1.0769529731830547,1.9039960001774028,Good
2.1797551694720694,5.172638642028543,1.282160892343568,1.0499449078776877,Bad
2.3759330895767503,1.0,1.0909444228527012,1.6245696614681315,Good
2.744102734561713,5.563086987158588,1.2530120575204042,1.4445057245063584,Bad
1.5885338893077725,4.447019972024441,1.349786241741158,1.4045505174051285,Moderate
2.4329520586850952,2.755077143127583,1.0340661298095608,2.703107334211202,Good
2.518363708525856,3.993437312663673,1.2017100567431014,1.4794672798875594,Moderate
2.2684383582718706,5.129287043951074,1.0778654675476098,1.4528304751534062,Bad
1.2075116316332957,5.638053069423556,1.0024333089778468,1.354605609527441,Good
2.0319498333067787,6.170482630964526,1.1842207446560435,1.6842393644501383,Bad
1.5692549380250704,3.73313841591031,1.0340661298095608,1.7591561269325693,Moderate
2.3490594389989625,2.3409652619290515,1.1877186070734551,1.484462130275788,Good
3.0238578846847237,3.445200509028953,1.1002720466381657,2.2086567018271563,Moderate
1.6369065377440275,6.288800311306964,1.0757870097162845,1.7391791227160542,Bad
2.3759330895767503,6.931691259215633,1.336960755538282,2.148723291841211,Bad
2.5955963174784205,3.7962727301410335,1.1180148278274389,1.5993340998594494,Moderate
1.7599413370918096,7.5942702691332835,1.0693489280994948,1.2247502874472935,Bad
1.7515286885600987,4.230072673348548,1.0582976976292269,1.3645953103038984,Good
1.5720591327033524,5.081959971814099,1.1500900862806065,1.4794672798875594,Bad
4.642670751525421,2.889107411419497,1.0316328488146134,2.213651552215385,Moderate
1.9002687132869067,3.993437312663673,1.0746210742324136,1.644284157348908,Moderate
2.357238350893429,3.0035442718467023,1.2591459930042752,1.2896785478214672,Good
1.8496760827717504,5.882544724083169,1.2225912320248735,1.1947835824543211,Bad
2.7442195383834718,2.790572447230314,1.0,1.5743622452547057,Good
1.5423600034819709,6.975042857293102,1.0190792444617178,1.1847950803460634,Moderate
1.7094655103984104,4.900507977240936,1.0,1.804106184422028,Moderate
2.3320004697951617,5.500047327072137,1.1131482378546445,1.5993340998594494,Bad
2.430147864006813,2.2659991796640826,1.0012166404974738,1.5094339848805318,Good
1.771158180301802,4.419380961896448,1.0109498204430625,1.1148719695836613,Moderate
2.620483722614551,5.310739038524236,1.083948698017878,1.5843507473629632,Bad
1.9478234769834015,4.135418529074598,1.0407023863194715,1.4644839273910732,Good
1.0376231495070214,4.774334002923761,1.0,1.11986681997189,Good
3.4368598162153248,2.246311117655101,1.1289646762534007,2.8279690045713206,Good
1.2211320794956535,6.421126805001945,1.0213203109211038,1.3596004599156697,Moderate
1.6046581054531908,6.470252305880126,1.0466381748931208,1.254716992440266,Bad
2.2281278179083244,3.019256859796178,1.0781189366498252,1.535875406698131,Good
1.482190814016863,4.317154486080582,1.0466381748931208,1.484462130275788,Good
1.5524296409616491,4.159082065143085,1.018249719393704,2.543285307138082,Moderate
1.6046581054531908,5.247604724293511,1.053633899727944,1.1348501724683762,Moderate
1.6422812549602122,7.882113521870365,1.3322969296541003,1.6293008048524218,Bad
2.676918479123516,3.464983225182209,1.0356145915274,1.469478777779302,Good
2.558674248889402,5.590725997286581,1.162067634667703,2.4034402842814773,Bad
1.894893996070722,2.447451174237245,1.0816167990672367,2.158712992617669,Good
4.143521067438589,1.6428909479086693,1.0669156191216478,3.7519420089652384,Bad
2.93490593745021,2.4276684580839896,1.5934706474931986,1.7591561269325693,Moderate
1.2848611734013469,6.403142517589895,1.029148862806063,1.3096555520379822,Bad
3.596699880330368,1.0867978502992122,1.0912485969685193,4.471142928796578,Moderate
2.013138226304836,1.6362651578094929,1.071956038865138,1.7541624752125404,Good
3.571461934735236,1.650747241883407,1.166680755538282,3.5321865719061734,Moderate
3.1371915816370466,4.31687052364776,1.006359757481539,1.7691458277090266,Moderate
3.1660196807022527,4.273424271426018,1.0629615235134084,1.5194224869887896,Bad
1.3036727159064254,4.801973013051755,1.064127486980179,1.644284157348908,Moderate
3.8136757173755136,1.5639493915841949,1.5923047120093277,2.802997149966577,Moderate
3.121946844737064,2.71163089090584,1.1216647773027597,2.238623406820129,Good
2.0599919735801926,7.073672475626558,1.018249719393704,1.4644839273910732,Bad
2.241564643197218,3.729162941850804,1.041974349008939,1.2247502874472935,Good
1.6870318239784252,6.0166696465193565,1.032849489312087,1.3596004599156697,Bad
2.537175251030934,4.474564328008161,1.0559657986785853,2.0088794676528066,Moderate
1.795461308341687,3.3703290809082587,1.015816410415857,1.469478777779302,Good
2.424539474650249,6.54512373400082,1.0279828993392923,1.389567164908642,Bad
2.968556467080188,6.730551202633488,1.0279828993392923,1.5044391344923034,Bad
1.7578381588346657,4.955785997496924,1.1702292949863973,1.5044391344923034,Bad
3.07511650982355,4.7111996886930365,1.0206830003886511,2.0488346747540365,Bad
1.400418012778936,5.847049419980437,1.036144587640886,1.5993340998594494,Moderate
4.261297953391943,2.0845471850909205,1.0206830003886511,2.4384018396626788,Moderate
2.072260373670325,4.15510659108358,1.0559657986785853,1.0299667049929724,Good
3.29550203811167,2.9917125038124586,1.0966681849980566,2.173696345114155,Moderate
1.2411621612632735,6.032476888613106,1.0425826692576758,1.1298553220801475,Moderate
2.4469731610702343,4.825636549120242,1.4075770011659543,1.1048834674754036,Bad
3.4696924611055424,2.214696633467602,1.0862805969685192,1.804106184422028,Moderate
2.06688565645414,3.0863666480864085,1.7520404197434902,1.0,Bad
2.9405143913036387,2.861563055435777,1.0559657986785853,1.834072889415001,Moderate
1.752463441618481,4.273424271426018,1.024485036921881,1.4395120727863295,Moderate
3.223739730728601,3.5083348232596783,1.0,1.8091010348102567,Good
2.2173783189790903,3.90663946236446,1.4558880777302758,1.2896785478214672,Moderate
2.6339205479034447,1.7532576801320952,1.2798289933929266,1.094894965367146,Moderate
1.1474213863304357,4.6700251359338685,1.003997553050913,1.2397336399437795,Good
2.430147864006813,1.918902432611508,1.01703307889623,2.0488346747540365,Moderate
1.8760823890687792,5.480264610918881,1.246016332685581,1.329633754922697,Bad
1.825022414272864,3.0942229420611462,1.3113097551496309,1.4245287202898431,Moderate
2.6903553044124093,1.0276390101279935,1.0559657986785853,1.7841291802055128,Good
1.4038064845534632,3.350546364755004,1.0050877947920716,1.314650402426211,Good
3.8687083765453374,2.467139236246227,1.018249719393704,2.39345178217322,Moderate
3.5602450915252435,1.410136407139026,1.2567126840264282,3.1026641998963016,Moderate
3.8911420629653226,2.9917125038124586,1.0888152879906725,1.669256011953652,Moderate
1.712152901254935,4.273424271426018,1.1643995336183444,1.0149833524964862,Good
1.368169580488099,1.903189844662032,1.0,1.4245287202898431,Good
2.5264258165985654,2.4276684580839896,1.1177613587252235,1.779134329817284,Good
2.9433185859819204,4.734863224761524,1.0571824391760591,1.589345597751192,Bad
2.3114362249950764,5.855000368099449,1.06645938593082,1.824084387306743,Bad
2.924156438520976,4.667848090615568,1.523513399144967,1.0,Bad
2.475365777305785,4.352365827750491,1.546832500582977,1.4594890770028446,Moderate
2.760226950707132,3.457032277063197,1.1830548091721729,1.4544954252828155,Moderate
1.792932063797117,1.5612044214002505,1.0647104547221142,1.5993340998594494,Good
2.2173783189790903,1.5679248656437008,1.0034978624174116,1.294672199541496,Good
1.5374738500149925,2.687967354837353,1.1294209094442285,1.2647054945485237,Good
2.83662497023201,3.4531514571479653,1.0972738748542556,3.052719292018614,Moderate
3.347125006038519,2.7274381329995894,1.100981776914108,1.6742508623418806,Moderate
2.01582561716136,6.884364187078657,1.1877186070734551,1.094894965367146,Bad
2.8732132675468183,4.210384611339567,1.0669156191216478,2.148723291841211,Moderate
2.2791877927042394,3.804129024115772,1.0617955600466382,1.5593788927582195,Good
2.663481653834621,2.163488741415395,1.0026816851923823,2.0638180272505227,Moderate
2.8479753864485517,1.6902180200456445,1.0145997699183833,2.178689996834184,Good
2.405494195507927,5.109598981942092,1.2693354061406918,1.9739179122716053,Bad
2.104508805961162,4.742814172880536,1.0594636610959969,1.569367394866477,Moderate
3.1536344122934983,1.6665544839771569,1.2043968348231635,1.6892342148383668,Moderate
3.0128396273207776,1.8715753604745329,1.2506801305868636,2.0138731193728354,Moderate
2.222753036195275,5.803697821902969,1.1772250198212204,1.15982202707312,Bad
1.835655044883476,5.4566010748503935,1.0470621438010106,1.8091010348102567,Bad
1.2687369572559284,5.172638642028543,1.0104935872522347,1.0,Moderate
2.499552101523913,3.145525488257628,1.215701506412748,2.758047092477118,Good
2.256286762003495,4.285256039460261,1.2542794030314808,1.0998886170871751,Moderate
2.096446697888452,4.880819915231955,1.0788609032258063,2.11376293512821,Moderate
1.2203643088196732,3.3860416688577346,1.0,1.0,Good
2.497448923266769,4.699367920658792,1.1021984174115818,2.348501724683761,Good
3.383452284542366,3.740994709885048,1.1340847353284105,2.038846172645779,Moderate
1.8492087384909917,5.515759915021612,1.0571317621453555,1.6642623602336228,Moderate
2.3490594389989625,4.119611286980849,1.02215313797124,1.3995556670168998,Moderate
3.9736449042134496,3.0863666480864085,1.0608323886513795,2.7880137974700907,Moderate
1.6799044689640985,5.302788090405224,1.1888845705402251,1.5094339848805318,Bad
1.9755150767978145,6.237497765110482,1.162067634667703,1.589345597751192,Bad
2.335622549213204,2.415836690049746,1.0524679362611735,1.5643725444782484,Good
2.529113142958225,3.977630070569923,1.2739992320248736,1.864039594407973,Bad
1.4622275510009497,3.287506704668553,1.1317528083948698,1.3446171074191833,Good
1.7431160400283885,3.662147807704848,1.0597816587640887,1.5943392494712207,Good
3.873042178864038,1.8321992364565696,1.1551779090555772,3.2375143723646778,Moderate
2.1462851665660554,4.865012673138205,1.1075009809560823,1.9639294101633475,Bad
2.797499559755152,4.494347044161417,1.0048665899727944,2.0288564718693216,Moderate
1.3842937966335174,4.790141245017511,1.335794792071512,1.3346286053109258,Bad
1.297246441810101,6.730551202633488,1.029148862806063,2.198668199718899,Bad
2.8704090728685365,3.867263338346497,1.096774184220754,1.5194224869887896,Moderate
1.733651834616538,3.323002008771284,1.0367275553828217,1.3596004599156697,Good
3.0827112736155,2.573625148554421,1.0454722114263506,1.9889012647680917,Moderate
2.6151090053983665,1.560068571668963,1.6529343085891957,1.5543840423699908,Bad
1.443065403540005,4.913948865727837,1.0012166404974738,1.389567164908642,Good
2.632051106283545,4.443044497964936,1.0851653385153517,2.4483903417709363,Moderate
2.201254102833672,3.740994709885048,1.0944422852701128,1.529412187765247,Good
1.3953938360217526,3.315051060652272,1.0218996688690245,1.254716992440266,Good
1.7390265518327226,3.244060452446809,1.246016332685581,1.034961555381201,Good
1.3386085390537867,2.526298076417446,1.0909444228527012,1.414539019513386,Good
3.746491461937316,1.7414259120978512,1.1352506708122814,1.8890126476809168,Moderate
2.5254910635401826,6.37162268754667,1.0316328488146134,1.3845723145204134,Bad
2.360042610068576,3.181020792360359,1.0316328488146134,1.4744724294993308,Good
2.3490594389989625,4.092066930997129,1.4780411877186164,1.9539397093868904,Bad
5.520388974570586,1.3707602831210628,1.1034150579090556,4.3462824571046585,Bad
1.4234359117983018,3.165213550266609,1.0121664889234356,1.2846836974332383,Good
1.9562361255151124,4.999137595574393,1.0725011457442677,1.5743622452547057,Bad
2.962948077723624,3.993437312663673,1.0218996688690245,1.8490562419114869,Moderate
4.292027484521881,1.402280113164288,1.2323797341624565,1.4594890770028446,Moderate
1.661092861962155,4.9123397452751805,1.121259221142635,1.0,Moderate
2.791253812382792,6.588569986222563,1.2518460940536338,1.2197554370590649,Bad
2.7145416286305366,5.772177991859743,1.167897396035756,1.484462130275788,Bad
1.6141223108650409,4.679679858649811,1.1462742541780024,1.3596004599156697,Moderate
1.661092861962155,3.3978734368919787,1.1888845705402251,1.0449500574894588,Good
3.181166704852394,6.789710042804707,1.031798759424796,1.6243059544641931,Bad
1.580471781235063,4.865012673138205,1.1702292949863973,1.4395120727863295,Moderate
1.4138549025646945,5.898351966176919,1.2903225806451613,1.1847950803460634,Moderate
1.9432666445069773,7.136712135713008,1.0827827345511076,1.0,Bad
1.5025380913644957,5.886520198142675,1.005829761368053,1.03995520710123,Moderate
1.3090474976194746,2.214696633467602,1.0279828993392923,1.449500574894587,Good
3.7228893503185687,3.0074250917619345,1.0474492592304705,1.6642623602336228,Moderate
1.5636464841716418,4.801973013051755,1.0012166404974738,1.5044391344923034,Good
1.6100328226693752,4.34441487963148,1.0571317621453555,1.5743622452547057,Moderate
3.989289457176974,1.997843988935982,1.041366028760202,3.711986801864009,Moderate
1.992690849823372,2.873394823470021,1.0725011457442677,1.709212417723082,Good
2.370558372360565,4.963642291471661,1.0804508356004665,1.314650402426211,Bad
1.468303349135137,4.166938359117824,1.0608323886513795,1.0649282603741737,Good
2.116601968070225,6.5981300547942325,1.0609039689078896,1.7258607203489775,Bad
3.964168379900464,1.9820367468422329,1.2926544795958026,6.090344687695658,Moderate
2.489036339231923,3.117886478129634,1.0863820069957248,1.7741394794290557,Good
2.12063302210658,6.056140424681594,1.1364166342790516,1.5943392494712207,Bad
2.295312008849658,3.169189024326115,1.2611737178390985,1.204772084562579,Good
1.9234778455097572,2.93208039291987,1.216231502526234,1.6742508623418806,Moderate
2.1367572382519984,2.1121861952189143,1.3686442813835988,1.059933409985945,Bad
2.337608859151726,4.43906902390543,1.2640125829770694,1.3995556670168998,Bad
2.0749477645268493,3.5723210247888684,1.179556946754761,1.204772084562579,Moderate
2.528295258218465,3.867263338346497,1.1574038087835212,1.5993340998594494,Moderate
3.4733145405235843,3.058727637958415,1.0401493882627284,2.178689996834184,Moderate
1.9755150767978145,5.3264516264737125,1.1189273221919938,1.484462130275788,Moderate
3.880859972813712,2.443475700177739,1.2495141951029929,2.4084351346697064,Moderate
2.3796720373134144,5.058296435745612,1.2518460940536338,1.5493891919817622,Bad
2.2066288200498567,4.565337652366879,1.3089778561989895,1.2397336399437795,Bad
2.7890869112234418,4.245879915442298,1.1070650073843762,1.9889012647680917,Moderate
1.9618445148716763,5.551255219124344,1.059615748153906,1.5394006898735046,Bad
1.5552339001367956,5.022801131642881,1.0877645581033812,1.2197554370590649,Moderate
3.535007210426976,2.7432453750933394,1.1313979572483484,1.7591561269325693,Moderate
1.5535980661604107,4.5850257143758615,1.0081616883015934,1.2796888470450098,Moderate
2.475015236846784,2.510490834323696,1.0083948698017875,2.8879024145572654,Good
1.50791280858068,6.884364187078657,1.064127486980179,1.4794672798875594,Bad
2.2496267512699277,2.2581428856893453,1.0489700738437622,1.8790229469044597,Good
1.810417099288344,6.84489340891642,1.015816410415857,1.1897887320660925,Bad
3.0137354242729524,4.131443055015092,1.1796796797512632,1.609322601967707,Moderate
1.7067781195418856,7.061840707592314,1.2180334333462883,1.2896785478214672,Bad
3.133771248411416,4.20640913728006,1.3043140303148075,1.8140958851984847,Moderate
1.8636971206600248,3.53568987095485,1.1192314963078118,1.034961555381201,Good
2.0856971989592186,4.983330353480644,1.0862805969685192,1.2697003449367523,Moderate
5.206317235697063,2.518441782442708,1.083948698017878,4.271365694622228,Bad
3.1396133744052235,3.2756749366343088,1.0133831294209097,2.6731406292182296,Moderate
3.528814543974167,5.318595332498974,1.313641654100272,1.9988897668763488,Bad
1.601970714596666,4.518010580229904,1.2436844057520404,1.0199782028847149,Good
1.5356044083950926,2.739269901033833,1.0254390019432569,1.2896785478214672,Good
2.0212003343775446,3.4018489109514847,1.204041983676642,1.5094339848805318,Bad
6.041972280580539,1.4890779634635003,1.10828164788185,5.839622856365054,Bad
2.337608859151726,5.5710379352776,1.068132287602021,1.4794672798875594,Bad
1.56166017423312,7.976767666144315,1.1072677714729888,1.0,Bad
2.359808873431332,1.757233154191601,1.0431403124757093,1.6642623602336228,Good
1.2606748491832194,5.212109420190781,1.053633899727944,1.0,Good
2.370558372360565,3.031088627830422,1.114263496307812,1.2796888470450098,Moderate
1.967452968725105,5.1884458841222925,1.0,1.3596004599156697,Moderate
2.241564643197218,2.912770947487984,1.06645938593082,1.2497221420520372,Good
1.468303349135137,3.6108452615083664,1.0024333089778468,1.11986681997189,Good
1.2131200854867243,3.267723988515297,1.006359757481539,1.2697003449367523,Good
2.2173783189790903,7.097336011695045,1.174893120870579,1.2197554370590649,Bad
1.174678986743078,4.541674116298392,1.0139914496696465,1.6992227169466243,Good
2.5156763176693318,4.640209080487574,1.1455110765643215,1.892341349271536,Moderate
2.2282446217300818,6.320320141350189,1.0510992087057909,1.2247502874472935,Bad
2.23385307558351,2.6919428288968583,1.0241670392537894,1.5394006898735046,Good
4.939917193335522,2.25416741162984,1.0535324897007383,2.9328524720467244,Bad
3.243369222470304,3.725282121935572,1.015816410415857,3.137624556609303,Moderate
2.090838244035024,5.152950580019562,1.3868940007773027,1.154828375353091,Moderate
3.961247316903561,4.510059632110892,1.026766258841819,2.4983352496486235,Bad
1.3950432955627512,5.882544724083169,1.0384764865915277,1.4594890770028446,Moderate
1.992690849823372,5.791866053868725,1.008516539448115,1.2297451378355222,Moderate
1.8035234164143965,2.569649674494915,1.0,1.1897887320660925,Good
1.4864138752190772,7.180158387934752,1.0571317621453555,1.0199782028847149,Bad
2.0788566615016864,2.83789951936729,1.0439731395258454,1.6642623602336228,Good
2.107196196817686,4.632352786512836,1.1574038087835212,1.1448386745766337,Bad
2.573162631058436,4.94395422946268,1.097331827438787,1.9039960001774028,Bad
3.3917587067381105,2.250191937570333,1.064127486980179,1.5493891919817622,Moderate
1.9618445148716763,5.874688430108432,1.1615376385542169,1.2397336399437795,Bad
3.17045970935692,4.5298423482641486,1.0279828993392923,2.0288564718693216,Moderate
2.7252911275597707,4.50617881219566,1.1189273221919938,1.3845723145204134,Moderate
3.1108064948084646,5.8391931260057,1.067413350952196,1.8140958851984847,Bad
1.5888844297667737,5.653860311517306,1.0742155180722892,1.2697003449367523,Bad
1.2607916530049768,5.807673295962474,1.0437993097551497,1.3596004599156697,Moderate
1.6758149807684326,3.6424597456958656,1.0368865542168677,1.4395120727863295,Good
2.915276445708507,2.573625148554421,1.276179043917606,2.323529870079017,Moderate
3.4455061368874147,2.25416741162984,1.212203643995336,2.333518372187275,Moderate
3.389188184200208,1.6467717678239011,1.0632656976292263,2.6681469774982007,Good
1.8115855244871053,6.797566336779445,1.1434123591138747,1.2097669349508071,Bad
2.741415343705189,6.454445063786376,1.1585697722502917,1.469478777779302,Bad
1.518662307509914,5.156926054079068,1.0069957248348231,1.2647054945485237,Moderate
2.160943562470126,6.336127383443938,1.2996502044306255,1.5194224869887896,Bad
1.2948428371577358,5.097767213907848,1.0,1.3795786628003843,Good
4.77446867536705,2.064859123081938,1.0559657986785853,3.192564314875219,Bad
4.789190794173328,1.398304639104782,1.6995724834823165,2.348501724683761,Moderate
3.2696753651366373,2.80628503517979,1.0165353470656822,1.7591561269325693,Moderate
2.278720448423481,3.871144158261729,1.0012166404974738,1.9739179122716053,Moderate
2.093759307031928,5.180589590147555,1.0571317621453555,1.5194224869887896,Bad
3.1518499130442525,2.6012641586824143,1.1081157372716672,1.983906414379863,Good
1.4138549025646945,6.257280481263738,1.041974349008939,1.1847950803460634,Bad
1.314422214835659,4.202433663220555,1.0617955600466382,1.4794672798875594,Good
2.0749477645268493,2.904914653513246,1.0384764865915277,1.5394006898735046,Good
2.0695729828138,6.12315555882755,1.1177613587252235,1.1798002299578347,Moderate
1.7497760507619564,2.865443875351009,1.1399144966964632,1.1048834674754036,Good
1.661092861962155,4.616545544419086,1.005829761368053,1.6792457127301093,Moderate
3.961247316903561,1.761208628251107,1.2834789428682472,1.6992227169466243,Moderate
1.2355537719067096,3.4768149932164527,1.1788472164788184,1.15982202707312,Good
1.521349633869574,2.534154370392184,1.0781189366498252,1.059933409985945,Good
1.8169603062001547,2.644615756759884,1.0524679362611735,1.2996670499297247,Good
1.9916392929432325,2.2620237056045767,1.0676253493975905,1.9689230618833768,Good
1.9137056030726651,6.4859648938296015,1.0023318989506411,1.899001149789174,Bad
2.093375421693937,5.586750523227075,1.1399144966964632,1.0849052645906887,Bad
2.62854583068726,2.861563055435777,1.1737271574038088,1.204772084562579,Good
2.187817277544778,3.464983225182209,1.036144587640886,1.1448386745766337,Good
1.4407285531424818,5.089816265788837,1.1189273221919938,1.4544954252828155,Moderate
1.0673010592599557,4.608689250444348,1.0,1.2397336399437795,Good
3.271411298246853,4.198552843305323,1.049882568208317,2.058823176862294,Moderate
2.9231792465257,3.748945658004059,1.031798759424796,2.098779582631724,Moderate
1.94501928230512,6.604282574172038,1.0012166404974738,1.0998886170871751,Bad
2.792475382997969,2.4001241021002704,1.071123211815002,2.19367334933067,Moderate
3.03024913698358,1.915021612696276,1.0437993097551497,1.8790229469044597,Good
2.273813075488055,1.3864728710705383,1.2191993688301594,1.604328950247678,Good
3.73971464738199,2.758957963042815,1.1107149568596968,2.0788013797470093,Moderate
1.661092861962155,6.324295615409695,1.1947143319082782,1.1947835824543211,Bad
1.5570183993860416,5.488215559037893,1.0,1.4544954252828155,Moderate
1.174678986743078,4.541674116298392,1.0139914496696465,1.6992227169466243,Good
2.303374116922367,3.2401796325315777,1.2949864065293433,1.6842393644501383,Moderate
3.5718124751942377,4.987305827540149,1.15507190983288,2.2336297551001,Bad
2.5909226811802384,5.180589590147555,1.1643995336183444,1.6143174523559356,Moderate
2.383995197649459,3.4531514571479653,1.0186552755538285,1.5144288352687607,Good
9.71916988063501,2.699799122871596,1.052149938593082,3.252497724861164,Bad
1.9567034697958712,4.83349284309498,1.9898950641274775,1.3795786628003843,Bad
2.9405143913036387,2.865443875351009,1.1143649063350174,1.729189421939597,Moderate
1.7363392254730623,4.332583111597236,1.1958802953750487,1.414539019513386,Moderate
1.9997014010159415,6.131011852802288,1.072289147298873,1.484462130275788,Bad
3.5237903672169835,4.163057539202592,1.1216647773027597,2.882907564169037,Moderate
2.260376250199161,4.632352786512836,1.1317528083948698,1.3196452528144396,Moderate
2.5747984650348203,4.1157304670656165,1.3614457924601633,1.5244173373770182,Moderate
2.647357437689203,3.2913875245837847,1.4162456276719784,1.3246389045344684,Bad
1.5535980661604107,3.997412786723179,1.0,1.0699219120942025,Good
1.855284536625179,4.170913833177329,1.0705655685969686,1.15982202707312,Moderate
2.5675542417018717,5.559206167243356,1.01703307889623,1.2597118428284946,Bad
2.1851298866882534,5.776058811774976,1.2926544795958026,1.15982202707312,Bad
1.4094148739100274,3.299338472702797,1.0291995398367664,1.5194224869887896,Good
1.959390860652396,5.192421358181798,1.1154294597745822,1.4395120727863295,Bad
1.7766497658366087,2.506610014408464,1.0093276237854645,1.1448386745766337,Good
2.284562574417289,1.997843988935982,1.2110377085114652,1.7042175673348532,Moderate
1.599283388237006,3.1020792360358844,1.0501360373105324,1.5144288352687607,Good
2.6876679780527493,3.973749250654691,1.2553439564710454,1.8740292951844304,Moderate
1.4622275510009497,5.018825657583375,1.02215313797124,1.4395120727863295,Moderate
2.437742627798764,2.8024042152645583,1.0437993097551497,1.4794672798875594,Good
2.9601438185484774,4.301063281554011,1.0644823381267003,1.4994454827722743,Bad
3.682483225601713,1.6073956438059378,1.1653534986397205,2.35349657507199,Moderate
3.4772659409321807,2.0530273550476954,1.0432463116984063,2.428413337554421,Moderate
4.526805810625726,1.6980743140203822,1.1144754947532065,3.6220866868850914,Moderate
5.040868782225456,3.5990134934741222,1.0,2.6581572767217434,Bad
2.1179456312500555,5.484240084978387,1.2440341919937816,1.484462130275788,Moderate
1.737507650671824,3.8490897426458983,1.0377160792848814,1.4345172223981009,Good
1.4246043369970636,6.036357708528338,1.0151574131364167,1.0,Bad
1.823800843657687,4.312895049588255,1.099765108433735,1.1348501724683762,Good
2.5640489661055863,5.271268260362,1.5071900505246794,1.9988897668763488,Bad
1.8465213476344668,5.8391931260057,1.1235911480761758,1.5593788927582195,Bad
3.4172303244736217,1.7138815561141318,1.122881417800233,2.283573464309588,Good
1.0064496864581671,4.790141245017511,1.0,1.11986681997189,Good
2.4028068046514024,5.724850919722768,1.0699572483482316,1.724195770219568,Bad
1.6584054711056306,4.26556797745128,1.2542794030314808,1.5094339848805318,Moderate
2.6258584398307354,4.663872616556061,1.0559657986785853,1.7491676248243118,Bad
2.93490593745021,1.9110461386367696,1.1058483668869024,2.368479927568476,Good
2.222753036195275,4.987305827540149,1.4080839393703848,1.3695889620239272,Moderate
1.6730107860901504,4.470683508092929,1.0801328379323747,1.5244173373770182,Moderate
1.4756643762898434,2.206840339492864,1.1469102215312863,1.4045505174051285,Good
2.923689094240218,4.569218472282111,1.1970969358725223,1.9289678547821465,Bad
1.443065403540005,3.165213550266609,1.1094982883793238,1.11986681997189,Good
1.8411466304182824,5.330427100533218,1.1643995336183444,1.1698117278495772,Bad
2.6177963317580266,4.648160028606586,1.1352506708122814,1.764150977320798,Bad
2.072260373670325,5.196302178097031,1.1061018359891177,1.589345597751192,Bad
2.1140367342752184,5.330427100533218,1.2314948869024485,1.5493891919817622,Moderate
2.8535837758051152,4.565337652366879,1.032849489312087,1.7691458277090266,Moderate
1.9590403201933944,2.404004922015502,1.052149938593082,1.5593788927582195,Good
3.829449393061931,3.277000094654144,1.018249719393704,2.4384018396626788,Bad
1.693341294252992,6.994730919302083,1.2215312957637,1.0998886170871751,Bad
2.314123615851601,3.461007751122703,1.0251846094053634,2.1687014947259264,Good
1.9325171455777437,4.084115982878117,1.047804110376992,1.799112532701999,Moderate
3.026276517106536,1.9425659686799956,3.273610571317528,2.293563165086045,Bad
1.518779111331671,6.079803960750081,1.1310108418188884,1.4594890770028446,Bad
2.674231088266991,5.32257080655848,1.2087057815779243,1.8540510922997155,Bad
2.93490593745021,1.9110461386367696,1.1058483668869024,2.368479927568476,Good
2.0265751160905943,5.030657425617618,1.2844928192771086,1.4944506323840456,Moderate
1.0,4.214265431254798,1.0,1.1947835824543211,Good
1.3255555991028831,7.014797597888161,1.0413080761756703,1.2197554370590649,Bad
3.549028248315251,2.171345035390133,1.10828164788185,2.4483903417709363,Moderate
2.034637224163303,2.313326251801058,1.305479993781578,1.644284157348908,Moderate
2.2281278179083244,5.618365007414575,1.0629615235134084,1.5643725444782484,Bad
6.94492838472397,1.4062555872237938,1.10828164788185,5.225305404009118,Bad
1.5267244155826232,5.878663904167937,1.0629615235134084,1.5993340998594494,Moderate
2.096446697888452,3.918471230398704,1.312475718616401,1.2996670499297247,Good
2.010450899945176,5.176614116088049,1.08861252390206,1.544395540261733,Moderate
2.0023887918724665,5.657741131432537,1.0093276237854645,1.3795786628003843,Bad
1.8841444971414885,3.630627977661622,1.0979401476875243,1.5194224869887896,Moderate
2.2400988229558703,6.600401754256807,1.0012719626894675,1.3945620152968707,Bad
1.8518960648506515,6.777878274770464,1.053633899727944,1.2497221420520372,Bad
2.1851298866882534,3.626652503602116,1.060629624562767,1.6293008048524218,Moderate
4.61451180743025,4.28137521954503,1.1760590843373495,2.2685901118131016,Bad
1.233801134108567,6.533291965966576,1.005829761368053,1.0,Moderate
1.7148402276145949,5.732707213697506,1.1359169436455498,1.2796888470450098,Bad
1.8665013798351715,4.703343394718299,1.0559657986785853,1.2796888470450098,Moderate
1.8945434556117209,2.25416741162984,1.0,1.4744724294993308,Good
1.9590403201933944,2.404004922015502,1.052149938593082,1.5593788927582195,Good
1.3140716743766578,6.525435671991839,1.0437993097551497,1.2996670499297247,Moderate
3.248595209916763,2.55393708654544,1.0166625573260786,4.221420786744541,Moderate
1.6046581054531908,3.93825394655196,1.0093276237854645,1.8190895369185145,Good
4.081828462032062,2.845755813342027,1.0279828993392923,2.128746287624696,Bad
1.1504926625249503,4.683655332709317,1.0233190734551108,1.484462130275788,Good
3.837862041593641,1.812416520303314,1.08861252390206,3.042730789910357,Moderate
2.47805316816231,2.226528401501846,1.1569475755926937,1.0849052645906887,Bad
1.550910739800751,4.494347044161417,1.3905946272833267,1.9739179122716053,Good
3.394796638053636,3.2756749366343088,1.035282798289934,2.0088794676528066,Moderate
1.5777843903785382,6.493915841948613,1.0909444228527012,1.1048834674754036,Moderate
3.265802908890289,3.457032277063197,1.0389327197823552,1.864039594407973,Moderate
1.9469312273587789,5.042489193651862,1.0076316921881072,1.609322601967707,Bad
2.803108013608581,4.293206987579272,1.0547491581811117,1.99389611515632,Bad
2.741415343705189,5.965367100322875,1.3248449716284494,1.2097669349508071,Bad
1.4514780520717157,3.5478056014219157,1.0,1.4395120727863295,Good
1.1822737505350285,3.346665544839772,1.0,1.254716992440266,Good
1.917614500047502,5.014944837668143,1.0610535934706569,1.469478777779302,Bad
1.7040907931822258,4.107779518946605,1.0340458701904391,1.7050985884616463,Good
1.3735443622011485,5.582869703311843,1.1095996984065293,1.6842393644501383,Moderate
1.950627671661684,6.304607553400713,1.0,1.2397336399437795,Bad
2.824723815288806,2.317301725860564,1.095608248736883,2.997780732420898,Moderate
2.682526932976944,5.531567157115362,1.01703307889623,1.3446171074191833,Bad
2.1582561716136013,3.670004101679585,1.0781189366498252,1.314650402426211,Good
2.012320341565076,1.7808966902600885,1.052149938593082,1.7391791227160542,Good
2.475015236846784,2.163488741415395,1.0218996688690245,1.3795786628003843,Good
2.48074049452197,5.977198868357119,1.2728332685581034,1.6193123027441645,Bad
3.750931490591983,3.5083348232596783,1.0036499494753206,1.7341842723278256,Bad
1.992690849823372,5.791866053868725,1.008516539448115,1.2297451378355222,Moderate
2.50586157179848,8.528979943838541,1.0194663598911775,1.5194224869887896,Bad
2.357121547071672,3.934278472492454,1.037310523124757,1.5843507473629632,Moderate
1.1177768859533548,4.111754993006111,1.0012166404974738,1.3596004599156697,Good
1.2714242836155885,3.989461838604167,1.02215313797124,1.2447284903320084,Good
2.327560441140495,4.431212729930692,1.1072677714729888,2.148723291841211,Moderate
2.291012260875456,3.567493663430897,1.0582976976292269,1.9988897668763488,Good
2.0695729828138,6.596426280197301,1.137582597745822,1.1648168774613483,Bad
2.706479520557828,4.5731939463416165,1.1907925005829771,1.6942290652265954,Moderate
1.5965959973804815,5.673548373526288,1.1165954232413524,1.1448386745766337,Bad
1.8384592395617576,6.462301357761114,1.0808006218422077,1.3995556670168998,Bad
1.7820244830527932,3.875119632321235,1.0163233486202876,1.3096555520379822,Good
2.332935222853544,5.247604724293511,1.02215313797124,1.5643725444782484,Moderate
3.260077651215102,2.8536121073167653,1.3731053151962689,1.938956356890404,Moderate
1.8062108072709209,4.868988147197712,1.2005441212592305,1.544395540261733,Moderate
2.4296805197260545,2.0530273550476954,1.1340847353284105,1.7691458277090266,Good
1.9835771848705237,5.058296435745612,1.012825486202876,1.4445057245063584,Moderate
1.7234865482866848,6.994730919302083,1.0909444228527012,1.0,Bad
1.954016143436211,2.510490834323696,1.3661095903614455,1.1698117278495772,Moderate
1.6637802528186798,5.062271909805117,1.029148862806063,1.214761785339036,Moderate
3.106897597833628,4.170913833177329,1.581811124757093,2.128746287624696,Moderate
2.825541700028566,1.1261739743171757,1.115747457442674,2.098779582631724,Good
1.7038570565449818,4.305038755613516,1.132614597745822,1.1947835824543211,Moderate
1.491788592435262,4.54953041027313,1.0632656976292263,1.2996670499297247,Good
2.144118265406705,4.013125374672654,1.0632656976292263,1.859045942687944,Good
1.0224336864199852,5.346234342626968,1.0,1.15982202707312,Good
2.1905046039044382,5.11745527591683,1.078057570151574,1.8690344447962015,Bad
1.1346021830167758,4.687536152624549,1.0145997699183833,1.2397336399437795,Good
2.160943562470126,3.9461102405266977,1.178072985619899,1.5843507473629632,Moderate
2.4329520586850952,2.755077143127583,1.0340661298095608,2.703107334211202,Good
1.6755197786192422,3.7804654880472848,1.0526736945200157,1.3521087836674266,Good
2.201254102833672,4.41152466792171,1.0687912848814614,1.4544954252828155,Moderate
3.9914259803131062,3.342690070780266,1.0413080761756703,1.724195770219568,Moderate
1.9325171455777437,3.953966534501435,1.030314798289934,1.6792457127301093,Moderate
1.9338024390951272,4.892651683266199,1.1301813167508743,1.1398450228566048,Moderate
3.07511650982355,2.8812511174447586,1.068132287602021,1.7142060694431107,Moderate
1.3036727159064254,2.8260677513330457,1.024485036921881,1.349611957807412,Good
1.6730107860901504,6.000862404425607,1.0364994387874078,1.0,Bad
1.7309644437600131,2.8852265915042645,1.008516539448115,1.5044391344923034,Good
2.144118265406705,1.8203674684223257,1.0097331799455889,2.2336297551001,Good
1.948641361723162,5.448744780875656,1.1386978561989896,1.314650402426211,Bad
1.7175276184711197,3.6503160396706034,1.3334628931208703,1.0,Moderate
2.405494195507927,5.109598981942092,1.2693354061406918,1.9739179122716053,Bad
3.0316512343227204,3.371654238928094,1.156449843762145,1.7941176823137703,Moderate
2.02634137945335,4.454876265999179,1.026710936649825,1.5044391344923034,Moderate
3.1536344122934983,1.9820367468422329,1.257929324523902,1.8190895369185145,Moderate
3.5742661294135183,1.2602988967533628,1.0206830003886511,1.724195770219568,Moderate
1.773962374980084,2.8812511174447586,1.0,1.4345172223981009,Good
2.744102734561713,4.596857482410105,1.0489700738437622,1.4345172223981009,Moderate
1.4514780520717157,6.63977787827477,1.0623255561601244,1.529412187765247,Bad
1.314422214835659,2.2659991796640826,1.0279828993392923,1.7391791227160542,Good
1.8922066052141973,4.048620678775386,1.0443062479595802,1.5593788927582195,Good
2.222753036195275,3.464983225182209,1.1049358725223477,1.3246389045344684,Good
2.4469731610702343,4.592882008350599,1.1070650073843762,2.323529870079017,Bad
1.756372338593318,4.387861131853223,1.0174893120870578,1.6792457127301093,Moderate
3.3555376545702296,2.0411955870134517,1.0912485969685193,2.882907564169037,Moderate
1.7873992002689778,4.131443055015092,1.1410804601632336,1.3046619003179534,Good
1.7766497658366087,4.7151751627525424,1.0652934224640498,1.0749167624824312,Good
3.2842639754332303,4.545554936213623,1.2005441212592305,1.9289678547821465,Moderate
1.5692549380250704,2.9285781895817338,1.0178073097551497,1.4245287202898431,Good
2.744102734561713,5.563086987158588,1.2530120575204042,1.4445057245063584,Bad
3.798603058110235,2.029363818979208,1.0,2.613207219232285,Moderate
1.1850779452133104,4.31687052364776,1.0,1.1298553220801475,Good
1.4739117384917009,5.342258868567462,1.083948698017878,1.11986681997189,Bad
2.219831973198371,5.5710379352776,1.0060832304702685,1.4045505174051285,Moderate
2.394744696578693,2.9600980196249598,1.283326855810338,1.3995556670168998,Good
1.5401612408715168,5.436913012841412,1.2296929560823942,1.609322601967707,Bad
2.152881454397417,4.675704384590305,1.036144587640886,1.4544954252828155,Moderate
1.9943266837997573,6.691080424471251,1.15507190983288,1.349611957807412,Bad
2.0830098725995585,5.5394234510901,1.0466381748931208,1.2996670499297247,Moderate
2.013138226304836,3.701618585867085,1.0069957248348231,1.4544954252828155,Good
1.214989527106624,3.382160848942503,1.0,1.3596004599156697,Good
4.20521373734198,2.459282942271489,1.0206830003886511,1.4644839273910732,Moderate
1.7459202347066702,3.5516864213371475,1.031798759424796,1.4994454827722743,Good
3.5209861725387017,3.737113889969816,1.0,2.0488346747540365,Good
2.396497334376836,4.604713776384843,1.0559657986785853,1.419533869901615,Bad
2.668505830591805,3.382160848942503,1.2481961445783132,1.4744724294993308,Moderate
1.857270846563701,1.6152519377806758,1.1189273221919938,1.859045942687944,Good
2.416243629940296,1.7138815561141318,1.3439564803731052,1.0849052645906887,Moderate
2.0627961682584743,4.608689250444348,1.06645938593082,1.4744724294993308,Moderate
3.223739730728601,1.2799869587623445,1.1070650073843762,2.103773234351753,Moderate
1.8328507857083287,6.229641471135745,1.0582976976292269,1.0899001149789174,Moderate
2.3383099400697285,8.722642323023042,1.422541780023319,1.651775833597151,Bad
3.3917587067381105,1.2471419706992837,1.5340069863972017,1.7691458277090266,Moderate
2.8919080062301394,6.170482630964526,1.1888845705402251,2.0138731193728354,Bad
2.741415343705189,1.812416520303314,1.0255495903614458,1.824084387306743,Good
2.9429680455229192,4.963642291471661,1.2984842689467548,1.3196452528144396,Bad
2.444168901895088,4.080235162962885,1.0717822090944422,1.5793558969747346,Moderate
1.1374063776950578,4.064427920869136,1.0,1.4794672798875594,Good
1.6169265055433228,3.7764900139877793,1.1144754947532065,1.3046619003179534,Good
2.076817206146749,7.483808882765584,1.0133831294209097,1.3995556670168998,Bad
1.8020045152534976,3.0390395759494333,1.2302229521958803,1.449500574894587,Good
1.7632128760508503,5.55523069318385,1.0594636610959969,1.0,Moderate
2.099134088744977,2.0885226591504265,1.6902448596968518,1.254716992440266,Good
4.1855842456002765,1.1853328144883943,1.2165632957637,3.152607909105789,Moderate
1.091370579656326,3.8531598708496784,1.0,1.0,Good
1.7534406336137578,2.968048967743971,1.060629624562767,1.1498335249648624,Good
2.5129889268128065,7.5942702691332835,1.2681694426739214,1.6342956552406505,Bad
1.80480870993178,2.660422998853633,1.0343426568208318,1.529412187765247,Good
2.3993015290551174,5.1884458841222925,1.018249719393704,1.7891228319255417,Bad
2.912472251030225,2.849731287401533,1.0,1.5743622452547057,Good
2.3168110067081256,2.758957963042815,1.0932763218033423,1.6742508623418806,Good
1.2692043015366874,3.255892220481053,1.0279828993392923,1.3346286053109258,Good
1.56166017423312,2.770789731077059,1.1690633595025262,1.3596004599156697,Good
1.5320991327988076,4.94395422946268,1.1702292949863973,1.4395120727863295,Moderate
3.98368106782041,1.9347096747052572,1.0255495903614458,3.222531019868191,Moderate
1.86802028099607,5.208133946131275,1.079284872133696,1.2896785478214672,Bad
1.914172947353424,5.263411966387261,1.0757870097162845,1.0,Moderate
1.9590403201933944,3.886951400355479,1.0632656976292263,1.9139845022856603,Good
3.163332354342592,1.6467717678239011,1.3626117279440342,1.4794672798875594,Good
1.4094148739100274,5.3501151625422,1.0097331799455889,1.5493891919817622,Moderate
3.641684056992096,3.050871343983677,1.0408083855421686,2.428413337554421,Moderate
2.9433185859819204,2.2305038755613515,1.015816410415857,1.9339627051703752,Good
2.158139367791844,4.995162121514888,1.0437993097551497,1.3795786628003843,Bad
1.489101201578737,3.255892220481053,1.0209871745044694,1.4395120727863295,Good
1.7282771174003533,5.484240084978387,1.2425184702681695,1.529412187765247,Bad
1.4010022253783163,4.955785997496924,1.1233791496307812,1.4345172223981009,Moderate
2.181465303836452,3.934278472492454,1.0089036548775747,1.0799116128706598,Good
1.072558972654383,5.365922404635949,1.0,1.2397336399437795,Moderate
2.250678308150067,2.620952220691396,1.0523158492032647,1.6193123027441645,Good
1.8760823890687792,6.4347570017773945,1.0757870097162845,1.5194224869887896,Bad
1.5132875257968648,3.4846712871911905,1.212203643995336,1.2796888470450098,Moderate
2.50586157179848,5.598582291261319,1.0304162083171395,1.5843507473629632,Bad
2.626442652430116,1.5889380856725177,1.1472784205207929,1.1098783178636322,Good
2.7834785218668774,1.208996350556882,1.3307069972794403,1.8440625901914576,Bad
2.864545727406281,2.6722547668878764,1.0432463116984063,2.743063739980632,Moderate
2.236657270261792,3.555661895396653,1.1484310361445784,1.4544954252828155,Moderate
1.8303971314890488,2.6682792928283705,1.0186552755538285,1.5543840423699908,Good
1.833084522345573,4.545554936213623,1.130586872910999,1.744172774436083,Moderate
2.1271594598335994,4.801973013051755,1.025317863972017,1.6842393644501383,Moderate
2.0319498333067787,6.1389628009213,1.0687912848814614,1.3196452528144396,Bad
2.231048880905228,4.376029363818979,1.0083948698017875,1.839067739803229,Moderate
2.160943562470126,5.381729646729699,1.0769529731830547,1.6592675098453944,Bad
2.55072894463845,4.5298423482641486,1.0450159782355228,1.5943392494712207,Moderate
1.856049275948524,3.6581723336453416,1.058509696074621,1.5943392494712207,Good
2.825541700028566,1.1261739743171757,1.115747457442674,2.098779582631724,Good
2.011582432937397,2.684086534922121,1.0338126607073457,1.15982202707312,Good
1.980889794013999,6.198121641092519,1.0011659634667702,1.2447284903320084,Bad
1.4729769854333186,4.379910183734211,1.1399144966964632,1.5194224869887896,Good
1.2395598011596063,3.809524310339388,1.0013325176836378,1.3995556670168998,Good
2.220065709835615,3.614820735567872,1.6261173727166731,1.374583812412156,Bad
2.08506487169886,3.5990134934741222,1.095608248736883,1.03995520710123,Moderate
2.06688565645414,5.858881188014681,1.150408083948698,1.4744724294993308,Bad
1.88613080708001,5.208133946131275,1.036144587640886,1.1248616703601186,Moderate
1.5240370247260986,6.470252305880126,1.125923047026817,1.0,Bad
2.6554195457619123,1.7927284582943324,1.6004663723280217,1.2497221420520372,Bad
1.471107543813419,3.236204158472072,1.0305267967353284,1.3845723145204134,Good
1.7801049273691136,3.950085714586204,1.2949864065293433,1.6792457127301093,Moderate
2.9590922616683377,2.2699746537235885,1.5083560139914498,2.138734789732954,Bad
1.5025380913644957,4.841349137069718,1.655266235522736,1.3995556670168998,Bad
1.8076129046100615,3.378185374882997,1.041974349008939,1.3096555520379822,Good
2.007763509088651,5.093791739848342,1.1189273221919938,1.529412187765247,Moderate
2.233502535124509,4.553505884332635,1.0256510003886514,1.544395540261733,Bad
4.261297953391943,2.0845471850909205,1.0206830003886511,2.4384018396626788,Moderate
2.107196196817686,3.232228684412566,1.0116595507190052,1.2846836974332383,Good
2.303374116922367,6.182314398998769,1.1180148278274389,1.409545367793357,Bad
1.6926402133349892,4.9123397452751805,1.0617955600466382,1.274695195324981,Bad
5.509172066863728,3.169189024326115,1.059615748153906,2.603218717124027,Bad
3.4284471676836143,4.064427920869136,1.0304162083171395,2.258601609704844,Bad
1.967452968725105,1.6270837058149197,1.0781189366498252,1.2597118428284946,Good
2.160943562470126,5.4053931827981865,1.263505644772639,1.469478777779302,Moderate
3.8182325498519374,1.2839624328218504,1.0559657986785853,2.55327380924634,Moderate
1.693341294252992,6.994730919302083,1.2215312957637,1.0998886170871751,Bad
2.386682588505984,7.389154738491634,1.2273610571317528,1.254716992440266,Bad
2.5198826096867544,4.170913833177329,1.226296503692188,1.764150977320798,Moderate
2.0185130080178846,5.93384727027965,1.222697231247571,1.864039594407973,Bad
1.8610331421653437,5.097956522196396,1.026583754372328,1.380753357636109,Moderate
1.2203643088196732,3.062703112017921,1.0,1.2297451378355222,Good
1.0673010592599557,4.967617765531168,1.0,1.3596004599156697,Good
2.381307871289799,5.898351966176919,1.037310523124757,1.987138023846305,Bad
3.851883079481916,2.049051880988189,1.1143649063350174,2.0088794676528066,Moderate
2.8972827879431886,2.139825205346908,1.054799835211815,1.6592675098453944,Good
1.862645563779885,3.875119632321235,1.204041983676642,1.0699219120942025,Moderate
2.5086657664767618,4.151225771168347,1.326061612125923,1.1298553220801475,Moderate
2.303958329521748,2.3882923340660263,1.2728332685581034,1.5344058394852758,Moderate
2.2872499007769487,4.936003281343668,1.0209871745044694,1.4544954252828155,Moderate
1.795461308341687,2.6959183029563643,1.0769529731830547,1.4395120727863295,Good
1.9325171455777437,5.79584152792823,1.241352506801399,1.0,Bad
1.7927739819820272,3.4413196891137217,1.0093276237854645,1.3995556670168998,Moderate
1.7632128760508503,2.833924045307784,1.2483482316362222,1.314650402426211,Moderate
1.1850779452133104,2.6091204526571525,1.0523158492032647,1.5144288352687607,Good
5.312877278440425,1.907070664577264,1.0048665899727944,3.0027743841409267,Bad
1.1289937291633474,5.677523847585793,1.0256510003886514,1.2796888470450098,Good
1.20155270181773,3.535973833387672,1.0279828993392923,1.4994454827722743,Good
3.069508120466986,2.3488215559037893,1.0218996688690245,1.7491676248243118,Moderate
2.3175787773841057,5.358066110661212,1.0093276237854645,1.2697003449367523,Moderate
2.1797551694720694,2.167369561330627,1.1002720466381657,1.4544954252828155,Good
1.2069274190339148,5.148975105960056,1.0338126607073457,1.2647054945485237,Good
2.2173783189790903,3.90663946236446,1.4558880777302758,1.2896785478214672,Moderate
2.045386658595673,2.9443854316754834,1.0827320575204042,1.0449500574894588,Good
1.2364885249650917,3.3860416688577346,1.0012166404974738,1.11986681997189,Good
2.013138226304836,5.768202517800238,1.1527399828993392,1.0849052645906887,Bad
1.7470886599054318,4.7309824048462925,1.307811892732219,1.1248616703601186,Moderate
1.9567034697958712,3.244060452446809,1.0454722114263506,1.5144288352687607,Good
1.6758149807684326,3.886951400355479,1.0109498204430625,1.529412187765247,Good
1.14021057237334,5.444012073661958,1.0340661298095608,1.15982202707312,Good
2.023887725234069,4.174889307236835,1.1340847353284105,1.034961555381201,Bad
1.6530307538894458,2.3764605660317826,1.0198212110376992,1.2297451378355222,Good
3.2798239467785635,3.5990134934741222,1.0523158492032647,2.148723291841211,Moderate
4.570780933841073,3.342690070780266,1.083948698017878,2.5832405142393124,Bad
1.556285457016935,4.521891400145136,1.1532976261173726,1.7741394794290557,Moderate
1.5972970782984843,2.644615756759884,1.0036499494753206,1.3596004599156697,Good
2.096446697888452,5.247604724293511,1.1340847353284105,1.644284157348908,Bad
1.4514780520717157,3.267723988515297,1.068132287602021,1.3446171074191833,Good
2.5237384257420405,3.208565148344078,1.095608248736883,1.729189421939597,Moderate
1.6253391540750337,3.81198531809051,1.0089036548775747,1.2825428760285404,Good
1.4299791187101127,5.30676356446473,1.077286109599689,1.2846836974332383,Good
1.5132875257968648,4.013125374672654,1.0093276237854645,1.3096555520379822,Good
2.101821415104637,4.592882008350599,1.2063738826272834,1.5643725444782484,Moderate
1.2327495772284274,2.5972886846229084,1.010175589584143,1.3356270959212917,Good
2.281875183560764,5.121430749976336,1.2868247182277497,2.3584902267920187,Bad
1.7793370921962686,4.123586761040354,1.047804110376992,1.6592675098453944,Good
1.5720591327033524,5.614389533355069,1.0024333089778468,1.5943392494712207,Moderate
1.7363392254730623,4.84930008518873,1.0277497178390984,1.374583812412156,Moderate
1.580471781235063,5.910183734211162,1.0338740272055966,1.4569922511428302,Bad
2.096446697888452,4.778309476983267,1.1744816043528954,1.3795786628003843,Good
3.4284471676836143,4.53372316817938,1.1155815468324912,2.1187565868482388,Bad
1.8749139638700172,4.135418529074598,1.1208352522347451,1.8540510922997155,Moderate
3.010152300961117,5.239748430318774,1.2541779930042751,1.4395120727863295,Bad
1.601970714596666,3.4491759830884594,1.0,1.409545367793357,Good
3.885533609111894,4.592882008350599,1.0255495903614458,2.927857621658496,Bad
1.8496760827717504,5.882544724083169,1.2225912320248735,1.1947835824543211,Bad
2.444168901895088,3.425512447019972,1.4550262883793237,1.3046619003179534,Moderate
2.803224817430338,3.33871459672076,1.239679605130198,1.3945620152968707,Moderate
1.8216339424983363,2.4749955302209647,1.015816410415857,1.3845723145204134,Good
2.0992508925667344,4.652040848521818,1.0547491581811117,1.5843507473629632,Bad
1.3842937966335174,3.804129024115772,1.0097331799455889,1.254716992440266,Good
2.4042726248927497,4.652040848521818,1.008516539448115,1.3046619003179534,Moderate
1.7014034023257012,4.845324611129223,1.3416245534395648,1.2097669349508071,Moderate
1.0859957979432766,6.553074682119831,1.053633899727944,1.2697003449367523,Bad
1.8088981981274452,4.312895049588255,1.0011659634667702,1.409545367793357,Good
2.242265724115221,6.624065290325294,1.032849489312087,1.3645953103038984,Bad
2.187817277544778,3.299338472702797,1.0431403124757093,1.544395540261733,Good
3.673932489282933,1.4456317112417572,1.3894286917994558,2.098779582631724,Moderate
1.4326664450697726,3.910614936423966,1.0093276237854645,1.2397336399437795,Good
3.369558692458505,5.11745527591683,1.0717822090944422,1.918979352673889,Bad
2.3114362249950764,5.855000368099449,1.06645938593082,1.824084387306743,Bad
1.8814571707818284,3.977630070569923,1.0023318989506411,1.3346286053109258,Moderate
1.9163929294323248,5.452720254935162,1.1865526715895842,1.1648168774613483,Bad
2.1958793856174874,4.395717425827961,1.034978624174116,1.1498335249648624,Bad
2.2086151299883783,4.920290693394192,1.015816410415857,1.3196452528144396,Bad
1.9870824604668085,4.703343394718299,1.3297115616012438,1.4395120727863295,Moderate
1.888935066255157,3.626652503602116,1.0206830003886511,1.3795786628003843,Good
1.8328507857083287,4.107779518946605,1.0445182464049747,1.5743622452547057,Good
1.3520453643426806,3.0074250917619345,1.029148862806063,1.274695195324981,Good
1.3337011661183609,3.6581723336453416,1.0279828993392923,1.3995556670168998,Good
2.601672115612608,1.5009097314977442,1.7263894193548386,2.228634904711871,Bad
1.3332338218376023,3.0114005658214404,1.0,1.3096555520379822,Good
3.683630431332027,1.6665544839771569,1.116798187329965,2.3984466325614484,Moderate
2.8085995991433874,3.468864045097441,1.0431403124757093,1.7541624752125404,Moderate
2.1367572382519984,4.407549193862204,1.0233190734551108,1.3945620152968707,Moderate
1.986264575727048,3.4886467612506964,1.1865526715895842,1.6342956552406505,Moderate
1.8076129046100615,6.86070065101017,1.0450159782355228,1.6642623602336228,Bad
3.214392329138508,4.790141245017511,1.222697231247571,1.604328950247678,Bad
1.3757643442800491,4.080235162962885,1.0206830003886511,1.3096555520379822,Moderate
1.8196476325598143,4.021076322791666,1.022852710454722,1.5843507473629632,Good
1.5858464984512477,5.2554610182682495,1.121259221142635,1.0699219120942025,Bad
2.17169306139936,6.379478981521408,1.4045860769529732,1.0899001149789174,Bad
3.4340555570401783,1.8203674684223257,1.0535324897007383,3.557158426510917,Moderate
2.878821721400247,3.374209900823491,1.3151117916828603,1.943951207278633,Bad
1.620782321598609,5.898351966176919,1.0139914496696465,1.3246389045344684,Bad
3.2913359921377467,3.288358591967018,1.1767340878352115,1.761506715272218,Moderate
3.695290045517373,4.83349284309498,1.072755538282161,2.5732520121310545,Bad
2.462906144012168,2.766908911161827,1.0826767353284104,1.9139845022856603,Good
2.446572506547453,4.951810523437418,1.1055718398756316,1.5543840423699908,Bad
3.276201867360521,3.125742772104372,1.137582597745822,1.7142060694431107,Moderate
1.330896971440079,3.969773776595185,1.0072998989506412,1.6243059544641931,Good
4.421138017506987,3.969773776595185,1.0620490291488536,2.623196920008742,Bad
1.3953938360217526,3.875119632321235,1.0462326187329964,1.5993340998594494,Good
4.294948547518786,1.201140056582144,1.0474492592304705,2.0788013797470093,Moderate
1.7578381588346657,4.9123397452751805,1.1737271574038088,1.1698117278495772,Good
1.7981486991982116,5.3501151625422,1.1515740474154683,1.484462130275788,Bad
2.064198265597615,4.214265431254798,1.0,1.3995556670168998,Moderate
1.5131707219751074,3.0035442718467023,1.0279828993392923,1.6492790077371366,Good
1.9898866551450904,5.358066110661212,1.0,2.0238628201492928,Bad
2.7467900609213736,1.89523889654302,1.2949864065293433,1.908989651897432,Moderate
3.448193463247075,2.5421053185111955,1.1900505340069958,3.372364544833053,Moderate
3.291040789988556,2.6659129392215224,1.0437993097551497,2.0088794676528066,Moderate
1.3009853895467651,4.54593355279072,1.0069957248348231,1.2120719738988668,Moderate
2.057187714405046,3.0665839319331534,1.0012166404974738,1.5543840423699908,Good
2.0426993322360127,4.064427920869136,1.0,2.3285235217990463,Good
2.293008567827988,7.854569165886645,1.1072677714729888,1.2097669349508071,Bad
3.3917587067381105,2.250191937570333,1.064127486980179,1.5493891919817622,Moderate
2.0319498333067787,6.379478981521408,1.0025438973960357,1.5643725444782484,Bad
1.86802028099607,7.14466308383202,1.2984842689467548,1.0749167624824312,Bad
1.4568527692879003,3.255892220481053,1.030314798289934,1.669256011953652,Good
2.2928689966130333,4.245879915442298,1.054799835211815,1.5094339848805318,Moderate
2.365183655144381,6.079803960750081,1.1410804601632336,1.4744724294993308,Bad
1.5831591720915876,8.047758274349778,1.289156617178391,1.1448386745766337,Bad
1.737507650671824,5.578894229252337,1.008516539448115,1.3995556670168998,Moderate
1.720215009327644,2.498659066289452,1.0034978624174116,1.254716992440266,Good
1.6852791861802827,3.7764900139877793,1.1643995336183444,1.0749167624824312,Good
1.2821737825448225,3.21651609646309,1.0617955600466382,1.11986681997189,Good
1.844322585024013,2.755077143127583,1.010175589584143,1.354605609527441,Good
2.0231547828649634,5.034632899677124,1.0763170058297706,2.2635964600930727,Bad
1.5428486317280417,4.939978755403175,1.239020607850758,1.5793558969747346,Moderate
3.8994272011957554,1.3589285150868189,1.307811892732219,1.5993340998594494,Moderate
1.334211013832879,3.808104498175278,1.041974349008939,1.409545367793357,Good
1.7963960614000691,2.4868272982552084,1.0292548620287605,1.4445057245063584,Good
2.405494195507927,2.751101669068077,1.0617955600466382,1.4744724294993308,Moderate
1.3923559047062266,1.9741804528674949,1.0139914496696465,1.2447284903320084,Good
2.088384589815744,2.3843168600065203,1.0816167990672367,1.254716992440266,Good
2.738611149026907,3.40582438501099,1.018249719393704,2.038846172645779,Moderate
3.98368106782041,2.762933437102321,1.1447810866692576,2.4384018396626788,Bad
3.3165124077240677,1.757233154191601,1.282160892343568,1.7391791227160542,Moderate
2.0880340493567418,6.16650715690502,1.0450159782355228,2.198668199718899,Bad
2.8732132675468183,3.0272078079151896,1.143564446171784,2.31354016930256,Moderate
3.474334235952621,2.171345035390133,1.068685285658764,3.672031594762778,Bad
1.438041226782822,4.458851740058686,1.096774184220754,2.1437296401211823,Good
2.2657509674153458,4.9123397452751805,1.402254178002332,1.6542726594571655,Moderate
1.2169439755940423,5.097767213907848,1.0,1.1648168774613483,Good
4.062198970290359,4.190601895186311,1.1192314963078118,2.31354016930256,Moderate
3.708868312430294,2.2383601695360893,1.0717822090944422,1.9239730043939176,Moderate
1.7148402276145949,4.667848090615568,1.072289147298873,1.5044391344923034,Moderate
1.9253897905634163,4.005269080697916,1.0121664889234356,1.294672199541496,Good
3.45929350263531,2.6130959267166585,1.12531472677808,2.07380652935878,Moderate
1.888935066255157,3.808104498175278,1.0024333089778468,1.3596004599156697,Good
1.862645563779885,3.1297182461638777,1.0559657986785853,1.174805379569606,Good
3.865904181867056,2.644615756759884,1.0194663598911775,2.4334069892744496,Moderate
1.6674023322367215,6.280944017332225,1.0024333089778468,1.1947835824543211,Moderate
1.5356044083950926,3.81198531809051,1.0279828993392923,1.2097669349508071,Good
1.5965959973804815,3.31117024073704,1.4617178390983288,1.0,Bad
1.7150739642518391,5.097767213907848,1.103027942479596,1.4395120727863295,Bad
1.3337011661183609,3.953966534501435,1.0474492592304705,1.0,Good
2.040362481838489,4.884795389291462,1.0510992087057909,1.11986681997189,Moderate
3.851883079481916,1.9780612727827265,1.0802987485425573,4.061598759671421,Moderate
2.3095667833751765,5.574918755192831,1.0194663598911775,1.2497221420520372,Moderate
1.786247479758143,4.478539802067667,1.0669156191216478,1.4894557819958172,Bad
1.8076129046100615,6.86070065101017,1.0450159782355228,1.6642623602336228,Bad
2.4028068046514024,4.652040848521818,1.1527399828993392,2.4184236367779635,Good
2.209316210906381,5.598582291261319,1.1177613587252235,1.0749167624824312,Bad
2.5955963174784205,4.435188203990197,1.2116967057909056,1.6942290652265954,Moderate
2.5563373984918787,3.267723988515297,1.0133831294209097,1.544395540261733,Good
1.7795708288335126,6.063996718656331,1.1667314325689857,1.7741394794290557,Bad
3.2826281414568457,3.614820735567872,1.2141300147687524,1.6143174523559356,Moderate
1.6503433630329214,6.742382970667732,1.1713952584531675,1.8790229469044597,Bad
1.2860295986001085,6.340102857503444,1.026766258841819,1.0049948503882289,Bad
2.466602588315073,4.364197595784735,1.0316328488146134,2.238623406820129,Bad
2.1550802170078707,3.437344215054216,1.2467582992615625,1.7042175673348532,Good
1.600101272976766,5.874688430108432,1.024332949863972,1.0,Bad
1.7148402276145949,5.732707213697506,1.1359169436455498,1.2796888470450098,Bad
1.1822737505350285,4.518010580229904,1.035282798289934,1.2397336399437795,Good
3.9247925925953,1.8085357003880815,1.1800638849591916,4.506104484177779,Bad
1.5401612408715168,2.762933437102321,1.0757870097162845,1.6243059544641931,Good
2.8205706041909338,2.735294426974328,1.0399755584920327,1.5044391344923034,Moderate
2.706479520557828,4.387861131853223,1.371939379712398,1.544395540261733,Moderate
2.082425660000178,1.828223762397064,1.1934469863972017,1.484462130275788,Moderate
1.8760823890687792,3.5833009055246468,1.1037699090555773,1.5793558969747346,Moderate
2.093759307031928,6.095516548699557,1.2565099199378158,2.7330740392041744,Bad
2.3849852890176524,5.598582291261319,1.1240980862806065,1.3346286053109258,Bad
2.894595397086664,1.8715753604745329,1.1888845705402251,2.1187565868482388,Good
1.8693055745134532,2.447451174237245,1.012409800233191,2.288568314697816,Good
1.722902335687304,3.0823911740269025,1.064127486980179,1.779134329817284,Good
1.9618445148716763,1.7217378500888696,1.0432463116984063,1.469478777779302,Good
4.468809649522104,2.948266251590716,1.0109498204430625,2.997780732420898,Moderate
1.9169771420317057,2.90093917945374,1.0024333089778468,1.4994454827722743,Good
2.5899879281218565,2.313326251801058,1.0377160792848814,1.4445057245063584,Good
1.720215009327644,3.228347864497334,1.2017100567431014,1.3995556670168998,Good
1.4895898298248078,5.417224950832431,1.0864925954139135,1.5061040846217129,Good
3.8182325498519374,3.5478056014219157,1.0559657986785853,2.3085465175825317,Moderate
2.0749477645268493,3.5723210247888684,1.179556946754761,1.204772084562579,Moderate
2.259585841123713,2.829948571248278,1.0,1.389567164908642,Moderate
1.2355537719067096,7.120999547763533,1.0571824391760591,1.314650402426211,Bad
2.797499559755152,4.494347044161417,1.0048665899727944,2.0288564718693216,Moderate
1.8868318879980128,3.43336874099471,1.047804110376992,2.528301954641596,Good
1.4622275510009497,2.869419349410515,1.0921103863194714,2.213651552215385,Good
1.90856455799686,4.640209080487574,1.0072998989506412,1.4794672798875594,Good
2.177067778615545,3.1060547100953904,1.172561221919938,1.409545367793357,Moderate
1.752463441618481,5.314619858439468,1.1713952584531675,1.0,Bad
1.193490593745021,5.551255219124344,1.049086678585309,1.0,Good
1.7470886599054318,4.596857482410105,1.3089778561989895,1.3695889620239272,Moderate
1.8384592395617576,6.766046506736219,1.1107656338904004,1.5493891919817622,Bad
1.7444013335457718,4.15510659108358,1.0116595507190052,1.0199782028847149,Moderate
2.2281278179083244,3.685811343773335,1.0757870097162845,1.2820394353846587,Good
2.8059122082868626,4.383885657793717,1.0754321585697628,1.7192009198313394,Bad
1.670206526915004,5.397442234679175,1.041366028760202,1.0,Bad
1.292923281474056,4.332583111597236,1.0,1.174805379569606,Good
2.088384589815744,5.145094286044824,1.1270890104935871,1.4544954252828155,Bad
3.4536850487818813,4.43906902390543,1.0389327197823552,1.5793558969747346,Bad
1.3197969320518437,3.760777426038303,1.0,1.2996670499297247,Good
1.7981486991982116,3.4768149932164527,1.289156617178391,1.0,Moderate
1.376231688560808,4.048620678775386,1.0139914496696465,1.2796888470450098,Good
1.7094655103984104,3.232228684412566,1.01703307889623,1.4794672798875594,Good
1.6422812549602122,2.620952220691396,1.5001943256898562,1.4445057245063584,Bad
1.0644968645816737,3.973749250654691,1.0,1.274695195324981,Good
3.728497804171997,1.6980743140203822,1.0206830003886511,3.262486226969421,Moderate
1.3987078784145528,3.12186195218914,1.0089036548775747,1.2397336399437795,Good
1.7067781195418856,7.061840707592314,1.2180334333462883,1.2896785478214672,Bad
2.4323678460857145,4.399692899887466,1.0513019727944035,2.278579812589559,Bad
2.6957300861254585,5.314619858439468,1.33113096618733,1.3995556670168998,Bad
2.717961961856168,3.5398546533029034,1.1399144966964632,1.648690461651075,Bad
1.6154076043824244,5.464552022969405,1.0629615235134084,1.859045942687944,Bad
1.7390265518327226,3.4965030552254346,1.0104935872522347,1.2846836974332383,Good
1.50791280858068,3.953966534501435,1.02215313797124,1.2647054945485237,Good
2.393693139698553,3.354521838814509,1.077588940536339,1.8490562419114869,Good
1.970257163403387,5.172638642028543,1.0705655685969686,1.0,Moderate
1.988951902086708,5.519735389081118,1.041974349008939,2.178689996834184,Bad
1.0644968645816737,5.101648033823081,1.0304162083171395,1.1997784328425498,Good
2.0023887918724665,2.1082107211594083,1.3824329669646327,1.3695889620239272,Bad
2.023887725234069,4.332583111597236,1.9642440637388263,1.6293008048524218,Bad
1.5320991327988076,4.202433663220555,1.0693489280994948,1.5144288352687607,Good
3.3555376545702296,7.357634908448408,1.0437993097551497,1.409545367793357,Bad
3.302257633198549,1.5245732675662316,1.1447810866692576,3.94672559141956,Moderate
1.4668344330442893,4.583984518788848,1.071956038865138,1.2996670499297247,Good
2.4269931288695297,4.663872616556061,1.0559657986785853,1.7491676248243118,Bad
3.770433472032408,2.3882923340660263,1.071229211037699,1.8940062994009452,Moderate
2.241564643197218,1.3194577369245817,1.4279051783909833,1.2097669349508071,Bad
3.754553570010025,1.761208628251107,1.209871745044695,3.14761425738576,Moderate
3.528814543974167,5.543398925149606,1.2273610571317528,1.4794672798875594,Bad
2.005564746478197,3.287506704668553,1.108433734939759,1.3596004599156697,Good
4.526805810625726,1.6980743140203822,1.1144754947532065,3.6220866868850914,Moderate
2.2871330969551917,4.328702291682004,1.0324845083560046,2.7230855370959173,Moderate
2.8127013417433235,5.070128203779855,1.0851146614846483,1.918979352673889,Bad
1.54851648719375,3.054752163898909,1.003688649825107,1.294672199541496,Good
1.9001519094651491,5.358066110661212,1.0145997699183833,1.978912762659834,Moderate
2.266483909784452,2.1476814993216453,1.0661413882627284,2.683130329994687,Good
1.693341294252992,6.935572079130864,1.5036921881072678,1.0249718546047435,Bad
1.6557181447459706,5.965367100322875,1.2378546443839875,1.4445057245063584,Bad
2.037324550522963,3.098198416120652,1.0443062479595802,1.1098783178636322,Good
2.4001194137948776,2.139825205346908,1.163233570151574,1.6492790077371366,Good
2.620834263073552,3.630627977661622,1.01703307889623,1.4395120727863295,Moderate
3.305061827876831,1.5009097314977442,1.2883455328410416,2.198668199718899,Bad
1.5892668316768783,4.947835049377912,1.0623255561601244,1.5394006898735046,Good
2.2657509674153458,4.975474059505905,1.1574038087835212,1.5793558969747346,Bad
2.813974316359572,2.3291334938948074,1.02215313797124,1.7391791227160542,Good
3.160644963486068,1.9741804528674949,1.094124287602021,2.0088794676528066,Moderate
2.381307871289799,1.6704353038923887,1.0408083855421686,1.3945620152968707,Good
1.493541230233404,3.4204011232291784,1.041366028760202,1.2697003449367523,Bad
2.43505523694224,3.689786817832841,1.034978624174116,1.2197554370590649,Moderate
1.8132213584634904,2.664303818768865,1.1021984174115818,1.3845723145204134,Good
2.013138226304836,4.667848090615568,1.0081616883015934,1.204772084562579,Good
1.752463441618481,5.287075502455749,1.1049358725223477,1.5793558969747346,Moderate
2.598984789252948,4.845324611129223,1.0186552755538285,1.5394006898735046,Bad
1.929829819218084,5.748514455791256,1.0524679362611735,1.958934559775119,Bad
2.1020551517418813,4.072284214843873,1.0571824391760591,1.6742508623418806,Moderate
2.458190004280227,3.92244670445821,1.0524679362611735,1.4794672798875594,Moderate
1.5724096731623538,5.519735389081118,1.0011659634667702,1.8190895369185145,Moderate
2.06688565645414,5.780034285834482,1.041974349008939,1.5543840423699908,Bad
1.7873992002689778,4.131443055015092,1.1410804601632336,1.3046619003179534,Good
1.914682795067942,6.048189476562582,1.0343426568208318,1.0,Bad
2.9818127656451177,2.904914653513246,1.025317863972017,2.0338513222575503,Moderate
1.438041226782822,3.614820735567872,1.0011659634667702,1.2397336399437795,Good
1.8035234164143965,1.650747241883407,1.1585697722502917,1.469478777779302,Good
1.620782321598609,5.050440141770873,1.0050877947920716,1.3596004599156697,Moderate
3.3971334884511597,4.084115982878117,1.3381266910221532,1.9739179122716053,Moderate
1.1908032028884965,5.397442234679175,1.0,1.254716992440266,Good
1.3645475010700567,3.4531514571479653,1.0114475522736106,1.204772084562579,Good
3.159242866146927,6.012694172459851,1.0133831294209097,1.3995556670168998,Moderate
1.964648774046823,4.83349284309498,1.1459977271667314,1.059933409985945,Moderate
3.4312513623618965,2.013556576885458,1.2056134753206371,1.4944506323840456,Moderate
2.374955897581473,6.825205346907438,1.368865486202876,1.5643725444782484,Bad
3.7144767662837226,3.3939926169767465,1.092465237465993,2.043839824365808,Moderate
1.510366462799961,5.1844704100627865,1.0090031900505247,1.4295223720098722,Bad
2.8928427592885217,2.6012641586824143,1.158164216090167,1.2647054945485237,Moderate
1.6561854890267294,2.9562171997097275,1.0025438973960357,1.3596004599156697,Good
1.5831591720915876,4.857156379163468,1.0396424500582977,1.329633754922697,Moderate
2.588235290323714,4.705709748325146,1.2506801305868636,1.1798002299578347,Bad
2.7330026951734787,4.766477708949024,1.0571824391760591,1.8140958851984847,Bad
4.0044789202640105,1.2761061388471124,1.1434123591138747,3.3024414340706514,Moderate
1.2355537719067096,2.577600622613927,1.041974349008939,2.198668199718899,Good
1.346670647126496,4.510059632110892,1.0314807617567043,1.2647054945485237,Good
1.6421644511384548,4.376029363818979,1.0401493882627284,1.0,Good
1.877718223045164,5.661716605492043,1.0,2.0788013797470093,Bad
1.860892925981743,6.150794568955543,1.1277480077730275,1.604328950247678,Bad
2.5871837334435743,5.4014177087386805,1.1812805254566654,1.8740292951844304,Bad
2.128695130179289,4.135418529074598,1.2331908184998055,1.2996670499297247,Bad
2.093759307031928,2.017532050944964,1.1760590843373495,1.4345172223981009,Bad
1.81427291534363,4.951810523437418,1.026583754372328,1.6980480221108998,Moderate
2.719916410343586,4.746694992795767,1.1399144966964632,1.7741394794290557,Bad
6.165357620387322,2.104329901244176,1.1605974970851147,3.2275246715882204,Bad
1.9459540353635016,4.186721075271079,1.1993781577924605,1.4594890770028446,Moderate
1.5692549380250704,3.3805517284898454,1.0109498204430625,1.0,Good
1.954016143436211,6.004837878485112,1.0501360373105324,1.6742508623418806,Bad
2.569423683321771,5.547374399209112,1.0851269179945588,1.3878039239868556,Bad
1.193490593745021,3.1375745401386155,1.0011659634667702,1.314650402426211,Good
2.7531420346296995,4.652040848521818,1.020351207151185,1.4295223720098722,Bad
2.459241561160366,4.577169420401123,1.0629615235134084,1.5094339848805318,Bad
1.833084522345573,4.545554936213623,1.130586872910999,1.744172774436083,Moderate
3.4480766594253174,3.6503160396706034,1.0356477792460164,6.394006898735045,Bad
1.3925896413434706,5.271268260362,1.0279828993392923,2.198668199718899,Bad
3.993729485831641,1.9505169167990075,1.3894286917994558,4.006659001405504,Moderate
1.988951902086708,5.519735389081118,1.041974349008939,2.178689996834184,Bad
2.351746765358622,3.117886478129634,1.125923047026817,2.0238628201492928,Good
1.4514780520717157,4.253736209417036,1.02215313797124,1.4544954252828155,Good
2.1663182796863105,7.077553295541789,1.0734551107656432,1.1798002299578347,Bad
2.421618411653345,4.0447398588601535,1.0804508356004665,1.8490562419114869,Moderate
1.356134852538346,6.174458105024032,1.0501360373105324,1.294672199541496,Bad
2.222753036195275,4.987305827540149,1.4080839393703848,1.3695889620239272,Moderate
1.6530307538894458,4.147250297108842,1.1713952584531675,1.3046619003179534,Moderate
1.7014034023257012,2.971929787659203,1.3940924897007383,1.11986681997189,Moderate
1.878769779925304,6.383454455580914,1.0326467252234746,1.409545367793357,Bad
1.556285457016935,3.165213550266609,1.054799835211815,1.2647054945485237,Good
1.2355537719067096,4.648160028606586,1.0279828993392923,1.7192009198313394,Good
1.9898866551450904,5.358066110661212,1.0,2.0238628201492928,Bad
1.4756643762898434,6.919859491181389,1.125923047026817,1.349611957807412,Bad
1.193490593745021,6.363766393571932,1.0340661298095608,1.3096555520379822,Moderate
2.4469731610702343,3.149406308172859,1.0474492592304705,1.5593788927582195,Good
1.888935066255157,3.0665839319331534,1.0145997699183833,1.8091010348102567,Good
1.193490593745021,5.614389533355069,1.0921103863194714,1.2226094660425957,Bad
1.927142428361559,1.8755508345340384,1.0,1.374583812412156,Good
1.9253897905634163,5.2752437344215055,1.1995302448503693,1.374583812412156,Bad
1.8814571707818284,4.028932616766404,1.0594636610959969,1.2597118428284946,Good
1.6180949307420844,5.764227043740732,1.1340847353284105,1.0,Bad
1.8169603062001547,3.8356488541589977,1.034978624174116,1.354605609527441,Good
1.8115855244871053,3.4886467612506964,1.0559657986785853,1.569367394866477,Good
2.255001468486112,2.790572447230314,1.2728332685581034,1.4944506323840456,Moderate
1.580471781235063,5.318595332498974,1.1148464920326466,1.6243059544641931,Moderate
1.3729601496017674,2.755077143127583,1.0572377613680528,1.2397336399437795,Good
2.531099452896747,4.971498585446399,1.149647676642052,2.0138731193728354,Moderate
2.134069847395474,5.803697821902969,1.01703307889623,1.4644839273910732,Bad
1.7309644437600131,3.9461102405266977,1.3066459292654489,1.4794672798875594,Bad
2.1958793856174874,3.165213550266609,1.0617955600466382,1.4245287202898431,Good
1.7820244830527932,4.805853832966987,1.0757870097162845,1.6592675098453944,Moderate
2.2469393604134025,2.447451174237245,1.012825486202876,1.6642623602336228,Good
1.8868318879980128,3.4965030552254346,1.0699572483482316,1.744172774436083,Moderate
2.0319498333067787,2.6091204526571525,1.0326467252234746,1.6942290652265954,Good
2.5274030085938417,3.871144158261729,1.031798759424796,1.4794672798875594,Good
1.7309644437600131,3.82779256018426,1.222697231247571,1.03995520710123,Moderate
1.6503433630329214,3.520166591293922,1.1760590843373495,1.4794672798875594,Moderate
3.617497732773968,3.869535037809072,1.0944422852701128,2.3984466325614484,Moderate
1.6180949307420844,4.727006930786786,1.030314798289934,1.1398450228566048,Moderate
2.588235290323714,3.63848427163636,1.4185775266226195,1.7541624752125404,Moderate
2.144819346324708,5.30676356446473,1.0011659634667702,1.4395120727863295,Moderate
2.281875183560764,2.526298076417446,1.0,1.2247502874472935,Good
3.605112464365214,3.3703290809082587,1.1143649063350174,1.864039594407973,Moderate
1.629612264844163,6.174458105024032,1.0304162083171395,1.3795786628003843,Bad
3.21532708219689,2.325158019835301,1.0571824391760591,1.7591561269325693,Good
3.574499866050762,2.908890127572752,1.6764561741158182,2.083796230135237,Bad
1.527191759863382,4.237928967323287,1.12531472677808,1.958934559775119,Good
2.3194983330677856,2.2818064217578327,1.258841818888457,1.8940062994009452,Good
3.2293481200851644,3.2913875245837847,1.0364994387874078,3.137624556609303,Moderate
3.0022069967101657,3.756801951978797,1.0133831294209097,1.7591561269325693,Moderate
2.177067778615545,1.7690649222258448,1.2238631947143412,1.604328950247678,Good
1.7712749841235595,4.7111996886930365,1.055149621453556,1.3096555520379822,Moderate
1.5892668316768783,6.8330616408821765,1.003997553050913,2.1836848472224126,Bad
1.5131707219751074,6.241473239169988,1.0632656976292263,1.389567164908642,Moderate
4.393095941730437,1.8873826025682825,1.0316328488146134,2.5682571617428263,Bad
1.8841444971414885,4.87684444117245,1.0979401476875243,1.354605609527441,Bad
1.6901164510239082,2.703774596931102,1.053167508744656,1.3596004599156697,Good
2.404909982908546,5.4566010748503935,1.008516539448115,1.409545367793357,Moderate
2.1958793856174874,1.5752132347527947,1.4209094535561602,1.7192009198313394,Bad
1.059122147365489,3.7213066478760655,1.0268169358725223,1.5344058394852758,Good
3.0827112736155,2.971929787659203,1.1095996984065293,2.423418487166193,Moderate
2.954535429191913,1.6704353038923887,1.6545565052467937,1.8190895369185145,Moderate
3.07511650982355,2.8812511174447586,1.068132287602021,1.7142060694431107,Moderate
2.0319498333067787,6.379478981521408,1.0025438973960357,1.5643725444782484,Bad
1.8415305157562725,4.801973013051755,1.0638942774970852,1.5943392494712207,Bad
4.704363421428813,1.20511553064165,1.1070650073843762,4.096559116384422,Moderate
1.98147400661338,3.673979575739091,1.0,1.5943392494712207,Good
2.676918479123516,2.5933132105634025,1.2670035071900505,1.5743622452547057,Good
1.6127202135259,5.014944837668143,1.054799835211815,1.5743622452547057,Moderate
2.233502535124509,4.8611318532229735,1.0897784593859308,1.669256011953652,Moderate
1.053280021371681,2.93255366364124,1.0012166404974738,1.11986681997189,Good
1.5240370247260986,5.929871796220144,1.0104935872522347,1.0699219120942025,Moderate
1.7851792181900763,4.608689250444348,1.0231163093664983,2.083796230135237,Bad
2.4803566091839797,5.989030636391363,1.1861471154294598,1.3995556670168998,Bad
1.112168432099926,4.273424271426018,1.0145997699183833,1.0,Good
2.78441327492526,4.454876265999179,1.3019821313641664,1.709212417723082,Bad
2.386682588505984,2.4237876381687578,1.2576758554216867,1.3446171074191833,Good
1.7793370921962686,2.2108158135523697,1.0233190734551108,1.03995520710123,Good
1.8465213476344668,4.691511626684054,1.2164992708900118,2.0338513222575503,Moderate
4.572565433090318,1.0,1.0462326187329964,3.2425080240847066,Bad
1.6756814077618838,5.152950580019562,1.1270890104935871,1.3046619003179534,Moderate
2.0856971989592186,4.983330353480644,1.0862805969685192,1.2697003449367523,Moderate
2.037558287160208,5.902327440236425,1.0072998989506412,1.2896785478214672,Bad
2.7709763851395013,2.684086534922121,1.2506801305868636,1.5593788927582195,Moderate
1.6369065377440275,5.488215559037893,1.0326467252234746,1.5743622452547057,Bad
1.670206526915004,5.397442234679175,1.041366028760202,1.0,Bad
1.6730107860901504,4.237928967323287,1.0462326187329964,1.709212417723082,Moderate
1.059122147365489,3.784440962106791,1.0,1.0,Good
2.522686868861901,1.8873826025682825,1.2251351574038087,2.0138731193728354,Bad
3.4508808541036,2.975905261718709,1.015816410415857,1.4894557819958172,Moderate
1.469905709238804,1.8440310044908133,1.0,1.4994454827722743,Good
2.905344896015898,1.398304639104782,1.621453546832491,1.5144288352687607,Moderate
1.5127500734243058,5.957510806348138,1.113203560046638,1.3246389045344684,Bad
1.2916379879566726,2.3093507777415523,1.0152634123591138,1.4794672798875594,Good
2.1690056705428358,3.801762670508924,1.2938204430625728,1.3645953103038984,Moderate
3.3111376260110186,3.0074250917619345,1.3812670034978625,1.03995520710123,Bad
2.531099452896747,5.409274002713419,1.0072998989506412,1.4245287202898431,Bad
1.8580887313034609,5.172638642028543,1.0088815204041974,1.709212417723082,Bad
2.1749646003584004,2.7274381329995894,1.0194663598911775,1.8790229469044597,Good
2.682526932976944,4.170913833177329,1.0,2.323529870079017,Bad
2.2496267512699277,5.440888486900918,1.4955304998056742,1.5643725444782484,Bad
2.98865330310265,2.9522417256502216,1.2378546443839875,1.6193123027441645,Moderate
3.605112464365214,1.9702049788079887,1.0177630687912942,7.92730370376487,Bad
3.0330533316618618,1.153812984445169,1.0457902090944422,1.908989651897432,Good
2.0426993322360127,1.9505169167990075,1.0757870097162845,1.354605609527441,Good
1.4998507005079709,3.614820735567872,1.0046638258841818,1.0,Good
2.518363708525856,5.168757822113311,1.1119315973571706,1.6942290652265954,Bad
2.415999315817261,4.387861131853223,1.0496060411970465,1.824084387306743,Good
1.6664675791783397,4.348390353690985,1.1888845705402251,1.1498335249648624,Good
2.0235371847750683,7.633646393151247,1.0401493882627284,1.5244173373770182,Bad
3.248977611826868,1.4259436492327755,1.0,1.3945620152968707,Good
1.8188297478200544,5.7405635076722445,1.1313979572483484,1.864039594407973,Moderate
1.5025380913644957,3.9619174826204473,1.0734551107656432,1.3596004599156697,Good
2.663481653834621,3.63848427163636,1.1515740474154683,1.529412187765247,Moderate
1.2982979986902408,5.3501151625422,1.0,1.0,Moderate
2.357121547071672,2.7314136070590957,1.247182268169452,1.2097669349508071,Moderate
3.06670386129184,5.622245827329807,1.0279828993392923,1.9739179122716053,Bad
1.276415115493783,5.646666596552485,1.0226528286047416,1.3596004599156697,Good
1.835655044883476,5.283100028396243,1.1897970649047804,1.6193123027441645,Bad
1.720215009327644,3.228347864497334,1.2017100567431014,1.3995556670168998,Good
1.6772170781075737,5.294931796430487,1.3008161678973962,1.6492790077371366,Bad
3.90504629703184,1.1064859123081938,1.263505644772639,2.578246862519284,Moderate
1.0833084715836168,7.3733474963978844,1.030314798289934,1.2397336399437795,Bad
1.7981486991982116,4.277399745485523,1.0443062479595802,1.214761785339036,Good
2.193191994760963,7.1012168316102775,1.150864317139526,1.3396222570309548,Bad
1.143014767051622,5.507903621046875,1.0,1.2197554370590649,Moderate
1.365482254128439,3.3978734368919787,1.037310523124757,1.918979352673889,Good
3.487335578411859,2.644615756759884,1.0608323886513795,3.911765234706559,Moderate
4.956742425902078,3.074534880052165,1.0012166404974738,2.743063739980632,Bad
2.3168110067081256,2.758957963042815,1.0932763218033423,1.6742508623418806,Good
2.109883523177346,7.191990155968996,1.348620278274388,1.5643725444782484,Bad
2.443117345014948,1.9347096747052572,1.130586872910999,1.5493891919817622,Good
2.104508805961162,4.399692899887466,1.053633899727944,1.6143174523559356,Bad
2.6930426952689337,1.6586035358581448,1.5503303630003886,1.314650402426211,Bad
3.605112464365214,1.350977566967807,1.0644823381267003,3.0027743841409267,Moderate
1.9309982444168448,5.60653323938033,1.0474492592304705,2.198668199718899,Bad
1.9730614225785337,2.9522417256502216,1.0,1.1498335249648624,Good
2.854284856723118,5.081959971814099,1.2320248830159346,1.3196452528144396,Bad
1.314422214835659,5.823385883911951,1.0268169358725223,1.3596004599156697,Good
1.986264575727048,5.109598981942092,1.0991061111542946,1.0749167624824312,Bad
2.33024783199702,1.8479118244060453,1.150408083948698,1.1048834674754036,Good
2.531099452896747,3.354521838814509,1.0,2.0238628201492928,Moderate
1.1205810806316368,3.677955049798597,1.0024333089778468,1.0,Good
1.9562361255151124,3.930302998432948,1.0109498204430625,1.569367394866477,Good
2.101821415104637,5.811554115877707,1.28799068169452,2.1187565868482388,Bad
3.658392485736895,1.9662295047484828,1.1107149568596968,1.9988897668763488,Moderate
1.3813727336366135,3.8356488541589977,1.0127194869801788,1.3845723145204134,Good
2.8166617072160967,5.448744780875656,1.1842207446560435,1.8540510922997155,Bad
4.224843229083684,2.766908911161827,1.0912485969685193,2.5183134525333384,Bad
1.8973476502900024,4.364197595784735,1.008516539448115,1.764150977320798,Good
2.856972247579643,3.429487921079477,1.1643995336183444,2.238623406820129,Moderate
2.020732990096786,6.032476888613106,1.1618141655654877,1.4345172223981009,Bad
1.6730107860901504,5.334402574592724,1.0109498204430625,1.4245287202898431,Bad
1.9169771420317057,2.90093917945374,1.0024333089778468,1.4994454827722743,Good
2.0515793250484817,7.065721527507546,1.0036499494753206,1.2896785478214672,Bad
4.60644969935754,4.028932616766404,1.0769529731830547,2.5732520121310545,Bad
2.332935222853544,6.304607553400713,1.204041983676642,1.2896785478214672,Bad
2.048074049452197,4.825636549120242,1.079284872133696,1.349611957807412,Moderate
1.3036727159064254,4.521891400145136,1.0093276237854645,1.2397336399437795,Moderate
1.9786698119350976,2.703774596931102,1.0254390019432569,1.589345597751192,Good
1.9970140101594172,4.600832956469611,1.180722882238632,1.414539019513386,Bad
2.255001468486112,4.5850257143758615,1.1002720466381657,1.3945620152968707,Moderate
1.8088981981274452,7.23931722810597,1.1480761849980567,1.4445057245063584,Bad
1.6637802528186798,1.7138815561141318,1.2600077823552274,1.5194224869887896,Bad
2.3786204804332747,3.8909268744149847,1.101438010104936,1.529412187765247,Good
2.782458826437841,7.128855841738271,1.2238631947143412,1.6592675098453944,Bad
1.2075116316332957,3.315051060652272,1.01703307889623,1.3096555520379822,Good
1.3729601496017674,2.755077143127583,1.0572377613680528,1.2397336399437795,Good
2.200202545953532,5.3501151625422,1.041366028760202,1.5643725444782484,Moderate
2.01582561716136,1.812416520303314,1.0524679362611735,1.3995556670168998,Good
1.3493580379830206,2.7826214991113023,1.0011659634667702,1.1148719695836613,Good
1.1626442587933252,5.30676356446473,1.0,1.1897887320660925,Moderate
1.7390265518327226,5.196302178097031,1.005829761368053,1.938956356890404,Moderate
2.94104848983924,4.703343394718299,1.3276331037699185,2.4833518971521373,Bad
1.1542316102616146,4.742814172880536,1.0279828993392923,2.198668199718899,Moderate
3.505703188998022,2.503297119358876,1.0209871745044694,1.8884241015948544,Moderate
2.020732990096786,2.1753205094496386,1.048334106490478,2.058823176862294,Good
2.448492062231133,3.425512447019972,1.0778654675476098,1.609322601967707,Good
2.5909226811802384,3.145525488257628,1.1037699090555773,1.834072889415001,Moderate
1.8814571707818284,6.679248656437007,1.0816167990672367,1.3596004599156697,Bad
2.5647500470235896,3.819936266209522,1.1070650073843762,2.15371814222944,Moderate
1.9755150767978145,4.072284214843873,1.0384764865915277,1.569367394866477,Good
3.340698731942195,4.135418529074598,1.1818888457054022,2.15371814222944,Bad
2.0534487666683816,6.608258048231544,1.1434123591138747,1.4544954252828155,Bad
2.0830098725995585,5.709043677629019,1.1119315973571706,1.5843507473629632,Bad
2.8479753864485517,1.2248035926506315,1.103027942479596,2.1836848472224126,Good
2.825541700028566,3.567493663430897,1.1861471154294598,1.899001149789174,Moderate
1.9325171455777437,3.953966534501435,1.030314798289934,1.6792457127301093,Moderate
3.5378114051052583,4.285256039460261,1.0705655685969686,2.0788013797470093,Bad
1.4879327763799757,6.375598161606176,1.0466381748931208,1.1048834674754036,Bad
2.760226950707132,3.457032277063197,1.1830548091721729,1.4544954252828155,Moderate
2.376867842635132,2.1082107211594083,1.0,2.158712992617669,Good
1.6303102499126658,3.985581018688935,1.0190792444617178,1.15982202707312,Good
2.107196196817686,4.632352786512836,1.1574038087835212,1.1448386745766337,Bad
1.4851285817016937,6.84489340891642,1.008516539448115,1.1448386745766337,Bad
1.9217677111453744,4.762502234889517,1.064127486980179,1.529412187765247,Good
3.711672507108576,5.756370749765994,1.0012166404974738,2.213651552215385,Bad
1.5939086065239567,4.762502234889517,1.125923047026817,1.419533869901615,Moderate
1.970257163403387,4.324726817622498,1.1812805254566654,1.469478777779302,Good
2.0599919735801926,7.073672475626558,1.018249719393704,1.4644839273910732,Bad
2.2254404270518,5.290956322370981,1.138748533229693,1.4045505174051285,Bad
1.3386085390537867,3.912034748588076,1.01554606762534,1.2637070039381575,Good
2.475015236846784,2.510490834323696,1.0083948698017875,2.8879024145572654,Good
2.507614209596622,6.083684780665313,1.2215312957637,1.569367394866477,Moderate
3.2708270856474724,4.391741951768454,1.324135241352507,1.3945620152968707,Bad
2.217027778520089,2.0806663651756887,1.052149938593082,1.864039594407973,Good
1.5320991327988076,3.967691385421158,1.0,1.5044391344923034,Good
1.550910739800751,5.152950580019562,1.2973183054799844,1.1798002299578347,Bad
1.9701403595816296,5.492096378953125,1.0617955600466382,1.5493891919817622,Bad
2.620834263073552,4.068403394928641,1.0644823381267003,1.544395540261733,Moderate
1.8384592395617576,5.993006110450869,1.079284872133696,1.419533869901615,Bad
1.4998507005079709,3.074534880052165,1.0687912848814614,1.5394006898735046,Good
1.833084522345573,4.880819915231955,1.1900505340069958,1.0149833524964862,Moderate
1.810417099288344,3.571469137490403,1.0291995398367664,1.3596004599156697,Good
1.5885338893077725,4.245879915442298,1.0991061111542946,1.2397336399437795,Moderate
2.811520662140292,4.328702291682004,1.083948698017878,1.709212417723082,Bad
3.0162280990953048,4.9321224614284365,1.0437993097551497,1.8440625901914576,Bad
2.096446697888452,4.269543451510785,1.0,1.274695195324981,Moderate
1.580471781235063,4.068403394928641,1.0513019727944035,1.779134329817284,Moderate
1.550910739800751,5.152950580019562,1.2973183054799844,1.1798002299578347,Bad
1.5019538787651148,5.736682687757012,1.0279828993392923,1.3995556670168998,Bad
2.437742627798764,2.8024042152645583,1.0437993097551497,1.4794672798875594,Good
3.293844984666838,3.1612380762071037,1.0425826692576758,1.5743622452547057,Good
3.11157123413181,3.4097052049262224,1.026766258841819,2.3085465175825317,Moderate
1.8906709993653723,2.372485091972277,1.4642617364943646,1.0249718546047435,Bad
2.8193490335757563,1.197164582522638,1.1690633595025262,2.018867969761064,Good
2.2394614649400744,5.302788090405224,1.2080467842984843,1.0980726347646008,Bad
1.051597491665339,2.63278398872564,1.083948698017878,1.829079237694972,Good
1.6906539033964674,3.208565148344078,1.1002720466381657,1.11986681997189,Good
2.2868660154389584,4.1157304670656165,1.116798187329965,1.544395540261733,Moderate
2.988185958821891,3.5043593492001723,1.1301813167508743,2.783018947081862,Moderate
1.5552339001367956,4.983330353480644,1.026766258841819,1.2846836974332383,Bad
2.982577504968462,4.963642291471661,1.0279828993392923,1.8790229469044597,Bad
1.7927739819820272,5.141118811985318,1.0991061111542946,1.254716992440266,Good
2.4243057380130053,5.586750523227075,1.0023318989506411,1.1048834674754036,Bad
1.7444013335457718,2.463163762186721,1.0268169358725223,1.4544954252828155,Good
2.3060615077788915,5.618365007414575,1.0,2.31354016930256,Bad
2.79469536507687,2.033339293038713,1.0439731395258454,1.899001149789174,Moderate
1.877718223045164,1.757233154191601,1.0364994387874078,1.1048834674754036,Good
1.5692549380250704,4.28137521954503,1.0,1.5394006898735046,Good
1.1101821221614043,5.208133946131275,1.307811892732219,1.8091010348102567,Bad
1.5364966580197157,6.979018331352608,1.0470621438010106,1.329633754922697,Bad
1.4944759832917862,4.49037157010191,1.0151574131364167,1.4045505174051285,Good
2.7834785218668774,3.934278472492454,1.032849489312087,1.5244173373770182,Moderate
1.25261274111051,4.214265431254798,1.0198212110376992,1.2796888470450098,Good
2.0466082292108494,4.194577369245817,1.3726813462883791,1.4395120727863295,Moderate
2.67105513366126,5.784009759893987,1.092465237465993,1.7391791227160542,Bad
2.1052417483302674,2.510490834323696,1.138748533229693,1.744172774436083,Good
1.5863351266973185,4.380478108599855,1.0116595507190052,1.3596004599156697,Good
4.367857996135305,2.4789710042804707,1.0632656976292263,2.508323751756881,Bad
2.878821721400247,2.9837615556934467,1.0705655685969686,1.6492790077371366,Moderate
2.177067778615545,3.1060547100953904,1.172561221919938,1.409545367793357,Moderate
2.846222748650409,4.166938359117824,1.271667305091333,2.0788013797470093,Good
1.356134852538346,3.6661232817643534,1.0,1.3596004599156697,Good
2.2066288200498567,3.1928525603946025,1.2180334333462883,2.6581572767217434,Moderate
2.814324856818573,2.6959183029563643,1.059615748153906,2.0638180272505227,Moderate
3.993729485831641,1.7295941440636076,1.4244073159735715,1.9489460576668611,Moderate
2.424539474650249,2.90093917945374,1.0223863194714342,1.709212417723082,Good
1.491788592435262,4.31687052364776,1.1597357077341623,1.0,Good
2.803108013608581,2.0608836490224327,1.1459977271667314,1.6892342148383668,Good
2.5855478994671897,5.377754172670193,1.1865526715895842,1.7341842723278256,Bad
2.4312161255748794,5.223941188225024,1.0496060411970465,1.5044391344923034,Bad
2.096446697888452,5.22791666228453,1.2565099199378158,1.0149833524964862,Moderate
3.061095471935275,3.299338472702797,1.0450159782355228,1.6542726594571655,Moderate
1.5912212801642969,4.8611318532229735,1.060629624562767,1.3196452528144396,Moderate
1.9557262778005944,5.468432842884638,1.13609863661096,1.5094339848805318,Bad
3.90504629703184,1.20511553064165,1.588806849591916,2.55327380924634,Moderate
1.2047074369550137,5.803697821902969,1.01703307889623,1.3096555520379822,Moderate
2.3194983330677856,2.2818064217578327,1.258841818888457,1.8940062994009452,Good
1.908330821359616,4.699367920658792,1.064127486980179,1.5493891919817622,Bad
2.32218572392431,1.9741804528674949,1.1562378453167508,3.1026641998963016,Good
1.9782024676543388,3.4413196891137217,1.029148862806063,1.409545367793357,Good
3.609435624701259,3.220396916378322,1.335794792071512,1.7491676248243118,Moderate
1.5892668316768783,2.9285781895817338,1.0069957248348231,1.314650402426211,Good
2.2066288200498567,4.565337652366879,1.3089778561989895,1.2397336399437795,Bad
1.6369065377440275,6.288800311306964,1.0757870097162845,1.7391791227160542,Bad
2.413556303580636,6.04430865664735,1.125923047026817,1.5094339848805318,Moderate
1.2860295986001085,6.801541810838951,1.0121664889234356,1.5593788927582195,Moderate
1.4461033348555312,3.701618585867085,1.0,1.2185807422233403,Good
1.9970140101594172,5.042489193651862,1.1655654970851146,1.6842393644501383,Moderate
1.9610032822669377,4.494347044161417,1.1247570835600469,1.3995556670168998,Bad
1.4353538359262972,5.1844704100627865,1.0,1.0899001149789174,Moderate
1.9267181034894765,5.034632899677124,1.0,1.6592675098453944,Moderate
2.7358068898517605,4.707318868777804,1.0802987485425573,1.918979352673889,Bad
1.8733950627091192,7.822954681699146,1.4708426987951808,2.058823176862294,Bad
2.0695729828138,6.596426280197301,1.137582597745822,1.1648168774613483,Bad
1.1346021830167758,4.435188203990197,1.0036499494753206,1.2397336399437795,Good
1.7851792181900763,5.819505063996719,1.4793592382432958,1.11986681997189,Bad
2.706479520557828,1.153812984445169,1.1165954232413524,1.9339627051703752,Good
1.8077464776166103,5.417224950832431,1.110532452390206,1.744172774436083,Moderate
4.937112934160376,2.739269901033833,1.035282798289934,2.9078806174419807,Bad
1.3520453643426806,5.953535332288632,1.0268169358725223,1.2397336399437795,Moderate
1.9562361255151124,4.0959477509123605,1.0114475522736106,1.5493891919817622,Good
1.376231688560808,4.048620678775386,1.0139914496696465,1.2796888470450098,Good
1.773962374980084,5.866832136133693,1.1095996984065293,1.6742508623418806,Moderate
2.537175251030934,3.8514560962527473,1.0218996688690245,1.709212417723082,Good
1.5724096731623538,5.519735389081118,1.0011659634667702,1.8190895369185145,Moderate
3.7200851556402874,3.323002008771284,1.0608323886513795,1.884017797292688,Moderate
1.6533812943484474,3.681835869713829,1.092465237465993,1.958934559775119,Good
1.9513287525796867,6.840917934856914,1.0338126607073457,1.569367394866477,Bad
2.1475067371812324,4.9321224614284365,1.137582597745822,1.1398450228566048,Moderate
2.2361899259810336,4.178770127152067,1.053633899727944,1.3737027912853623,Moderate
2.0026331059955016,3.5004785292849405,1.1364166342790516,1.9489460576668611,Good
4.564917588378818,3.6463405656110974,1.0013325176836378,1.6942290652265954,Bad
2.824723815288806,4.245879915442298,1.114263496307812,1.5493891919817622,Moderate
1.5748633273816344,4.577169420401123,1.0036499494753206,1.6865096420204058,Good
1.8868318879980128,5.9496545123734,1.2774970944422852,1.2497221420520372,Bad
2.6853311276552256,5.219965714165518,1.0623255561601244,1.7891228319255417,Bad
1.7150739642518391,5.811554115877707,1.0827320575204042,1.1947835824543211,Moderate
2.2469393604134025,5.582869703311843,1.2215312957637,1.3645953103038984,Moderate
2.3759330895767503,4.813804781085999,1.4477263894286825,1.0,Bad
1.4864138752190772,3.062703112017921,1.0151574131364167,1.0,Good
1.8922066052141973,4.742814172880536,1.0466381748931208,1.8690344447962015,Moderate
1.6477728404950187,6.797566336779445,1.018249719393704,1.2397336399437795,Bad
1.9325171455777437,4.407549193862204,1.2191993688301594,1.0,Moderate
1.550910739800751,3.2520114005658214,1.0151574131364167,1.0449500574894588,Good
1.8088981981274452,5.610414059295563,1.0396424500582977,1.3396222570309548,Bad
1.8020045152534976,4.474564328008161,1.008516539448115,1.1498335249648624,Good
2.3432173130051543,5.152950580019562,1.0802987485425573,2.228634904711871,Bad
1.5552339001367956,6.150794568955543,1.0316328488146134,1.4644839273910732,Bad
1.0351801372703968,5.263411966387261,1.0,1.0899001149789174,Good
2.284328837780045,6.063996718656331,1.0109498204430625,1.3795786628003843,Bad
4.698754967575384,3.255892220481053,1.0863820069957248,2.248613107596586,Bad
1.6530307538894458,3.236204158472072,1.2063738826272834,1.2447284903320084,Bad
3.7440484497006903,1.532429561540969,1.10828164788185,2.043839824365808,Moderate
3.1166698402707205,2.411955870134514,1.1046316984065294,2.373473579288505,Moderate
1.6960286851095163,4.052596152834892,1.1734939759036145,1.0,Moderate
2.6930426952689337,3.7554767939589615,1.1410804601632336,1.884017797292688,Moderate
8.954613276907464,2.8930828854790027,1.064127486980179,3.287458081574165,Bad
1.2272746963815475,5.732707213697506,1.025317863972017,1.2197554370590649,Moderate
3.226543925406882,5.922015502245406,1.100981776914108,2.2086567018271563,Bad
2.1916563244152734,4.028932616766404,1.0250373354061406,1.1123751437236469,Moderate
2.4619289520168914,5.385610466644931,1.4104158663039257,1.3695889620239272,Bad
3.308987752023917,5.598582291261319,1.1348267019043918,1.484462130275788,Moderate
3.4480766594253174,1.5560930976094571,1.068132287602021,2.5183134525333384,Moderate
3.1396133744052235,1.8400555304313075,1.0012166404974738,1.7142060694431107,Moderate
2.346372048142438,5.523710863140624,1.0338126607073457,1.7042175673348532,Bad
3.4858166772509604,4.498227864076648,1.1037699090555773,2.3584902267920187,Bad
5.007218252595478,3.2520114005658214,1.0912485969685193,3.687014947259265,Bad
1.8531176354658283,3.729162941850804,1.1539059463661097,1.4994454827722743,Moderate
2.194594092100104,5.377754172670193,1.0462326187329964,1.5793558969747346,Bad
1.5347865236553324,5.06615272972035,1.3322969296541003,1.0,Good
2.721785851963486,2.644615756759884,1.6156237854644384,1.4794672798875594,Moderate
2.7133732034317752,1.8601222090173848,1.0669156191216478,1.859045942687944,Good
1.4094148739100274,4.395717425827961,1.0255495903614458,1.3096555520379822,Good
2.230815144267984,6.793590862719939,1.2483482316362222,1.2297451378355222,Bad
3.133771248411416,3.918471230398704,1.209871745044695,1.604328950247678,Moderate
2.459241561160366,3.1612380762071037,1.4337349397590362,1.6193123027441645,Moderate
1.4122190685883091,4.166938359117824,1.008516539448115,1.2447284903320084,Good
1.5524296409616491,4.24976073535753,1.115747457442674,1.314650402426211,Moderate
1.5159749166533891,2.1792013293648704,1.0912485969685193,1.1798002299578347,Good
2.064198265597615,7.3181641302861715,1.1865526715895842,1.7691458277090266,Bad
3.45929350263531,2.948266251590716,1.12531472677808,1.8140958851984847,Moderate
2.3893699793625087,4.742814172880536,1.102603973571706,1.484462130275788,Bad
2.901255407820232,4.466708034033423,1.081515389040031,1.7192009198313394,Bad
1.854583455707176,4.703343394718299,1.0396424500582977,1.2996670499297247,Bad
4.227647423761965,1.5837321077374504,1.0462326187329964,3.117647552392788,Moderate
3.2708270856474724,1.8242482883375577,1.0928523528954528,1.8790229469044597,Moderate
2.093759307031928,4.182745601211574,1.239020607850758,1.709212417723082,Good
2.811520662140292,2.33301431381004,1.0032849405363389,3.142619406997532,Moderate
1.336305098032117,4.612664724503855,1.0,1.0,Good
2.6151090053983665,3.0665839319331534,1.307811892732219,1.3995556670168998,Bad
2.3488257023617183,4.87684444117245,1.0364994387874078,1.3346286053109258,Bad
3.515377718685273,1.9307342006457515,1.1107149568596968,2.2086567018271563,Moderate
2.163747757148408,4.139394003134104,1.0523158492032647,1.5244173373770182,Good
1.9137056030726651,1.3667848090615569,1.9117761274776528,1.0,Bad
1.3117348239791344,5.858881188014681,1.0198212110376992,1.0,Moderate
3.874316765901901,2.4829464783399766,1.0036499494753206,2.173696345114155,Moderate
2.4553857451050805,5.452720254935162,1.068132287602021,1.9139845022856603,Bad
1.5535980661604107,2.908890127572752,1.4080839393703848,1.2097669349508071,Moderate
1.852480277450032,6.229641471135745,1.0547491581811117,1.329633754922697,Bad
1.171991660383418,4.0249571427068975,1.0151574131364167,1.3346286053109258,Good
1.4729769854333186,6.229641471135745,1.029148862806063,1.0799116128706598,Bad
3.0134238399201583,5.819505063996719,1.024332949863972,1.4644839273910732,Bad
2.27112568463153,4.084115982878117,1.1200932856587642,1.2297451378355222,Moderate
2.160943562470126,5.018825657583375,1.143564446171784,1.5094339848805318,Moderate
1.7156080627874395,2.793128109125711,1.0493032102603963,1.226415237576703,Good
2.124488838161866,6.967186563318363,1.0012166404974738,1.2647054945485237,Bad
1.8223350234163396,3.2480359265063155,1.1667314325689857,1.3196452528144396,Good
1.3601074724153897,5.855000368099449,1.0256510003886514,1.0,Moderate
2.800537491070678,4.419380961896448,1.239020607850758,1.6492790077371366,Bad
2.003907693033365,5.200277652156537,1.0121664889234356,1.609322601967707,Bad
2.187328649298707,4.983330353480644,1.092465237465993,1.2247502874472935,Good
1.3197969320518437,4.127562235099861,1.0652934224640498,1.2097669349508071,Moderate
2.1851298866882534,3.173069844241347,1.7846871449669646,1.7142060694431107,Moderate
1.4246043369970636,3.705499405782316,1.1982121943256898,1.254716992440266,Moderate
2.1233204129631047,3.740994709885048,1.2713124539448115,1.0820140768929667,Good
4.816531853528739,1.3746411030362946,1.041366028760202,4.3562709592129165,Bad
1.8196476325598143,5.9496545123734,1.06645938593082,1.6842393644501383,Bad
2.744102734561713,2.699799122871596,1.2133696074621063,1.609322601967707,Moderate
2.122831784717034,3.882975926295973,1.0944422852701128,1.4395120727863295,Good
2.956404870811813,4.561362178307373,1.108433734939759,2.5133186021451097,Moderate
2.7494774517778984,2.6051449785976466,1.2798289933929266,1.3346286053109258,Good
1.825022414272864,4.486396096042405,1.1492421204819276,1.1798002299578347,Good
3.171394462415301,2.4868272982552084,1.263505644772639,2.038846172645779,Moderate
1.548223348944226,5.263411966387261,1.2087057815779243,1.4395120727863295,Moderate
2.706479520557828,3.6936676377480726,1.197046258841819,2.228634904711871,Moderate
2.245069918793503,6.45046958972687,1.1094982883793238,1.484462130275788,Bad
3.669609328946888,2.8024042152645583,1.1070650073843762,3.217536169479963,Moderate
2.037324550522963,3.957942008560941,1.2063738826272834,2.083796230135237,Good
2.502239492380437,3.1612380762071037,1.0816167990672367,1.7891228319255417,Moderate
5.710958505318703,3.950085714586204,1.0629615235134084,2.703107334211202,Bad
1.599283388237006,4.577169420401123,1.2973183054799844,1.0,Moderate
1.4944759832917862,3.6108452615083664,1.3229693058686358,1.2597118428284946,Bad
1.0813221616450948,4.419380961896448,1.0036499494753206,1.3046619003179534,Good
2.9657522724019056,2.447451174237245,1.1715473455110763,2.138734789732954,Moderate
3.422838713830185,3.882975926295973,1.081515389040031,2.098779582631724,Moderate
2.738611149026907,5.251580198353017,1.0572377613680528,1.8490562419114869,Bad
3.420168092158452,1.208996350556882,1.9992226879129424,1.7491676248243118,Bad
2.362496264287856,5.3501151625422,1.1317528083948698,1.5493891919817622,Moderate
1.9225855958851343,3.3584973128740154,1.031798759424796,1.5743622452547057,Good
1.2821737825448225,6.152782305985297,1.0011659634667702,1.0899001149789174,Bad
1.9835771848705237,6.9632110892588575,1.1002720466381657,1.4345172223981009,Bad
1.4729769854333186,4.407549193862204,1.0513019727944035,1.3795786628003843,Good
1.4622275510009497,2.778740679196071,1.0069957248348231,1.3596004599156697,Good
1.386981187490042,5.906208260151656,1.095608248736883,1.274695195324981,Bad
1.137788779605163,4.123586761040354,1.0,1.2397336399437795,Good
1.7627455317700913,3.236204158472072,1.0559657986785853,1.9689230618833768,Good
2.499552101523913,4.214265431254798,1.2238631947143412,1.0699219120942025,Moderate
1.7497760507619564,5.487742288316523,1.0734551107656432,1.3046619003179534,Moderate
2.7817258840687358,4.41152466792171,1.1399144966964632,1.5194224869887896,Moderate
1.493541230233404,6.5569555020350645,1.041366028760202,1.2697003449367523,Bad
1.86802028099607,5.843168600065206,1.096774184220754,1.0,Bad
4.168408472574718,1.410136407139026,1.1818888457054022,3.483906614157896,Moderate
2.6177963317580266,4.170913833177329,1.072289147298873,1.0,Moderate
1.580471781235063,5.578894229252337,1.0932763218033423,1.6992227169466243,Bad
1.5998208406095653,4.291881829559438,1.026583754372328,1.3396222570309548,Good
2.365183655144381,4.28137521954503,1.0652934224640498,1.839067739803229,Moderate
2.768289058779841,5.665692079551549,1.2153466552662262,1.938956356890404,Bad
5.374569948343817,3.0784156999673966,1.0218996688690245,2.648168774613486,Bad
3.5209861725387017,1.2248035926506315,1.081515389040031,2.3584902267920187,Moderate
2.22250872207224,4.687536152624549,1.114596632724446,1.469478777779302,Moderate
1.5965959973804815,3.567493663430897,1.0513019727944035,1.3346286053109258,Good
4.210184833179612,3.425512447019972,1.3090838554216868,4.0316320546784485,Bad
1.489101201578737,5.389585940704437,1.0408083855421686,1.4944506323840456,Moderate
1.4461033348555312,5.302788090405224,1.0209871745044694,1.2397336399437795,Moderate
2.4426930201428654,4.545554936213623,1.141247014380101,1.7341842723278256,Moderate
1.2243369286967167,3.113911004070128,1.0,1.0,Good
2.698417412485118,3.113911004070128,1.058509696074621,1.5993340998594494,Moderate
1.378919079417333,5.169041784546133,1.0,1.3346286053109258,Good
1.9432666445069773,4.963642291471661,1.2844928192771086,2.003884617264578,Moderate
3.5237903672169835,2.2581428856893453,1.0742155180722892,2.443396690050907,Moderate
3.211321052943993,2.7812016869471936,1.077286109599689,2.8470386169606487,Moderate
3.1498954645568342,2.30546995782632,1.0909444228527012,2.303551667194302,Moderate
1.7981486991982116,4.072284214843873,1.1107656338904004,1.2597118428284946,Good
1.7390265518327226,6.706887666565001,1.247182268169452,1.0699219120942025,Bad
1.7122697050766924,6.320320141350189,1.0705655685969686,1.3246389045344684,Moderate
2.808716402965145,1.8005847522690703,1.0121664889234356,1.03995520710123,Good
1.9620782515089203,5.803697821902969,1.1165954232413524,1.6193123027441645,Moderate
4.076220008178633,4.837468317154486,1.0012166404974738,2.4184236367779635,Bad
1.5019538787651148,5.586750523227075,1.0279828993392923,1.7142060694431107,Bad
1.4514780520717157,6.919859491181389,1.0699572483482316,2.198668199718899,Bad
2.0212003343775446,1.9938685148764763,1.3614457924601633,1.094894965367146,Bad
2.5962973983964237,4.269543451510785,1.0571824391760591,2.31354016930256,Moderate
2.005076118232126,4.955785997496924,1.35445006762534,1.409545367793357,Bad
2.5815752795901457,4.458851740058686,1.1301813167508743,1.8140958851984847,Bad
4.16875901303372,1.5482368036347192,1.2323797341624565,2.5682571617428263,Moderate
2.1973982867783857,5.101648033823081,1.0437993097551497,1.03995520710123,Bad
2.558674248889402,1.6783862520114003,1.2553439564710454,1.2497221420520372,Good
1.7927739819820272,7.326020424260909,1.3626117279440342,1.4944506323840456,Bad
3.930401046448729,4.462732559973917,1.008516539448115,2.293563165086045,Bad
1.548223348944226,3.3703290809082587,1.0,1.3845723145204134,Good
1.7156080627874395,2.793128109125711,1.0493032102603963,1.226415237576703,Good
2.220065709835615,5.653860311517306,1.0687912848814614,1.2996670499297247,Bad
2.9797733102901804,4.53372316817938,1.099765108433735,1.983906414379863,Moderate
2.8928427592885217,2.3409652619290515,1.0620490291488536,2.897890916665524,Good
3.0668313715931173,2.8970583595385087,1.073773108433735,1.8890126476809168,Moderate
2.109883523177346,5.642028543483062,1.2798289933929266,1.1048834674754036,Bad
3.439664010893607,1.7177623760293637,1.0644823381267003,2.9328524720467244,Good
2.4637983936367918,4.518010580229904,1.0279828993392923,1.9539397093868904,Bad
4.339815920358756,2.755077143127583,1.10828164788185,2.688123981714716,Bad
2.2173783189790903,2.2581428856893453,1.0256510003886514,1.8890126476809168,Good
2.561361575249062,6.359790919512426,1.205207919160513,1.174805379569606,Bad
2.878821721400247,3.374209900823491,1.3151117916828603,1.943951207278633,Bad
2.012320341565076,3.054752163898909,1.0017033190827829,1.4345172223981009,Good
2.3194983330677856,4.230072673348548,1.0769529731830547,1.4644839273910732,Moderate
2.676918479123516,2.3843168600065203,1.276331130975515,1.0749167624824312,Good
2.2657509674153458,4.305038755613516,1.0851146614846483,2.35349657507199,Moderate
1.7685876577638997,5.935551044876582,1.0186552755538285,1.2846836974332383,Bad
2.8732132675468183,5.728731739638,1.0206830003886511,1.604328950247678,Bad
1.56166017423312,3.2520114005658214,1.0069957248348231,1.294672199541496,Good
4.373466449988734,2.068834597141445,1.0340661298095608,2.5832405142393124,Moderate
1.5858464984512477,2.790572447230314,1.0827320575204042,1.4644839273910732,Good
1.7655497264483735,1.997843988935982,1.1338312662261951,1.3795786628003843,Good
2.2496267512699277,6.170482630964526,1.064127486980179,1.6143174523559356,Bad
1.580471781235063,5.910183734211162,1.0338740272055966,1.4569922511428302,Bad
1.967452968725105,1.6270837058149197,1.0781189366498252,1.2597118428284946,Good
2.4013409844100546,1.3194577369245817,1.0233190734551108,1.5094339848805318,Good
3.0022069967101657,1.449607185301263,1.109387699961135,1.724195770219568,Good
2.245069918793503,3.5951326735588904,1.0231163093664983,1.639289306960679,Moderate
1.437457014183441,5.160806873994299,1.0,1.3246389045344684,Good
1.894893996070722,4.50617881219566,1.0268169358725223,1.4295223720098722,Good
1.4514780520717157,1.8321992364565696,1.2530627345511076,2.1087680847399817,Good
2.230815144267984,4.656016322581324,1.4222873874854256,1.3795786628003843,Bad
1.6674023322367215,3.740994709885048,1.0165353470656822,1.6342956552406505,Good
1.580471781235063,6.142843620836532,1.0163233486202876,1.4594890770028446,Bad
2.170618092157377,3.0784156999673966,1.0654100272055966,1.3945620152968707,Good
1.6960286851095163,1.8873826025682825,1.101438010104936,1.254716992440266,Good
1.693341294252992,4.54953041027313,1.2681694426739214,1.5993340998594494,Moderate
3.321887124940252,2.4868272982552084,1.0255495903614458,2.338513222575504,Moderate
1.9980041015276109,4.494347044161417,1.7042363093664985,1.1997784328425498,Bad
1.0644968645816737,3.973749250654691,1.0,1.274695195324981,Good
3.210483432163671,3.457032277063197,1.126531367275554,1.669256011953652,Moderate
2.9644669788845226,3.098198416120652,1.1434123591138747,1.7541624752125404,Moderate
4.265153769447229,1.6902180200456445,1.3789351045472211,3.66703674437455,Bad
5.195100392487071,1.0788469021802003,1.1131482378546445,4.141509173873882,Moderate
1.601970714596666,4.521891400145136,1.0011659634667702,1.414539019513386,Good
1.2767990653286376,3.31117024073704,1.0,1.314650402426211,Good
1.2714242836155885,2.4868272982552084,1.0011659634667702,2.123751437236468,Good
1.5247699670952048,5.819505063996719,1.0151574131364167,1.2996670499297247,Bad
1.8328507857083287,4.926064596194904,1.0966681849980566,1.99389611515632,Good
1.4038064845534632,3.784440962106791,1.0152634123591138,1.274695195324981,Good
3.2097186928403256,1.1616692784199067,1.087598647493199,1.978912762659834,Moderate
1.56166017423312,3.334833776805528,1.0326467252234746,1.2896785478214672,Good
1.1908032028884965,5.397442234679175,1.0,1.254716992440266,Good
1.7014034023257012,4.518010580229904,1.1492421204819276,1.1348501724683762,Moderate
2.4077141775868283,3.831768034243766,1.0788609032258063,2.0688128776387518,Good
1.748724493881817,4.289231513519767,1.0389327197823552,1.094894965367146,Good
1.81427291534363,6.182314398998769,1.3346288286047416,1.0,Bad
2.250678308150067,4.936003281343668,1.2384629646327243,1.8490562419114869,Bad
1.6960286851095163,5.642028543483062,1.1597357077341623,2.743063739980632,Bad
1.0448673728399704,5.034632899677124,1.0863820069957248,1.0,Good
2.532568368987594,3.630627977661622,1.4863694302370771,2.35349657507199,Moderate
1.8035234164143965,2.9600980196249598,1.0513019727944035,1.1248616703601186,Good
2.0515793250484817,5.685380141560532,1.041366028760202,1.449500574894587,Bad
1.50791280858068,3.953966534501435,1.02215313797124,1.2647054945485237,Good
3.321887124940252,5.11745527591683,1.138748533229693,1.4045505174051285,Moderate
1.6369065377440275,5.488215559037893,1.0326467252234746,1.5743622452547057,Bad
3.171394462415301,2.684086534922121,1.116798187329965,2.508323751756881,Good
3.3527334598919483,2.072715417056677,1.2141300147687524,5.699777833508449,Bad
1.5690899550454709,3.4204011232291784,1.06645938593082,1.294672199541496,Bad
1.5777843903785382,3.058727637958415,1.33113096618733,1.0849052645906887,Moderate
1.6169265055433228,3.804129024115772,1.0,1.3695889620239272,Good
1.4326664450697726,3.8474806221932414,1.0198212110376992,1.154828375353091,Good
2.975216477813756,2.0766908911161828,1.0116595507190052,1.5044391344923034,Moderate
2.155568845253941,6.288800311306964,1.2191993688301594,1.329633754922697,Bad
1.4568527692879003,5.2042531262160425,1.0163233486202876,1.2597118428284946,Moderate
1.2767990653286376,3.0902474680016403,1.1399144966964632,1.11986681997189,Good
2.281875183560764,6.336127383443938,1.174893120870579,1.7341842723278256,Bad
3.4391541631790887,1.812416520303314,1.0517683637776911,1.864039594407973,Good
1.4739117384917009,3.942134766467192,1.165464087057909,1.1798002299578347,Bad
2.267503605213488,5.665692079551549,1.0036499494753206,1.2247502874472935,Moderate
2.01582561716136,7.665260877338746,1.3474543427905168,1.1947835824543211,Bad
2.010450899945176,6.087660254724819,1.1597357077341623,1.5643725444782484,Bad
1.954016143436211,6.170482630964526,1.5689856105713176,1.0699219120942025,Bad
2.0561361575249064,3.662147807704848,1.0407023863194715,1.544395540261733,Good
1.9728276859412897,3.378185374882997,1.7123979696851923,1.3945620152968707,Bad
2.251825513880381,5.598582291261319,1.0076316921881072,1.1798002299578347,Moderate
1.5374738500149925,5.55523069318385,1.2483482316362222,1.4295223720098722,Bad
1.527191759863382,3.4806958131316845,1.1437303567819666,1.329633754922697,Good
3.921170513177258,1.0315198300432251,1.5993004368441508,2.333518372187275,Moderate
1.25261274111051,5.342258868567462,1.0104935872522347,1.0749167624824312,Moderate
2.2039414936901967,3.3584973128740154,1.0,1.1348501724683762,Good
3.434756637958181,5.070128203779855,1.4547221142635056,2.093784732243495,Bad
1.4998507005079709,5.985149816476131,1.0256510003886514,1.2896785478214672,Bad
1.9110182122161403,5.148975105960056,1.2646715802565098,1.1798002299578347,Bad
1.5511550539237862,5.239748430318774,1.0992121103769918,1.4295223720098722,Moderate
1.3028548311666652,3.800153550056266,1.0279828993392923,1.3596004599156697,Good
3.6303504099603456,3.035064101889928,1.0985484679362612,2.4483903417709363,Moderate
1.8468718880934685,2.71163089090584,1.0015816494364556,1.4345172223981009,Good
2.5828605731075296,3.2007088543693403,1.0408083855421686,1.4994454827722743,Good
2.703792194198168,4.675704384590305,1.1515740474154683,1.2796888470450098,Bad
1.7390265518327226,3.4768149932164527,1.0594636610959969,1.5244173373770182,Good
3.95073155461157,2.017532050944964,1.180722882238632,3.3523863419483386,Moderate
3.4172303244736217,4.624496492538098,1.024332949863972,1.958934559775119,Bad
3.058524949397373,2.498659066289452,1.276331130975515,1.8790229469044597,Moderate
1.611318116186759,6.099492022759063,1.0535324897007383,1.0,Moderate
1.50791280858068,2.5459861384264277,1.1713952584531675,1.11986681997189,Good
1.5052254177241555,5.697211909594775,1.162067634667703,1.214761785339036,Bad
2.217027778520089,3.3308583027460217,1.059615748153906,1.5743622452547057,Good
1.6637802528186798,5.784009759893987,1.0676253493975905,1.374583812412156,Moderate
3.748127295913701,1.4456317112417572,1.0948985184609406,2.6681469774982007,Moderate
1.7014034023257012,5.026776605702387,1.212203643995336,1.1798002299578347,Bad
4.322990623295334,1.5994446956869262,1.1180148278274389,3.677025246482808,Moderate
3.490139837587006,1.5245732675662316,1.024332949863972,2.0288564718693216,Moderate
2.1475067371812324,4.596857482410105,1.0209871745044694,1.2846836974332383,Good
2.665701635913523,3.934278472492454,1.0754321585697628,1.8440625901914576,Moderate
2.163630953326651,5.452720254935162,1.0594636610959969,1.3396222570309548,Bad
1.247237959397461,5.30676356446473,1.0550330446949088,1.0,Moderate
2.383995197649459,4.719150636812048,1.137582597745822,1.7035666905024056,Bad
3.3555376545702296,3.173069844241347,1.018249719393704,2.298556816806074,Moderate
1.689620341141546,2.6911855957426667,1.0064575856976292,1.0,Good
1.894893996070722,4.892651683266199,1.1539059463661097,1.4245287202898431,Bad
3.333103968150245,2.471114710305733,1.1119315973571706,2.373473579288505,Bad
1.300050636488383,5.298907270489993,1.0279828993392923,2.198668199718899,Bad
3.106897597833628,1.5028974685274972,1.0217644834823163,2.2810766384495733,Moderate
2.023887725234069,4.269543451510785,1.406918003886514,1.4395120727863295,Moderate
1.405792794491985,4.20640913728006,1.3194714434512242,1.374583812412156,Bad
1.2794863916882977,6.048189476562582,1.02215313797124,1.0,Moderate
4.685535109738943,4.955785997496924,1.335794792071512,2.058823176862294,Bad
1.4879327763799757,3.82779256018426,1.0012166404974738,1.4994454827722743,Good
2.499552101523913,2.755077143127583,1.0116595507190052,1.943951207278633,Good
3.462097697313592,3.4886467612506964,1.1484310361445784,2.173696345114155,Moderate
1.5912212801642969,6.37162268754667,1.0338126607073457,1.11986681997189,Bad
3.171394462415301,2.684086534922121,1.116798187329965,2.508323751756881,Good
1.9163929294323248,2.71163089090584,1.0046638258841818,1.4445057245063584,Good
1.246260767402184,1.9898930408169704,1.0089036548775747,1.2397336399437795,Good
3.25178180650515,4.494347044161417,1.0291995398367664,1.7941176823137703,Bad
1.386981187490042,5.626221301389313,1.037310523124757,2.198668199718899,Bad
2.230815144267984,4.959666817412156,1.1165954232413524,2.19367334933067,Moderate
2.5049268187400973,1.508766025472482,1.0572377613680528,1.908989651897432,Good
1.8707076718525943,7.073672475626558,1.0932763218033423,1.484462130275788,Bad
2.441364707216806,3.772609194072547,1.0790821080450836,1.604328950247678,Good
2.010450899945176,4.825636549120242,1.0206373882627284,1.2996670499297247,Good
3.313092074498437,2.498659066289452,1.212203643995336,1.958934559775119,Moderate
2.3123709780534587,1.8795263085935443,1.077588940536339,2.5882353646275407,Good
2.0212003343775446,1.3154822628650755,1.1317528083948698,1.0,Good
2.01812905818303,6.119180084768044,1.2296929560823942,1.274695195324981,Bad
1.8665013798351715,5.429056718866674,1.0462326187329964,2.198668199718899,Bad
1.4514780520717157,6.182314398998769,1.0122881305868636,1.6293008048524218,Bad
2.1501940635408925,4.691511626684054,1.037310523124757,1.8440625901914576,Moderate
1.518779111331671,4.395717425827961,1.0038158600855034,1.0,Good
3.641684056992096,3.050871343983677,1.0408083855421686,2.428413337554421,Moderate
2.314123615851601,3.756801951978797,1.2739992320248736,2.0488346747540365,Moderate
3.907967360028744,2.364628797997539,1.0851653385153517,2.0887898818552664,Moderate
1.779825720442339,7.042057991439059,1.0050877947920716,1.419533869901615,Bad
1.580471781235063,3.007993016627578,1.008744656043529,1.128428906922482,Good
2.634855300961827,4.163057539202592,1.0827827345511076,1.544395540261733,Moderate
1.529995954541664,2.6130959267166585,1.0178073097551497,1.314650402426211,Good
1.5240370247260986,6.363766393571932,1.0233190734551108,1.3695889620239272,Bad
3.347125006038519,1.1616692784199067,1.1399144966964632,2.683130329994687,Good
1.6584054711056306,4.068403394928641,1.0115429459774583,1.3645953103038984,Good
2.6822931963397,5.361946930576443,1.1364166342790516,1.764150977320798,Bad
2.9292974835967813,2.9562171997097275,1.0936818779634667,1.5044391344923034,Moderate
3.344320811360237,3.2756749366343088,1.0279828993392923,2.2036630501071275,Moderate
1.9394108284516915,4.028932616766404,1.1472143956471046,1.8540510922997155,Good
2.2684383582718706,2.584226412713103,1.4582199766809172,2.5133186021451097,Good
2.994028084815699,3.165213550266609,1.0489700738437622,1.7491676248243118,Moderate
1.1800537684561272,4.068403394928641,1.0,1.0,Good
1.9782024676543388,4.431212729930692,1.3637776914108044,1.3945620152968707,Moderate
1.658989683705011,3.0429203958646656,1.0559657986785853,1.4544954252828155,Good
1.5858464984512477,3.3939926169767465,1.0,1.2796888470450098,Good
2.7498279922369,4.648160028606586,1.024332949863972,1.8091010348102567,Bad
1.5025380913644957,5.267292786302494,1.0769529731830547,1.804106184422028,Moderate
2.865034355652352,3.764658245953535,1.108433734939759,1.6193123027441645,Moderate
3.291040789988556,3.113911004070128,1.092465237465993,4.640954656646155,Bad
1.1182442302341136,2.739269901033833,1.0,1.11986681997189,Good
4.777272870045333,3.3860416688577346,1.0620490291488536,2.902885767053752,Bad
2.817638899211373,3.326882828686516,1.1640815359502523,1.804106184422028,Moderate
1.2081489896490918,2.687967354837353,1.0305267967353284,1.449500574894587,Good
1.518662307509914,5.156926054079068,1.0069957248348231,1.2647054945485237,Moderate
2.1690056705428358,2.829948571248278,1.475709288767975,2.683130329994687,Good
1.405792794491985,5.677523847585793,1.114263496307812,1.2996670499297247,Moderate
3.1199838826635204,2.751101669068077,1.0138697800233192,7.307991401020705,Bad
1.7873992002689778,5.208133946131275,1.0074621158181112,1.8091010348102567,Moderate
5.14182037111539,1.6428909479086693,1.0012166404974738,2.4833518971521373,Moderate
1.0757137077916663,5.685380141560532,1.0291995398367664,1.0998886170871751,Good
1.9567034697958712,3.654291513730109,1.1842207446560435,1.034961555381201,Good
1.330896971440079,4.0999232249718665,1.010175589584143,1.3995556670168998,Good
1.4643774249880503,7.03420169746432,1.1070650073843762,1.2197554370590649,Bad
1.8492087384909917,5.925990976304912,1.1900505340069958,2.6381802725052284,Bad
1.86802028099607,5.752395275706488,1.2355227454333464,1.4744724294993308,Bad
2.1690056705428358,4.447019972024441,1.079284872133696,1.4345172223981009,Good
1.8917392609334387,3.0429203958646656,1.0279828993392923,1.2097669349508071,Good
1.8868318879980128,5.973318048441887,1.0,1.3196452528144396,Moderate
1.8599581729233607,4.159082065143085,1.053633899727944,1.0249718546047435,Moderate
3.742518842060272,3.031088627830422,1.0535324897007383,3.672031594762778,Moderate
1.5294117419422832,4.194577369245817,1.1270890104935871,1.274695195324981,Good
2.2987323420752888,6.024525940494094,1.0572377613680528,1.799112532701999,Bad
1.954016143436211,6.004837878485112,1.0501360373105324,1.6742508623418806,Bad
3.0137354242729524,4.131443055015092,1.1796796797512632,1.609322601967707,Moderate
4.07341581350035,2.93255366364124,1.018249719393704,2.098779582631724,Moderate
1.346670647126496,5.878663904167937,1.0046638258841818,1.0699219120942025,Moderate
1.7627455317700913,5.977198868357119,1.0255495903614458,1.0,Bad
2.0830098725995585,3.0863666480864085,1.0408083855421686,2.3435068742955325,Good
3.0301155639770307,1.9505169167990075,1.2438509879518072,3.2425080240847066,Moderate
1.5912212801642969,5.417224950832431,1.0617955600466382,1.0,Bad
2.93490593745021,2.4276684580839896,1.5934706474931986,1.7591561269325693,Moderate
5.044874811478353,2.5421053185111955,1.0279828993392923,2.4134299850579346,Bad
1.3931237398790717,6.511426858639294,1.0426406218422075,1.326303854663878,Moderate
2.9180806403867887,2.91674642154749,1.0608323886513795,1.5394006898735046,Moderate
2.62854583068726,2.660422998853633,1.1737271574038088,1.884017797292688,Good
2.0880340493567418,2.766908911161827,1.1715473455110763,1.1098783178636322,Moderate
1.05374736565244,4.939978755403175,1.0008161772250292,1.0249718546047435,Good
2.920884899561935,4.135418529074598,1.0401493882627284,1.354605609527441,Moderate
1.892772371710308,2.715606364965346,1.4404264904780413,1.2996670499297247,Bad
2.8648006190151074,3.062703112017921,1.0377160792848814,1.5344058394852758,Moderate
2.386682588505984,4.013125374672654,1.156449843762145,1.2896785478214672,Moderate
1.830046591030047,2.5550729362767264,1.0,1.5194224869887896,Good
1.171991660383418,3.204684328428846,1.005829761368053,1.254716992440266,Good
2.2281278179083244,5.618365007414575,1.0629615235134084,1.5643725444782484,Bad
1.039926655025556,4.15368677891947,1.0026650353672757,1.2397336399437795,Good
1.7347033914966776,4.482515276127173,1.008516539448115,1.4594890770028446,Moderate
2.41051837226511,3.0863666480864085,1.0457902090944422,1.779134329817284,Good
1.830046591030047,4.308919575528749,1.0304162083171395,1.4045505174051285,Good
1.4991496195899685,3.1967333803098343,1.0827320575204042,1.0,Good
2.7526321869151813,4.352365827750491,1.1434123591138747,2.5183134525333384,Moderate
1.4879327763799757,7.278693352123934,1.0,1.1997784328425498,Bad
2.5506121408166926,3.0942229420611462,1.2261950936649826,2.11376293512821,Bad
2.475365777305785,5.283100028396243,1.0456629988340458,1.4994454827722743,Bad
2.7890869112234418,2.766908911161827,1.132614597745822,1.6742508623418806,Moderate
1.4622275510009497,2.869419349410515,1.0921103863194714,2.213651552215385,Good
1.550910739800751,5.9496545123734,1.0093276237854645,1.0449500574894588,Moderate
1.8707076718525943,7.044329690901633,1.2844928192771086,1.4295223720098722,Bad
1.7431160400283885,4.407549193862204,1.0036499494753206,1.5743622452547057,Bad
2.9405143913036387,2.790572447230314,1.0644823381267003,1.7691458277090266,Moderate
1.9620782515089203,5.803697821902969,1.1165954232413524,1.6193123027441645,Moderate
1.2944421826349544,4.5826593607690125,1.0012166404974738,1.3695889620239272,Good
2.0292624424502543,5.661716605492043,1.4978624267392149,1.0849052645906887,Bad
3.5181819133635552,5.13326251801058,1.0669156191216478,1.8740292951844304,Bad
2.252314142126452,2.4513319941524774,1.9630781282549552,1.859045942687944,Bad
1.8303971314890488,2.8024042152645583,1.02215313797124,1.1997784328425498,Good
2.626442652430116,2.91674642154749,1.049882568208317,1.419533869901615,Good
1.365482254128439,3.33871459672076,1.0,1.0149833524964862,Good
1.3518010502196454,4.103898699031372,1.0,1.419533869901615,Good
1.2081489896490918,2.687967354837353,1.0305267967353284,1.449500574894587,Good
1.5025380913644957,5.886520198142675,1.005829761368053,1.03995520710123,Moderate
1.964648774046823,3.752826477919292,1.090031928488146,1.669256011953652,Good
2.744102734561713,3.279555756549541,1.2133696074621063,1.6243059544641931,Moderate
1.6691549700348642,2.861563055435777,1.1865526715895842,1.0,Good
2.905344896015898,1.398304639104782,1.621453546832491,1.5144288352687607,Moderate
2.0830098725995585,5.2554610182682495,1.1737271574038088,1.1398450228566048,Moderate
1.14021057237334,3.019256859796178,1.0012166404974738,1.2097669349508071,Good
2.8784711809412453,5.06425964683487,1.1760590843373495,1.544395540261733,Moderate
1.6180949307420844,3.299338472702797,1.1399144966964632,1.0,Good
1.5912212801642969,3.425512447019972,1.1270890104935871,1.2447284903320084,Good
3.053150167684324,5.156926054079068,1.02215313797124,2.288568314697816,Bad
3.7705609823336856,1.7454013861573572,1.116798187329965,2.6381802725052284,Moderate
2.214690928122566,3.4925275811659287,1.0268169358725223,1.639289306960679,Good
3.3723629516336517,2.526298076417446,1.23359637465993,2.1187565868482388,Moderate
1.5777843903785382,4.340534059716248,1.1675476097940147,1.644284157348908,Moderate
1.8636971206600248,3.031088627830422,1.0048665899727944,1.1897887320660925,Good
3.389188184200208,3.81198531809051,1.12531472677808,1.983906414379863,Moderate
1.5720591327033524,5.614389533355069,1.0024333089778468,1.5943392494712207,Moderate
1.002804194678282,5.630196775448819,1.0,1.234738789555551,Good
2.64607214417182,3.6661232817643534,1.0729988775748154,1.4744724294993308,Moderate
1.7282771174003533,6.134987326861794,1.0559657986785853,1.374583812412156,Moderate
1.5267244155826232,6.182314398998769,1.0582976976292269,1.5793558969747346,Bad
2.6180300683952704,2.6524720507346213,1.0050877947920716,1.839067739803229,Good
3.661196744912041,2.1082107211594083,1.0961151869413135,1.8440625901914576,Moderate
5.663403741622208,1.2484671287191191,1.0693489280994948,4.561043043775495,Bad
2.4619289520168914,2.4553074682119838,1.047804110376992,1.5993340998594494,Good
1.300050636488383,6.119180084768044,1.0705655685969686,1.374583812412156,Moderate
3.587936691339656,1.3707602831210628,2.0645668153905947,2.443396690050907,Bad
3.0330533316618618,4.612664724503855,1.0888152879906725,2.053829525142265,Bad
3.019032293773587,2.6130959267166585,1.0425826692576758,2.1087680847399817,Moderate
3.5315019348306915,4.640209080487574,1.263505644772639,1.409545367793357,Moderate
1.8465213476344668,5.32257080655848,1.1539059463661097,1.3995556670168998,Bad
2.351629961536865,5.547374399209112,1.015816410415857,1.2397336399437795,Moderate
1.9325171455777437,4.687536152624549,1.197046258841819,1.5743622452547057,Good
1.6479003507962968,4.064427920869136,1.0053300707345512,1.059933409985945,Good
3.313825016867543,1.8479118244060453,1.0582976976292269,1.834072889415001,Moderate
2.5030573771201974,3.969773776595185,1.024332949863972,1.2846836974332383,Moderate
1.2982979986902408,5.3501151625422,1.0,1.0,Moderate
2.177067778615545,3.677955049798597,1.041974349008939,1.4345172223981009,Good
3.7761693716902496,2.4553074682119838,1.143564446171784,2.443396690050907,Moderate
1.5240370247260986,5.645909363398294,1.0617955600466382,1.2647054945485237,Bad
2.545120555281886,3.579325431465141,1.2658375437232805,1.3845723145204134,Moderate
1.1177768859533548,6.840917934856914,1.0279828993392923,2.198668199718899,Bad
1.9058878091229916,3.9816055446294287,1.2436844057520404,1.11986681997189,Moderate
2.2066288200498567,4.245879915442298,1.1072677714729888,1.484462130275788,Moderate
1.386981187490042,4.5298423482641486,1.0109498204430625,1.03995520710123,Good
2.17438038775902,1.6783862520114003,1.0,1.2697003449367523,Good
1.1693042695268934,2.814235983298802,1.0652934224640498,1.0,Good
2.0776350908865093,4.312895049588255,1.2420520792848817,1.6542726594571655,Moderate
1.3816064702738573,5.172638642028543,1.0384764865915277,1.0549385595977163,Moderate
1.9309982444168448,3.953966534501435,1.116798187329965,1.0099885021082575,Good
3.872797864741002,1.4772461954292564,1.1247570835600469,1.908989651897432,Moderate
2.709166911414352,5.496071853012631,1.0356145915274,2.6531636250017145,Moderate
1.5328002137168106,5.314619858439468,1.150864317139526,1.1098783178636322,Bad
2.354434156215147,4.15510659108358,1.0559657986785853,1.7841291802055128,Moderate
2.544853473765653,5.164782348053805,1.3766031776136805,1.672585912212471,Moderate
2.9214691121613163,1.8400555304313075,1.413913728721337,1.829079237694972,Moderate
1.81427291534363,5.113479801857324,1.197046258841819,1.0,Bad
1.7571370779166626,2.530273550476952,1.0012166404974738,1.3795786628003843,Good
1.3547327551992052,4.226097199289042,1.0314807617567043,1.419533869901615,Good
2.912472251030225,5.685380141560532,1.0048665899727944,1.4345172223981009,Bad
2.383995197649459,4.541674116298392,1.0559657986785853,1.9039960001774028,Moderate
2.3060615077788915,3.5871817254398786,1.3287990672366887,1.2697003449367523,Moderate
1.400418012778936,7.893945289904609,1.108433734939759,1.1348501724683762,Bad
1.8492087384909917,6.198121641092519,1.0699572483482316,1.6492790077371366,Bad
3.11157123413181,2.6959183029563643,1.068132287602021,1.9039960001774028,Moderate
2.649276993372883,2.1989840455181264,1.0127194869801788,1.918979352673889,Good
2.4694068474902195,5.496071853012631,1.0,1.908989651897432,Bad
1.6901164510239082,2.703774596931102,1.053167508744656,1.3596004599156697,Good
3.647058838705145,2.758957963042815,1.494364564321803,3.142619406997532,Bad
3.7228893503185687,3.0074250917619345,1.0474492592304705,1.6642623602336228,Moderate
1.3493580379830206,3.863287864286991,1.0827827345511076,1.0,Good
1.6503433630329214,5.772177991859743,1.28799068169452,1.0149833524964862,Moderate
1.81388903000564,6.000862404425607,1.0233190734551108,1.709212417723082,Bad
2.2400988229558703,4.868988147197712,1.156449843762145,1.8790229469044597,Moderate
2.445804735871473,5.519735389081118,1.3940924897007383,1.374583812412156,Bad
1.824438201673483,2.411955870134514,1.1386978561989896,1.4894557819958172,Good
3.535007210426976,3.12186195218914,1.0632656976292263,2.338513222575504,Moderate
3.2293481200851644,2.045171061072957,1.0851653385153517,3.0477244416303857,Moderate
1.1205810806316368,4.3720538897594725,1.0255495903614458,1.15982202707312,Good
2.3678709815040406,2.8260677513330457,1.1294209094442285,1.7042175673348532,Good
2.023887725234069,4.269543451510785,1.406918003886514,1.4395120727863295,Moderate
3.0638996666135574,2.4868272982552084,1.053633899727944,2.4783570467639087,Moderate
2.2496267512699277,3.953966534501435,1.034978624174116,1.4744724294993308,Good
1.7627455317700913,2.498659066289452,1.0377160792848814,1.4794672798875594,Good
1.8841444971414885,4.7111996886930365,1.2075398460940536,1.0,Bad
2.0856971989592186,4.241904441382792,1.06645938593082,1.779134329817284,Moderate
1.748724493881817,3.670004101679585,1.015816410415857,1.0499449078776877,Good
5.485219479282844,3.5478056014219157,1.037310523124757,2.423418487166193,Bad
1.386981187490042,6.4347570017773945,1.0582976976292269,1.3945620152968707,Bad
1.471107543813419,2.920721895606996,1.0340661298095608,1.1448386745766337,Good
2.48074049452197,2.3882923340660263,1.083948698017878,1.6642623602336228,Good
1.5374738500149925,3.464983225182209,1.041974349008939,1.3645953103038984,Good
2.2406161523066803,5.070128203779855,1.0632656976292263,1.5743622452547057,Bad
2.074013011468467,4.143274823049335,1.0571824391760591,1.824084387306743,Good
1.38417699281176,5.578894229252337,1.1776305759813448,1.938956356890404,Moderate
2.040011941379488,5.559206167243356,1.0198212110376992,1.3945620152968707,Bad
2.670775926734486,3.6029889675336286,1.052149938593082,1.4544954252828155,Moderate
2.144819346324708,2.502634540348958,1.0023318989506411,1.4295223720098722,Good
1.5939086065239567,4.178770127152067,1.0,1.1048834674754036,Good
1.8384592395617576,4.865012673138205,1.1399144966964632,1.0799116128706598,Bad
3.8182325498519374,2.90093917945374,1.122881417800233,2.1836848472224126,Moderate
2.1249328345776464,4.920290693394192,1.0524679362611735,1.884017797292688,Moderate
1.020521741366326,4.64418455454708,1.0139914496696465,1.1448386745766337,Good
1.9782024676543388,3.756801951978797,1.1107149568596968,1.7691458277090266,Good
3.8687083765453374,1.3154822628650755,1.1021984174115818,2.9927858820326696,Moderate
1.2609191633062546,3.6029889675336286,1.0279828993392923,1.204772084562579,Good
2.5425500327439834,2.471114710305733,1.4034201414691023,1.294672199541496,Moderate
1.1666168786703688,3.670004101679585,1.0,1.0,Good
1.6127202135259,6.797566336779445,1.2145355709288768,1.3596004599156697,Bad
1.6879665770368073,6.840917934856914,1.2658375437232805,1.419533869901615,Bad
2.0319498333067787,5.488215559037893,1.0151574131364167,1.4644839273910732,Bad
1.4234359117983018,3.993437312663673,1.0291995398367664,1.0849052645906887,Good
2.241564643197218,6.38742992964042,1.1200932856587642,1.4594890770028446,Bad
1.3896685783465663,2.4395002261182333,1.0,1.5244173373770182,Good
4.052851568700266,1.09465414427395,2.3385153424018656,2.278579812589559,Bad
2.212003601762906,5.247604724293511,1.0676253493975905,1.4894557819958172,Moderate
1.4038064845534632,3.350546364755004,1.0050877947920716,1.314650402426211,Good
3.049878628725283,5.598582291261319,1.135047906723669,2.058823176862294,Bad
1.7851792181900763,5.077984497754594,1.0024333089778468,1.1698117278495772,Moderate
3.5852493004831314,4.072284214843873,1.114263496307812,1.5344058394852758,Moderate
1.81427291534363,5.440888486900918,1.1061018359891177,2.058823176862294,Bad
3.930401046448729,4.462732559973917,1.008516539448115,2.293563165086045,Bad
2.155568845253941,1.4614389533355068,1.0501360373105324,1.644284157348908,Good
3.1253252550007167,1.962348684833251,1.276331130975515,1.5244173373770182,Good
1.4895898298248078,2.2620237056045767,1.0,1.5643725444782484,Good
1.599283388237006,3.579325431465141,1.0233190734551108,1.8740292951844304,Good
4.076220008178633,3.63848427163636,1.0,2.178689996834184,Moderate
1.827709740632524,3.524142065353428,1.1130975608239408,1.1997784328425498,Good
2.252314142126452,2.297519009707308,1.280994956859697,1.9239730043939176,Moderate
3.487335578411859,4.486396096042405,1.0012166404974738,2.258601609704844,Bad
2.819933246175137,7.39313021255114,1.0133831294209097,1.669256011953652,Bad
1.6691549700348642,5.5394234510901,1.005829761368053,1.11986681997189,Bad
1.773962374980084,6.501772135923352,1.2530120575204042,1.5094339848805318,Bad
2.397432087435217,3.315051060652272,1.059615748153906,1.859045942687944,Good
1.908330821359616,6.65558512036852,1.0921103863194714,1.3096555520379822,Bad
1.658989683705011,3.3032192926180284,1.0,1.6592675098453944,Good
1.8438339567779425,4.190601895186311,1.1667314325689857,1.1348501724683762,Good
1.1850779452133104,5.429056718866674,1.01703307889623,1.1897887320660925,Good
2.537175251030934,4.178770127152067,1.053633899727944,1.644284157348908,Moderate
1.6420369408371769,4.640209080487574,1.037310523124757,1.4445057245063584,Good
1.878769779925304,1.5757811596184386,1.053633899727944,1.4994454827722743,Good
1.0644968645816737,5.642028543483062,1.0279828993392923,2.198668199718899,Bad
1.7282771174003533,5.484240084978387,1.2425184702681695,1.529412187765247,Bad
2.3759330895767503,4.805853832966987,1.058509696074621,1.3196452528144396,Bad
2.8676048781902543,2.620952220691396,1.0644823381267003,2.0638180272505227,Good
1.2364885249650917,4.7151751627525424,1.0,1.11986681997189,Good
1.786247479758143,3.912791981742267,1.034978624174116,1.5775399146521605,Good
2.580173182251005,5.531567157115362,1.1061018359891177,1.799112532701999,Bad
1.7094655103984104,5.239748430318774,1.2914885441119317,1.639289306960679,Bad
1.8200315823946691,4.577169420401123,1.0617955600466382,1.5094339848805318,Moderate
2.9461227806602026,1.6586035358581448,1.0790821080450836,2.173696345114155,Good
2.3759330895767503,5.342258868567462,1.3019821313641664,1.5344058394852758,Moderate
1.2609191633062546,3.6029889675336286,1.0279828993392923,1.204772084562579,Good
1.8465213476344668,5.55523069318385,1.122425184609405,1.7192009198313394,Bad
2.201254102833672,4.947835049377912,1.3089778561989895,1.154828375353091,Bad
2.48074049452197,2.1753205094496386,1.1119315973571706,1.7391791227160542,Good
3.3380113410856707,1.6665544839771569,1.1204481368052857,2.4783570467639087,Good
2.39254593396824,5.4053931827981865,1.0139914496696465,1.2597118428284946,Bad
2.905344896015898,4.7309824048462925,1.3253012048192772,1.4245287202898431,Moderate
2.211419389163525,7.010538161395833,1.0669156191216478,1.4544954252828155,Bad
3.487335578411859,2.644615756759884,1.0608323886513795,3.911765234706559,Moderate
1.6029054676550485,4.995162121514888,1.005961560823941,1.7591561269325693,Moderate
1.3757643442800491,3.153381782232365,1.0,1.3446171074191833,Good
2.087651647446637,3.6463405656110974,1.048334106490478,1.2097669349508071,Moderate
2.273813075488055,3.413680678985728,1.0304162083171395,1.2846836974332383,Good
2.0023887918724665,2.90093917945374,1.43677656898562,1.7042175673348532,Moderate
1.7470886599054318,3.457032277063197,1.0827827345511076,1.2846836974332383,Good
1.2860295986001085,3.43336874099471,1.0717822090944422,1.314650402426211,Good
3.17045970935692,1.9465414427395011,1.0620490291488536,3.582131479783861,Moderate
2.7817258840687358,4.41152466792171,1.1399144966964632,1.5194224869887896,Moderate
1.34593770475739,3.346665544839772,1.0,1.0199782028847149,Good
3.0891375477118244,2.5459861384264277,1.3224116626506024,1.8140958851984847,Moderate
3.145221828258652,3.0863666480864085,1.159380856587641,1.5244173373770182,Moderate
1.7515286885600987,4.056571626894398,1.0114475522736106,1.3645953103038984,Good
3.0612122757570326,2.017532050944964,1.0443062479595802,1.449500574894587,Good
3.2466407614293447,2.6682792928283705,1.215701506412748,1.3995556670168998,Moderate
1.0,3.926422178517716,1.0089036548775747,1.0,Good
1.9842782657885265,3.173069844241347,1.058399107656432,1.4794672798875594,Good
1.964648774046823,3.784440962106791,1.1615376385542169,1.3645953103038984,Good
1.6664675791783397,3.82779256018426,1.0034978624174116,1.1398450228566048,Good
1.0967452968725104,2.5894323906481707,1.3179874823163622,1.0,Moderate
1.927142428361559,5.4014177087386805,1.0816167990672367,1.419533869901615,Bad
1.3601074724153897,5.003113069633899,1.0279828993392923,1.2996670499297247,Good
1.7793370921962686,5.507903621046875,1.0501360373105324,1.6592675098453944,Bad
1.1988653109612055,3.2520114005658214,1.0454722114263506,1.1498335249648624,Good
1.98147400661338,4.494347044161417,1.0863820069957248,1.0,Good
4.471613844200386,1.6073956438059378,1.1313979572483484,3.716981652252237,Bad
2.7226037367032463,4.770358528864255,1.130586872910999,1.1698117278495772,Bad
3.2798239467785635,2.364628797997539,1.0644823381267003,3.82685877144767,Moderate
1.7481636291474143,3.6936676377480726,1.008516539448115,1.3995556670168998,Good
1.5858464984512477,3.125742772104372,1.064127486980179,1.3046619003179534,Good
2.037558287160208,4.269543451510785,1.0279828993392923,1.589345597751192,Good
2.845171191770269,5.772177991859743,1.01703307889623,1.234738789555551,Bad
1.9478234769834015,2.301494483766814,1.048334106490478,1.5543840423699908,Good
1.7683539211266557,4.230072673348548,1.008516539448115,1.15982202707312,Moderate
1.827709740632524,6.091635728784325,1.2087057815779243,1.9489460576668611,Bad
1.8665013798351715,4.703343394718299,1.0559657986785853,1.2796888470450098,Moderate
1.8635413607320603,2.325158019835301,1.049747382821609,1.5433958509831676,Good
2.23385307558351,4.131443055015092,1.0231163093664983,1.2996670499297247,Good
1.6057096623333302,5.756370749765994,1.0072998989506412,1.7192009198313394,Good
1.0644968645816737,4.545554936213623,1.1751972949863971,1.0,Good
3.03866178551529,1.5205977935067256,1.006326569762923,3.617091836496863,Good
1.9762480191669205,1.4456317112417572,1.0546938359891178,1.419533869901615,Good
2.2166453766099843,3.43336874099471,1.0852206607073456,2.1187565868482388,Good
2.620834263073552,5.492096378953125,1.0,1.5394006898735046,Bad
1.5720591327033524,4.111754993006111,1.1131482378546445,1.9988897668763488,Good
1.4598907006034263,5.977198868357119,1.0571824391760591,1.983906414379863,Moderate
3.061095471935275,4.28137521954503,1.1289646762534007,2.278579812589559,Moderate
2.231048880905228,4.604713776384843,1.0316328488146134,1.589345597751192,Moderate
1.5401612408715168,5.780034285834482,1.1492421204819276,1.0,Bad
2.2254404270518,4.589001188435367,1.1492421204819276,1.1148719695836613,Bad
1.0644968645816737,4.244081486701092,1.0026650353672757,1.006659800517638,Good
3.8266451983836487,3.914590410483472,1.1034150579090556,2.488346747540366,Bad
2.651680598025248,5.4763837910036495,1.0316328488146134,1.3396222570309548,Moderate
2.155568845253941,4.924171513309425,1.3404586179556937,1.204772084562579,Bad
1.988951902086708,4.636328260572341,1.4792071511853866,1.3795786628003843,Bad
1.7578381588346657,5.318595332498974,1.130586872910999,1.3945620152968707,Bad
1.193490593745021,4.565337652366879,1.1386978561989896,1.2197554370590649,Bad
1.6369065377440275,4.5298423482641486,1.0326467252234746,1.0049948503882289,Moderate
3.4723797874652025,2.4829464783399766,1.1119315973571706,1.7891228319255417,Moderate
1.2748127553901158,7.684948939347727,1.0510992087057909,1.5493891919817622,Bad
2.506881267227516,3.334833776805528,1.0826767353284104,2.348501724683761,Good
3.080023882758976,5.724850919722768,1.1643995336183444,3.192564314875219,Bad
1.720215009327644,2.498659066289452,1.0034978624174116,1.254716992440266,Good
2.273813075488055,3.81198531809051,1.1189273221919938,1.4245287202898431,Good
1.5466876785985366,4.368078415699968,1.019987793237466,1.4794672798875594,Moderate
1.8465213476344668,4.896627157325705,1.1061018359891177,1.1048834674754036,Bad
1.5524296409616491,3.157357256291871,1.0254390019432569,1.3845723145204134,Good
2.4243057380130053,5.902327440236425,1.1451612903225807,1.4445057245063584,Bad
3.1401232221197417,3.299338472702797,1.2028760202098718,1.9489460576668611,Moderate
1.1289937291633474,4.301063281554011,1.0,1.1448386745766337,Good
2.3432173130051543,3.046895869924171,1.1034150579090556,2.1437296401211823,Good
2.354434156215147,5.4566010748503935,1.0109498204430625,1.4744724294993308,Bad
2.054383519726764,2.499510953587918,1.0,1.5793558969747346,Good
2.444168901895088,3.1060547100953904,1.01703307889623,1.4295223720098722,Good
2.522686868861901,1.8873826025682825,1.2251351574038087,2.0138731193728354,Bad
2.424539474650249,2.013556576885458,1.0547491581811117,2.038846172645779,Good
1.6073454963097151,4.103898699031372,1.0233190734551108,1.5843507473629632,Moderate
2.3490594389989625,2.3409652619290515,1.1877186070734551,1.484462130275788,Good
1.6772170781075737,4.904483451300443,1.1492421204819276,1.1997784328425498,Good
2.9040596024985144,3.926422178517716,1.01703307889623,2.278579812589559,Moderate
1.7347033914966776,4.466708034033423,1.0750450431403031,1.0,Moderate
1.914172947353424,2.8772756433852527,1.0305267967353284,1.3845723145204134,Good
2.8166617072160967,4.119611286980849,1.0139914496696465,1.7391791227160542,Moderate
2.134069847395474,4.991281301599655,1.029148862806063,1.8890126476809168,Bad
1.521349633869574,5.13326251801058,1.0069957248348231,1.0099885021082575,Moderate
2.061510874741091,4.94395422946268,1.0862805969685192,1.1947835824543211,Bad
2.1578722862756115,3.271699462574803,1.0106601414691023,1.8009285150245733,Good
1.249574809794984,3.40582438501099,1.0241670392537894,1.2197554370590649,Good
1.376231688560808,4.218240905314305,1.163233570151574,1.0,Good
1.3337011661183609,2.684086534922121,1.0279828993392923,1.0649282603741737,Good
1.2327495772284274,3.969773776595185,1.032849489312087,1.4594890770028446,Good
1.9190803202888496,5.823385883911951,1.0587640886125145,1.0,Bad
1.906180947372515,5.511879095106381,1.0026650353672757,1.3945620152968707,Moderate
2.009516146886793,5.373778698610687,1.0127194869801788,1.4045505174051285,Bad
2.3678709815040406,4.305038755613516,1.2856587547609797,2.238623406820129,Bad
3.5378114051052583,3.3860416688577346,1.081515389040031,3.112652702004559,Bad
2.1233204129631047,4.865012673138205,1.064127486980179,1.294672199541496,Bad
1.2607916530049768,5.807673295962474,1.0437993097551497,1.3596004599156697,Moderate
2.212003601762906,4.83349284309498,1.2005441212592305,1.6342956552406505,Moderate
3.4144261297953395,2.25416741162984,1.041366028760202,2.6681469774982007,Moderate
3.182143896847671,1.6349399997896574,1.3905946272833267,2.198668199718899,Moderate
1.550910739800751,3.4728395191569468,1.0431403124757093,1.0,Good
1.4541654429282402,4.0249571427068975,1.1935483964244074,1.7192009198313394,Good
3.851883079481916,1.8203674684223257,1.0,2.4633736942674225,Moderate
2.284328837780045,6.048189476562582,1.024332949863972,1.4594890770028446,Bad
4.238280054372577,1.5679248656437008,1.2903225806451613,1.978912762659834,Moderate
2.181465303836452,3.934278472492454,1.0089036548775747,1.0799116128706598,Good
1.2660495663994038,4.995162121514888,1.047804110376992,1.274695195324981,Good
2.104508805961162,4.742814172880536,1.0594636610959969,1.569367394866477,Moderate
1.50791280858068,4.750670466855274,1.0034978624174116,1.2197554370590649,Good
1.233801134108567,3.244060452446809,1.0,1.214761785339036,Good
2.4525815504267987,4.135418529074598,1.243329554605519,1.7541624752125404,Bad
1.6449686458167367,5.251580198353017,1.204041983676642,1.669256011953652,Bad
2.93490593745021,2.3291334938948074,1.0474492592304705,1.899001149789174,Moderate
1.6315318205278428,5.342258868567462,1.0093276237854645,1.0649282603741737,Bad
2.1553351086166974,5.219965714165518,1.090031928488146,1.8190895369185145,Bad
2.233502535124509,5.977198868357119,1.1935483964244074,1.2846836974332383,Bad
2.023887725234069,4.758526760830012,1.1888845705402251,1.7591561269325693,Moderate
1.9728276859412897,2.8812511174447586,1.0462326187329964,1.4345172223981009,Good
2.131382521035814,4.186721075271079,1.2565099199378158,1.0,Moderate
2.0231547828649634,5.034632899677124,1.0763170058297706,2.2146500428257507,Bad
2.994028084815699,3.614820735567872,1.2296929560823942,1.859045942687944,Moderate
1.297246441810101,6.730551202633488,1.029148862806063,2.198668199718899,Bad
1.8975813869272469,6.079803960750081,1.1294209094442285,1.8940062994009452,Bad
1.857270846563701,4.308919575528749,1.1609016712009328,1.3396222570309548,Bad
1.5047580734433967,4.0447398588601535,1.097331827438787,1.214761785339036,Good
2.2496267512699277,1.6704353038923887,1.0816167990672367,1.1897887320660925,Good
2.544993044980608,1.709906082054626,1.010175589584143,1.5144288352687607,Good
2.9601438185484774,4.301063281554011,1.0644823381267003,1.4994454827722743,Bad
1.6584054711056306,2.9522417256502216,1.102603973571706,1.0,Good
2.2086151299883783,4.0447398588601535,1.0652934224640498,1.4295223720098722,Moderate
1.6637802528186798,5.180589590147555,1.0617955600466382,1.0,Moderate
2.8999701143028487,4.218240905314305,1.0559657986785853,1.4794672798875594,Bad
1.6369065377440275,5.578894229252337,1.047804110376992,1.1448386745766337,Moderate
3.106897597833628,3.555661895396653,1.1434123591138747,1.5993340998594494,Moderate
3.2666040889421226,2.5421053185111955,1.058509696074621,1.938956356890404,Moderate
1.6852791861802827,2.443475700177739,1.0011659634667702,1.3945620152968707,Good
2.1958793856174874,3.035064101889928,1.041974349008939,1.7042175673348532,Good
2.0856971989592186,4.269543451510785,1.083948698017878,1.609322601967707,Moderate
1.4219170106374035,4.683655332709317,1.2611737178390985,1.4894557819958172,Bad
1.5013165207493189,4.147250297108842,1.0338126607073457,1.1398450228566048,Good
2.2254404270518,5.810702228579241,1.0397651830547998,1.648690461651075,Bad
1.4729769854333186,5.588264989535459,1.159380856587641,1.6193123027441645,Moderate
1.647656036673261,3.950085714586204,1.1993781577924605,1.1048834674754036,Moderate
3.0638996666135574,5.006993889549131,1.174893120870579,2.15371814222944,Bad
1.6870318239784252,3.212540622403584,1.0559657986785853,1.978912762659834,Good
3.905163100853597,3.1967333803098343,1.1131482378546445,1.99389611515632,Moderate
1.419229619780879,5.827361357971456,1.0559657986785853,1.3596004599156697,Bad
1.3140716743766578,5.787890579809219,1.0279828993392923,2.198668199718899,Bad
3.650234793310876,1.812416520303314,1.0705655685969686,2.423418487166193,Moderate
2.346372048142438,1.958373210773745,1.3789351045472211,1.9039960001774028,Bad
2.7252911275597707,4.553505884332635,1.438398765643218,1.6542726594571655,Bad
1.2794863916882977,6.056140424681594,1.0163233486202876,1.0,Moderate
2.2281278179083244,3.019256859796178,1.0781189366498252,1.535875406698131,Good
2.351629961536865,4.28137521954503,1.092465237465993,1.99389611515632,Moderate
1.1881158765288364,2.6761355868031087,1.0104935872522347,1.11986681997189,Good
2.142131955468183,2.139825205346908,1.0827827345511076,1.864039594407973,Good
1.249574809794984,5.054320961686106,1.0851653385153517,1.5144288352687607,Bad
1.527191759863382,3.5516864213371475,1.0024333089778468,1.4395120727863295,Good
2.007763509088651,4.892651683266199,1.409249902837155,1.5643725444782484,Bad
1.620782321598609,5.093791739848342,1.1095996984065293,1.15982202707312,Good
1.700670459956595,3.839624328218504,1.0,1.1498335249648624,Good
1.50791280858068,5.101648033823081,1.0151574131364167,1.234738789555551,Moderate
1.8303971314890488,3.4413196891137217,1.0326467252234746,1.0849052645906887,Moderate
1.784711873909318,4.73883869882103,1.0431403124757093,1.3945620152968707,Moderate
1.4944759832917862,4.49037157010191,1.0151574131364167,1.4045505174051285,Good
1.7578381588346657,8.757664356404405,1.1818888457054022,1.3945620152968707,Bad
2.43505523694224,3.772609194072547,1.0629615235134084,2.0288564718693216,Moderate
2.295545745486902,2.6761355868031087,1.059615748153906,2.4633736942674225,Good
1.3518010502196454,4.103898699031372,1.0,1.419533869901615,Good
2.4028068046514024,3.815960792150016,1.041974349008939,1.4345172223981009,Good
1.6557181447459706,5.216084894250287,1.1204481368052857,1.484462130275788,Moderate
2.017928795418504,3.867263338346497,1.0279828993392923,1.2647054945485237,Moderate
2.2657509674153458,3.133693720223384,1.2973183054799844,1.744172774436083,Bad
1.8736393768321544,2.7432453750933394,1.0152634123591138,1.389567164908642,Good
1.3589390472166285,4.103898699031372,1.0523158492032647,1.6342956552406505,Good
2.43505523694224,2.453225077037956,1.0293820443062571,1.6416398953003282,Good
2.005076118232126,4.687536152624549,1.064127486980179,1.1648168774613483,Moderate
2.0515793250484817,1.5521176235499512,1.026710936649825,2.2036630501071275,Good
1.6870318239784252,4.151225771168347,1.116798187329965,1.4245287202898431,Good
4.384683293198727,1.4284046569838982,1.0450159782355228,2.5133186021451097,Moderate
1.6533812943484474,4.092066930997129,1.015816410415857,1.3795786628003843,Good
2.0749477645268493,3.5723210247888684,1.179556946754761,1.204772084562579,Moderate
3.622872514487017,2.9640734936844653,1.1364166342790516,1.6492790077371366,Moderate
1.7309644437600131,4.9123397452751805,1.0023318989506411,1.034961555381201,Moderate
1.6046581054531908,5.748514455791256,1.036144587640886,1.4944506323840456,Moderate
1.4010022253783163,4.423356435955954,1.0559657986785853,1.5593788927582195,Good
3.5265945618952657,1.504790551412976,1.159380856587641,2.103773234351753,Moderate
2.045970871195053,2.3882923340660263,1.0340661298095608,1.2896785478214672,Good
3.131467807389745,1.582880220438985,1.095941357170618,2.3584902267920187,Moderate
2.1851298866882534,3.173069844241347,1.7846871449669646,1.7142060694431107,Moderate
2.856972247579643,3.429487921079477,1.1643995336183444,2.238623406820129,Moderate
4.241668526147104,1.6902180200456445,1.0316328488146134,2.07380652935878,Moderate
2.383995197649459,6.888245006993889,1.167081218810727,1.409545367793357,Bad
1.6100328226693752,4.656016322581324,1.0699572483482316,1.0998886170871751,Moderate
1.7543328832383809,5.736682687757012,1.0572983163622232,1.5094339848805318,Bad
1.927142428361559,2.0608836490224327,1.2600077823552274,1.3645953103038984,Good
1.3140716743766578,3.1471346087102847,1.0244546195102993,1.2647054945485237,Good
1.171991660383418,4.0249571427068975,1.0151574131364167,1.3346286053109258,Good
1.4262401709734485,4.486396096042405,1.0381584889234357,1.3945620152968707,Moderate
1.1374063776950578,3.626652503602116,1.0279828993392923,1.2647054945485237,Good
2.8166617072160967,2.5894323906481707,1.2180334333462883,2.453385192159165,Good
3.4480766594253174,1.5442613295752132,1.0364994387874078,2.2735849622013298,Good
1.658989683705011,5.432937538781906,1.0450159782355228,1.0,Moderate
1.8707076718525943,4.896627157325705,1.108433734939759,1.4395120727863295,Bad
2.284562574417289,4.746694992795767,1.05934705635445,1.6243059544641931,Bad
4.101457953773765,1.89523889654302,1.0048665899727944,2.338513222575504,Moderate
3.3802414371328964,1.4890779634635003,1.1172616680917218,3.557158426510917,Moderate
1.4729769854333186,5.732707213697506,1.029148862806063,1.7192009198313394,Moderate
3.3976008327319183,5.093791739848342,1.008516539448115,3.052719292018614,Bad
1.6100328226693752,5.101648033823081,1.0256510003886514,1.325353310781501,Moderate
1.4160047765517951,4.611055604051197,1.0027982899339292,1.0352552290901322,Good
2.3383099400697285,5.432937538781906,1.0198212110376992,1.3845723145204134,Bad
1.7363392254730623,2.979880735778215,1.205207919160513,1.2447284903320084,Good
1.8677759668730345,3.4097052049262224,1.3383386894675475,1.034961555381201,Moderate
1.1297999399706182,5.531567157115362,1.0138748449280994,1.2397336399437795,Moderate
1.2019032422767315,6.546732854453477,1.0474492592304705,1.2197554370590649,Moderate
1.6449686458167367,5.22791666228453,1.0734551107656432,1.4794672798875594,Bad
1.2794863916882977,5.137143337925812,1.2360296836377769,2.1187565868482388,Bad
2.475365777305785,4.809829307026492,1.101438010104936,1.709212417723082,Moderate
3.770433472032408,2.3882923340660263,1.071229211037699,1.8940062994009452,Moderate
2.3436846572859134,6.829086166822671,1.1806168830159347,1.4794672798875594,Bad
1.053280021371681,5.212109420190781,1.0291995398367664,1.3596004599156697,Good
2.335622549213204,5.6893556156200376,1.0757870097162845,1.6492790077371366,Moderate
2.962948077723624,6.075828486690575,1.0425826692576758,1.4544954252828155,Bad
3.305061827876831,1.8360800563718012,1.2238631947143412,1.839067739803229,Moderate
1.8384592395617576,5.500047327072137,1.1410804601632336,1.2597118428284946,Moderate
3.0638996666135574,2.4868272982552084,1.053633899727944,2.4783570467639087,Moderate
2.050761440308721,5.342258868567462,1.0174893120870578,1.544395540261733,Bad
1.5944928191233376,5.957510806348138,1.0936818779634667,1.2996670499297247,Moderate
1.6906539033964674,5.519735389081118,1.1154294597745822,1.3695889620239272,Moderate
1.4066106792317452,3.29536299864329,1.0,1.15982202707312,Good
2.5815752795901457,6.474133125795357,1.0377160792848814,1.5394006898735046,Bad
2.459241561160366,4.577169420401123,1.0629615235134084,1.5094339848805318,Bad
1.8518960648506515,6.777878274770464,1.053633899727944,1.2497221420520372,Bad
2.460994198958509,2.5421053185111955,1.0546938359891178,1.5044391344923034,Good
2.259090956681778,3.031088627830422,1.018249719393704,1.9739179122716053,Good
2.4834278853784943,6.04430865664735,1.2225912320248735,1.214761785339036,Moderate
5.057694014792013,1.2602988967533628,1.0547491581811117,4.1814655796433104,Bad
1.2944421826349544,4.5826593607690125,1.0012166404974738,1.3695889620239272,Good
3.2573902603585783,3.8514560962527473,1.2005441212592305,1.9739179122716053,Moderate
2.819933246175137,6.052164950622088,1.0206830003886511,1.374583812412156,Bad
2.152881454397417,4.107779518946605,1.1107149568596968,2.1437296401211823,Moderate
1.6127202135259,4.83349284309498,1.0314807617567043,1.3046619003179534,Moderate
1.510366462799961,5.176614116088049,1.109387699961135,1.294672199541496,Moderate
1.356134852538346,6.174458105024032,1.0501360373105324,1.294672199541496,Bad
2.397432087435217,2.3093507777415523,1.577147298872911,1.5793558969747346,Moderate
2.1125709140338707,5.886520198142675,1.184930474931986,1.7691458277090266,Bad
2.765601667923317,5.30676356446473,1.162067634667703,1.832407939285591,Bad
2.421618411653345,2.790572447230314,1.0,1.449500574894587,Good
2.584379474268428,2.8852265915042645,1.0705655685969686,1.958934559775119,Good
3.100354390921817,1.2690070780265663,1.132614597745822,1.9489460576668611,Moderate
1.084126356323377,5.922015502245406,1.0279828993392923,2.198668199718899,Bad
1.4031054036354604,5.464552022969405,1.0338126607073457,1.0,Moderate
6.41212817100716,1.3667848090615569,1.1058483668869024,5.070477028656027,Bad
1.755150767978141,3.662147807704848,1.0314807617567043,1.329633754922697,Good
2.3436846572859134,6.829086166822671,1.1806168830159347,1.4794672798875594,Bad
3.5630492862035257,2.1437060252621394,1.2469795040808394,3.552164774790888,Moderate
3.506965070153562,3.326882828686516,1.126531367275554,3.192564314875219,Moderate
1.7873992002689778,4.407549193862204,1.0256510003886514,1.4744724294993308,Moderate
4.712776005463659,1.5915884017121882,1.1691140365332298,5.450055691456412,Bad
3.1660196807022527,3.6345087975768537,1.1597357077341623,1.744172774436083,Moderate
2.418931020796821,2.471114710305733,1.0304162083171395,2.4483903417709363,Good
2.458190004280227,2.6130959267166585,1.0699572483482316,2.278579812589559,Good
2.3383099400697285,7.448313578662852,1.2903225806451613,1.2597118428284946,Bad
1.66459813755844,5.894376492117413,1.1877186070734551,1.7142060694431107,Bad
3.515377718685273,2.404004922015502,1.0437993097551497,2.453385192159165,Moderate
1.5836966244641468,4.880819915231955,1.0559657986785853,1.394855689005802,Moderate
2.1851298866882534,4.687536152624549,1.018249719393704,1.589345597751192,Moderate
1.9378919272907928,5.267292786302494,1.0233190734551108,1.0749167624824312,Bad
2.3409973309262533,1.907070664577264,1.036144587640886,1.3596004599156697,Good
2.040362481838489,2.214696633467602,1.1399144966964632,1.3695889620239272,Moderate
3.4391541631790887,1.812416520303314,1.0517683637776911,1.864039594407973,Good
2.8381606405777,1.903189844662032,1.0454722114263506,2.523307104253368,Good
1.7851792181900763,4.904483451300443,1.00462325068014,1.639289306960679,Moderate
2.1797551694720694,2.9285781895817338,1.0413080761756703,1.4345172223981009,Good
2.421618411653345,3.445200509028953,1.072289147298873,1.5543840423699908,Good
1.4234359117983018,3.5596373694561594,1.0231163093664983,1.3845723145204134,Good
1.6421644511384548,4.174889307236835,1.0,1.4944506323840456,Moderate
2.757539559850607,5.6498848374578,1.23658268169452,1.779134329817284,Bad
1.4702896590736587,4.991281301599655,1.0163233486202876,1.2120719738988668,Bad
3.044270174871854,5.010969363608637,1.0206830003886511,1.99389611515632,Bad
4.60644969935754,3.973749250654691,1.3509522052079286,1.8790229469044597,Moderate
1.7909352408696682,4.81768560100123,1.0620490291488536,1.4395120727863295,Bad
2.4619289520168914,5.385610466644931,1.4104158663039257,1.3695889620239272,Bad
2.362496264287856,2.833924045307784,1.2868247182277497,1.1298553220801475,Good
1.7766497658366087,3.4491759830884594,1.031980452390206,1.0,Good
3.8014073172853817,1.2484671287191191,1.0729988775748154,3.1276360545010453,Moderate
3.235891326996976,4.892651683266199,1.205207919160513,2.223640054323643,Bad
2.738611149026907,5.835217651946195,1.0206830003886511,1.4295223720098722,Bad
1.6799044689640985,4.667848090615568,1.0781189366498252,1.469478777779302,Moderate
2.201254102833672,3.117886478129634,1.2263116984065294,1.6193123027441645,Good
1.7827574254218994,5.436913012841412,1.0241670392537894,1.2247502874472935,Moderate
3.103158650096964,5.448744780875656,1.0255495903614458,1.3695889620239272,Bad
2.7330026951734787,4.766477708949024,1.0571824391760591,1.8140958851984847,Bad
1.832316687172728,3.354521838814509,1.0559657986785853,1.5743622452547057,Good
1.1990990475984495,3.654291513730109,1.0048665899727944,1.3596004599156697,Good
1.6422812549602122,2.620952220691396,1.5001943256898562,1.4445057245063584,Bad
3.050462841324664,3.579325431465141,1.0652934224640498,1.1148719695836613,Moderate
3.25178180650515,2.71163089090584,1.0644823381267003,1.884017797292688,Moderate
1.353330657860064,5.208133946131275,1.0036499494753206,1.349611957807412,Moderate
1.599283388237006,3.21651609646309,1.162067634667703,1.2697003449367523,Good
2.421618411653345,4.376029363818979,1.3754372421298096,1.294672199541496,Moderate
2.1721604056801187,3.457032277063197,1.141131137193937,1.709212417723082,Good
1.3168758690549398,4.581050240316355,1.0025438973960357,1.3945620152968707,Good
2.0212003343775446,5.598582291261319,1.1061018359891177,1.0,Bad
2.231303772514055,5.4053931827981865,1.068685285658764,2.0688128776387518,Bad
1.9432666445069773,5.815529589937213,1.130586872910999,1.864039594407973,Bad
1.9620782515089203,5.365922404635949,1.1492421204819276,1.8190895369185145,Moderate
3.778973630865396,1.6389154738491634,1.1119315973571706,3.2025528169834763,Moderate
3.38907138037845,1.2997696749156,1.6925767586474931,1.484462130275788,Moderate
1.661092861962155,3.279555756549541,1.1445783225806452,1.154828375353091,Good
2.5828605731075296,2.569649674494915,1.0513019727944035,1.9889012647680917,Good
1.4138549025646945,5.898351966176919,1.2903225806451613,1.1847950803460634,Moderate
1.2635959121801232,6.040333182587844,1.0462326187329964,1.3396222570309548,Moderate
2.3436846572859134,4.182745601211574,1.0524679362611735,1.4544954252828155,Moderate
2.8193490335757563,5.787890579809219,1.4127477652545668,2.0887898818552664,Bad
1.55897284787346,5.882544724083169,1.1352506708122814,1.6942290652265954,Moderate
2.577241477271445,3.760777426038303,1.3264671682860474,1.3945620152968707,Moderate
1.8765710173148495,3.7449701839445537,1.1459977271667314,1.034961555381201,Good
1.6288444296713185,4.963642291471661,1.377769141080451,1.409545367793357,Bad
2.760226950707132,1.9347096747052572,1.3346288286047416,1.804106184422028,Bad
1.2606748491832194,5.145094286044824,1.0046638258841818,1.0,Moderate
2.854284856723118,2.755077143127583,1.0816167990672367,1.529412187765247,Moderate
3.7959390796155534,2.250191937570333,1.0559657986785853,2.0887898818552664,Moderate
1.9244550375050344,5.389585940704437,1.1900505340069958,1.4245287202898431,Bad
2.096446697888452,5.55523069318385,1.087598647493199,1.2247502874472935,Bad
3.1579575726295435,6.84489340891642,1.1982121943256898,2.5632635100227974,Bad
2.6853311276552256,2.9562171997097275,1.0802987485425573,2.138734789732954,Good
1.3574201460557298,4.379910183734211,1.0163233486202876,1.0,Moderate
1.9029561041434315,6.221785177161006,1.20318019432569,1.3096555520379822,Bad
1.6180949307420844,3.299338472702797,1.1399144966964632,1.0,Good
2.116076189630156,6.048189476562582,1.0279828993392923,1.1847950803460634,Bad
2.0803224817430337,4.324726817622498,1.1410804601632336,1.484462130275788,Good
2.7133732034317752,3.425512447019972,1.0,2.298556816806074,Good
1.980889794013999,3.93825394655196,1.174893120870579,1.7491676248243118,Moderate
2.98865330310265,2.447451174237245,1.1119315973571706,1.7042175673348532,Moderate
2.0803224817430337,4.939978755403175,1.1900505340069958,1.7042175673348532,Moderate
2.845171191770269,4.624496492538098,1.0644823381267003,1.9689230618833768,Bad
3.1230218139790464,1.5402858555157073,1.6331130975514965,1.4295223720098722,Moderate
2.326392015941733,1.907070664577264,1.024485036921881,2.298556816806074,Good
1.1074947958017445,4.575370991659918,1.0213203109211038,1.11986681997189,Good
3.0853985999751607,5.145094286044824,1.1154294597745822,1.6892342148383668,Bad
1.2607916530049768,6.9080277231471445,1.0863820069957248,1.0699219120942025,Bad
1.3359211481972622,4.947835049377912,1.0116595507190052,1.0899001149789174,Moderate
1.6449686458167367,1.9347096747052572,1.053167508744656,1.349611957807412,Good
1.518779111331671,5.267292786302494,1.0279828993392923,1.2996670499297247,Bad
2.4001194137948776,5.334402574592724,1.3031480668480373,1.7192009198313394,Bad
2.144819346324708,5.906208260151656,1.162067634667703,1.4045505174051285,Bad
2.3022992121772488,2.9522417256502216,1.0443062479595802,1.5943392494712207,Good
1.50791280858068,4.352365827750491,1.0594636610959969,1.5593788927582195,Moderate
2.182442495831729,5.310739038524236,1.204041983676642,1.6642623602336228,Moderate
2.295312008849658,2.4553074682119838,1.034978624174116,1.6193123027441645,Good
1.7065338054188504,6.927715785156127,1.0089036548775747,1.4944506323840456,Bad
1.799200256078351,5.413249476772925,1.0279828993392923,1.3346286053109258,Bad
2.8648006190151074,3.062703112017921,1.0377160792848814,1.5344058394852758,Moderate
2.212003601762906,2.3961486280407645,1.349786241741158,1.1897887320660925,Moderate
2.160943562470126,5.925990976304912,1.355616003109211,1.03995520710123,Bad
2.440429954158424,4.227706319741699,1.2774970944422852,2.528301954641596,Good
2.7442195383834718,7.109167779729289,1.0097331799455889,1.5493891919817622,Bad
1.7497760507619564,5.172638642028543,1.0862805969685192,1.4994454827722743,Moderate
2.0588235483814312,5.172638642028543,1.1618141655654877,1.2996670499297247,Bad
1.521349633869574,5.582869703311843,1.1830548091721729,1.3596004599156697,Bad
2.475365777305785,2.4789710042804707,1.2250291581811117,1.2247502874472935,Good
3.7172809609620048,2.751101669068077,1.0237246296152351,6.943396090716806,Bad
1.8599581729233607,4.159082065143085,1.053633899727944,1.0249718546047435,Moderate
2.588235290323714,1.8597435924402888,1.1165954232413524,2.373473579288505,Good
2.1833772488901118,3.7213066478760655,1.0316328488146134,1.529412187765247,Good
5.416633126505506,1.3864728710705383,1.1216647773027597,4.111542468880908,Bad
2.0319498333067787,5.488215559037893,1.0151574131364167,1.4644839273910732,Bad
1.7067781195418856,3.81198531809051,1.0559657986785853,1.3596004599156697,Good
1.737507650671824,5.724850919722768,1.0340661298095608,1.294672199541496,Moderate
1.9916392929432325,3.354521838814509,1.08861252390206,1.3396222570309548,Good
2.113271994951874,3.0035442718467023,1.3381266910221532,1.4644839273910732,Moderate
1.8196476325598143,3.228347864497334,1.2180334333462883,1.1098783178636322,Moderate
2.3194983330677856,4.376029363818979,1.150408083948698,1.639289306960679,Moderate
1.142430554452241,2.565768854579683,1.0,1.3596004599156697,Good
1.8677759668730345,3.4097052049262224,1.3383386894675475,1.034961555381201,Moderate
2.1233204129631047,4.001293606638411,1.1690633595025262,1.3196452528144396,Good
1.9137056030726651,2.561793380520177,1.0489700738437622,1.2397336399437795,Good
3.0450880596116146,3.705499405782316,1.246016332685581,1.544395540261733,Moderate
1.265153769447229,6.131011852802288,1.0524679362611735,2.198668199718899,Bad
1.835771848705233,4.707318868777804,1.0209871745044694,1.804106184422028,Moderate
2.045386658595673,6.12315555882755,1.1200932856587642,1.829079237694972,Bad
1.489101201578737,3.374209900823491,1.0326467252234746,1.3396222570309548,Good
1.1263063383068228,5.503928146987369,1.030314798289934,1.7591561269325693,Moderate
1.1149726912750728,5.148975105960056,1.0364994387874078,1.4794672798875594,Good
3.907967360028744,1.907070664577264,1.0291995398367664,2.643173924225257,Moderate
2.191789897421822,2.52232260235794,1.0012166404974738,1.5394006898735046,Good
1.4837264843625526,4.747168263517137,1.0314807617567043,1.7391791227160542,Moderate
2.69093951701179,4.5298423482641486,1.048665899727944,1.5643725444782484,Good
2.034754027985061,2.447451174237245,1.0279828993392923,1.6243059544641931,Good
1.445869598218287,3.378185374882997,1.0216231418577535,1.3596004599156697,Good
1.1289937291633474,4.22221637937381,1.002098717450447,1.204772084562579,Good
2.8730964637250613,3.8987831683897225,1.15507190983288,1.639289306960679,Moderate
2.51427422033019,5.8707129560489255,1.276179043917606,1.9539397093868904,Bad
1.9378919272907928,3.2401796325315777,1.064127486980179,1.6992227169466243,Moderate
1.9163929294323248,3.2007088543693403,1.1760590843373495,1.4544954252828155,Good
1.833084522345573,3.31117024073704,1.0427107469879515,1.918979352673889,Good
1.8035234164143965,3.740994709885048,1.174893120870579,1.0,Moderate
1.9782024676543388,3.875119632321235,1.0174893120870578,1.3645953103038984,Good
1.2203643088196732,4.15510659108358,1.0011659634667702,1.0,Good
2.500253182441916,5.724850919722768,1.015816410415857,1.3396222570309548,Bad
3.260077651215102,5.590725997286581,1.058399107656432,1.779134329817284,Bad
5.806418508673829,1.6940988399608763,1.1958802953750487,4.922913781261433,Bad
1.9898866551450904,7.105192305669783,1.041366028760202,1.449500574894587,Bad
2.9405143913036387,2.790572447230314,1.0644823381267003,1.7691458277090266,Moderate
1.3574201460557298,5.882544724083169,1.0944422852701128,1.0,Bad
1.56084228949336,3.4806958131316845,1.0,1.389567164908642,Good
2.6339205479034447,4.845324611129223,1.114613282549553,1.8490562419114869,Bad
3.0919418068869717,5.843168600065206,1.3552611519626896,2.3435068742955325,Bad
2.17438038775902,1.8321992364565696,1.571317537504858,1.5993340998594494,Bad
5.540018401815424,2.2778309476983267,1.0306479347065682,2.882907564169037,Bad
1.5965959973804815,4.959666817412156,1.1422463956471045,1.1498335249648624,Bad
1.7873992002689778,3.2401796325315777,1.0559657986785853,1.4644839273910732,Good
2.1797551694720694,1.504790551412976,1.342790516906335,1.5044391344923034,Moderate
3.591091426476939,1.9741804528674949,1.0656989786241742,2.5133186021451097,Moderate
1.8496760827717504,5.882544724083169,1.2225912320248735,1.1947835824543211,Bad
6.089643848098792,1.2761061388471124,1.116798187329965,4.231409288852798,Bad
2.177067778615545,4.959666817412156,1.0617955600466382,1.4295223720098722,Bad
2.0534487666683816,5.586750523227075,1.122425184609405,1.6642623602336228,Bad
3.851883079481916,1.3173753457505548,1.1042999051690634,2.523307104253368,Moderate
2.673986774143956,1.9860122209017383,1.0127194869801788,1.9739179122716053,Moderate
1.6281433487533157,5.898351966176919,1.0206830003886511,1.0899001149789174,Moderate
3.167655514678638,2.3369897878695456,1.0985484679362612,2.842952357067807,Good
1.1289937291633474,6.205977935067257,1.0389327197823552,2.198668199718899,Bad
2.875783790084721,2.4316439321434955,1.0396424500582977,1.669256011953652,Moderate
1.3950432955627512,4.226097199289042,1.0524679362611735,1.314650402426211,Good
1.030846334951696,4.951810523437418,1.0,1.11986681997189,Good
2.255001468486112,2.908890127572752,1.6261173727166731,1.744172774436083,Moderate
2.236657270261792,5.152950580019562,1.0,1.724195770219568,Bad
1.5356044083950926,4.916315219334686,1.0109498204430625,1.4345172223981009,Moderate
1.112168432099926,5.925990976304912,1.087598647493199,1.2397336399437795,Moderate
1.4702896590736587,6.61223352229105,1.377769141080451,1.6243059544641931,Bad
2.163630953326651,5.141118811985318,1.0862805969685192,1.7591561269325693,Moderate
1.8492087384909917,3.3308583027460217,1.3322969296541003,1.3446171074191833,Good
1.5127500734243058,4.356246647665724,1.0,1.414539019513386,Good
2.1249328345776464,4.920290693394192,1.0524679362611735,1.884017797292688,Moderate
1.7332275097444552,5.454707991964915,1.0730664562767198,1.2247502874472935,Moderate
1.5106001994372047,4.589001188435367,1.114263496307812,1.0049948503882289,Moderate
2.007763509088651,3.3703290809082587,1.0501360373105324,1.9039960001774028,Good
1.4434159439990064,3.3584973128740154,1.0,1.2597118428284946,Good
1.6309476079284622,3.863287864286991,1.0024333089778468,2.2685901118131016,Good
2.187817277544778,3.886951400355479,1.0781189366498252,1.978912762659834,Moderate
2.323883023412641,2.1155937444127764,1.186749027594248,1.525130544955851,Good
2.755436381593464,3.070559405992659,1.122881417800233,1.639289306960679,Moderate
2.320783626585169,5.314619858439468,1.083948698017878,1.0,Moderate
1.911368752675142,4.896627157325705,1.0693489280994948,1.799112532701999,Bad
2.3348046644734435,5.803697821902969,1.1386425340069957,1.5344058394852758,Bad
1.970257163403387,4.324726817622498,1.1812805254566654,1.469478777779302,Good
2.800303754433434,3.5516864213371475,1.1094982883793238,1.839067739803229,Moderate
2.825541700028566,1.1261739743171757,1.115747457442674,2.098779582631724,Good
2.69093951701179,5.44476930681615,1.0291995398367664,1.2996670499297247,Bad
2.78710060128492,3.315051060652272,1.1107656338904004,1.724195770219568,Good
1.7094655103984104,4.01710084873216,1.1630308060629615,1.5743622452547057,Moderate
2.915276445708507,2.940409957615977,1.3663215888068403,2.528301954641596,Moderate
2.292624682489998,2.6051449785976466,1.0093276237854645,1.1348501724683762,Good
1.2956106078337162,3.8356488541589977,1.0233190734551108,1.2497221420520372,Good
1.1827410948157873,3.918471230398704,1.030314798289934,1.4594890770028446,Good
2.241564643197218,1.3194577369245817,1.4279051783909833,1.2097669349508071,Bad
2.0803224817430337,5.089816265788837,1.0991061111542946,1.983906414379863,Bad
2.0534487666683816,3.5083348232596783,1.0396424500582977,1.8091010348102567,Good
1.90856455799686,5.219965714165518,1.0072998989506412,1.4445057245063584,Moderate
1.8088981981274452,2.1516569733811512,1.0851146614846483,1.0352552290901322,Good
1.992690849823372,4.742814172880536,1.2153466552662262,1.4744724294993308,Bad
1.9728276859412897,5.744538981731751,1.101438010104936,1.3246389045344684,Bad
3.4761187352018665,4.5850257143758615,1.0778654675476098,1.943951207278633,Bad
2.762914277066792,4.979449533565411,1.101438010104936,1.8140958851984847,Bad
3.675084209793768,2.715606364965346,1.1172616680917218,2.7780240966936334,Moderate
3.4172303244736217,3.4965030552254346,1.0790821080450836,2.2735849622013298,Moderate
2.7817258840687358,4.41152466792171,1.1399144966964632,1.5194224869887896,Moderate
2.1797551694720694,5.172638642028543,1.282160892343568,1.0499449078776877,Bad
1.6261570388147937,6.213834229041995,1.1364166342790516,2.0488346747540365,Moderate
1.929829819218084,2.360653323938033,1.064127486980179,1.094894965367146,Good
1.799200256078351,1.89523889654302,1.0012719626894675,1.5044391344923034,Good
1.6169265055433228,5.626221301389313,1.1422463956471045,1.0,Moderate
2.3067625886968948,4.5731939463416165,1.0644823381267003,1.943951207278633,Moderate
1.5243875651851,5.421105770747662,1.015816410415857,1.294672199541496,Moderate
3.192893395776905,2.5972886846229084,1.1667314325689857,2.11376293512821,Moderate
2.2281278179083244,3.7283110545523375,1.1993781577924605,1.4994454827722743,Moderate
1.518662307509914,5.2752437344215055,1.1049358725223477,1.0849052645906887,Moderate
1.988951902086708,3.8514560962527473,1.02215313797124,1.5044391344923034,Good
1.7318991968183957,4.261592503391773,1.0462326187329964,1.4944506323840456,Good
2.392057305722169,5.531567157115362,1.3253012048192772,1.948510941110364,Bad
2.5871837334435743,5.594701471346087,1.0145997699183833,2.4983352496486235,Bad
2.012320341565076,2.0608836490224327,1.024332949863972,1.2597118428284946,Good
2.9322185465936856,2.9285781895817338,1.037310523124757,1.6542726594571655,Moderate
1.4407285531424818,3.5004785292849405,1.0757870097162845,1.4345172223981009,Good
2.8408480314342244,2.699799122871596,1.0431403124757093,1.5993340998594494,Moderate
3.7901904740753887,4.419380961896448,1.048665899727944,4.481132629573036,Bad
2.721785851963486,6.320320141350189,1.1737271574038088,2.0338513222575503,Bad
1.7470886599054318,4.84930008518873,1.1235911480761758,1.589345597751192,Moderate
1.4729769854333186,4.379910183734211,1.1399144966964632,1.5194224869887896,Good
2.9617796525248625,4.214265431254798,1.4349009032258064,1.2846836974332383,Moderate
2.146922524581852,6.052164950622088,1.0218996688690245,1.274695195324981,Bad
2.5452373591036435,5.358066110661212,1.2728332685581034,1.9289678547821465,Bad
2.359808873431332,4.0999232249718665,1.0163233486202876,1.5194224869887896,Moderate
1.1155569038744535,4.667848090615568,1.0,1.1648168774613483,Moderate
2.1394446291085227,3.0429203958646656,1.2378546443839875,1.6792457127301093,Bad
1.6584054711056306,5.022801131642881,1.2553439564710454,1.604328950247678,Bad
2.5828605731075296,2.372485091972277,1.2250291581811117,1.899001149789174,Good
2.186181443568393,1.9110461386367696,1.284916788184998,2.0238628201492928,Bad
2.4778194315250657,4.391741951768454,1.0279828993392923,1.374583812412156,Moderate
1.0644968645816737,4.244081486701092,1.0026650353672757,1.006659800517638,Good
2.131382521035814,3.973749250654691,1.036144587640886,1.3995556670168998,Good
1.468303349135137,4.214265431254798,1.0635974908666923,1.2796888470450098,Moderate
1.427291727853588,3.756801951978797,1.0431403124757093,1.2996670499297247,Good
2.134069847395474,3.7804654880472848,1.130586872910999,1.8440625901914576,Good
1.8132213584634904,3.871144158261729,1.0427107469879515,2.5882353646275407,Good
2.4269931288695297,1.4772461954292564,1.541002711232025,1.764150977320798,Moderate
3.711672507108576,5.756370749765994,1.0012166404974738,2.213651552215385,Bad
2.6395782128645493,3.6029889675336286,1.0589113626117372,1.329633754922697,Moderate
2.5049268187400973,1.508766025472482,1.0572377613680528,1.908989651897432,Good
1.8328507857083287,4.926064596194904,1.0966681849980566,1.99389611515632,Good
2.284328837780045,6.403142517589895,1.2360296836377769,1.4245287202898431,Bad
1.988951902086708,5.511879095106381,1.114263496307812,1.2996670499297247,Moderate
3.815288138990056,2.1437060252621394,1.23658268169452,2.1187565868482388,Moderate
1.639593928600552,5.216084894250287,1.0209871745044694,1.3046619003179534,Moderate
2.89003856461024,5.492096378953125,1.1192314963078118,1.9988897668763488,Bad
1.7793370921962686,3.6581723336453416,1.0093276237854645,1.4644839273910732,Good
1.8465213476344668,5.713019151688525,1.0687912848814614,1.3096555520379822,Bad
1.376231688560808,6.008813352544618,1.036144587640886,1.3246389045344684,Bad
2.3432173130051543,2.648591230819389,1.0802987485425573,1.1048834674754036,Good
2.0856971989592186,4.24976073535753,1.2425184702681695,1.0299667049929724,Moderate
1.905643494999956,4.214265431254798,1.174893120870579,1.1997784328425498,Good
5.197904651662217,1.907070664577264,1.083948698017878,3.4972250165249728,Bad
2.1964168379900464,4.608026671434431,1.0382923870967742,1.472416713536813,Bad
1.3923559047062266,5.503928146987369,1.0093276237854645,1.0,Moderate
3.539947928241391,1.1932837626074062,1.5270112615623783,1.978912762659834,Moderate
2.371259453278568,3.729162941850804,1.083948698017878,1.5643725444782484,Good
1.249574809794984,4.423356435955954,1.0594636610959969,2.198668199718899,Good
1.2702725631047536,6.855683981363651,1.062628387096774,1.4328522722686912,Moderate
2.4323678460857145,3.098198416120652,1.041974349008939,1.6492790077371366,Good
2.0776350908865093,6.706887666565001,1.0443062479595802,1.0,Bad
1.3813727336366135,3.92244670445821,1.0689078896230082,1.2097669349508071,Good
3.218131276875172,3.2401796325315777,1.0437993097551497,1.824084387306743,Moderate
1.0,6.509628429898089,1.0,1.0,Moderate
3.0238578846847237,3.445200509028953,1.1002720466381657,2.2086567018271563,Moderate
2.813974316359572,5.093791739848342,1.280994956859697,1.2846836974332383,Bad
3.893946257643605,1.5284540874814636,1.122881417800233,2.0887898818552664,Moderate
2.255001468486112,3.756801951978797,1.0687912848814614,1.4395120727863295,Moderate
2.4497773557485165,4.230072673348548,1.0802987485425573,1.5344058394852758,Good
1.405792794491985,7.152519377806758,1.1655654970851146,1.4395120727863295,Bad
2.005076118232126,5.164782348053805,1.1853867081228138,1.0,Bad
3.837862041593641,1.812416520303314,1.08861252390206,3.042730789910357,Moderate
2.17169306139936,4.569218472282111,1.0852812157015157,1.389567164908642,Bad
1.3953938360217526,3.52802288526866,1.0050877947920716,1.3995556670168998,Good
2.32218572392431,5.216084894250287,1.3322969296541003,1.724195770219568,Moderate
2.668505830591805,2.703774596931102,1.1240980862806065,1.4045505174051285,Moderate
3.2293481200851644,2.8575875813762712,1.0754321585697628,1.449500574894587,Moderate
2.050761440308721,3.831768034243766,1.0559657986785853,1.4644839273910732,Good
2.2142235838418074,5.290956322370981,1.018249719393704,1.6243059544641931,Bad
1.90856455799686,5.058296435745612,1.058399107656432,1.2297451378355222,Bad
1.861912621410779,2.644615756759884,1.0206830003886511,1.449500574894587,Good
1.9378919272907928,3.973749250654691,1.1052690089389818,1.6942290652265954,Good
1.9997014010159415,5.425081244807168,1.1434123591138747,1.7042175673348532,Bad
2.1721604056801187,2.573625148554421,1.0194663598911775,1.7841291802055128,Good
2.413556303580636,2.2659991796640826,1.0034978624174116,1.4345172223981009,Good
1.550910739800751,3.0784156999673966,1.012825486202876,2.0788013797470093,Good
2.1125709140338707,5.886520198142675,1.184930474931986,1.7691458277090266,Bad
3.989289457176974,3.3623781327892472,1.0912485969685193,2.0688128776387518,Moderate
2.212003601762906,2.9285781895817338,1.1352506708122814,1.609322601967707,Good
1.8115855244871053,4.801973013051755,1.349786241741158,1.1798002299578347,Bad
2.6488763388501013,4.675704384590305,1.1338312662261951,1.834072889415001,Bad
2.4077141775868283,5.097767213907848,1.049882568208317,1.589345597751192,Bad
1.5965959973804815,4.774334002923761,1.1107656338904004,1.5843507473629632,Moderate
2.212003601762906,5.543398925149606,1.108433734939759,1.4594890770028446,Bad
2.131919973408373,4.683655332709317,1.1055718398756316,1.6892342148383668,Moderate
2.074013011468467,3.4925275811659287,1.0218996688690245,1.8790229469044597,Good
2.160943562470126,5.018825657583375,1.143564446171784,1.5094339848805318,Moderate
1.693341294252992,5.63407759536405,1.1200932856587642,1.0199782028847149,Bad
1.755150767978141,5.914159208270668,1.0874465604352896,1.5593788927582195,Bad
2.134069847395474,5.4053931827981865,1.2331908184998055,1.4544954252828155,Bad
2.281875183560764,3.125742772104372,1.192230345899728,2.35349657507199,Good
1.5965959973804815,5.673548373526288,1.1165954232413524,1.1448386745766337,Bad
1.3574201460557298,5.882544724083169,1.0944422852701128,1.0,Bad
1.3140716743766578,3.5990134934741222,1.0368865542168677,1.2397336399437795,Good
3.594532979171017,1.8755508345340384,1.4817925192382433,1.544395540261733,Good
1.5240370247260986,5.835217651946195,1.2028760202098718,1.0,Moderate
1.6898360186567072,4.324726817622498,1.0206830003886511,1.3346286053109258,Good
3.2321523792603117,4.671823564675073,1.0036499494753206,2.15371814222944,Bad
1.4353538359262972,6.083684780665313,1.0513019727944035,1.2397336399437795,Moderate
1.827709740632524,6.091635728784325,1.2087057815779243,1.9489460576668611,Bad
3.0134238399201583,5.819505063996719,1.024332949863972,1.4644839273910732,Bad
2.5129889268128065,2.751101669068077,1.095608248736883,1.7341842723278256,Good
1.9225855958851343,4.87684444117245,1.0,1.4794672798875594,Bad
1.005608453853429,3.429487921079477,1.0,1.2397336399437795,Good
1.5047580734433967,3.8909268744149847,1.0216231418577535,1.4994454827722743,Good
1.3981980307000346,4.218240905314305,1.0437993097551497,1.2397336399437795,Good
1.7040907931822258,5.705068203569513,1.114263496307812,1.0799116128706598,Bad
4.781128686100619,2.810260509239296,1.0326467252234746,2.443396690050907,Bad
2.738611149026907,4.376029363818979,1.0644823381267003,1.5593788927582195,Moderate
3.026276517106536,3.7449701839445537,1.1235911480761758,1.799112532701999,Moderate
2.93490593745021,6.190170692973507,1.0218996688690245,1.4445057245063584,Bad
2.6681234286817,5.330427100533218,1.0216231418577535,1.4345172223981009,Moderate
2.7918911703985883,3.5004785292849405,1.0629615235134084,1.529412187765247,Good
1.193490593745021,3.181020792360359,1.0279828993392923,1.5793558969747346,Good
2.1958793856174874,1.141981216410925,1.0816167990672367,2.603218717124027,Good
2.3006867905627075,2.810260509239296,1.0106601414691023,1.449500574894587,Good
2.184396944319148,3.1297182461638777,1.0218996688690245,1.6293008048524218,Good
1.3305464309810775,3.823817086124754,1.0620490291488536,1.639289306960679,Good
2.1958793856174874,2.4829464783399766,1.0862805969685192,1.6342956552406505,Good
2.4778194315250657,4.391741951768454,1.0279828993392923,1.374583812412156,Moderate
1.877718223045164,4.348390353690985,1.0133831294209097,1.9739179122716053,Moderate
1.8665013798351715,1.9307342006457515,1.0534219012825496,1.724195770219568,Good
1.9459540353635016,5.894376492117413,1.037310523124757,1.214761785339036,Bad
1.0940579060159858,4.663872616556061,1.0,1.1298553220801475,Good
1.556285457016935,6.829086166822671,1.1609016712009328,1.5993340998594494,Bad
1.634219146887503,5.7405635076722445,1.0371939463661095,1.5993340998594494,Moderate
1.2821737825448225,5.653860311517306,1.0396424500582977,1.6742508623418806,Moderate
1.9104807598435816,4.052596152834892,1.0629615235134084,1.4445057245063584,Good
2.5596514408846787,4.7151751627525424,1.200746885347843,1.6942290652265954,Moderate
1.4998507005079709,1.8834071285087768,1.0,1.0449500574894588,Good
2.499552101523913,4.880819915231955,1.071123211815002,1.1947835824543211,Moderate
1.6261570388147937,6.142843620836532,1.1037699090555773,1.0549385595977163,Moderate
3.2041102389868974,3.7213066478760655,1.1034150579090556,2.018867969761064,Moderate
4.976371917643782,1.2287790667101377,1.1995302448503693,4.625971304149669,Bad
2.878821721400247,3.374209900823491,1.3151117916828603,1.943951207278633,Bad
3.0162280990953048,4.9321224614284365,1.0437993097551497,1.8440625901914576,Bad
3.049878628725283,4.308919575528749,1.0231163093664983,1.6293008048524218,Moderate
2.241564643197218,4.040764384800648,1.367275553828216,1.4395120727863295,Bad
1.084126356323377,5.409274002713419,1.0454722114263506,2.198668199718899,Bad
1.7040907931822258,3.875119632321235,1.0314807617567043,1.204772084562579,Good
3.829449393061931,3.930302998432948,1.0316328488146134,1.7491676248243118,Bad
2.1693562110018365,2.9600980196249598,1.0206830003886511,1.958934559775119,Good
1.3252885175866504,7.262980764174459,1.0454722114263506,2.198668199718899,Bad
2.2254404270518,4.936003281343668,1.4582199766809172,1.2397336399437795,Bad
2.2657509674153458,5.393561414763943,1.289156617178391,1.5344058394852758,Moderate
1.327859040124553,3.681835869713829,1.0559657986785853,1.3596004599156697,Good
2.625999881454763,3.6029889675336286,1.023564539448115,2.3859601059249766,Moderate
4.805315010318747,3.29536299864329,1.0194663598911775,3.167591261602275,Bad
2.3114362249950764,4.407549193862204,1.1705624314030314,1.0899001149789174,Bad
3.285031746109211,3.1888770863350966,1.0510992087057909,1.3695889620239272,Moderate
2.0656003629367565,4.28137521954503,1.0,1.7691458277090266,Moderate
4.696166450412264,4.609730446031362,1.0599633517294986,2.089698472350653,Bad
1.7417139426892472,4.841349137069718,1.0944422852701128,1.414539019513386,Moderate
1.38417699281176,4.068403394928641,1.024332949863972,1.3596004599156697,Good
1.908330821359616,3.764658245953535,1.1070650073843762,1.2097669349508071,Moderate
2.253482567325213,4.553505884332635,1.0734551107656432,1.5993340998594494,Bad
1.7038570565449818,3.673979575739091,1.006359757481539,1.3645953103038984,Good
1.6253391540750337,3.33871459672076,1.0912485969685193,1.419533869901615,Good
2.005564746478197,3.287506704668553,1.108433734939759,1.3596004599156697,Good
2.50586157179848,5.598582291261319,1.0304162083171395,1.5843507473629632,Bad
1.7820244830527932,1.757233154191601,1.0687912848814614,1.6742508623418806,Good
1.4626948952817085,5.105623507882586,1.0474492592304705,1.5244173373770182,Good
1.9432666445069773,4.009244554757423,1.3952584531675087,1.4644839273910732,Bad
3.1197969707499627,3.1375745401386155,1.0617955600466382,2.053829525142265,Moderate
2.906863797176796,4.26556797745128,1.0912485969685193,1.99389611515632,Moderate
1.7515286885600987,5.385610466644931,1.1348267019043918,1.6642623602336228,Bad
3.349929265213666,2.1831768034243764,1.1492421204819276,2.018867969761064,Moderate
2.83115008938513,1.4377754172670194,1.10048404508356,2.763040744197147,Good
2.0212003343775446,4.305038755613516,1.052817722502915,1.6592675098453944,Moderate
1.6584054711056306,3.62267702954261,1.0338126607073457,1.604328950247678,Good
1.2383579665849915,6.821229872847932,1.032849489312087,1.2846836974332383,Bad
1.1009515888899335,5.890495672202181,1.0279828993392923,2.198668199718899,Bad
1.6870318239784252,6.0166696465193565,1.032849489312087,1.3596004599156697,Bad
3.027044287782516,3.4965030552254346,1.1119315973571706,1.6792457127301093,Moderate
2.7526321869151813,6.482084073914369,1.0121664889234356,1.5194224869887896,Bad
2.1958793856174874,3.165213550266609,1.0617955600466382,1.4245287202898431,Good
2.6236384577518344,5.145094286044824,1.1094982883793238,1.804106184422028,Bad
2.819933246175137,3.173069844241347,1.035282798289934,2.4483903417709363,Moderate
2.182442495831729,5.732707213697506,1.029148862806063,1.5593788927582195,Bad
3.260077651215102,1.473270721369751,1.145744258064516,1.8690344447962015,Good
2.134069847395474,5.874688430108432,1.6261173727166731,1.7042175673348532,Bad
3.9640515760787065,2.569649674494915,1.0024333089778468,1.3596004599156697,Moderate
2.1749646003584004,2.7274381329995894,1.0194663598911775,1.8790229469044597,Good
1.860892925981743,4.521891400145136,1.0072998989506412,1.1448386745766337,Good
4.582263375139413,4.762502234889517,1.0279828993392923,2.288568314697816,Bad
2.3006867905627075,3.800153550056266,1.108433734939759,1.5593788927582195,Good
1.20155270181773,3.950085714586204,1.0163233486202876,1.1448386745766337,Good
1.6954444725101356,4.947835049377912,1.0097331799455889,1.2697003449367523,Good
2.142131955468183,6.340102857503444,1.1480761849980567,1.6293008048524218,Bad
4.280927445133647,1.4574634792760008,1.0377160792848814,2.038846172645779,Moderate
1.733651834616538,5.803697821902969,1.06645938593082,1.254716992440266,Bad
2.3383099400697285,2.52232260235794,1.1783909832879906,1.5344058394852758,Good
4.754839183625347,2.7234626589400834,1.1289646762534007,3.067702644515101,Bad
1.229945318053281,4.821661075060737,1.0109498204430625,1.3845723145204134,Good
2.230815144267984,6.237497765110482,1.2658375437232805,1.9739179122716053,Bad
2.7322015151216448,5.594701471346087,1.051968245627672,1.2996670499297247,Bad
1.8200315823946691,5.862856662074187,1.2545111294209097,1.544395540261733,Bad
1.6422812549602122,3.153381782232365,1.0186552755538285,1.5593788927582195,Good
3.313825016867543,1.8479118244060453,1.0582976976292269,1.834072889415001,Moderate
3.392526541910956,2.4908027723147144,1.385677360279829,1.864039594407973,Bad
2.489036339231923,3.117886478129634,1.0863820069957248,1.7741394794290557,Good
1.4299791187101127,3.748945658004059,1.0023318989506411,1.4744724294993308,Good
1.7014034023257012,4.766477708949024,1.1200932856587642,1.4245287202898431,Moderate
1.634219146887503,2.4316439321434955,1.0151574131364167,1.4594890770028446,Good
1.4514780520717157,4.253736209417036,1.02215313797124,1.4544954252828155,Good
3.0891375477118244,2.8024042152645583,1.01703307889623,2.688123981714716,Moderate
2.89845121314195,3.33871459672076,1.2372463241352507,1.0549385595977163,Moderate
2.2281278179083244,3.40582438501099,1.0233190734551108,1.3246389045344684,Good
1.86802028099607,7.14466308383202,1.2984842689467548,1.0749167624824312,Bad
2.132901422196712,4.340534059716248,1.0802987485425573,1.918979352673889,Moderate
1.2411621612632735,4.770358528864255,1.0231163093664983,1.1648168774613483,Good
1.9755150767978145,4.072284214843873,1.0384764865915277,1.569367394866477,Good
1.7318991968183957,3.826088785587329,1.0024333089778468,1.5543840423699908,Good
2.32218572392431,5.216084894250287,1.3322969296541003,1.724195770219568,Moderate
3.2293481200851644,1.5679248656437008,1.058509696074621,3.687014947259265,Good
2.668505830591805,4.979449533565411,1.0571824391760591,1.569367394866477,Bad
1.400418012778936,5.425081244807168,1.0652934224640498,1.3795786628003843,Moderate
3.38907138037845,1.5994446956869262,1.0693489280994948,1.6342956552406505,Good
2.428144849380365,5.180589590147555,1.06486945355616,1.3046619003179534,Moderate
1.8438339567779425,4.060452446809629,1.0897784593859308,2.018867969761064,Good
1.9169771420317057,6.900076775028133,1.0729988775748154,1.8540510922997155,Bad
1.8975813869272469,4.963642291471661,1.1282549459774582,1.6193123027441645,Bad
1.5047580734433967,6.513603903957595,1.0218996688690245,1.3995556670168998,Moderate
2.2791877927042394,5.492096378953125,1.2133696074621063,1.0,Bad
1.7820244830527932,1.757233154191601,1.0687912848814614,1.6742508623418806,Good
1.2499253502539855,3.5043593492001723,1.1165954232413524,1.1398450228566048,Good
1.5384086030733746,4.0999232249718665,1.0304162083171395,1.4445057245063584,Good
2.034637224163303,3.993437312663673,1.745044694908667,1.0,Bad
2.241564643197218,3.953966534501435,1.0139914496696465,1.2896785478214672,Moderate
1.4138549025646945,3.287506704668553,1.0081616883015934,1.1698117278495772,Good
1.9835771848705237,3.224372390437828,1.2495141951029929,1.1148719695836613,Good
1.639360191963308,5.2554610182682495,1.0145997699183833,1.3396222570309548,Bad
2.128695130179289,4.525866874204642,1.1877186070734551,1.1798002299578347,Moderate
1.8088981981274452,2.810260509239296,1.012825486202876,1.2996670499297247,Good
4.3014332557744215,4.951810523437418,1.215701506412748,1.6243059544641931,Bad
3.9140855970998256,2.719581839024852,1.4582199766809172,1.779134329817284,Moderate
2.906863797176796,6.063996718656331,1.0693489280994948,1.5543840423699908,Bad
2.459241561160366,4.825636549120242,1.0746210742324136,1.2846836974332383,Bad
1.833084522345573,5.500047327072137,1.0676253493975905,1.3046619003179534,Bad
2.0936425032101704,6.1389628009213,1.0291995398367664,1.5144288352687607,Bad
1.7182605608402255,4.786165770958005,1.0851146614846483,1.6842393644501383,Good
1.4514780520717157,6.63977787827477,1.0623255561601244,1.529412187765247,Bad
3.641684056992096,1.86239390847996,1.2739992320248736,2.228634904711871,Moderate
2.641982655976154,1.6665544839771569,1.371939379712398,1.3645953103038984,Good
2.643267949493538,2.510490834323696,1.2670035071900505,2.2436182572083574,Bad
1.6674023322367215,5.815529589937213,1.0559657986785853,1.5094339848805318,Moderate
1.773962374980084,5.018825657583375,1.0165353470656822,1.3196452528144396,Moderate
2.4269931288695297,2.0924981332099324,1.0699572483482316,1.7142060694431107,Good
2.160943562470126,3.315051060652272,1.0501360373105324,1.7341842723278256,Moderate
3.722305137719188,1.603420169746432,1.6307811986008551,1.908989651897432,Moderate
3.3527334598919483,2.072715417056677,1.2141300147687524,5.699777833508449,Bad
1.548223348944226,4.821661075060737,1.150408083948698,1.254716992440266,Moderate
2.5815752795901457,4.458851740058686,1.1301813167508743,1.8140958851984847,Bad
2.553788095422424,2.530273550476952,1.2019635258453167,1.4395120727863295,Moderate
1.6197307647184696,2.6249276947509017,1.0,1.449500574894587,Good
1.5944928191233376,3.283531230609047,1.0508780038865138,1.3596004599156697,Good
2.5086657664767618,4.151225771168347,1.326061612125923,1.1298553220801475,Moderate
2.6797226738017974,7.748083253578452,1.0231163093664983,1.2297451378355222,Bad
1.6530307538894458,4.924171513309425,1.1469102215312863,1.2996670499297247,Moderate
2.5909226811802384,4.53372316817938,1.125923047026817,1.484462130275788,Good
1.9970140101594172,5.259436492327756,1.39759035211815,1.4944506323840456,Bad
1.3439832562699714,5.622245827329807,1.0139914496696465,1.3695889620239272,Moderate
3.1216073977387704,4.383885657793717,1.0944422852701128,1.6942290652265954,Moderate
2.4619289520168914,1.8755508345340384,1.0462326187329964,1.764150977320798,Good
1.7444013335457718,6.65558512036852,1.1574038087835212,1.0849052645906887,Bad
1.4739117384917009,3.5990134934741222,1.0109498204430625,1.0,Good
1.9701403595816296,5.5710379352776,1.222697231247571,1.5044391344923034,Moderate
2.440429954158424,5.543398925149606,1.079284872133696,1.4994454827722743,Bad
2.320783626585169,3.0902474680016403,1.10828164788185,1.4794672798875594,Good
2.466602588315073,4.364197595784735,1.0316328488146134,2.238623406820129,Bad
1.5912212801642969,2.774765205136565,1.015816410415857,1.2697003449367523,Good
4.014527338275242,4.648160028606586,1.152080985619899,3.542175074014432,Bad
2.0749477645268493,4.525866874204642,1.1958802953750487,1.419533869901615,Moderate
2.43505523694224,6.403142517589895,1.1667314325689857,1.2497221420520372,Bad
1.5670349559461694,5.610414059295563,1.083948698017878,1.799112532701999,Moderate
2.289937291633473,2.6367594627851454,1.451224251846094,1.0299667049929724,Bad
2.518363708525856,4.328702291682004,1.15507190983288,1.589345597751192,Good
1.2692043015366874,3.0942229420611462,1.026766258841819,1.314650402426211,Good
2.33024783199702,4.399692899887466,1.1655654970851146,1.0649282603741737,Bad
1.8922066052141973,4.995162121514888,1.02215313797124,1.2846836974332383,Moderate
1.7820244830527932,2.407980396075008,1.060629624562767,1.5793558969747346,Moderate
2.9402806546663944,3.3860416688577346,1.7835211815001943,1.918979352673889,Bad
1.639593928600552,5.858881188014681,1.064127486980179,1.0149833524964862,Moderate
2.5909226811802384,4.3720538897594725,1.1177613587252235,1.824084387306743,Moderate
1.6879665770368073,2.829948571248278,1.305479993781578,1.2497221420520372,Moderate
1.8438339567779425,3.5911571994993845,1.0011659634667702,1.4944506323840456,Good
1.5664507433467885,3.283531230609047,1.008516539448115,1.5144288352687607,Good
1.161242161454184,4.73883869882103,1.0,1.729189421939597,Moderate
1.784711873909318,2.1082107211594083,1.0687912848814614,1.5144288352687607,Good
2.040362481838489,4.84930008518873,1.0316328488146134,1.4295223720098722,Moderate
2.259224529688326,4.190601895186311,1.122591738826273,1.5344058394852758,Moderate
1.1167086243852884,6.601821566420916,1.0279828993392923,1.3662602604333078,Moderate
1.4456147066094602,6.032476888613106,1.092465237465993,1.1398450228566048,Bad
1.8975813869272469,4.624496492538098,1.0909444228527012,1.1348501724683762,Moderate
1.1827410948157873,3.918471230398704,1.030314798289934,1.4594890770028446,Good
1.86802028099607,6.221785177161006,1.1112320248736882,1.839067739803229,Bad
1.9001519094651491,1.8608794421715764,1.0076316921881072,1.709212417723082,Good
1.4568527692879003,4.908458925359948,1.030314798289934,1.2397336399437795,Moderate
1.1766652966815998,3.692910404593881,1.0291995398367664,1.2647054945485237,Good
2.719916410343586,2.975905261718709,1.4127477652545668,1.6842393644501383,Moderate
1.8438339567779425,4.28137521954503,1.0816167990672367,1.4594890770028446,Moderate
1.733651834616538,6.706887666565001,1.0034978624174116,1.389567164908642,Bad
1.8328507857083287,5.4763837910036495,1.0121664889234356,1.4994454827722743,Bad
2.1905046039044382,6.856725176950664,1.5061254970851148,2.323529870079017,Bad
1.6730107860901504,3.4531514571479653,1.102603973571706,1.11986681997189,Good
2.040011941379488,5.006993889549131,1.0944422852701128,1.5144288352687607,Bad
1.3547327551992052,4.746694992795767,1.2565099199378158,1.3246389045344684,Good
1.4729769854333186,6.549099208060325,1.0489700738437622,1.0699219120942025,Bad
1.368169580488099,6.2178097031015005,1.0550330446949088,1.2597118428284946,Moderate
2.1152583048903955,7.799291145630659,1.271667305091333,1.3945620152968707,Bad
1.6046581054531908,3.4728395191569468,1.197046258841819,1.389567164908642,Good
2.281875183560764,4.186721075271079,1.1034150579090556,1.5244173373770182,Moderate
2.045970871195053,6.971067383233596,1.0,1.254716992440266,Bad
1.7497760507619564,4.494347044161417,1.0594636610959969,1.1148719695836613,Moderate
2.260376250199161,6.671392362462269,1.2366886809172173,1.0,Bad
2.4525815504267987,4.135418529074598,1.243329554605519,1.7541624752125404,Bad
2.064198265597615,6.241473239169988,1.1094982883793238,1.1997784328425498,Bad
2.6388067013704237,5.4763837910036495,1.0216231418577535,1.3695889620239272,Bad
2.7118543022708765,3.6581723336453416,1.0443062479595802,1.3396222570309548,Moderate
3.313825016867543,1.8479118244060453,1.0582976976292269,1.834072889415001,Moderate
2.534487924671274,6.979018331352608,1.0559657986785853,1.5943392494712207,Bad
1.9001519094651491,5.862856662074187,1.0705655685969686,1.1298553220801475,Bad
2.273813075488055,7.097336011695045,1.0804508356004665,1.6892342148383668,Bad
1.7390265518327226,5.559206167243356,1.222697231247571,1.5543840423699908,Bad
1.518662307509914,5.156926054079068,1.0069957248348231,1.2647054945485237,Moderate
1.7150739642518391,2.7314136070590957,1.0127194869801788,1.3196452528144396,Good
4.606215962720297,1.3116014429498437,1.048665899727944,4.511099334566008,Moderate
1.491788592435262,2.1279934373126634,1.0851146614846483,1.389567164908642,Good
2.017928795418504,3.1888770863350966,1.0194663598911775,1.4744724294993308,Good
1.2230516351793332,4.178770127152067,1.0279828993392923,1.274695195324981,Good
1.059122147365489,3.7213066478760655,1.0268169358725223,1.5344058394852758,Good
1.7873992002689778,4.131443055015092,1.1410804601632336,1.3046619003179534,Good
5.147428824968818,2.2818064217578327,1.0291995398367664,3.3623748440565966,Bad
2.369092552119218,3.0074250917619345,1.2287297846871357,1.7691458277090266,Moderate
3.389188184200208,3.81198531809051,1.12531472677808,1.983906414379863,Moderate
3.302257633198549,1.5245732675662316,1.1447810866692576,3.94672559141956,Moderate
1.8196476325598143,5.448744780875656,1.156587631558492,1.2930072494120866,Bad
2.0992508925667344,5.9180400281859,1.0754321585697628,2.198668199718899,Bad
2.5640489661055863,2.139825205346908,1.2751651675087443,1.529412187765247,Good
2.1152583048903955,5.263411966387261,1.0279828993392923,1.4794672798875594,Moderate
1.3171096056921838,2.889107411419497,1.0034978624174116,1.4794672798875594,Good
1.4122190685883091,4.939978755403175,1.0186552755538285,1.1498335249648624,Good
2.289937291633473,2.6367594627851454,1.451224251846094,1.0299667049929724,Bad
4.289340093665357,3.662147807704848,1.060629624562767,2.0488346747540365,Bad
3.271411298246853,3.630627977661622,1.164247446560435,1.4045505174051285,Moderate
2.131382521035814,6.265136775238476,1.2296929560823942,1.1098783178636322,Bad
2.7736637759960256,2.250191937570333,1.2856587547609797,2.0088794676528066,Moderate
3.2742155574219995,2.029363818979208,1.3029453027594249,2.423418487166193,Moderate
2.956404870811813,3.0272078079151896,1.6972405845316751,3.5122083690214585,Bad
2.4834278853784943,2.2620237056045767,1.0742155180722892,1.2597118428284946,Good
1.25261274111051,5.283100028396243,1.457054013214147,1.1798002299578347,Moderate
3.644371447848621,2.9640734936844653,1.3043140303148075,2.098779582631724,Moderate
1.4094148739100274,3.299338472702797,1.0291995398367664,1.5194224869887896,Good
2.005076118232126,4.687536152624549,1.064127486980179,1.1648168774613483,Moderate
3.591091426476939,2.364628797997539,1.0389327197823552,1.9639294101633475,Moderate
1.3729601496017674,4.920290693394192,1.013139790128255,1.2247502874472935,Moderate
4.423708540044889,6.052164950622088,1.1923824329576371,2.0887898818552664,Bad
1.1794695558567465,5.440888486900918,1.0060832304702685,1.11986681997189,Good
2.007763509088651,3.752826477919292,1.7648659059463665,1.1698117278495772,Moderate
2.539862641887459,6.746263790582964,1.1947143319082782,1.5244173373770182,Bad
2.4834278853784943,1.9702049788079887,1.024485036921881,1.899001149789174,Good
2.2039414936901967,4.305038755613516,1.037310523124757,1.3695889620239272,Moderate
1.6730107860901504,5.63407759536405,1.0474492592304705,1.6742508623418806,Bad
1.3842937966335174,3.3860416688577346,1.0268169358725223,1.2397336399437795,Good
2.4365210571835867,3.173069844241347,1.15507190983288,1.804106184422028,Moderate
1.7014034023257012,4.608689250444348,1.493198600855033,1.274695195324981,Bad
3.338712422003673,1.5797566336779445,1.0012166404974738,2.718090686707688,Good
1.491788592435262,5.910183734211162,1.130586872910999,1.0,Bad
3.341516616681955,4.7111996886930365,1.176413935483871,1.9539397093868904,Bad
2.51427422033019,6.087660254724819,1.0024333089778468,1.3196452528144396,Bad
2.0695729828138,3.0390395759494333,1.204041983676642,1.2697003449367523,Moderate
1.6141223108650409,4.31687052364776,1.2104800652934318,1.829079237694972,Moderate
2.0032845888246413,4.364197595784735,1.0186552755538285,1.4120421936533716,Bad
2.2576888593426365,4.301063281554011,1.1165954232413524,1.3845723145204134,Bad
1.795461308341687,5.409274002713419,1.2355227454333464,1.0,Bad
2.78441327492526,1.307625968890338,1.3229693058686358,1.389567164908642,Good
2.346372048142438,4.963642291471661,1.0218996688690245,1.2846836974332383,Moderate
1.249574809794984,3.2401796325315777,1.0038158600855034,1.3246389045344684,Good
3.0022069967101657,1.449607185301263,1.109387699961135,1.724195770219568,Good
1.7318991968183957,4.794022064932743,1.0304162083171395,1.4994454827722743,Moderate
1.852480277450032,5.413249476772925,1.2615792739992229,1.0,Moderate
2.388084685845125,5.724850919722768,1.0279828993392923,1.644284157348908,Bad
2.747023797558618,4.289231513519767,1.0571824391760591,1.4594890770028446,Moderate
2.3759330895767503,3.228347864497334,1.3882627283326856,1.1997784328425498,Moderate
2.12063302210658,5.160806873994299,1.1480761849980567,1.5244173373770182,Moderate
1.8749139638700172,3.52802288526866,1.0072998989506412,1.409545367793357,Good
1.6127202135259,5.547374399209112,1.0,1.2497221420520372,Moderate
2.6903553044124093,4.20640913728006,1.0443062479595802,1.5543840423699908,Moderate
1.2257390260358578,2.325158019835301,1.031798759424796,1.5044391344923034,Good
1.14021057237334,4.719150636812048,1.0291995398367664,1.5493891919817622,Good
2.491489993451204,2.045171061072957,1.0599633517294986,1.349611957807412,Moderate
1.5885338893077725,3.567493663430897,1.0279828993392923,1.4544954252828155,Good
1.7578381588346657,3.1928525603946025,1.307811892732219,1.3446171074191833,Good
2.3684551941034213,2.4395002261182333,1.068132287602021,1.6892342148383668,Good
3.254318984164064,1.201140056582144,1.01199265915274,1.9922311650269109,Moderate
1.55897284787346,5.243629250234005,1.0209871745044694,1.5094339848805318,Good
2.36565099942514,3.1612380762071037,1.083948698017878,2.31354016930256,Good
1.661092861962155,3.3978734368919787,1.1888845705402251,1.0449500574894588,Good
3.0020901928884083,4.770358528864255,1.1515740474154683,1.529412187765247,Moderate
2.3490594389989625,5.898351966176919,1.1340847353284105,1.5244173373770182,Bad
2.1272930328401483,5.034632899677124,1.099765108433735,1.4295223720098722,Bad
2.209316210906381,5.2042531262160425,1.0381584889234357,1.4245287202898431,Moderate
1.872109769191736,3.046895869924171,1.068685285658764,1.4594890770028446,Good
2.037813178769034,6.079803960750081,1.105285658764089,1.3695889620239272,Bad
1.894893996070722,6.931691259215633,1.12531472677808,1.449500574894587,Bad
3.896750452321887,1.2681551907281006,1.0778654675476098,3.42730310443077,Moderate
5.643774249880504,2.948266251590716,1.030314798289934,2.0338513222575503,Bad
1.3359211481972622,2.968048967743971,1.0023318989506411,1.0099885021082575,Good
1.1177768859533548,4.123586761040354,1.0291995398367664,1.4794672798875594,Good
1.5405451262095071,5.406718340818022,1.0413080761756703,1.7658159274502077,Bad
4.547327551992051,1.863719066499795,1.5759813354061407,2.3435068742955325,Moderate
1.2916379879566726,5.701187383654281,1.026766258841819,1.3596004599156697,Moderate
1.408480120851645,4.947835049377912,1.0139914496696465,1.0249718546047435,Moderate
2.850779581126833,2.538129844451689,1.0141131193159736,3.996670499297247,Moderate
5.943824886368888,2.7274381329995894,1.1192314963078118,3.617091836496863,Bad
1.8749139638700172,4.356246647665724,1.001338310143801,1.6492790077371366,Good
3.2090176119223237,1.5915884017121882,1.41974349008939,1.9889012647680917,Good
2.64607214417182,3.1888770863350966,1.01703307889623,1.4395120727863295,Good
2.7118543022708765,5.590725997286581,1.0069957248348231,1.6992227169466243,Bad
3.0330533316618618,4.719150636812048,1.049882568208317,1.644284157348908,Bad
1.6982486671884178,6.111323790793307,1.0047570928876797,1.9639294101633475,Bad
3.45929350263531,2.948266251590716,1.12531472677808,1.8140958851984847,Moderate
1.05374736565244,6.896195955112901,1.0781189366498252,1.1248616703601186,Bad
1.408480120851645,4.947835049377912,1.0139914496696465,1.0249718546047435,Moderate
1.3332338218376023,3.1020792360358844,1.3707734162456275,1.4395120727863295,Bad
2.601204771331849,2.246311117655101,1.0445182464049747,1.5993340998594494,Good
1.5697222823058292,5.5275916830558565,1.0897784593859308,1.0,Moderate
1.448790661215191,3.315051060652272,1.0233190734551108,1.0,Good
3.112272315049813,2.8812511174447586,1.0582976976292269,2.4503885216598675,Moderate
4.830552891417014,2.3803413859470144,1.0778654675476098,3.18756946448699,Bad
1.7347033914966776,4.482515276127173,1.008516539448115,1.4594890770028446,Moderate
1.878769779925304,6.383454455580914,1.0326467252234746,1.409545367793357,Bad
1.835771848705233,5.898351966176919,1.0093276237854645,1.414539019513386,Bad
2.662897441235241,3.1060547100953904,1.0279828993392923,1.4544954252828155,Good
2.676918479123516,3.464983225182209,1.0356145915274,1.469478777779302,Good
1.1289937291633474,5.105623507882586,1.041366028760202,1.0,Good
2.709166911414352,5.496071853012631,1.0356145915274,2.6531636250017145,Moderate
2.0023887918724665,3.535973833387672,1.095608248736883,1.943951207278633,Good
1.6756814077618838,5.638053069423556,1.083948698017878,1.7072142378341502,Moderate
1.4729769854333186,5.874688430108432,1.1923824329576371,1.3945620152968707,Bad
3.753735685270265,2.1871522774838823,1.0364994387874078,2.4034402842814773,Moderate
1.1397432280925812,3.429487921079477,1.0,1.9289678547821465,Good
2.424539474650249,5.180589590147555,1.0,2.0088794676528066,Moderate
1.4066106792317452,5.042489193651862,1.018249719393704,2.1016336116152545,Bad
2.765601667923317,4.596857482410105,1.0279828993392923,1.604328950247678,Bad
2.4968647106673885,1.89523889654302,1.141131137193937,2.6381802725052284,Good
1.8973476502900024,3.077847775101753,1.0012719626894675,1.5344058394852758,Good
1.3252885175866504,5.940946331100196,1.0535324897007383,1.1798002299578347,Moderate
3.606748298341599,1.61127646372117,1.209871745044695,1.7691458277090266,Moderate
2.8127013417433235,5.070128203779855,1.0851146614846483,1.918979352673889,Bad
2.717961961856168,4.119611286980849,1.103027942479596,2.5133186021451097,Moderate
2.0292624424502543,2.908890127572752,1.216867469879518,2.19367334933067,Good
2.47805316816231,3.232228684412566,1.3576944609405364,1.6542726594571655,Bad
2.0023887918724665,6.430781527717889,1.3626117279440342,1.529412187765247,Bad
1.8216339424983363,3.050871343983677,1.0291995398367664,1.3795786628003843,Good
2.1394446291085227,5.231797482199762,1.08861252390206,1.6542726594571655,Bad
2.5855478994671897,4.036788910741142,1.209871745044695,1.639289306960679,Bad
1.544017056926803,4.565337652366879,1.007786549553051,1.5044391344923034,Good
2.757539559850607,2.80628503517979,1.0921103863194714,2.798002299578348,Moderate
2.8730964637250613,3.4097052049262224,1.1667314325689857,1.7941176823137703,Moderate
2.5675542417018717,4.3720538897594725,1.0608323886513795,1.6193123027441645,Moderate
1.90856455799686,4.750670466855274,1.0462326187329964,2.053829525142265,Moderate
1.3393096199717895,3.2480359265063155,1.0190792444617178,1.254716992440266,Good
1.8384592395617576,2.7432453750933394,1.0228951045472212,1.4794672798875594,Good
1.7150739642518391,5.097767213907848,1.103027942479596,1.4395120727863295,Bad
2.005076118232126,1.7177623760293637,1.0023318989506411,1.0749167624824312,Good
2.9402806546663944,4.127562235099861,1.3474543427905168,1.4245287202898431,Bad
1.4127799333227116,6.0718530126310695,1.0,1.1847950803460634,Moderate
1.830046591030047,2.5421053185111955,1.0693489280994948,1.409545367793357,Good
3.0358575263401435,3.4846712871911905,1.1046316984065294,2.043839824365808,Moderate
2.6180300683952704,2.6524720507346213,1.0050877947920716,1.839067739803229,Good
2.800303754433434,3.031088627830422,1.083948698017878,1.5593788927582195,Moderate
2.8928427592885217,2.904914653513246,1.0729988775748154,2.0788013797470093,Good
1.7363392254730623,5.4053931827981865,1.0186552755538285,1.0499449078776877,Moderate
2.005076118232126,5.369897878695455,1.102603973571706,1.829079237694972,Bad
1.328092776761797,3.63848427163636,1.0381584889234357,1.2297451378355222,Good
2.390888880523407,2.818116803214034,1.1800638849591916,1.2247502874472935,Good
1.9352045364342685,5.06615272972035,1.204041983676642,1.744172774436083,Bad
1.3493580379830206,4.750670466855274,1.0279828993392923,1.2896785478214672,Good
2.0749477645268493,1.8597435924402888,1.101438010104936,1.709212417723082,Moderate
1.327859040124553,4.94395422946268,1.0932763218033423,1.0899001149789174,Good
3.17887235788863,1.8479118244060453,1.083948698017878,2.35349657507199,Moderate
1.647656036673261,2.3803413859470144,1.0431403124757093,1.5244173373770182,Good
2.3851469181602942,1.7730403962853507,1.245183505635445,1.3596004599156697,Good
1.3386085390537867,4.383885657793717,1.0746210742324136,1.274695195324981,Good
1.7390265518327226,2.7274381329995894,1.083948698017878,1.859045942687944,Good
1.3505264631817822,4.742814172880536,1.0389327197823552,1.8091010348102567,Good
1.3813727336366135,3.520166591293922,1.0623255561601244,1.2896785478214672,Good
1.833084522345573,4.683655332709317,1.0,1.2447284903320084,Moderate
1.112168432099926,3.5398546533029034,1.0255495903614458,1.1498335249648624,Good
2.865034355652352,2.55393708654544,1.438398765643218,1.7391791227160542,Bad
3.049878628725283,4.241904441382792,1.2238631947143412,1.6942290652265954,Bad
1.7444013335457718,4.15510659108358,1.0116595507190052,1.0199782028847149,Moderate
1.529995954541664,5.551255219124344,1.0529343272444618,1.3196452528144396,Moderate
1.8945434556117209,6.391310749555651,1.0535324897007383,1.2397336399437795,Bad
1.6530307538894458,2.3764605660317826,1.0198212110376992,1.2297451378355222,Good
3.3976008327319183,5.093791739848342,1.008516539448115,3.052719292018614,Bad
2.8324697597313357,3.12186195218914,1.1909421251457442,1.5429259730488778,Good
1.9970140101594172,4.750670466855274,1.0198212110376992,1.4245287202898431,Moderate
2.362846804746858,1.4969342574382385,1.0114475522736106,1.938956356890404,Good
2.0656003629367565,3.173069844241347,1.0152634123591138,1.5643725444782484,Good
2.003907693033365,2.9955933237276904,1.0377160792848814,1.3346286053109258,Good
2.3060615077788915,2.2108158135523697,1.0011659634667702,1.978912762659834,Good
2.41051837226511,6.754214738701976,1.0279828993392923,1.644284157348908,Bad
2.160943562470126,6.036357708528338,1.1216647773027597,1.6492790077371366,Moderate
2.365183655144381,4.41152466792171,1.1346677030703458,2.19367334933067,Bad
2.5254910635401826,4.135418529074598,1.0401493882627284,1.604328950247678,Bad
1.7879834128683587,4.648160028606586,1.3812670034978625,1.11986681997189,Good
1.6309476079284622,3.0942229420611462,1.0066625884181888,1.3845723145204134,Good
2.0892803867679177,2.218672107527108,1.0081616883015934,1.8440625901914576,Good
2.5532994671763527,3.374209900823491,1.1189273221919938,1.4894557819958172,Moderate
1.7900865911255024,3.4925275811659287,1.374271278663039,1.2247502874472935,Bad
2.252314142126452,4.813804781085999,1.0897784593859308,1.983906414379863,Moderate
1.9534319308368304,2.7944532671455464,1.6741334815390596,1.764150977320798,Moderate
1.6100328226693752,5.334402574592724,1.0979401476875243,1.5493891919817622,Bad
2.0265751160905943,2.786596973170808,1.162067634667703,1.804106184422028,Good
1.427291727853588,4.750670466855274,1.0116595507190052,1.034961555381201,Moderate
1.4461033348555312,5.022801131642881,1.0326467252234746,1.4944506323840456,Moderate
3.2573902603585783,3.768633720013041,1.0523158492032647,1.6592675098453944,Moderate
1.3386085390537867,6.308488373315945,1.0093276237854645,1.2597118428284946,Bad
4.454788547136964,1.595563875771694,1.165464087057909,3.911765234706559,Bad
1.2215327340184348,6.533291965966576,1.0194663598911775,1.329633754922697,Moderate
3.024640683130151,4.43906902390543,1.0048665899727944,1.799112532701999,Moderate
1.5524296409616491,4.159082065143085,1.018249719393704,2.543285307138082,Moderate
2.269569891264092,2.968048967743971,1.0,1.4544954252828155,Good
4.872616069578703,1.2879379068813563,1.1107149568596968,3.7968920664546975,Bad
1.4122190685883091,3.148649075018668,1.015816410415857,1.2497221420520372,Good
1.6315318205278428,5.196302178097031,1.3148076175670425,1.3596004599156697,Moderate
1.2607916530049768,6.9080277231471445,1.0863820069957248,1.0699219120942025,Bad
1.3617433063917748,5.582869703311843,1.0279828993392923,1.469478777779302,Good
1.550910739800751,3.9816055446294287,1.072289147298873,1.4794672798875594,Moderate
2.396497334376836,2.9285781895817338,1.0069348900116597,4.5960045991566965,Moderate
2.475365777305785,3.879095106380741,1.1340847353284105,1.2247502874472935,Moderate
1.9163929294323248,5.452720254935162,1.1865526715895842,1.1648168774613483,Bad
1.9325171455777437,4.9281469873689305,1.0652934224640498,1.7491676248243118,Moderate
3.4723797874652025,4.021076322791666,1.1317528083948698,2.368479927568476,Moderate
3.4670050702490176,2.9364344835564715,1.1737271574038088,2.8329638549595493,Moderate
3.090773381688209,2.829948571248278,1.0116595507190052,1.6293008048524218,Moderate
2.573162631058436,4.94395422946268,1.097331827438787,1.9039960001774028,Bad
2.4323678460857145,5.878663904167937,1.1445783225806452,1.4944506323840456,Bad
2.4804961803989345,2.8772756433852527,1.0364994387874078,1.9739179122716053,Moderate
1.6906539033964674,5.30676356446473,1.167897396035756,1.4295223720098722,Bad
2.5909226811802384,4.9321224614284365,1.197046258841819,1.059933409985945,Bad
1.356134852538346,5.038608373736629,1.015816410415857,1.5643725444782484,Good
1.967452968725105,2.11616166927842,1.1154294597745822,1.779134329817284,Good
2.0534487666683816,5.886520198142675,1.1982121943256898,1.0199782028847149,Bad
3.9785824616815,2.833924045307784,1.0852206607073456,3.2275246715882204,Moderate
2.316322378462055,4.521891400145136,1.1042999051690634,1.6293008048524218,Moderate
2.1357056813718587,5.2042531262160425,1.0,1.6642623602336228,Bad
2.3732457632170902,3.074534880052165,1.0501360373105324,1.639289306960679,Good
2.396497334376836,4.604713776384843,1.0559657986785853,1.419533869901615,Bad
2.2281278179083244,3.5438301273624093,1.0863820069957248,1.2697003449367523,Moderate
3.17887235788863,1.650747241883407,1.0571824391760591,2.4783570467639087,Good
4.07341581350035,3.673979575739091,1.1897970649047804,4.556049392055467,Bad
1.4864138752190772,3.855431570312253,1.15507190983288,1.4744724294993308,Good
1.4702896590736587,5.30676356446473,1.3451224158569763,1.0249718546047435,Moderate
2.314123615851601,3.516191117234416,1.3940924897007383,1.2397336399437795,Bad
2.142131955468183,2.703774596931102,1.1422463956471045,1.4644839273910732,Moderate
4.956742425902078,3.074534880052165,1.0012166404974738,2.743063739980632,Bad
3.429381920741996,2.6406402827003777,1.041366028760202,2.0423199130885643,Moderate
1.1626442587933252,5.30676356446473,1.0,1.1897887320660925,Moderate
2.48074049452197,4.151225771168347,1.029148862806063,1.2796888470450098,Moderate
2.2030067406318143,4.364197595784735,1.0027982899339292,1.6243059544641931,Moderate
2.7145416286305366,5.772177991859743,1.167897396035756,1.484462130275788,Bad
1.5965959973804815,5.314619858439468,1.0023318989506411,1.3246389045344684,Good
1.5218382621156448,4.707318868777804,1.0524679362611735,1.4245287202898431,Moderate
2.797850100214154,2.810260509239296,1.0489700738437622,2.55327380924634,Moderate
2.096446697888452,2.91674642154749,1.0145997699183833,1.6143174523559356,Good
3.2520155431423934,3.7962727301410335,1.4290711138748542,1.5793558969747346,Bad
1.9469312273587789,4.616545544419086,1.4290711138748542,1.0049948503882289,Bad
1.3160346364502011,2.845755813342027,1.0228951045472212,1.2397336399437795,Good
2.082425660000178,5.32257080655848,1.068685285658764,1.6592675098453944,Bad
1.86533295463641,6.308488373315945,1.064127486980179,2.0338513222575503,Bad
5.413828931827223,1.0315198300432251,1.041366028760202,3.5122083690214585,Moderate
1.6180949307420844,3.299338472702797,1.1399144966964632,1.0,Good
1.7122697050766924,3.125742772104372,1.0165353470656822,1.7192009198313394,Good
1.7094655103984104,5.385610466644931,1.0279828993392923,1.3945620152968707,Bad
3.5691250843377134,1.4969342574382385,1.2028760202098718,2.0338513222575503,Moderate
1.4290443656517304,5.6893556156200376,1.018249719393704,1.389567164908642,Bad
1.3950432955627512,5.373778698610687,1.2215312957637,2.173696345114155,Bad
1.6449686458167367,5.567062461218094,1.209871745044695,1.4944506323840456,Bad
1.9618445148716763,5.874688430108432,1.1615376385542169,1.2397336399437795,Bad
1.448790661215191,6.391310749555651,1.1690633595025262,1.0,Bad
1.193490593745021,4.107779518946605,1.0291995398367664,1.409545367793357,Good
2.2030067406318143,2.9285781895817338,1.0,1.5593788927582195,Good
2.4918405339102048,3.21651609646309,1.0656989786241742,2.5582686596345683,Good
1.784711873909318,4.758526760830012,1.3218033424018656,1.5044391344923034,Moderate
3.421319812669287,2.1516569733811512,1.108433734939759,2.2186464026036137,Moderate
2.7352727913161594,2.0608836490224327,1.307811892732219,1.6342956552406505,Moderate
4.269710601923654,2.1950085714586205,1.200746885347843,3.3074362844588805,Bad
2.762914277066792,6.667416888402763,1.162067634667703,1.7491676248243118,Bad
1.7390265518327226,3.4965030552254346,1.0104935872522347,1.2846836974332383,Good
1.9110182122161403,4.589001188435367,1.1643995336183444,1.5943392494712207,Bad
3.4670050702490176,2.9364344835564715,1.1737271574038088,2.8329638549595493,Moderate
1.9244550375050344,4.971498585446399,1.0209871745044694,1.294672199541496,Moderate
2.269415550267148,2.924602715522228,1.048334106490478,1.4944506323840456,Good
1.9281939852416987,7.120999547763533,1.1301813167508743,1.5593788927582195,Bad
2.803224817430338,3.5043593492001723,1.047804110376992,1.7541624752125404,Good
2.6822931963397,5.361946930576443,1.1364166342790516,1.764150977320798,Bad
4.993197150210339,1.2918187267965882,1.0608323886513795,4.26137599384577,Moderate
1.496345424911686,3.464983225182209,1.0279828993392923,1.0,Good
1.967452968725105,4.805853832966987,1.0024333089778468,1.5194224869887896,Moderate
4.855790837012146,3.4965030552254346,1.1204481368052857,2.503330100036852,Bad
1.737507650671824,5.724850919722768,1.064360668480373,1.2796888470450098,Bad
3.020901735393487,4.707318868777804,1.071123211815002,1.374583812412156,Moderate
1.9137056030726651,4.518010580229904,1.2355227454333464,1.419533869901615,Moderate
1.7927739819820272,5.141118811985318,1.0991061111542946,1.254716992440266,Good
3.06670386129184,4.269543451510785,1.0766487990672369,1.669256011953652,Moderate
1.852480277450032,3.685811343773335,1.0693489280994948,1.943951207278633,Good
2.945655436379444,3.2007088543693403,1.0513019727944035,2.018867969761064,Moderate
1.7927739819820272,3.074534880052165,1.329965030703459,1.5144288352687607,Moderate
4.146909539213116,1.1064859123081938,2.1997668091721723,2.213651552215385,Moderate
4.63425810299371,1.7887529842348264,1.018249719393704,4.176470729255081,Moderate
2.160943562470126,5.310739038524236,1.0,1.544395540261733,Bad
2.17438038775902,3.0429203958646656,1.0206830003886511,1.3795786628003843,Good
1.5972970782984843,4.107779518946605,1.2043968348231635,1.3346286053109258,Good
3.4480766594253174,1.5719003397032068,1.691410795180723,1.7192009198313394,Moderate
1.3617433063917748,2.849731287401533,1.006359757481539,1.3596004599156697,Good
1.2364885249650917,3.0784156999673966,1.0279828993392923,1.1648168774613483,Good
4.454788547136964,1.5402858555157073,1.2421129141080451,3.4672583115320004,Moderate
2.441364707216806,5.645909363398294,1.0304162083171395,1.2447284903320084,Moderate
1.3987078784145528,4.750670466855274,1.3536021018266615,1.2197554370590649,Bad
1.030846334951696,4.951810523437418,1.0,1.11986681997189,Good
3.2466407614293447,2.6682792928283705,1.215701506412748,1.3995556670168998,Moderate
2.3786204804332747,3.050871343983677,1.3701374488923437,1.639289306960679,Moderate
2.050761440308721,3.71733117381656,1.0314807617567043,1.3096555520379822,Good
1.297246441810101,5.314619858439468,1.0097331799455889,1.254716992440266,Moderate
1.9782024676543388,3.326882828686516,1.0198212110376992,1.6143174523559356,Good
3.978072613966981,2.684086534922121,1.1289646762534007,3.3673696944448253,Bad
3.3134744764085418,2.285308625095969,1.0291995398367664,1.8790229469044597,Moderate
1.860892925981743,5.819505063996719,1.0377160792848814,1.354605609527441,Bad
1.755150767978141,5.914159208270668,1.0874465604352896,1.5593788927582195,Bad
3.31067028173026,1.595563875771694,1.0,3.157602759494018,Moderate
1.2579874583266948,3.165213550266609,1.0023318989506411,1.0,Good
1.20155270181773,3.914590410483472,1.083948698017878,1.8890126476809168,Good
1.773962374980084,3.725282121935572,1.0912485969685193,1.0899001149789174,Good
1.9432666445069773,2.3921731539812585,1.33113096618733,1.5194224869887896,Bad
1.38417699281176,5.287075502455749,1.0194663598911775,1.0449500574894588,Bad
1.8160255531417728,5.764227043740732,1.1630308060629615,1.409545367793357,Bad
2.370558372360565,4.939978755403175,1.0454722114263506,1.609322601967707,Bad
1.1289937291633474,3.31117024073704,1.0097331799455889,1.3396222570309548,Good
2.397432087435217,1.0828223762397065,1.162067634667703,1.644284157348908,Good
1.835387963367243,4.151225771168347,1.15507190983288,1.3046619003179534,Good
2.5640489661055863,7.077553295541789,1.4500582883793238,1.3346286053109258,Bad
2.5244713681111466,4.241904441382792,1.0851653385153517,2.07380652935878,Moderate
1.5356044083950926,3.382160848942503,1.0218996688690245,1.2447284903320084,Good
1.8196476325598143,5.330427100533218,1.1690633595025262,1.4794672798875594,Moderate
2.27112568463153,4.308919575528749,1.1900505340069958,1.5493891919817622,Good
1.4991496195899685,5.638053069423556,1.1070650073843762,1.2846836974332383,Bad
2.7358068898517605,5.377754172670193,1.0,1.9339627051703752,Bad
1.376231688560808,4.048620678775386,1.0139914496696465,1.2796888470450098,Good
3.7565398799485465,3.031088627830422,1.0474492592304705,1.639289306960679,Moderate
3.1143754933069565,2.10035442718467,2.0925497147298877,2.248613107596586,Bad
2.1271594598335994,4.801973013051755,1.025317863972017,1.6842393644501383,Moderate
1.5374738500149925,2.687967354837353,1.1294209094442285,1.2647054945485237,Good
1.1542316102616146,3.823817086124754,1.0291995398367664,1.1847950803460634,Good
3.25178180650515,2.71163089090584,1.0644823381267003,1.884017797292688,Moderate
2.0466082292108494,4.194577369245817,1.3726813462883791,1.4395120727863295,Moderate
2.295312008849658,4.987305827540149,1.406918003886514,1.409545367793357,Bad
1.6960286851095163,4.801973013051755,1.1200932856587642,1.4744724294993308,Bad
1.9029561041434315,6.103467496818569,1.1282549459774582,1.5743622452547057,Bad
1.9338024390951272,5.673548373526288,1.0,1.7192009198313394,Bad
1.7543328832383809,5.736682687757012,1.0572983163622232,1.5094339848805318,Bad
1.353330657860064,4.312895049588255,1.0279828993392923,2.198668199718899,Moderate
1.8736393768321544,6.012694172459851,1.307811892732219,1.5543840423699908,Bad
2.9322185465936856,6.194146167033013,1.3322969296541003,1.859045942687944,Bad
1.353330657860064,6.990850099386852,1.0582976976292269,2.198668199718899,Bad
1.0196294917417033,3.989461838604167,1.0012166404974738,1.034961555381201,Good
1.5468212516050852,3.571469137490403,1.0036499494753206,1.0699219120942025,Moderate
1.4290443656517304,5.6893556156200376,1.018249719393704,1.389567164908642,Bad
2.201254102833672,5.547374399209112,1.1119315973571706,2.018867969761064,Bad
2.3409973309262533,5.799722347843463,1.2215312957637,1.5543840423699908,Bad
1.6180949307420844,3.299338472702797,1.1399144966964632,1.0,Good
2.093759307031928,4.868988147197712,1.0804508356004665,1.644284157348908,Moderate
1.9325171455777437,3.7449701839445537,1.1527399828993392,1.469478777779302,Moderate
1.7156080627874395,2.793128109125711,1.0493032102603963,1.226415237576703,Good
1.5636464841716418,6.63977787827477,1.3601277419354838,1.5660374946076578,Bad
1.5075622681216787,4.904483451300443,1.1450022914885347,1.4794672798875594,Bad
2.98865330310265,5.417224950832431,1.1270890104935871,1.4544954252828155,Bad
2.144118265406705,4.0959477509123605,1.0729988775748154,1.9289678547821465,Moderate
2.9261108870083947,2.8575875813762712,1.0394304516129032,1.5993340998594494,Moderate
2.4273436693285317,2.502634540348958,1.077588940536339,2.123751437236468,Good
1.193490593745021,4.312895049588255,1.0089036548775747,1.2397336399437795,Good
2.797850100214154,4.182745601211574,1.130586872910999,1.4994454827722743,Moderate
2.0291456386284965,5.030657425617618,1.0437993097551497,1.0,Moderate
1.1990990475984495,4.742814172880536,1.018249719393704,1.389567164908642,Good
2.32218572392431,5.216084894250287,1.3322969296541003,1.724195770219568,Moderate
1.529995954541664,3.520166591293922,1.1643995336183444,1.0,Good
2.072260373670325,3.740994709885048,1.1154294597745822,2.058823176862294,Moderate
2.212003601762906,3.965798302535679,1.1853867081228138,1.7691458277090266,Bad
3.034338625179245,1.1341249224361871,1.521181500194326,2.59323021501577,Good
2.2388772523406937,5.038608373736629,1.079284872133696,1.0449500574894588,Bad
2.194594092100104,5.432937538781906,1.167897396035756,1.419533869901615,Bad
2.1394446291085227,2.530273550476952,1.3707734162456275,1.2796888470450098,Moderate
1.8411466304182824,4.683655332709317,1.012825486202876,1.3596004599156697,Moderate
4.121087381018603,1.6704353038923887,1.1459977271667314,1.0,Moderate
1.3332338218376023,2.297519009707308,1.2331908184998055,1.059933409985945,Moderate
2.163630953326651,3.3623781327892472,1.0501360373105324,1.3172946644747907,Good
2.096446697888452,3.815960792150016,1.0750450431403031,1.709212417723082,Moderate
1.059122147365489,3.784440962106791,1.0,1.0,Good
2.013138226304836,3.512310297319184,1.005829761368053,1.234738789555551,Good
1.2019032422767315,4.419380961896448,1.0,1.2397336399437795,Good
2.104859346420163,4.064427920869136,1.0425826692576758,1.644284157348908,Moderate
1.7282771174003533,4.596857482410105,1.0093276237854645,1.414539019513386,Moderate
4.429550666038697,1.3312895049588254,1.2737457629226585,8.057159025845017,Bad
1.1759005573582548,6.351934625537688,1.0190792444617178,1.2397336399437795,Moderate
1.650831991278992,4.123586761040354,1.0046638258841818,1.2697003449367523,Good
2.3409973309262533,4.163057539202592,1.258841818888457,1.03995520710123,Bad
2.26189515136006,2.234479349620857,1.0020351123202489,2.093784732243495,Moderate
1.948641361723162,5.7405635076722445,1.0431403124757093,1.2697003449367523,Bad
2.252314142126452,6.075828486690575,1.1189273221919938,1.7042175673348532,Bad
1.905643494999956,6.497796661863846,1.1492421204819276,1.7192009198313394,Bad
1.50791280858068,6.103467496818569,1.0676253493975905,1.6342956552406505,Moderate
2.107196196817686,5.089816265788837,1.2296929560823942,1.9639294101633475,Moderate
1.3056590258449472,4.778309476983267,1.0024333089778468,1.2497221420520372,Good
1.9618445148716763,4.127562235099861,1.0985484679362612,1.1248616703601186,Moderate
3.989289457176974,1.997843988935982,1.041366028760202,3.711986801864009,Moderate
1.9405792536504527,2.8852265915042645,1.0133831294209097,1.4345172223981009,Good
2.754852168994083,4.675704384590305,1.367275553828216,1.6342956552406505,Bad
1.7470886599054318,4.596857482410105,1.3089778561989895,1.3695889620239272,Moderate
1.862645563779885,4.892651683266199,1.2261950936649826,1.1698117278495772,Moderate
1.9842782657885265,2.8970583595385087,1.0,1.3396222570309548,Good
1.98147400661338,4.312895049588255,1.0547491581811117,1.3196452528144396,Good
3.510003001469088,1.7138815561141318,1.289156617178391,2.333518372187275,Moderate
2.606813160688413,1.1222931544019437,1.1958802953750487,1.419533869901615,Good
2.096446697888452,6.012694172459851,1.114596632724446,1.2896785478214672,Moderate
1.6197307647184696,2.6249276947509017,1.0,1.449500574894587,Good
2.9040596024985144,3.926422178517716,1.01703307889623,2.278579812589559,Moderate
1.6073454963097151,6.150794568955543,1.0944422852701128,1.2247502874472935,Moderate
2.1394446291085227,4.352365827750491,1.0461717839098328,1.6892342148383668,Moderate
1.9898866551450904,4.786165770958005,1.071123211815002,1.1048834674754036,Bad
1.0644968645816737,5.192421358181798,1.0279828993392923,2.198668199718899,Moderate
2.037324550522963,2.83789951936729,1.0665759906723669,1.3645953103038984,Good
1.4221613247604388,4.967617765531168,1.215701506412748,1.469478777779302,Bad
1.488333430902757,5.320299107095906,1.1017560077730275,1.1048834674754036,Bad
2.6258584398307354,5.567062461218094,1.270501369607462,1.3196452528144396,Bad
1.9701403595816296,6.1468190948960375,1.2203653322969297,1.2297451378355222,Bad
1.8733950627091192,2.411955870134514,1.0081616883015934,1.449500574894587,Good
2.3436846572859134,2.770789731077059,1.1247570835600469,1.3645953103038984,Moderate
1.550910739800751,4.494347044161417,1.3905946272833267,1.9739179122716053,Good
2.1413140707284226,4.285256039460261,1.0291995398367664,1.204772084562579,Moderate
1.9432666445069773,5.815529589937213,1.130586872910999,1.864039594407973,Bad
1.8200315823946691,4.577169420401123,1.0617955600466382,1.5094339848805318,Moderate
2.212003601762906,5.756370749765994,1.1189273221919938,1.5493891919817622,Bad
2.8928427592885217,2.6012641586824143,1.158164216090167,1.2647054945485237,Moderate
2.594831578155076,4.723031456727281,1.2963643404586087,1.6942290652265954,Moderate
2.034754027985061,4.427237255871185,1.152080985619899,1.2896785478214672,Moderate
1.8196476325598143,4.514035106170399,1.005829761368053,1.7591561269325693,Bad
3.1230218139790464,1.603420169746432,1.060629624562767,2.4184236367779635,Moderate
2.3095667833751765,5.500047327072137,1.0048665899727944,1.4395120727863295,Moderate
3.7649525284802574,1.6349399997896574,1.116798187329965,3.1076578516163305,Moderate
1.9557262778005944,6.426806053658383,1.0508780038865138,1.544395540261733,Bad
1.5401612408715168,2.841780339282521,1.2751651675087443,1.0,Moderate
1.927142428361559,5.4014177087386805,1.0816167990672367,1.419533869901615,Bad
2.034754027985061,2.447451174237245,1.0279828993392923,1.6243059544641931,Good
1.50791280858068,5.989030636391363,1.1294209094442285,1.5244173373770182,Bad
2.760226950707132,1.9347096747052572,1.3346288286047416,1.804106184422028,Bad
1.6879665770368073,5.653860311517306,1.1783909832879906,1.2996670499297247,Moderate
2.988185958821891,3.808104498175278,1.0535324897007383,1.829079237694972,Moderate
1.7148402276145949,4.443044497964936,1.0121259137193936,1.5593788927582195,Good
2.6930426952689337,1.6586035358581448,1.5503303630003886,1.314650402426211,Bad
1.163880663687356,6.884364187078657,1.0544394714341236,1.2397336399437795,Bad
2.8967941596971176,5.093791739848342,1.0788609032258063,2.204661540717493,Bad
2.128695130179289,5.129287043951074,1.0489700738437622,1.5244173373770182,Bad
1.7795708288335126,4.758526760830012,1.0979401476875243,1.5194224869887896,Bad
2.2361899259810336,5.460576548909899,1.1667314325689857,1.2397336399437795,Moderate
3.103158650096964,2.90093917945374,1.0523158492032647,2.862930559952522,Moderate
2.7118543022708765,3.5398546533029034,1.02215313797124,1.669256011953652,Moderate
4.651083400057132,1.252442602778625,1.0437993097551497,4.541066039558981,Bad
2.1394446291085227,6.174458105024032,1.1049358725223477,1.2397336399437795,Bad
1.8636971206600248,3.0035442718467023,1.0089036548775747,1.4994454827722743,Good
2.7648687255542104,4.178770127152067,1.113203560046638,1.6892342148383668,Moderate
1.196294788423303,4.632352786512836,1.0279828993392923,1.3046619003179534,Good
4.830552891417014,2.3803413859470144,1.0778654675476098,3.18756946448699,Bad
1.639105300354481,5.1844704100627865,1.033070694131364,1.9889012647680917,Moderate
2.236657270261792,5.922015502245406,1.2287297846871357,1.03995520710123,Bad
2.418931020796821,1.6783862520114003,1.1492421204819276,1.4894557819958172,Good
2.984744406127813,2.00570028291072,1.4698795273999223,1.724195770219568,Bad
2.061266560618056,2.739269901033833,1.025317863972017,1.5034406438819374,Good
3.591091426476939,1.9741804528674949,1.0656989786241742,2.5133186021451097,Moderate
2.144118265406705,3.914590410483472,1.1155815468324912,1.5044391344923034,Good
1.988951902086708,5.791866053868725,1.1081157372716672,1.5244173373770182,Bad
1.2821737825448225,5.653860311517306,1.0396424500582977,1.6742508623418806,Moderate
1.986264575727048,5.6498848374578,1.0571317621453555,1.744172774436083,Bad
2.8956469539668035,5.290956322370981,1.0523158492032647,2.0238628201492928,Bad
1.4654990899599902,2.6761355868031087,1.0368865542168677,1.5094339848805318,Good
1.776766569658366,4.841349137069718,1.0024333089778468,1.6892342148383668,Bad
1.7605255496911902,3.445200509028953,1.3870967648659152,1.484462130275788,Bad
2.8354732497211748,4.0999232249718665,1.174893120870579,1.6193123027441645,Moderate
2.01582561716136,4.001293606638411,1.0279828993392923,1.4994454827722743,Moderate
2.6965479708652187,2.8024042152645583,1.2323797341624565,1.839067739803229,Moderate
2.27650046634458,4.088091456937622,1.0011659634667702,1.5493891919817622,Moderate
1.0767819693597325,5.422904199488867,1.0159902401865526,1.0998886170871751,Good
4.838965539948724,1.7177623760293637,1.1107149568596968,5.275250311886805,Bad
5.697054271252186,1.1853328144883943,1.3211950221531286,4.316315752111686,Bad
1.4851285817016937,2.755077143127583,1.0279828993392923,1.2397336399437795,Good
2.074013011468467,4.143274823049335,1.0571824391760591,1.824084387306743,Good
2.1690056705428358,4.794022064932743,1.02215313797124,1.449500574894587,Good
1.4246043369970636,3.220396916378322,1.030314798289934,1.3845723145204134,Good
2.0776350908865093,4.84930008518873,1.0913259976680918,1.6942290652265954,Bad
1.6561854890267294,5.594701471346087,1.081515389040031,1.7541624752125404,Bad
3.5209861725387017,1.2248035926506315,1.081515389040031,2.3584902267920187,Moderate
1.9782024676543388,2.297519009707308,1.0652934224640498,1.0,Good
1.8895192788545376,4.64418455454708,1.077186154683249,1.449500574894587,Moderate
1.992690849823372,5.791866053868725,1.008516539448115,1.2297451378355222,Moderate
2.201254102833672,3.740994709885048,1.0944422852701128,1.529412187765247,Good
3.549028248315251,5.148975105960056,1.1131482378546445,2.133739939344725,Bad
1.795461308341687,4.368078415699968,1.0,1.544395540261733,Moderate
2.230815144267984,5.468432842884638,1.3637776914108044,1.9639294101633475,Bad
1.4810390935060278,3.997412786723179,1.0862805969685192,1.5194224869887896,Good
5.052085625435448,2.029363818979208,1.0608323886513795,3.177580962378733,Bad
1.297246441810101,3.855431570312253,1.0572377613680528,1.3346286053109258,Good
2.4217352154751026,5.164782348053805,1.0571824391760591,1.5394006898735046,Bad
1.6100328226693752,4.959666817412156,1.0093276237854645,1.3487033673120252,Good
1.346670647126496,4.419380961896448,1.0116595507190052,1.0,Good
1.647656036673261,4.01710084873216,1.0769529731830547,1.744172774436083,Good
2.676918479123516,2.8852265915042645,1.2299464251846093,1.8091010348102567,Good
2.071208816790185,1.7335696181231135,1.058509696074621,1.839067739803229,Good
1.68670192251609,3.5990134934741222,1.0036499494753206,1.2996670499297247,Good
1.6197307647184696,6.553074682119831,1.0218996688690245,1.1498335249648624,Bad
2.3786204804332747,5.152950580019562,1.0851146614846483,1.314650402426211,Bad
1.700670459956595,3.839624328218504,1.0,1.1498335249648624,Good
1.5294117419422832,5.101648033823081,1.0571317621453555,1.4594890770028446,Good
1.0053747172161849,5.385610466644931,1.0,1.0,Good
1.4795201923451295,2.968048967743971,1.0,1.0199782028847149,Good
2.553788095422424,5.799722347843463,1.0799511449669643,1.5044391344923034,Bad
2.5129889268128065,3.165213550266609,1.0268169358725223,1.669256011953652,Good
2.8919080062301394,5.074103677839361,1.6109599595802564,1.419533869901615,Bad
2.0426993322360127,1.9505169167990075,1.0757870097162845,1.354605609527441,Good
1.7578381588346657,4.013125374672654,1.0652934224640498,1.274695195324981,Moderate
1.3421138146500715,5.5710379352776,1.018249719393704,1.3446171074191833,Bad
3.141833356484125,3.7804654880472848,1.2331908184998055,1.419533869901615,Moderate
1.835234396332674,4.7309824048462925,1.278663029926156,1.4045505174051285,Bad
1.8496760827717504,2.8852265915042645,1.0047449203264671,1.5643725444782484,Good
2.390265776314683,6.036357708528338,1.0608628060629617,1.5493891919817622,Bad
2.005076118232126,5.318595332498974,1.0513019727944035,1.214761785339036,Bad
3.100354390921817,2.770789731077059,1.0571824391760591,1.7591561269325693,Moderate
2.152881454397417,4.107779518946605,1.1107149568596968,2.1437296401211823,Moderate
2.647357437689203,4.904483451300443,1.0163233486202876,1.374583812412156,Bad
2.144118265406705,4.667848090615568,1.1690633595025262,1.3695889620239272,Bad
1.8707076718525943,4.896627157325705,1.108433734939759,1.4395120727863295,Bad
1.6730107860901504,6.000862404425607,1.0364994387874078,1.0,Bad
1.408480120851645,4.947835049377912,1.0139914496696465,1.0249718546047435,Moderate
1.8707076718525943,4.896627157325705,1.108433734939759,1.4395120727863295,Bad
1.3194130467138536,7.311727648475543,1.037310523124757,1.226415237576703,Bad
2.034754027985061,3.910614936423966,1.159380856587641,1.4345172223981009,Moderate
2.2442520340537424,5.251580198353017,1.108433734939759,1.294672199541496,Bad
1.5951301771391335,5.145094286044824,1.0356145915274,1.3446171074191833,Good
2.7498279922369,5.3264516264737125,1.058399107656432,1.589345597751192,Bad
1.9309982444168448,3.3584973128740154,1.4805758787407697,1.0,Bad
2.1020551517418813,3.390017142917241,1.0010949708511463,1.204772084562579,Good
2.626442652430116,1.5889380856725177,1.1472784205207929,1.1098783178636322,Good
1.988951902086708,5.709043677629019,1.053633899727944,1.639289306960679,Bad
1.3923559047062266,5.503928146987369,1.0093276237854645,1.0,Moderate
1.6100328226693752,5.101648033823081,1.0256510003886514,1.325353310781501,Moderate
1.7094655103984104,4.01710084873216,1.1630308060629615,1.5743622452547057,Moderate
1.3617433063917748,4.829517369035474,1.0928523528954528,1.2796888470450098,Good
1.5965959973804815,4.26556797745128,1.2530120575204042,1.4295223720098722,Moderate
1.5774005050405484,2.00570028291072,1.0279828993392923,1.3645953103038984,Good
1.2606748491832194,4.841349137069718,1.0116595507190052,1.4994454827722743,Moderate
2.5962973983964237,3.023232333855684,1.1702292949863973,2.6531636250017145,Good
3.11157123413181,4.34441487963148,1.0340661298095608,2.018867969761064,Bad
2.2469393604134025,5.32257080655848,1.1539059463661097,1.4894557819958172,Bad
1.938136241413828,3.875119632321235,1.079751263116984,1.1348501724683762,Good
1.8328507857083287,5.081959971814099,1.2627959144966965,1.1498335249648624,Moderate
1.3896685783465663,5.168757822113311,1.0268169358725223,1.0499449078776877,Bad
1.5939086065239567,6.119180084768044,1.0,1.2397336399437795,Bad
1.491788592435262,5.803697821902969,1.071123211815002,2.338513222575504,Bad
1.959390860652396,4.387861131853223,1.0233190734551108,1.2896785478214672,Moderate
1.2848611734013469,4.498227864076648,1.0433734939759036,1.2397336399437795,Good
3.1732639040352018,5.267292786302494,1.0,2.39345178217322,Bad
1.4837264843625526,6.209953409126763,1.036144587640886,1.0,Good
2.0426993322360127,1.9505169167990075,1.0757870097162845,1.354605609527441,Good
1.7795708288335126,3.2520114005658214,1.2068301158181112,1.3645953103038984,Good
3.3274955787936804,5.13326251801058,1.1192314963078118,2.7780240966936334,Bad
2.5264258165985654,2.4276684580839896,1.1177613587252235,1.779134329817284,Good
3.023589126250011,5.022801131642881,1.3066459292654489,2.1836848472224126,Bad
3.1536344122934983,4.616545544419086,1.059615748153906,1.5993340998594494,Bad
2.048074049452197,4.245879915442298,1.0326467252234746,1.8140958851984847,Moderate
4.609020221895444,2.30546995782632,1.0705655685969686,5.529967304327072,Bad
4.350905253267471,1.7650894481663388,1.0725011457442677,2.538290456749854,Moderate
2.3602975016774024,5.941703564254388,1.0356145915274,1.3346286053109258,Bad
1.967452968725105,5.338283394507956,1.0535324897007383,1.0,Bad
1.899162140581279,3.417656153045234,1.5724834729887291,1.1648168774613483,Bad
1.7712749841235595,5.582869703311843,1.0501360373105324,1.884017797292688,Moderate
1.6674023322367215,3.740994709885048,1.0165353470656822,1.6342956552406505,Good
1.720682353608403,1.398304639104782,1.0024333089778468,1.4994454827722743,Good
2.518363708525856,2.246311117655101,1.1445783225806452,1.918979352673889,Moderate
1.8465213476344668,4.636328260572341,1.0827827345511076,1.8440625901914576,Moderate
2.412788468407792,1.3431212729930693,1.1270890104935871,1.639289306960679,Good
1.7712749841235595,4.514035106170399,1.0,1.329633754922697,Moderate
1.386981187490042,4.908458925359948,1.0268169358725223,1.0,Moderate
1.2499253502539855,3.1928525603946025,1.0,1.0199782028847149,Good
1.9997014010159415,3.7094748798418222,1.0594636610959969,1.2597118428284946,Moderate
1.50791280858068,4.210384611339567,1.08861252390206,1.2247502874472935,Moderate
4.198458142255102,1.595563875771694,1.213687605130198,3.0926744991198443,Moderate
1.6127202135259,5.180589590147555,1.0069957248348231,1.0,Moderate
1.134368446379532,6.884364187078657,1.0384764865915277,1.2896785478214672,Bad
1.521349633869574,5.13326251801058,1.0069957248348231,1.0099885021082575,Moderate
2.152881454397417,4.107779518946605,1.1107149568596968,2.1437296401211823,Moderate
2.131382521035814,3.863287864286991,1.0629615235134084,1.899001149789174,Good
1.1346021830167758,4.435188203990197,1.0036499494753206,1.2397336399437795,Good
2.6957300861254585,1.6625790099176507,1.0256510003886514,1.7491676248243118,Good
3.605673329099616,2.1358497312874016,1.1734939759036145,3.001775893530561,Moderate
2.3114362249950764,2.297519009707308,1.0676253493975905,1.4544954252828155,Good
1.8088981981274452,2.1516569733811512,1.0851146614846483,1.0352552290901322,Good
1.975865617256816,5.79584152792823,1.0439731395258454,2.038846172645779,Bad
1.636555997285026,4.498227864076648,1.058509696074621,1.529412187765247,Good
1.8760823890687792,2.841780339282521,1.2483482316362222,1.4594890770028446,Good
2.132901422196712,5.109598981942092,1.0194663598911775,1.6193123027441645,Bad
1.353330657860064,6.990850099386852,1.0582976976292269,2.198668199718899,Bad
2.5899879281218565,2.924602715522228,1.0340661298095608,1.6293008048524218,Moderate
1.7094655103984104,5.713019151688525,1.1061018359891177,1.4894557819958172,Bad
2.688135322333508,5.310739038524236,1.274962403420132,1.374583812412156,Moderate
4.017331597450388,1.6980743140203822,1.0656989786241742,2.912874269162009,Moderate
1.386981187490042,6.848868882975926,1.0,1.1947835824543211,Moderate
2.3286354103824776,4.983330353480644,1.1958802953750487,1.3795786628003843,Bad
1.386981187490042,4.5298423482641486,1.0109498204430625,1.03995520710123,Good
1.4810390935060278,5.373778698610687,1.0256510003886514,1.2846836974332383,Moderate
3.7653030689392586,6.42292523374315,1.2431014380101049,1.8091010348102567,Bad
2.201254102833672,2.4553074682119838,1.3194714434512242,1.329633754922697,Moderate
1.995495108998519,2.948266251590716,1.1788472164788184,1.0,Good
2.12168457898672,1.6192274118401817,1.06486945355616,1.8540510922997155,Good
2.458190004280227,4.667848090615568,1.2311630936649824,1.5344058394852758,Bad
4.418333822828704,1.2602988967533628,1.083948698017878,3.9866819971889895,Bad
1.193490593745021,4.565337652366879,1.1386978561989896,1.2197554370590649,Bad
1.795461308341687,7.211678217977977,1.2224640497473769,1.4245287202898431,Bad
2.757539559850607,5.448744780875656,1.3462883793237466,2.07380652935878,Bad
2.155568845253941,3.863287864286991,1.1842207446560435,1.4045505174051285,Moderate
4.956742425902078,1.4692952473102447,1.087598647493199,2.8479472074560355,Moderate
1.38417699281176,2.9443854316754834,1.0254390019432569,1.3096555520379822,Good
2.572111074178296,4.754645940914779,1.4698795273999223,1.4445057245063584,Bad
2.418931020796821,3.4886467612506964,1.087598647493199,1.4894557819958172,Good
1.8188297478200544,2.818116803214034,1.0620490291488536,1.4395120727863295,Good
2.1749646003584004,3.149406308172859,1.0948985184609406,2.3984466325614484,Good
1.2230516351793332,3.93825394655196,1.0209871745044694,1.1298553220801475,Good
3.815288138990056,2.1437060252621394,1.23658268169452,2.1187565868482388,Moderate
1.389785382168324,3.737113889969816,1.0407023863194715,1.3096555520379822,Good
1.7148402276145949,5.547374399209112,1.1072677714729888,1.5593788927582195,Bad
1.214989527106624,3.823817086124754,1.0053300707345512,1.03995520710123,Good
1.443065403540005,4.695487100743561,1.0109498204430625,1.2647054945485237,Good
4.9735677229655,1.1341249224361871,1.0450159782355228,5.34017737359278,Moderate
1.0522117598036147,2.5854569165886647,1.0,1.2397336399437795,Good
1.548223348944226,3.3703290809082587,1.0,1.3845723145204134,Good
2.393693139698553,3.8909268744149847,1.0178073097551497,1.5394006898735046,Moderate
1.1738611020033178,2.814235983298802,1.0571824391760591,1.5344058394852758,Good
2.320783626585169,5.685380141560532,1.06486945355616,1.1148719695836613,Bad
2.754852168994083,3.153381782232365,1.0629615235134084,1.9039960001774028,Moderate
2.510301600453147,5.176614116088049,1.1422463956471045,1.2796888470450098,Moderate
1.967452968725105,2.80628503517979,1.090031928488146,1.094894965367146,Good
2.451179453087658,2.214696633467602,1.0186552755538285,1.529412187765247,Good
2.0235371847750683,2.948266251590716,1.024332949863972,1.3945620152968707,Good
2.8872343699319574,2.2620237056045767,1.1058483668869024,2.1637066443376973,Moderate
1.856886896728846,4.376029363818979,1.030314798289934,1.5943392494712207,Good
2.2872499007769487,3.867263338346497,1.0489700738437622,1.484462130275788,Moderate
1.3140716743766578,3.5990134934741222,1.0368865542168677,1.2397336399437795,Good
1.5535980661604107,6.154675388870776,1.258841818888457,1.7891228319255417,Bad
2.467303669233076,2.6249276947509017,1.0256510003886514,2.058823176862294,Moderate
1.9835771848705237,3.997412786723179,1.0851146614846483,1.03995520710123,Bad
3.0844214079798835,2.9955933237276904,1.048334106490478,1.5244173373770182,Moderate
1.6960286851095163,5.219965714165518,1.204041983676642,1.1997784328425498,Moderate
1.5858464984512477,3.3939926169767465,1.0,1.2796888470450098,Good
1.7820244830527932,5.590725997286581,1.0,1.604328950247678,Bad
3.17887235788863,1.9702049788079887,1.0364994387874078,2.503330100036852,Good
3.84347049544707,1.761208628251107,1.0121664889234356,2.6681469774982007,Moderate
1.6852791861802827,5.097767213907848,1.2273610571317528,1.349611957807412,Moderate
2.744102734561713,3.421536972960466,1.205207919160513,1.0649282603741737,Moderate
2.5237384257420405,3.6108452615083664,1.0513019727944035,2.258601609704844,Moderate
2.267503605213488,5.665692079551549,1.0036499494753206,1.2247502874472935,Moderate
1.8384592395617576,5.046464667711368,1.191216469490867,1.3046619003179534,Bad
1.8975813869272469,5.551255219124344,1.2110377085114652,1.5593788927582195,Bad
1.958315891410413,4.084115982878117,1.0816167990672367,1.5144288352687607,Moderate
1.8707076718525943,3.5043593492001723,1.1702292949863973,1.7891228319255417,Good
3.59950407500865,3.429487921079477,1.097331827438787,1.839067739803229,Moderate
2.0265751160905943,3.516191117234416,1.258841818888457,1.4544954252828155,Moderate
2.160943562470126,6.63977787827477,1.026710936649825,1.6243059544641931,Bad
3.0612122757570326,2.017532050944964,1.0443062479595802,1.449500574894587,Good
3.218131276875172,4.068403394928641,1.0012166404974738,1.6542726594571655,Bad
2.252314142126452,6.075828486690575,1.1189273221919938,1.7042175673348532,Bad
2.383995197649459,5.744538981731751,1.1993781577924605,1.0749167624824312,Bad
2.007763509088651,5.5710379352776,1.0198212110376992,1.254716992440266,Moderate
3.108767039453528,3.390017142917241,1.048665899727944,2.2635964600930727,Moderate
2.3436846572859134,2.9443854316754834,1.539836775748154,1.0449500574894588,Moderate
1.5580380948150778,4.916315219334686,1.1910137054022545,1.1398450228566048,Moderate
1.7234865482866848,6.994730919302083,1.0909444228527012,1.0,Bad
2.814324856818573,2.975905261718709,1.1143649063350174,1.274695195324981,Moderate
1.2748127553901158,7.684948939347727,1.0510992087057909,1.5493891919817622,Bad
2.128695130179289,2.1950085714586205,1.1831608083948697,1.0799116128706598,Good
1.6898360186567072,3.784440962106791,1.031798759424796,1.11986681997189,Good
1.1209316210906382,3.729162941850804,1.0233190734551108,1.254716992440266,Good
1.9943266837997573,3.33871459672076,1.2576758554216867,2.0887898818552664,Moderate
2.521051034885516,4.013125374672654,1.1211426443839876,1.5344058394852758,Moderate
1.6799044689640985,4.762502234889517,1.005829761368053,1.4944506323840456,Moderate
3.849078884803634,2.83789951936729,1.0879462510687914,2.383463280064962,Moderate
1.5636464841716418,6.308488373315945,1.2366886809172173,1.0649282603741737,Moderate
3.1143754933069565,4.53372316817938,1.068132287602021,1.6492790077371366,Bad
2.0776350908865093,3.1888770863350966,1.0559657986785853,1.5993340998594494,Good
1.5401612408715168,2.762933437102321,1.0757870097162845,1.6243059544641931,Good
2.730665844775955,5.279124554336737,1.0909444228527012,1.4395120727863295,Bad
3.5013566807969987,3.173069844241347,1.1301813167508743,2.743063739980632,Moderate
3.5742661294135183,1.2602988967533628,1.0206830003886511,1.724195770219568,Moderate
2.362496264287856,4.620521018478592,1.3229693058686358,1.3995556670168998,Bad
1.600101272976766,6.142843620836532,1.200746885347843,1.174805379569606,Bad
1.86802028099607,4.991281301599655,1.0571317621453555,1.5843507473629632,Moderate
1.92138376131052,2.820956427542253,1.0226528286047416,1.918979352673889,Good
3.5742661294135183,2.80628503517979,1.0523158492032647,2.098779582631724,Moderate
1.1800537684561272,4.825636549120242,1.0,1.3196452528144396,Good
3.1767691796314863,1.5442613295752132,1.0804508356004665,2.093784732243495,Moderate
1.4104345693390634,7.097336011695045,1.0381584889234357,1.3396222570309548,Bad
2.191789897421822,2.9877370297529526,1.0462326187329964,1.4994454827722743,Good
3.3380113410856707,1.6665544839771569,1.1204481368052857,2.4783570467639087,Good
1.4944759832917862,6.509628429898089,1.0279828993392923,1.449500574894587,Bad
1.328092776761797,6.008813352544618,1.0401493882627284,1.214761785339036,Moderate
2.2394614649400744,4.83349284309498,1.109387699961135,1.6892342148383668,Moderate
1.684227629300143,5.358066110661212,1.033070694131364,1.6642623602336228,Moderate
2.2684383582718706,5.13326251801058,1.174893120870579,1.6892342148383668,Bad
2.4726783864492603,5.409274002713419,1.114263496307812,1.8690344447962015,Bad
1.894893996070722,4.892651683266199,1.1539059463661097,1.4245287202898431,Bad
2.0856971989592186,3.8514560962527473,1.506024087057909,1.5394006898735046,Moderate
1.5294117419422832,6.186289873058275,1.0186552755538285,1.0,Moderate
2.220065709835615,2.52232260235794,1.8115040808394869,1.729189421939597,Bad
1.0336505296299778,5.7405635076722445,1.0255495903614458,1.2247502874472935,Good
1.8760823890687792,5.480264610918881,1.246016332685581,1.329633754922697,Bad
1.5918536074246554,5.669572899466782,1.0186552755538285,2.150721471730143,Bad
4.424476375217735,2.0411955870134517,1.1691693587252234,2.7130970349876598,Moderate
2.034637224163303,5.208133946131275,1.2203653322969297,1.349611957807412,Bad
2.3194983330677856,5.429056718866674,1.1072677714729888,1.6992227169466243,Bad
1.4622275510009497,6.091635728784325,1.0699572483482316,1.2996670499297247,Moderate
3.21532708219689,2.735294426974328,1.2302229521958803,2.0688128776387518,Moderate
1.5535980661604107,5.819505063996719,1.0932763218033423,1.1698117278495772,Bad
3.456744199565855,1.6152519377806758,1.115747457442674,3.152607909105789,Moderate
2.647357437689203,3.145525488257628,1.0944422852701128,1.6542726594571655,Moderate
2.3011541348434656,2.774765205136565,1.116798187329965,1.6742508623418806,Good
1.7981486991982116,4.999137595574393,1.1002720466381657,1.2097669349508071,Moderate
2.757539559850607,2.80628503517979,1.0921103863194714,2.798002299578348,Moderate
2.819933246175137,7.39313021255114,1.0133831294209097,1.669256011953652,Bad
2.457042798549913,2.447451174237245,1.006359757481539,1.6842393644501383,Good
2.517078415008472,2.6249276947509017,1.0218996688690245,1.5743622452547057,Good
1.2609191633062546,3.6029889675336286,1.0279828993392923,1.204772084562579,Good
2.332935222853544,6.584594512163057,1.278663029926156,1.0,Bad
1.9432666445069773,7.117024073704027,1.1772250198212204,1.234738789555551,Bad
5.643774249880504,2.948266251590716,1.030314798289934,2.0338513222575503,Bad
2.3235878212634518,1.6539654827887214,1.058399107656432,1.824084387306743,Good
2.1525309139384152,3.575349957405635,1.031798759424796,1.859045942687944,Good
1.857270846563701,4.308919575528749,1.1609016712009328,1.3396222570309548,Bad
1.5401612408715168,3.3939926169767465,1.0,1.0549385595977163,Good
1.9352045364342685,1.812416520303314,1.1002720466381657,1.5394006898735046,Good
1.445869598218287,4.170913833177329,1.0279828993392923,1.3596004599156697,Good
2.466602588315073,2.3764605660317826,1.0445182464049747,1.7491676248243118,Good
2.2684383582718706,3.464983225182209,1.560823950252623,1.4644839273910732,Bad
2.5129889268128065,6.458420537845882,1.1824971659541392,1.4944506323840456,Bad
2.4637983936367918,4.518010580229904,1.0279828993392923,1.9539397093868904,Bad
1.9029561041434315,3.673979575739091,1.2751651675087443,1.329633754922697,Bad
2.4918405339102048,5.081959971814099,1.0535324897007383,1.6992227169466243,Moderate
1.3493580379830206,3.1415500141981214,1.060629624562767,1.5543840423699908,Good
2.0487751303702,4.786165770958005,1.200746885347843,1.1798002299578347,Bad
1.862645563779885,4.892651683266199,1.2261950936649826,1.1698117278495772,Moderate
3.2209355360503187,2.2305038755613515,1.0450159782355228,1.8190895369185145,Good
2.47805316816231,2.5094496387366823,1.3031480668480373,2.3584902267920187,Good
2.317979431906888,4.750670466855274,1.249412785075787,1.7891228319255417,Bad
1.7578381588346657,4.955785997496924,1.1702292949863973,1.469478777779302,Bad
1.639593928600552,3.429487921079477,1.0396424500582977,1.3396222570309548,Good
2.6124216145418417,4.2970878074945045,1.2541779930042751,1.6742508623418806,Bad
1.556285457016935,5.168757822113311,1.0,1.0,Moderate
1.4541654429282402,6.079803960750081,1.005829761368053,1.11986681997189,Bad
1.5702880488019395,3.1475132252873803,1.0117822837155073,1.2397336399437795,Good
3.0692743838297423,2.3882923340660263,1.1492421204819276,2.123751437236468,Moderate
2.6124216145418417,4.119611286980849,1.059615748153906,1.414539019513386,Good
1.773962374980084,2.3843168600065203,1.0133251768363778,1.5244173373770182,Good
1.8636971206600248,3.0035442718467023,1.0089036548775747,1.4994454827722743,Good
1.056084216049963,4.64418455454708,1.0,1.15982202707312,Good
2.3114362249950764,5.855000368099449,1.06645938593082,1.824084387306743,Bad
3.0638996666135574,5.243629250234005,1.1058483668869024,2.2036630501071275,Moderate
2.2657509674153458,4.975474059505905,1.1574038087835212,1.5793558969747346,Bad
1.4622275510009497,1.9662295047484828,1.0011659634667702,1.0299667049929724,Good
2.0856971989592186,4.983330353480644,1.0862805969685192,1.2697003449367523,Moderate
5.643774249880504,2.948266251590716,1.030314798289934,2.0338513222575503,Bad
1.755150767978141,4.403573719802698,1.0932763218033423,1.6542726594571655,Bad
2.9292974835967813,2.561793380520177,1.0425826692576758,1.5244173373770182,Good
1.368169580488099,5.271268260362,1.0104935872522347,1.419533869901615,Moderate
1.5423600034819709,5.582869703311843,1.0,1.5793558969747346,Moderate
2.048074049452197,4.825636549120242,1.079284872133696,1.349611957807412,Moderate
4.050982127080365,1.9938685148764763,1.0121664889234356,3.831853621835898,Bad
1.8518960648506515,4.569218472282111,1.4057520404197434,1.5743622452547057,Bad
2.365183655144381,2.648591230819389,1.5514962984842595,1.0699219120942025,Moderate
2.0231547828649634,4.510059632110892,1.1180148278274389,1.2447284903320084,Good
1.4031054036354604,4.758526760830012,1.095608248736883,1.3096555520379822,Moderate
1.941067881896524,2.751101669068077,1.121259221142635,2.083796230135237,Good
3.6668051342686057,1.7217378500888696,1.0693489280994948,2.9078806174419807,Moderate
2.475015236846784,2.510490834323696,1.0083948698017875,2.8879024145572654,Good
2.4296805197260545,4.312895049588255,1.1982121943256898,1.3446171074191833,Bad
2.4726783864492603,2.7234626589400834,1.1480761849980567,2.468368544655651,Good
2.842366932595122,5.271268260362,1.1119315973571706,1.8440625901914576,Bad
1.8922066052141973,3.074534880052165,1.125923047026817,1.4295223720098722,Good
2.719916410343586,2.1279934373126634,1.3905946272833267,1.409545367793357,Good
1.3488694097369498,3.0733990303208776,1.0,1.484462130275788,Good
2.7736637759960256,1.7414259120978512,1.1923824329576371,1.6243059544641931,Good
3.0020901928884083,2.415836690049746,1.3917605907500972,1.6642623602336228,Bad
2.104508805961162,2.1279934373126634,1.2308589195491644,1.0249718546047435,Good
2.8730964637250613,5.866832136133693,1.174893120870579,1.414539019513386,Bad
1.6637802528186798,4.83349284309498,1.102603973571706,2.5732520121310545,Good
1.142430554452241,4.557386704247867,1.0,1.1348501724683762,Moderate
2.8550526918959624,3.0373358013525027,1.0399755584920327,1.8961471208056435,Moderate
2.8732132675468183,5.728731739638,1.0206830003886511,1.604328950247678,Bad
1.6674023322367215,3.788321782022023,1.094124287602021,1.3346286053109258,Good
2.010450899945176,6.426806053658383,1.137582597745822,1.7391791227160542,Bad
3.617497732773968,3.869535037809072,1.0944422852701128,2.3984466325614484,Moderate
1.4246043369970636,6.040333182587844,1.1818888457054022,1.0,Moderate
1.3312793733501838,4.151225771168347,1.1239242565099106,1.1798002299578347,Good
1.896506417685264,5.070128203779855,1.1147298872910998,1.4794672798875594,Good
1.7363392254730623,5.642028543483062,1.0023318989506411,1.2996670499297247,Moderate
3.1660196807022527,4.273424271426018,1.0629615235134084,1.5194224869887896,Bad
2.138509876050141,5.7603462238255,1.150864317139526,1.5543840423699908,Bad
3.0919418068869717,2.739269901033833,1.083948698017878,1.3945620152968707,Moderate
1.2411621612632735,3.9816055446294287,1.0127194869801788,1.3046619003179534,Good
1.378919079417333,4.770358528864255,1.0268169358725223,1.1798002299578347,Good
2.7360406264890047,2.845755813342027,1.037310523124757,1.7841291802055128,Good
1.827709740632524,5.074103677839361,1.0851146614846483,1.3046619003179534,Moderate
1.4206317171200198,5.196302178097031,1.059615748153906,1.3596004599156697,Moderate
3.291040789988556,3.113911004070128,1.092465237465993,4.640954656646155,Bad
1.3547327551992052,5.373778698610687,1.0,1.0,Good
2.8872343699319574,6.773902800710958,1.081515389040031,1.6842393644501383,Bad
1.6637802528186798,6.304607553400713,1.0198212110376992,1.569367394866477,Bad
1.9567034697958712,3.654291513730109,1.1842207446560435,1.034961555381201,Good
1.810417099288344,6.698936718445989,1.0012166404974738,1.2996670499297247,Bad
3.776052567868492,2.3961486280407645,1.138748533229693,2.093784732243495,Moderate
4.789190794173328,1.398304639104782,1.6995724834823165,2.348501724683761,Moderate
2.2684383582718706,6.718719434599245,1.114263496307812,1.6842393644501383,Bad
3.3595102744472736,2.4829464783399766,1.0582976976292269,2.7230855370959173,Moderate
2.3267926704645143,4.930418686831505,1.2709253385153518,1.7192009198313394,Bad
2.362846804746858,4.498227864076648,1.0255495903614458,1.4045505174051285,Moderate
2.32919627511688,3.4491759830884594,1.067413350952196,1.9639294101633475,Good
1.3518010502196454,2.71163089090584,1.132282804508356,1.529412187765247,Moderate
1.824438201673483,6.620089816265788,1.058399107656432,1.154828375353091,Moderate
1.661092861962155,6.229641471135745,1.209871745044695,1.4345172223981009,Moderate
1.7793370921962686,5.267292786302494,1.093043140303148,1.4245287202898431,Bad
4.578173886943748,3.050871343983677,1.1715473455110763,2.618202069620513,Moderate
1.8196476325598143,3.228347864497334,1.2180334333462883,1.1098783178636322,Moderate
2.116076189630156,4.5850257143758615,1.031798759424796,1.5394006898735046,Moderate
1.5580380948150778,4.8611318532229735,1.041366028760202,1.409545367793357,Bad
2.088384589815744,4.7151751627525424,1.0489700738437622,1.529412187765247,Moderate
1.6046581054531908,6.6871049504117455,1.0198212110376992,1.644284157348908,Bad
2.3383099400697285,5.79584152792823,1.174893120870579,1.6193123027441645,Bad
4.331403271827046,1.4377754172670194,1.1715473455110763,4.725859921236844,Moderate
2.717961961856168,4.214265431254798,1.0635974908666923,1.5493891919817622,Moderate
1.7067781195418856,7.061840707592314,1.2180334333462883,1.2896785478214672,Bad
1.5697222823058292,5.279124554336737,1.163233570151574,1.4245287202898431,Moderate
3.1579575726295435,6.84489340891642,1.1982121943256898,2.5632635100227974,Bad
2.187817277544778,4.395717425827961,1.162067634667703,1.5793558969747346,Moderate
2.5984005766535674,2.356677849878527,1.1131482378546445,1.8690344447962015,Good
1.2579874583266948,6.399261697674663,1.0209871745044694,1.0,Moderate
2.703792194198168,1.4811270153444884,1.1184185371162068,1.389567164908642,Good
2.2684383582718706,5.665692079551549,1.191216469490867,1.5793558969747346,Bad
1.6987160114691764,3.681835869713829,1.060629624562767,1.4245287202898431,Good
2.5264258165985654,4.727006930786786,1.0151574131364167,1.214761785339036,Bad
1.9870824604668085,5.3501151625422,1.0218996688690245,1.5394006898735046,Bad
2.1501940635408925,4.174889307236835,1.283326855810338,1.314650402426211,Moderate
2.36565099942514,2.0530273550476954,1.0024333089778468,1.6992227169466243,Good
1.90856455799686,5.638053069423556,1.035282798289934,1.4445057245063584,Bad
1.4991496195899685,4.340534059716248,1.01703307889623,1.154828375353091,Good
2.507614209596622,6.083684780665313,1.2215312957637,1.569367394866477,Moderate
1.8906709993653723,2.372485091972277,1.4642617364943646,1.0249718546047435,Bad
1.3923559047062266,1.9741804528674949,1.0139914496696465,1.2447284903320084,Good
1.986264575727048,4.0249571427068975,1.1130975608239408,1.0899001149789174,Moderate
1.5720591327033524,4.494347044161417,1.0,1.3795786628003843,Good
2.5855478994671897,4.920290693394192,1.0069957248348231,1.4045505174051285,Moderate
1.755150767978141,5.1844704100627865,1.1492421204819276,1.6842393644501383,Moderate
1.0448673728399704,2.845755813342027,1.0,1.0,Good
4.261297953391943,2.0845471850909205,1.0206830003886511,2.4384018396626788,Moderate
1.9117511545852464,3.673979575739091,1.08861252390206,1.6342956552406505,Good
1.2714242836155885,3.031088627830422,1.0279828993392923,1.529412187765247,Good
2.273813075488055,3.413680678985728,1.0304162083171395,1.2846836974332383,Good
1.6987160114691764,6.683224130496513,1.2133696074621063,1.3596004599156697,Bad
2.6124216145418417,5.125311569891568,1.0304162083171395,1.5493891919817622,Bad
1.4739117384917009,3.1967333803098343,1.0279828993392923,1.329633754922697,Good
2.022275303619528,5.283100028396243,1.1905502246404975,1.3396222570309548,Moderate
2.632051106283545,4.443044497964936,1.0851653385153517,2.4483903417709363,Moderate
2.8704090728685365,2.8812511174447586,1.0466381748931208,2.083796230135237,Moderate
1.3574201460557298,3.208565148344078,1.0279828993392923,1.1498335249648624,Good
2.0067119522085117,5.164782348053805,1.058399107656432,2.703107334211202,Bad
1.4622275510009497,5.851024894039943,1.0174893120870578,1.0199782028847149,Bad
1.389785382168324,3.737113889969816,1.0407023863194715,1.3096555520379822,Good
3.3078660870519774,6.0166696465193565,1.3722942308589197,3.3473914915601104,Bad
2.2019870452027783,6.087660254724819,1.1640815359502523,2.133739939344725,Bad
4.104262148452047,1.2839624328218504,1.0936818779634667,2.748057391700661,Bad
1.4810390935060278,6.221785177161006,1.0513019727944035,1.8740292951844304,Bad
2.4968647106673885,1.89523889654302,1.141131137193937,2.6381802725052284,Good
3.549028248315251,5.148975105960056,1.1131482378546445,2.133739939344725,Bad
1.550910739800751,6.186289873058275,1.0594636610959969,1.0649282603741737,Bad
1.810417099288344,3.571469137490403,1.0291995398367664,1.3596004599156697,Good
2.264699410535206,3.5833009055246468,1.0742155180722892,1.294672199541496,Good
1.5356044083950926,3.914590410483472,1.0048665899727944,1.2397336399437795,Good
1.8496760827717504,4.801973013051755,1.0462326187329964,1.4345172223981009,Moderate
1.1009515888899335,5.890495672202181,1.0279828993392923,2.198668199718899,Bad
2.082425660000178,5.32257080655848,1.068685285658764,1.6592675098453944,Bad
2.298349940165184,5.480264610918881,1.0559657986785853,1.9988897668763488,Moderate
1.10032848468121,5.2752437344215055,1.0163233486202876,1.11986681997189,Moderate
1.5720591327033524,4.111754993006111,1.1131482378546445,1.9988897668763488,Good
2.255001468486112,2.786596973170808,1.0851653385153517,1.6243059544641931,Good
3.2405649632951574,2.8970583595385087,1.099765108433735,1.5493891919817622,Good
4.393095941730437,1.8873826025682825,1.0316328488146134,2.5682571617428263,Bad
1.8115855244871053,4.352365827750491,1.0268169358725223,1.6892342148383668,Good
2.814324856818573,2.975905261718709,1.1143649063350174,1.274695195324981,Moderate
2.2496267512699277,5.334402574592724,1.101438010104936,1.5593788927582195,Bad
4.505264373830363,1.954397736714239,1.035282798289934,2.982797379924412,Moderate
2.007763509088651,3.228347864497334,1.5736494364554994,1.5194224869887896,Bad
2.007763509088651,5.093791739848342,1.1189273221919938,1.529412187765247,Moderate
1.6926402133349892,4.920290693394192,1.0356145915274,1.3795786628003843,Moderate
2.3006867905627075,3.267723988515297,1.2320248830159346,1.8140958851984847,Moderate
2.295312008849658,5.488215559037893,1.1061018359891177,2.493340399260395,Bad
1.9728276859412897,4.648160028606586,1.191216469490867,1.3446171074191833,Moderate
1.0940579060159858,3.677955049798597,1.0279828993392923,1.2447284903320084,Good
1.8841444971414885,2.814235983298802,1.9927846062961525,1.729189421939597,Bad
3.3101604340157413,1.2129718246163876,1.167897396035756,1.7541624752125404,Good
1.1794695558567465,5.787890579809219,1.0401493882627284,1.2447284903320084,Good
1.5524296409616491,4.159082065143085,1.018249719393704,2.543285307138082,Moderate
1.9197814012068528,4.403573719802698,1.1362645472211426,1.0,Moderate
1.9325171455777437,5.862856662074187,1.0,1.3795786628003843,Bad
1.2902358906175315,3.208565148344078,1.0279828993392923,2.198668199718899,Good
2.4726783864492603,4.360222121725229,1.0676253493975905,1.8190895369185145,Bad
1.55897284787346,5.5710379352776,1.1247570835600469,1.5993340998594494,Bad
2.721785851963486,1.3006215622140656,1.2194448348231637,1.492785682254636,Good
1.720215009327644,6.576738218188319,1.101438010104936,1.3246389045344684,Bad
2.236657270261792,8.154244186657973,1.0279828993392923,1.389567164908642,Bad
1.8945434556117209,6.391310749555651,1.0535324897007383,1.2397336399437795,Bad
2.400503363629732,4.415405487836942,1.1480761849980567,1.7891228319255417,Moderate
1.795461308341687,5.8391931260057,1.1783909832879906,1.374583812412156,Moderate
1.8160255531417728,4.021076322791666,1.0462326187329964,1.4245287202898431,Moderate
2.4497773557485165,4.620521018478592,1.132282804508356,2.11376293512821,Moderate
1.6926402133349892,3.054752163898909,1.0279828993392923,1.5493891919817622,Good
1.2579874583266948,4.577169420401123,1.0,1.0,Good
2.383995197649459,1.6955186521249854,1.0909444228527012,1.5094339848805318,Good
1.975865617256816,3.0823911740269025,1.0343426568208318,1.5244173373770182,Good
3.289638692649415,2.0411955870134517,1.2017100567431014,1.5643725444782484,Moderate
4.611824416573725,1.8755508345340384,1.0377160792848814,2.4134299850579346,Moderate
3.972464224610418,2.4276684580839896,1.0364994387874078,1.9239730043939176,Moderate
2.1394446291085227,4.782190296898499,1.0,1.354605609527441,Moderate
1.908330821359616,3.764658245953535,1.1070650073843762,1.2097669349508071,Moderate
1.4514780520717157,5.677523847585793,1.0,1.0,Moderate
2.250678308150067,5.314619858439468,1.5219419075009717,1.389567164908642,Bad
2.518363708525856,4.521891400145136,1.1539059463661097,1.1448386745766337,Bad
2.2469393604134025,3.5833009055246468,1.122881417800233,1.6742508623418806,Good
1.3950432955627512,4.032908090825909,1.0944422852701128,1.3596004599156697,Good
4.838965539948724,1.7177623760293637,1.1107149568596968,5.275250311886805,Bad
2.440429954158424,5.515759915021612,1.1907925005829771,1.329633754922697,Bad
2.6043595064691325,1.303650494830832,1.0011659634667702,1.4794672798875594,Good
1.7234865482866848,4.178770127152067,1.1484310361445784,1.2397336399437795,Good
1.5724096731623538,4.139394003134104,1.0081616883015934,1.0799116128706598,Good
2.55072894463845,1.9702049788079887,1.0572377613680528,2.173696345114155,Good
1.0673010592599557,7.587928441466929,1.0024333089778468,1.5793558969747346,Bad
1.90856455799686,4.640209080487574,1.0072998989506412,1.4794672798875594,Good
1.725589726543829,5.389585940704437,1.036144587640886,1.4994454827722743,Bad
4.126695834872033,1.4259436492327755,1.0778654675476098,2.543285307138082,Moderate
2.8784711809412453,2.0885226591504265,1.1340847353284105,1.7341842723278256,Moderate
2.6488763388501013,2.63278398872564,1.0389327197823552,1.7391791227160542,Good
1.438041226782822,4.458851740058686,1.096774184220754,2.1437296401211823,Good
2.5563373984918787,3.3623781327892472,1.141131137193937,1.234738789555551,Good
2.3133906734824947,3.863287864286991,1.1359169436455498,1.544395540261733,Moderate
1.2982979986902408,3.232228684412566,1.0,1.0,Good
1.4944759832917862,5.642028543483062,1.0,1.2397336399437795,Moderate
1.5690899550454709,6.12315555882755,1.06645938593082,1.294672199541496,Bad
2.0319498333067787,3.942134766467192,1.0076316921881072,1.9639294101633475,Moderate
1.720215009327644,6.012694172459851,1.1021984174115818,1.484462130275788,Bad
1.5401612408715168,3.43336874099471,1.0384764865915277,1.2846836974332383,Good
1.5320991327988076,5.436913012841412,1.0,1.3845723145204134,Moderate
1.6127202135259,5.113479801857324,1.0407023863194715,1.1298553220801475,Moderate
2.2496267512699277,6.099492022759063,1.2480302339681306,1.7741394794290557,Bad
4.353836958247031,1.4259436492327755,1.0909444228527012,2.798002299578348,Moderate
1.249574809794984,4.423356435955954,1.0594636610959969,2.198668199718899,Good
1.5455359580877015,6.280944017332225,1.1585697722502917,1.484462130275788,Bad
2.0265751160905943,6.158650862930282,1.1900505340069958,1.4944506323840456,Bad
3.930401046448729,1.7887529842348264,1.1630308060629615,3.122641204112817,Moderate
1.50791280858068,3.12186195218914,1.0,1.1498335249648624,Good
1.795461308341687,7.211678217977977,1.2224640497473769,1.4245287202898431,Bad
2.017291437402708,5.050440141770873,1.2391266070734552,1.5044391344923034,Bad
2.4028068046514024,4.352365827750491,1.7240575204041977,1.5793558969747346,Bad
2.511470025651908,5.239748430318774,1.2299464251846093,1.7142060694431107,Bad
4.143521067438589,1.5364050356004753,1.0462326187329964,3.572141779007404,Moderate
1.002804194678282,4.679679858649811,1.0012166404974738,1.0,Good
1.6225349593967515,3.0429203958646656,1.0021899696851924,1.4045505174051285,Good
1.5511550539237862,5.239748430318774,1.0992121103769918,1.4295223720098722,Moderate
1.773962374980084,6.4149742856241385,1.0377160792848814,1.5194224869887896,Bad
2.0830098725995585,3.0863666480864085,1.0408083855421686,2.3435068742955325,Good
3.407882922883529,1.5284540874814636,1.3835989024485036,3.157602759494018,Moderate
1.5858464984512477,6.947403847165108,1.0932763218033423,1.5044391344923034,Bad
3.248977611826868,4.040764384800648,1.092465237465993,2.0238628201492928,Moderate
2.177768859533548,5.989030636391363,1.0304162083171395,1.3096555520379822,Bad
2.914384196083884,1.6586035358581448,1.6097940240963855,2.443396690050907,Moderate
2.100240661450605,2.724030583805728,1.046089486202876,1.1113047330212975,Good
2.109883523177346,4.111754993006111,1.1165954232413524,1.8740292951844304,Good
3.1767691796314863,3.3703290809082587,1.101438010104936,1.8890126476809168,Moderate
1.5580380948150778,3.81198531809051,1.0012166404974738,1.1897887320660925,Good
1.1495154705296735,6.107348316733801,1.0,1.0,Moderate
1.8303971314890488,4.50617881219566,1.2296929560823942,1.0,Good
1.1637228398597246,5.874688430108432,1.053633899727944,1.2397336399437795,Bad
2.430657711721332,3.334833776805528,1.026710936649825,1.884017797292688,Good
2.777870068013449,2.1831768034243764,1.0389327197823552,1.983906414379863,Good
2.1357056813718587,3.92244670445821,1.059615748153906,1.449500574894587,Moderate
1.7593039790760132,5.11745527591683,1.0279828993392923,1.639289306960679,Moderate
3.0162280990953048,2.419812164109252,1.0790821080450836,2.238623406820129,Good
2.1260077393227643,5.503928146987369,1.0769529731830547,2.3784684296767336,Bad
1.8169603062001547,5.925990976304912,1.08861252390206,1.5044391344923034,Bad
1.3312793733501838,5.511879095106381,1.0023318989506411,1.314650402426211,Good
1.3987078784145528,4.750670466855274,1.3536021018266615,1.2197554370590649,Bad
2.93490593745021,4.829517369035474,1.0326467252234746,1.5843507473629632,Bad
3.2439534350696846,3.886951400355479,1.7112320342013214,1.1324840014421311,Bad
2.8166617072160967,4.028932616766404,1.7835211815001943,1.5743622452547057,Bad
2.342707465290636,1.6783862520114003,1.0038158600855034,3.876803679325357,Moderate
3.45929350263531,2.948266251590716,1.12531472677808,1.8140958851984847,Moderate
4.1855842456002765,2.2028648654333582,1.032849489312087,2.2635964600930727,Moderate
1.204240092674255,6.572762744128813,1.012825486202876,1.0,Bad
1.639360191963308,2.6091204526571525,1.031798759424796,1.4395120727863295,Good
1.6730107860901504,5.334402574592724,1.0109498204430625,1.4245287202898431,Bad
1.5524296409616491,4.5731939463416165,1.0186552755538285,1.374583812412156,Good
1.5347865236553324,5.243629250234005,1.0151574131364167,1.059933409985945,Moderate
1.9117511545852464,4.600832956469611,1.0279828993392923,1.6293008048524218,Moderate
2.5244713681111466,4.723031456727281,1.0443062479595802,1.5743622452547057,Bad
2.6713100252700865,3.177045318300853,1.0693489280994948,2.3435068742955325,Moderate
2.636607938759969,4.486396096042405,1.06645938593082,1.824084387306743,Bad
1.3896685783465663,5.168757822113311,1.0268169358725223,1.0499449078776877,Bad
3.6107209182186426,1.3391457989335631,1.0778654675476098,3.1825746140987614,Moderate
2.8938624547175578,1.9820367468422329,1.156449843762145,1.7491676248243118,Good
1.193490593745021,6.000862404425607,1.0121664889234356,1.059933409985945,Moderate
1.954016143436211,2.9600980196249598,1.1061018359891177,1.449500574894587,Good
2.873480349063051,4.119611286980849,1.1270890104935871,1.6293008048524218,Moderate
1.56166017423312,7.976767666144315,1.1072677714729888,1.0,Bad
2.3684551941034213,2.4395002261182333,1.068132287602021,1.6892342148383668,Good
1.992690849823372,2.869419349410515,1.0559657986785853,1.724195770219568,Good
2.0749477645268493,2.861563055435777,1.2400699665759811,1.389567164908642,Good
1.959390860652396,5.271268260362,1.138748533229693,1.6243059544641931,Moderate
1.419229619780879,1.9938685148764763,1.1515740474154683,1.2397336399437795,Good
3.2758179175256665,1.81639199436282,1.1896618795180722,2.897890916665524,Moderate
1.353330657860064,6.990850099386852,1.0582976976292269,2.198668199718899,Bad
2.3123709780534587,4.81768560100123,1.0012166404974738,2.123751437236468,Bad
1.1370558372360566,2.6682792928283705,1.0279828993392923,1.2846836974332383,Good
4.429550666038697,2.849731287401533,1.087598647493199,3.312431134847109,Moderate
3.907967360028744,4.403573719802698,1.1034150579090556,2.4384018396626788,Bad
2.410868912724111,5.661716605492043,1.1597357077341623,1.0799116128706598,Bad
1.337142718812439,1.8741310223699292,1.148818151574038,1.254716992440266,Good
4.516481217040356,1.6467717678239011,1.141131137193937,3.1276360545010453,Bad
1.50791280858068,3.9619174826204473,1.0198212110376992,1.0,Good
1.98147400661338,4.312895049588255,1.0547491581811117,1.3196452528144396,Good
2.7226037367032463,2.61697674663189,1.3557825853089778,1.5394006898735046,Moderate
2.2496267512699277,1.6704353038923887,1.0816167990672367,1.1897887320660925,Good
2.2996118213207244,3.4275948381939987,1.0167897396035757,1.4019062553565484,Good
1.600101272976766,5.874688430108432,1.024332949863972,1.0,Bad
2.4619289520168914,5.2752437344215055,1.1165954232413524,1.4994454827722743,Moderate
2.284562574417289,3.1415500141981214,1.212203643995336,1.8440625901914576,Moderate
2.604008966010131,3.6661232817643534,1.176413935483871,1.3659090506507905,Bad
2.010450899945176,3.792297256081529,1.0314807617567043,1.1098783178636322,Moderate
2.230815144267984,5.855000368099449,1.197046258841819,1.349611957807412,Bad
2.808716402965145,5.176614116088049,1.0340661298095608,1.864039594407973,Bad
1.264130010715724,5.767161322213224,1.037310523124757,1.2397336399437795,Good
1.6253391540750337,3.33871459672076,1.0912485969685193,1.419533869901615,Good
1.712152901254935,4.5850257143758615,1.215701506412748,1.0,Good
1.5240370247260986,6.580619038103552,1.041974349008939,1.6792457127301093,Bad
3.128396531195231,2.6051449785976466,1.08861252390206,2.4633736942674225,Moderate
3.961247316903561,2.4553074682119838,1.068132287602021,4.456159576300092,Bad
3.5265945618952657,3.255892220481053,1.041366028760202,2.3584902267920187,Moderate
2.865034355652352,1.4417508913265251,1.565487748153906,1.724195770219568,Good
1.670206526915004,4.734863224761524,1.0231163093664983,1.938956356890404,Moderate
3.1199838826635204,5.034632899677124,1.1739806265060242,2.0887898818552664,Bad
2.6488763388501013,4.675704384590305,1.1338312662261951,1.834072889415001,Bad
1.7543328832383809,3.859312390227485,1.0510992087057909,1.2996670499297247,Good
3.06670386129184,5.160806873994299,1.0790821080450836,2.223640054323643,Bad
1.7981486991982116,5.3501151625422,1.1515740474154683,1.484462130275788,Bad
1.1289937291633474,5.105623507882586,1.041366028760202,1.0,Good
2.7442195383834718,1.7138815561141318,1.0496060411970465,2.2086567018271563,Good
1.7543328832383809,5.906208260151656,1.1484310361445784,2.2685901118131016,Moderate
4.129500029550314,1.504790551412976,1.2919954823163622,2.633185422117,Bad
4.491243335942089,1.2208281185911256,1.0729988775748154,3.6420648897698062,Bad
2.040362481838489,4.84930008518873,1.0316328488146134,1.4295223720098722,Moderate
1.3547327551992052,5.358066110661212,1.0174893120870578,1.0,Moderate
2.7736637759960256,4.87684444117245,1.0228951045472212,1.3446171074191833,Moderate
4.118283186340321,2.2818064217578327,1.1338312662261951,5.65982262640722,Bad
1.6637802528186798,2.2423356435955952,1.1352506708122814,1.094894965367146,Good
3.98368106782041,2.762933437102321,1.1447810866692576,2.4384018396626788,Bad
1.3950432955627512,3.40582438501099,1.0,1.1448386745766337,Good
3.1368091797269417,5.5394234510901,1.0218996688690245,1.589345597751192,Bad
3.429381920741996,1.8005847522690703,1.278663029926156,3.612098184776834,Moderate
1.327859040124553,3.681835869713829,1.0559657986785853,1.3596004599156697,Good
1.438041226782822,4.458851740058686,1.096774184220754,2.1437296401211823,Good
1.639593928600552,2.648591230819389,1.0174893120870578,1.0,Good
3.490139837587006,1.5245732675662316,1.024332949863972,2.0288564718693216,Moderate
1.6421644511384548,5.768202517800238,1.0725011457442677,1.604328950247678,Bad
2.5425500327439834,6.328271089469201,1.0769529731830547,1.9489460576668611,Bad
3.437444028814705,4.458851740058686,1.3218033424018656,1.639289306960679,Moderate
1.2230516351793332,4.545554936213623,1.0011659634667702,1.5543840423699908,Good
2.212003601762906,5.523710863140624,1.0139914496696465,1.414539019513386,Bad
2.1501940635408925,4.691511626684054,1.037310523124757,1.8440625901914576,Moderate
2.547924749960168,4.805853832966987,1.0104935872522347,2.053829525142265,Bad
2.467303669233076,4.170913833177329,1.1200932856587642,1.6842393644501383,Bad
2.676918479123516,1.398588601537604,1.2868247182277497,1.644284157348908,Good
1.7627455317700913,4.9123397452751805,1.1667314325689857,1.1098783178636322,Bad
1.86533295463641,6.308488373315945,1.064127486980179,2.0338513222575503,Bad
3.024640683130151,4.43906902390543,1.0048665899727944,1.799112532701999,Moderate
1.599283388237006,1.796703932353838,1.0,1.449500574894587,Good
2.132901422196712,4.340534059716248,1.0802987485425573,1.918979352673889,Moderate
1.2047074369550137,4.892651683266199,1.0279828993392923,1.0449500574894588,Good
1.6772170781075737,5.851024894039943,1.0617955600466382,1.7042175673348532,Bad
1.693341294252992,4.470683508092929,1.0198212110376992,1.5843507473629632,Moderate
3.324691319618534,2.644615756759884,1.024332949863972,2.708102184599431,Moderate
1.872109769191736,4.111754993006111,1.0851653385153517,1.204772084562579,Good
3.579874583266947,2.6406402827003777,1.0474492592304705,2.0788013797470093,Moderate
2.923689094240218,2.9877370297529526,1.0669156191216478,2.07380652935878,Moderate
1.7793370921962686,4.987305827540149,1.270501369607462,1.0,Moderate
2.5909226811802384,3.145525488257628,1.1037699090555773,1.834072889415001,Moderate
1.6674023322367215,5.389585940704437,1.0425826692576758,1.349611957807412,Bad
1.4246043369970636,3.220396916378322,1.030314798289934,1.3845723145204134,Good
1.6309476079284622,5.9180400281859,1.0206830003886511,1.4944506323840456,Bad
2.3786204804332747,3.382160848942503,1.0992121103769918,1.6592675098453944,Good
2.413556303580636,3.654291513730109,1.278663029926156,1.9239730043939176,Good
1.6449686458167367,2.467139236246227,1.0072998989506412,1.3795786628003843,Good
4.435159119892125,2.0096757569702257,1.2627959144966965,5.749722741386137,Bad
1.550910739800751,4.139394003134104,1.5036921881072678,1.2846836974332383,Moderate
3.0827112736155,1.863719066499795,1.0687912848814614,2.3984466325614484,Moderate
2.163630953326651,4.853180905103962,1.162067634667703,1.1798002299578347,Bad
2.573162631058436,6.2178097031015005,1.0060832304702685,1.3845723145204134,Bad
1.1348570746256028,3.9619174826204473,1.0381584889234357,1.4245287202898431,Good
1.2311137432520425,5.101648033823081,1.125923047026817,2.523307104253368,Bad
1.327859040124553,1.9307342006457515,1.0279828993392923,1.5244173373770182,Good
4.687538124365392,1.8440310044908133,1.1861471154294598,4.146504024262109,Bad
2.6903553044124093,2.778740679196071,1.054799835211815,1.5543840423699908,Moderate
2.362846804746858,5.342258868567462,1.1046316984065294,1.0849052645906887,Bad
1.823800843657687,3.0114005658214404,1.4562429288767975,1.7142060694431107,Bad
1.878769779925304,2.1831768034243764,1.095608248736883,1.5493891919817622,Good
1.9642281254960212,4.872963621257218,1.1037699090555773,1.6942290652265954,Moderate
2.842366932595122,4.920290693394192,1.059615748153906,1.589345597751192,Bad
3.815428355173657,2.368509617912771,1.0462326187329964,2.743063739980632,Moderate
3.333103968150245,2.471114710305733,1.1119315973571706,2.373473579288505,Bad
2.02634137945335,2.762933437102321,1.20318019432569,1.1148719695836613,Good
1.143014767051622,6.012694172459851,1.01703307889623,1.3845723145204134,Moderate
2.6339205479034447,2.534154370392184,1.029148862806063,1.839067739803229,Good
2.14335352608336,5.208133946131275,1.0897784593859308,2.283573464309588,Bad
3.2321523792603117,5.436913012841412,1.0656989786241742,1.5843507473629632,Bad
3.1424175690835057,1.2721306647876065,1.1094982883793238,2.0488346747540365,Good
1.8833266124017285,2.6564475247941277,1.0279828993392923,1.5793558969747346,Good
1.4998507005079709,3.074534880052165,1.0687912848814614,1.5394006898735046,Good
1.053280021371681,4.568461239127919,1.0024333089778468,1.0099885021082575,Good
4.606215962720297,1.3116014429498437,1.048665899727944,4.511099334566008,Moderate
1.9001519094651491,3.71733117381656,1.0048665899727944,1.4395120727863295,Good
2.8596595739393025,3.875119632321235,1.174893120870579,1.4644839273910732,Moderate
3.1472081381971737,4.797997538992249,1.2518460940536338,1.5244173373770182,Bad
5.192296197808789,2.514466308383202,1.138748533229693,2.4384018396626788,Bad
1.2982979986902408,3.93825394655196,1.0384764865915277,1.0,Good
1.7390265518327226,4.301063281554011,1.0233190734551108,1.3795786628003843,Good
2.688135322333508,5.310739038524236,1.274962403420132,1.374583812412156,Moderate
1.712152901254935,4.01710084873216,2.39098327866304,1.669256011953652,Bad
1.7444013335457718,7.23931722810597,1.1189273221919938,1.1148719695836613,Bad
4.838965539948724,1.7177623760293637,1.1107149568596968,5.275250311886805,Bad
1.8384592395617576,3.555661895396653,1.0081616883015934,1.0,Moderate
2.0319498333067787,6.825205346907438,1.2693354061406918,2.35349657507199,Bad
1.878769779925304,2.1831768034243764,1.095608248736883,1.5493891919817622,Good
2.7189816572852035,4.218240905314305,1.06486945355616,1.744172774436083,Moderate
1.5364966580197157,5.145094286044824,1.1271950097162844,2.07380652935878,Moderate
3.734106193528561,1.532429561540969,1.0608323886513795,3.167591261602275,Moderate
2.2811422411916578,3.1612380762071037,1.068685285658764,1.389567164908642,Good
3.490139837587006,2.3211825457757955,1.0340661298095608,1.9139845022856603,Moderate
1.9513287525796867,4.813804781085999,1.1737271574038088,1.4644839273910732,Moderate
1.9970140101594172,4.419380961896448,1.0326467252234746,1.2796888470450098,Moderate
2.27650046634458,4.695487100743561,1.4045860769529732,1.234738789555551,Bad
1.9394108284516915,5.014944837668143,1.0534219012825496,1.5843507473629632,Bad
2.6124216145418417,4.119611286980849,1.059615748153906,1.414539019513386,Good
1.815005857712736,6.900076775028133,1.0038158600855034,1.154828375353091,Bad
2.194594092100104,7.468001640671834,1.026766258841819,1.15982202707312,Bad
1.4864138752190772,5.614389533355069,1.0163233486202876,1.0149833524964862,Moderate
1.8115855244871053,6.797566336779445,1.1434123591138747,1.2097669349508071,Bad
1.86533295463641,5.13326251801058,1.174893120870579,1.4345172223981009,Bad
1.8115855244871053,3.4886467612506964,1.0559657986785853,1.569367394866477,Good
2.2576888593426365,4.880819915231955,1.062628387096774,1.7691458277090266,Bad
1.9459540353635016,5.894376492117413,1.037310523124757,1.214761785339036,Bad
2.6930426952689337,3.768633720013041,1.047804110376992,1.4245287202898431,Moderate
2.637659495640109,4.541674116298392,1.0766487990672369,2.3085465175825317,Moderate
1.3332338218376023,5.4566010748503935,1.0279828993392923,1.2397336399437795,Moderate
1.4178275224417378,3.5083348232596783,1.0,1.174805379569606,Good
1.157035869436761,5.847049419980437,1.026766258841819,1.294672199541496,Moderate
1.6664675791783397,6.730551202633488,1.283326855810338,1.6193123027441645,Bad
1.6879665770368073,3.5951326735588904,1.005829761368053,1.3396222570309548,Good
2.606813160688413,1.1222931544019437,1.1958802953750487,1.419533869901615,Good
1.8355275345821973,2.33301431381004,1.032849489312087,1.0149833524964862,Good
1.86802028099607,6.221785177161006,1.1112320248736882,1.839067739803229,Bad
2.7301985004951965,5.145094286044824,1.1143649063350174,2.0288564718693216,Bad
2.222753036195275,3.464983225182209,1.1049358725223477,1.3246389045344684,Good
1.145819026226769,5.496071853012631,1.018249719393704,1.274695195324981,Good
1.810417099288344,5.500047327072137,1.0377160792848814,1.5344058394852758,Bad
2.418931020796821,2.471114710305733,1.0304162083171395,2.4483903417709363,Good
3.0863333530335426,1.9860122209017383,1.0296862184220754,6.463928810829247,Bad
1.9730614225785337,5.799722347843463,1.2454863365720947,1.5094339848805318,Bad
2.2469393604134025,7.578463027039534,1.457054013214147,1.6542726594571655,Bad
2.3087488986354163,4.892651683266199,1.1643995336183444,1.4944506323840456,Bad
2.2142235838418074,2.549961612485933,1.0644823381267003,1.5094339848805318,Good
1.2902358906175315,5.953535332288632,1.0104935872522347,1.059933409985945,Moderate
6.0756228102105165,1.0,1.2445461951029926,4.885683146978163,Bad
2.517078415008472,2.1871522774838823,1.058399107656432,3.402331249826026,Good
1.5831591720915876,3.729162941850804,1.35445006762534,1.354605609527441,Bad
3.249328152285869,3.6029889675336286,1.0582976976292269,1.7142060694431107,Moderate
1.6057096623333302,3.5951326735588904,1.0048665899727944,1.0,Good
1.4971633096514465,3.31117024073704,1.0408083855421686,1.3995556670168998,Good
2.701104803341643,5.705068203569513,1.2436844057520404,2.693118832102945,Bad
3.638762993995192,3.263843168600065,1.0851653385153517,2.523307104253368,Bad
1.6503433630329214,6.257280481263738,1.0944422852701128,1.174805379569606,Bad
1.9513287525796867,3.934278472492454,1.0897784593859308,1.6345893289495816,Good
2.303374116922367,3.957942008560941,1.1119315973571706,1.7341842723278256,Moderate
3.851883079481916,1.9780612727827265,1.0802987485425573,4.061598759671421,Moderate
2.5452373591036435,5.535542631174868,1.278663029926156,1.7341842723278256,Bad
4.224843229083684,1.855862772525057,1.2457628635833655,3.672031594762778,Moderate
3.7761693716902496,1.8242482883375577,1.3637776914108044,3.9866819971889895,Bad
1.287548499761007,4.640209080487574,1.0582976976292269,1.0,Good
2.392057305722169,5.531567157115362,1.3253012048192772,1.948510941110364,Bad
3.821036744530221,4.81768560100123,1.1240980862806065,2.383463280064962,Bad
1.4514780520717157,3.5478056014219157,1.0,1.4395120727863295,Good
2.569423683321771,2.4316439321434955,1.029148862806063,1.6342956552406505,Good
2.915276445708507,3.4728395191569468,1.0389327197823552,1.6942290652265954,Good
2.128695130179289,5.129287043951074,1.0489700738437622,1.5244173373770182,Bad
2.385280491166843,4.447019972024441,1.3134084726000776,1.0199782028847149,Bad
5.708271114462177,1.5719003397032068,1.087598647493199,4.146504024262109,Moderate
1.5127500734243058,5.957510806348138,1.113203560046638,1.3246389045344684,Bad
3.6724135881220334,3.43336874099471,1.0389327197823552,2.1886796976106413,Moderate
1.634219146887503,3.177045318300853,1.0104935872522347,1.589345597751192,Good
1.5132875257968648,4.013125374672654,1.0093276237854645,1.3096555520379822,Good
2.3786204804332747,1.9938685148764763,1.4652157015157403,1.2397336399437795,Good
3.728497804171997,2.360653323938033,1.0644823381267003,2.55327380924634,Bad
1.6730107860901504,4.470683508092929,1.0801328379323747,1.5244173373770182,Moderate
3.0823273237806457,2.017532050944964,1.369607452778857,1.938956356890404,Moderate
4.053786321758647,1.2918187267965882,1.0060832304702685,3.097669349508073,Moderate
3.612123015557784,1.8913580766277884,1.212203643995336,2.173696345114155,Moderate
1.6814233701249963,4.308919575528749,1.0594636610959969,1.5643725444782484,Good
1.6234697124551336,4.43906902390543,1.1877186070734551,1.3596004599156697,Moderate
2.370558372360565,4.470683508092929,1.2973183054799844,1.799112532701999,Moderate
2.93490593745021,3.871144158261729,1.0559657986785853,1.6342956552406505,Moderate
1.6879665770368073,2.829948571248278,1.305479993781578,1.2497221420520372,Moderate
2.824723815288806,5.642028543483062,1.1317528083948698,2.55327380924634,Bad
1.9225855958851343,6.198121641092519,1.0620490291488536,1.0249718546047435,Bad
1.4749314339207371,5.803697821902969,1.010175589584143,1.0,Moderate
3.697141621505784,3.21651609646309,1.0699572483482316,1.8790229469044597,Bad
1.112168432099926,3.6503160396706034,1.0012166404974738,1.0299667049929724,Good
3.9528347328687135,1.385337021339251,1.049882568208317,2.003884617264578,Moderate
3.223739730728601,3.5083348232596783,1.0,1.8091010348102567,Good
2.233502535124509,6.864581470925402,1.1200932856587642,1.4245287202898431,Bad
3.163332354342592,1.915021612696276,1.0431403124757093,1.724195770219568,Moderate
3.5234398267579823,2.02150752500447,1.1282549459774582,2.053829525142265,Moderate
2.5237384257420405,3.4018489109514847,1.047804110376992,1.2996670499297247,Moderate
2.0627961682584743,6.0285014145536,1.0,1.859045942687944,Bad
1.7927739819820272,5.563086987158588,1.0746210742324136,1.6942290652265954,Moderate
2.2684383582718706,4.518010580229904,1.167897396035756,1.824084387306743,Moderate
1.9620782515089203,3.4728395191569468,1.1818888457054022,1.7341842723278256,Good
1.056084216049963,4.719150636812048,1.0,1.3596004599156697,Good
2.289937291633473,2.6367594627851454,1.451224251846094,1.0299667049929724,Bad
1.5106001994372047,4.577169420401123,1.216867469879518,1.2397336399437795,Moderate
3.1555531295179384,1.4259436492327755,1.141387292654489,1.899001149789174,Moderate
2.466602588315073,4.364197595784735,1.0316328488146134,2.238623406820129,Bad
1.7927739819820272,3.050871343983677,1.1410804601632336,1.5493891919817622,Good
1.8169603062001547,4.247867652472051,1.2953750610182666,1.3596004599156697,Good
2.3732457632170902,3.074534880052165,1.0501360373105324,1.639289306960679,Good
2.7582406407686104,4.068403394928641,1.0279828993392923,1.644284157348908,Moderate
2.0935149929088923,2.8930828854790027,1.1266594450058298,1.829079237694972,Moderate
1.5468212516050852,2.3843168600065203,1.0279828993392923,1.4544954252828155,Good
1.700670459956595,3.839624328218504,1.0,1.1498335249648624,Good
2.0431666765167718,6.65558512036852,1.0644823381267003,2.370976753428491,Bad
2.0291456386284965,3.224372390437828,1.0,1.4594890770028446,Good
1.058888410728245,4.31687052364776,1.1313979572483484,1.3596004599156697,Good
1.4837264843625526,5.519735389081118,1.0,1.1847950803460634,Moderate
2.7834785218668774,3.953966534501435,1.149647676642052,2.11376293512821,Moderate
2.5828605731075296,3.2007088543693403,1.0408083855421686,1.4994454827722743,Good
2.3732457632170902,4.648160028606586,1.631947134084726,1.7941176823137703,Bad
3.0358575263401435,2.206840339492864,1.0060832304702685,1.859045942687944,Good
1.448790661215191,3.165213550266609,1.079284872133696,1.0549385595977163,Good
2.3168110067081256,5.957510806348138,1.0861640202098717,1.5852317684897566,Bad
3.198501849630333,2.064859123081938,1.0766487990672369,3.4772480123084573,Moderate
1.174678986743078,4.766477708949024,1.0046638258841818,1.0099885021082575,Good
2.155568845253941,2.80628503517979,1.0408083855421686,1.4295223720098722,Good
1.2748127553901158,6.075828486690575,1.0279828993392923,2.198668199718899,Bad
6.543926159345654,2.1516569733811512,1.097331827438787,3.6420648897698062,Bad
1.4038064845534632,4.770358528864255,1.0693489280994948,1.0,Good
3.03024913698358,5.109598981942092,1.0632656976292263,1.6542726594571655,Bad
2.359808873431332,3.701618585867085,1.0991061111542946,1.0199782028847149,Moderate
2.187817277544778,6.454445063786376,1.2133696074621063,1.254716992440266,Bad
1.1850779452133104,4.31687052364776,1.0,1.1298553220801475,Good
2.0695729828138,6.379478981521408,1.137582597745822,1.1648168774613483,Bad
1.4810390935060278,6.5569555020350645,1.0687912848814614,1.9289678547821465,Bad
1.405792794491985,3.224372390437828,1.030314798289934,1.1398450228566048,Good
2.825541700028566,5.6498848374578,1.0340661298095608,1.2796888470450098,Bad
3.4480766594253174,3.6503160396706034,1.0356477792460164,6.394006898735045,Bad
3.8014073172853817,2.8812511174447586,1.068132287602021,1.8190895369185145,Moderate
1.7094655103984104,4.245879915442298,1.106843802565099,1.1997784328425498,Moderate
2.27112568463153,2.1358497312874016,1.4279051783909833,1.7591561269325693,Moderate
2.386682588505984,4.746694992795767,1.1574038087835212,1.5044391344923034,Bad
1.6910378532313222,3.788321782022023,1.005829761368053,1.7541624752125404,Good
2.390888880523407,2.818116803214034,1.1800638849591916,1.2247502874472935,Good
2.278720448423481,3.871144158261729,1.0012166404974738,1.9739179122716053,Moderate
1.550910739800751,4.22221637937381,1.1628096012436844,1.0249718546047435,Moderate
1.720215009327644,5.851024894039943,1.0193548480373105,1.294672199541496,Moderate
2.413556303580636,4.778309476983267,1.1783909832879906,2.173696345114155,Bad
3.5234398267579823,1.8242482883375577,1.3008161678973962,1.724195770219568,Bad
2.209316210906381,5.638053069423556,1.1480761849980567,2.4184236367779635,Bad
1.8693055745134532,5.622245827329807,1.0559657986785853,1.3596004599156697,Bad
1.54851648719375,3.054752163898909,1.003688649825107,1.294672199541496,Good
1.7288145697729125,3.1612380762071037,1.35445006762534,1.449500574894587,Bad
2.510301600453147,5.176614116088049,1.1422463956471045,1.2796888470450098,Moderate
2.47805316816231,2.5094496387366823,1.3031480668480373,2.3584902267920187,Good
4.923091896272101,2.561793380520177,1.0012166404974738,3.052719292018614,Bad
3.724992528575712,3.985581018688935,1.3218033424018656,1.958934559775119,Moderate
1.636555997285026,7.511447892893577,1.0,1.4395120727863295,Bad
1.2418632421812763,2.4553074682119838,1.0279828993392923,1.2397336399437795,Good
1.9730614225785337,5.480264610918881,1.1017560077730275,1.469478777779302,Bad
1.658989683705011,5.290956322370981,1.0827320575204042,1.2896785478214672,Good
1.670206526915004,4.163057539202592,1.1788472164788184,1.4245287202898431,Good
4.582263375139413,4.762502234889517,1.0279828993392923,2.288568314697816,Bad
1.0981473942116515,4.525866874204642,1.0316328488146134,1.419533869901615,Good
1.4998507005079709,3.1612380762071037,1.0,1.4794672798875594,Good
1.9620782515089203,5.803697821902969,1.1165954232413524,1.6193123027441645,Moderate
3.5041608754752804,1.5442613295752132,1.0432463116984063,2.058823176862294,Good
1.550910739800751,3.5911571994993845,1.228527020598523,1.3596004599156697,Moderate
3.403209286585347,3.054752163898909,1.0109498204430625,1.8690344447962015,Moderate
2.3993015290551174,4.119611286980849,1.0060832304702685,1.6942290652265954,Good
2.342707465290636,1.6783862520114003,1.0038158600855034,3.876803679325357,Moderate
1.9610032822669377,4.494347044161417,1.1247570835600469,1.3995556670168998,Bad
2.0554032151558,5.263411966387261,1.0408083855421686,1.4245287202898431,Bad
4.071663175702208,1.8045602263285765,2.010882238631947,2.7530522420888897,Bad
3.171394462415301,5.259436492327756,1.374271278663039,1.8890126476809168,Bad
1.911368752675142,4.26556797745128,1.0705655685969686,1.7591561269325693,Moderate
2.1188803843084374,3.315051060652272,1.0190792444617178,1.6542726594571655,Good
4.200656904865555,4.975474059505905,1.0489700738437622,2.103773234351753,Bad
1.5132875257968648,5.594701471346087,1.1200932856587642,1.0249718546047435,Bad
5.413828931827223,1.0315198300432251,1.041366028760202,3.5122083690214585,Moderate
1.491788592435262,4.54953041027313,1.0632656976292263,1.2996670499297247,Good
1.222807321056298,1.9702049788079887,1.0381584889234357,1.5743622452547057,Good
3.456489307957028,3.421536972960466,1.1873637559269334,2.4783570467639087,Moderate
3.410954199078044,1.709906082054626,1.0346454877574816,2.917869119550238,Good
3.506965070153562,3.326882828686516,1.126531367275554,3.192564314875219,Moderate
2.3067625886968948,5.472408316944144,1.059615748153906,1.3795786628003843,Bad
1.468303349135137,3.689786817832841,1.0216231418577535,1.4594890770028446,Good
1.7873992002689778,7.26686158408969,1.0897784593859308,1.3196452528144396,Bad
1.7820244830527932,2.356677849878527,1.0757870097162845,1.2397336399437795,Good
1.5570183993860416,2.530273550476952,1.026710936649825,1.5344058394852758,Good
2.255001468486112,3.725282121935572,1.02215313797124,1.864039594407973,Moderate
1.6505770996701652,2.131874257227896,1.0035282798289933,1.4944506323840456,Good
1.6281433487533157,5.93384727027965,1.0608323886513795,1.0,Bad
3.349929265213666,2.1831768034243764,1.1492421204819276,2.018867969761064,Moderate
2.160943562470126,5.310739038524236,1.0,1.544395540261733,Bad
2.8300985325049903,2.719581839024852,1.4045860769529732,2.1886796976106413,Moderate
2.057187714405046,4.54953041027313,1.106843802565099,1.7192009198313394,Moderate
1.9728276859412897,6.647728826393782,1.079284872133696,1.7841291802055128,Bad
3.2770197521002813,4.908458925359948,1.01703307889623,2.128746287624696,Bad
1.9405792536504527,2.8852265915042645,1.0133831294209097,1.4345172223981009,Good
1.671842360891389,6.600401754256807,1.1737271574038088,2.4334069892744496,Bad
1.56166017423312,2.7471261950085712,1.3043140303148075,1.274695195324981,Bad
2.1905046039044382,5.164782348053805,1.0,1.4544954252828155,Bad
2.3194983330677856,5.728731739638,1.096774184220754,1.2247502874472935,Bad
1.386981187490042,4.5298423482641486,1.0109498204430625,1.03995520710123,Good
1.8650167910062303,4.147250297108842,1.1282549459774582,1.094894965367146,Moderate
1.86802028099607,2.5854569165886647,1.1095996984065293,1.0449500574894588,Good
3.5630492862035257,2.1437060252621394,1.2469795040808394,3.552164774790888,Moderate
2.9214691121613163,1.962348684833251,1.2600077823552274,2.7230855370959173,Good
2.9202475415461397,2.526298076417446,1.2874606855810338,1.6942290652265954,Moderate
2.06688565645414,3.074534880052165,1.0396424500582977,1.4744724294993308,Good
1.6421644511384548,4.174889307236835,1.0,1.4944506323840456,Moderate
3.192893395776905,5.290956322370981,1.0523158492032647,1.839067739803229,Bad
1.970257163403387,2.2778309476983267,1.0546938359891178,1.5094339848805318,Good
1.5384086030733746,1.2997696749156,1.0,1.7691458277090266,Good
1.7309644437600131,3.9461102405266977,1.3066459292654489,1.4794672798875594,Bad
1.8438339567779425,5.192421358181798,1.3521181406917997,1.0,Bad
2.4834278853784943,4.995162121514888,1.3322969296541003,1.4794672798875594,Bad
2.7531420346296995,3.8909268744149847,1.1055718398756316,1.8140958851984847,Moderate
1.301962581542042,4.186721075271079,1.010175589584143,1.0,Good
1.5132875257968648,4.924171513309425,1.1049358725223477,1.0149833524964862,Moderate
2.4296805197260545,4.695487100743561,1.0431403124757093,1.7142060694431107,Bad
1.8492087384909917,4.719150636812048,1.0979401476875243,1.7391791227160542,Moderate
2.9965986073536017,4.166938359117824,1.0316328488146134,1.419533869901615,Bad
2.668505830591805,4.959666817412156,1.0437993097551497,1.7192009198313394,Moderate
2.494644728588487,2.845755813342027,1.0535324897007383,3.0726974949033288,Moderate
1.6954444725101356,6.012694172459851,1.0729988775748154,1.8790229469044597,Bad
2.397432087435217,5.484240084978387,1.1235911480761758,1.5643725444782484,Bad
3.0638996666135574,5.361946930576443,1.1539059463661097,1.6842393644501383,Bad
2.988185958821891,2.0608836490224327,1.1034150579090556,1.918979352673889,Good
2.3786204804332747,5.590725997286581,1.0104935872522347,1.4245287202898431,Moderate
2.699352165543501,3.516191117234416,1.0547491581811117,1.4395120727863295,Good
2.072993316039431,5.298907270489993,1.0165353470656822,1.5493891919817622,Moderate
2.01582561716136,4.892651683266199,1.0174893120870578,1.314650402426211,Moderate
3.3245745157967765,4.73883869882103,1.3591138655266226,2.897890916665524,Bad
2.0487751303702,4.021076322791666,1.0024333089778468,1.374583812412156,Moderate
1.492521534804368,4.036788910741142,1.1282549459774582,1.644284157348908,Good
1.7363392254730623,7.203821924003239,1.2063738826272834,1.274695195324981,Bad
2.045386658595673,6.320320141350189,1.0454722114263506,1.5543840423699908,Bad
1.4749314339207371,5.776058811774976,1.0165353470656822,1.3046619003179534,Moderate
2.5936100075398985,3.71733117381656,1.5923047120093277,1.9289678547821465,Bad
2.107196196817686,1.7769212162005823,1.0629615235134084,1.3596004599156697,Good
2.177067778615545,4.87684444117245,1.2996502044306255,1.3346286053109258,Moderate
1.550910739800751,4.462732559973917,1.163233570151574,1.3446171074191833,Good
2.803224817430338,3.784440962106791,1.3287990672366887,1.5244173373770182,Moderate
3.108767039453528,4.916315219334686,1.0389327197823552,1.6842393644501383,Bad
2.163875267449686,3.3978734368919787,1.5927286809172174,1.449500574894587,Moderate
1.905643494999956,6.241473239169988,1.0159902401865526,1.0899001149789174,Bad
1.600101272976766,3.315051060652272,1.0343426568208318,1.389567164908642,Good
2.901255407820232,2.443475700177739,1.0656989786241742,1.978912762659834,Moderate
1.4514780520717157,3.5478056014219157,1.0,1.4395120727863295,Good
1.4066106792317452,3.031088627830422,1.0949086762534006,1.2397336399437795,Good
1.7712749841235595,3.3584973128740154,1.1691140365332298,1.5493891919817622,Good
2.214690928122566,5.803697821902969,1.33113096618733,1.2497221420520372,Bad
2.604008966010131,2.506610014408464,1.0291995398367664,2.1187565868482388,Moderate
1.9459540353635016,5.413249476772925,1.0069957248348231,1.059933409985945,Bad
4.670712827301971,3.918471230398704,1.0,3.057714142406843,Moderate
3.1257091403387065,3.5004785292849405,1.4978624267392149,2.578246862519284,Moderate
1.9701403595816296,5.093791739848342,1.0617955600466382,1.669256011953652,Bad
1.4038064845534632,3.350546364755004,1.0050877947920716,1.314650402426211,Good
1.072558972654383,5.365922404635949,1.0,1.2397336399437795,Moderate
1.3998805604063769,3.149216999884312,1.0397651830547998,1.2326830735930332,Good
2.7531420346296995,4.652040848521818,1.020351207151185,1.4295223720098722,Bad
1.4851285817016937,3.808104498175278,1.1739806265060242,1.3695889620239272,Good
1.330896971440079,4.166938359117824,1.0559657986785853,1.3945620152968707,Good
1.9870824604668085,2.873394823470021,1.67037294364555,1.2097669349508071,Bad
4.000506300386967,2.3961486280407645,1.0,2.11376293512821,Moderate
2.754852168994083,2.498659066289452,1.0524679362611735,1.4544954252828155,Good
3.735742027504946,2.273855473638821,1.06645938593082,1.449500574894587,Moderate
3.1498954645568342,4.7151751627525424,1.3521181406917997,1.484462130275788,Bad
2.2442520340537424,5.251580198353017,1.108433734939759,1.294672199541496,Bad
1.7094655103984104,5.673548373526288,1.0389327197823552,1.4644839273910732,Bad
1.66459813755844,5.517085073041448,1.1597357077341623,1.589345597751192,Bad
1.911368752675142,4.0249571427068975,1.0510992087057909,1.274695195324981,Moderate
2.037324550522963,6.233806253483799,1.0909444228527012,1.294672199541496,Bad
1.0112168432099926,4.991281301599655,1.0,1.2397336399437795,Good
1.365482254128439,3.567493663430897,1.0093276237854645,1.609322601967707,Good
1.5129036404588745,4.707318868777804,1.0106601414691023,1.2663704446779331,Good
2.418931020796821,1.6783862520114003,1.1492421204819276,1.4894557819958172,Good
1.300050636488383,5.298907270489993,1.0279828993392923,2.198668199718899,Bad
1.880522417723446,2.2620237056045767,1.0766487990672369,1.03995520710123,Good
1.905643494999956,5.922015502245406,1.2914885441119317,1.0299667049929724,Bad
1.824438201673483,2.234479349620857,1.0206830003886511,1.4994454827722743,Good
1.825022414272864,4.0999232249718665,1.1667314325689857,1.0199782028847149,Good
2.741415343705189,2.471114710305733,1.0,1.544395540261733,Good
2.3083649488005618,3.0114005658214404,1.10828164788185,1.1798002299578347,Good
3.2742155574219995,2.0411955870134517,1.1289646762534007,2.3784684296767336,Good
3.088085990831685,2.6722547668878764,1.2448503692188106,1.7192009198313394,Moderate
3.0450880596116146,3.705499405782316,1.246016332685581,1.544395540261733,Moderate
1.400418012778936,7.893945289904609,1.108433734939759,1.1348501724683762,Bad
3.120334423122522,1.954397736714239,1.313641654100272,1.8540510922997155,Good
2.376867842635132,1.307625968890338,1.0437993097551497,1.2697003449367523,Good
2.8732132675468183,3.989461838604167,1.035282798289934,2.138734789732954,Moderate
1.328092776761797,3.062703112017921,1.020351207151185,1.3596004599156697,Good
1.4837264843625526,4.50617881219566,1.0314807617567043,1.0,Good
3.3611461084236587,6.45046958972687,1.0255495903614458,1.3945620152968707,Bad
1.9163929294323248,5.263411966387261,1.122425184609405,1.059933409985945,Bad
1.3386085390537867,3.6345087975768537,1.0,1.6193123027441645,Good
3.235891326996976,2.9955933237276904,1.053633899727944,2.15371814222944,Moderate
1.5131707219751074,3.555661895396653,1.0432463116984063,1.3845723145204134,Good
2.676918479123516,3.8435998022780096,1.0547491581811117,1.8440625901914576,Moderate
2.0788566615016864,2.83789951936729,1.0439731395258454,1.6642623602336228,Good
2.0431666765167718,4.975474059505905,1.0291995398367664,1.529412187765247,Bad
2.5984005766535674,6.892220481053395,1.0340661298095608,1.5793558969747346,Bad
1.2767990653286376,3.0902474680016403,1.1399144966964632,1.11986681997189,Good
1.7417139426892472,5.259436492327756,1.024485036921881,1.0299667049929724,Good
2.6903553044124093,1.0276390101279935,1.0559657986785853,1.7841291802055128,Good
2.2019870452027783,6.087660254724819,1.1640815359502523,2.133739939344725,Bad
1.9835771848705237,4.774334002923761,1.2611737178390985,1.3695889620239272,Moderate
2.0185130080178846,3.902758642449229,1.1049358725223477,1.0,Good
2.336006499048059,4.103898699031372,1.194608332685581,1.4894557819958172,Moderate
1.6786191754467146,4.068403394928641,1.0425826692576758,1.4045505174051285,Good
3.1900892010986226,1.5994446956869262,1.2518460940536338,2.538290456749854,Moderate
1.2767990653286376,4.904483451300443,1.0571317621453555,1.254716992440266,Moderate
1.378919079417333,5.169041784546133,1.0,1.3346286053109258,Good
2.222753036195275,3.579325431465141,1.0694908573649435,1.938956356890404,Moderate
1.8492087384909917,3.752826477919292,1.1445783225806452,1.5993340998594494,Moderate
2.346372048142438,4.640209080487574,1.0687912848814614,1.409545367793357,Good
4.903462404530398,1.8005847522690703,1.0851653385153517,2.5582686596345683,Bad
1.9997014010159415,1.5679248656437008,1.0256510003886514,1.6193123027441645,Good
2.3320004697951617,5.4014177087386805,1.1776305759813448,2.11376293512821,Bad
1.134368446379532,3.9619174826204473,1.0,1.0099885021082575,Good
1.3197969320518437,5.081959971814099,1.1317528083948698,1.0,Moderate
2.5828605731075296,2.569649674494915,1.0513019727944035,1.9889012647680917,Good
2.107663541098445,5.346234342626968,1.0304162083171395,1.449500574894587,Bad
4.19680108881027,3.1060547100953904,1.0790821080450836,2.423418487166193,Bad
1.4837264843625526,5.519735389081118,1.0,1.1847950803460634,Moderate
2.17169306139936,4.569218472282111,1.0852812157015157,1.389567164908642,Bad
2.8732132675468183,5.728731739638,1.0206830003886511,1.604328950247678,Bad
2.7709763851395013,1.9386851487647636,1.0921103863194714,2.0638180272505227,Good
1.7793370921962686,4.900507977240936,1.024485036921881,1.4395120727863295,Bad
2.381307871289799,1.8834071285087768,1.0256510003886514,1.469478777779302,Good
2.803224817430338,5.125311569891568,1.2844928192771086,1.824084387306743,Bad
2.73335323563248,2.664303818768865,1.0443062479595802,2.373473579288505,Moderate
2.048074049452197,1.9505169167990075,1.1246510843373494,1.0249718546047435,Good
4.0044789202640105,1.3589285150868189,1.932763301982122,2.763040744197147,Moderate
2.2058109353100965,2.1792013293648704,1.0036499494753206,1.7192009198313394,Good
2.4143240742566165,3.421536972960466,1.1094982883793238,1.256857813844964,Good
1.4568527692879003,6.091635728784325,1.1189273221919938,1.449500574894587,Bad
3.211705002778848,3.1612380762071037,1.1643995336183444,2.173696345114155,Moderate
1.7712749841235595,5.661716605492043,1.0862805969685192,1.4894557819958172,Bad
2.0684045576150387,3.606964441593135,1.067413350952196,1.6842393644501383,Good
1.5580380948150778,3.6108452615083664,1.0,1.389567164908642,Good
1.9002687132869067,3.4413196891137217,1.0081616883015934,1.4744724294993308,Good
1.954016143436211,6.170482630964526,1.5689856105713176,1.0699219120942025,Bad
2.7118543022708765,5.590725997286581,1.0069957248348231,1.6992227169466243,Bad
1.827242396351765,3.6424597456958656,1.015816410415857,1.5244173373770182,Good
1.992690849823372,2.845755813342027,1.0097331799455889,1.419533869901615,Good
1.4346527550082944,4.510059632110892,1.072289147298873,1.0,Good
4.939917193335522,2.25416741162984,1.0535324897007383,2.9328524720467244,Bad
1.4944759832917862,5.855000368099449,1.0023318989506411,2.038846172645779,Moderate
2.7189816572852035,3.6936676377480726,1.0693489280994948,2.538290456749854,Moderate
2.1905046039044382,4.608689250444348,1.0932763218033423,1.5394006898735046,Moderate
2.248893808900821,5.314619858439468,1.015517776914108,3.342397839840081,Moderate
1.56166017423312,2.770789731077059,1.1690633595025262,1.3596004599156697,Good
2.568446491326494,5.1844704100627865,1.0953962502914885,2.0688128776387518,Bad
1.1009515888899335,4.624496492538098,1.0279828993392923,2.198668199718899,Moderate
1.9190803202888496,6.363766393571932,1.305479993781578,1.1847950803460634,Bad
2.440429954158424,5.9496545123734,1.0676253493975905,1.6143174523559356,Bad
2.327560441140495,3.6936676377480726,1.0104935872522347,1.354605609527441,Moderate
1.8580887313034609,5.172638642028543,1.0088815204041974,1.709212417723082,Bad
2.779527121458281,4.825636549120242,1.0644823381267003,1.294672199541496,Good
2.572111074178296,3.764658245953535,1.0186552755538285,1.3845723145204134,Good
2.878821721400247,3.374209900823491,1.3151117916828603,1.943951207278633,Bad
3.2742155574219995,4.853180905103962,1.2043968348231635,1.6293008048524218,Moderate
1.7290950021401137,3.378185374882997,1.0279828993392923,1.4944506323840456,Good
3.510003001469088,4.801973013051755,1.234356781966576,2.213651552215385,Bad
2.7077648140752117,1.6980743140203822,1.0218996688690245,1.8091010348102567,Good
2.005076118232126,5.247604724293511,1.2448503692188106,1.6243059544641931,Bad
2.702156360221782,4.553505884332635,1.0,1.834072889415001,Bad
2.5563373984918787,3.267723988515297,1.0133831294209097,1.544395540261733,Good
1.5243875651851,3.5438301273624093,1.010175589584143,1.4794672798875594,Good
1.8707076718525943,2.222647581586614,1.289156617178391,2.2086567018271563,Good
1.5831591720915876,3.315051060652272,1.1562378453167508,1.9889012647680917,Good
1.415023327763456,4.596857482410105,1.010175589584143,1.4045505174051285,Good
3.1472081381971737,4.797997538992249,1.2518460940536338,1.5244173373770182,Bad
1.2794863916882977,3.654291513730109,1.0038932607850757,1.2597118428284946,Good
3.846274690125352,1.6980743140203822,1.1070650073843762,3.3374029894518524,Moderate
1.091370579656326,3.886951400355479,1.0011659634667702,1.3795786628003843,Good
3.4172303244736217,1.7138815561141318,1.122881417800233,2.283573464309588,Good
2.813974316359572,3.6503160396706034,1.0781189366498252,1.729189421939597,Moderate
1.6030456838386486,4.947835049377912,1.0705655685969686,1.1098783178636322,Bad
1.967452968725105,6.758095558617208,1.0,1.314650402426211,Bad
2.698417412485118,2.9428709653671,1.475709288767975,2.083796230135237,Moderate
1.8035234164143965,2.82209227727354,1.0116595507190052,1.294672199541496,Good
2.975216477813756,2.0766908911161828,1.0116595507190052,1.5044391344923034,Moderate
1.408480120851645,4.28137521954503,1.053633899727944,1.3596004599156697,Moderate
1.5580380948150778,4.750670466855274,1.0364994387874078,1.2397336399437795,Moderate
1.073878256019401,3.5043593492001723,1.006868542557326,1.2838949737578234,Good
2.096446697888452,5.827361357971456,1.1597357077341623,2.19367334933067,Bad
2.458190004280227,3.92244670445821,1.0524679362611735,1.4794672798875594,Moderate
1.8895192788545376,4.64418455454708,1.077186154683249,1.449500574894587,Moderate
1.8496760827717504,4.801973013051755,1.0462326187329964,1.4345172223981009,Moderate
2.381307871289799,5.113479801857324,1.053633899727944,1.8190895369185145,Bad
1.3708569713446237,7.314188656226666,1.0,1.0799116128706598,Bad
1.9647655778685804,5.953535332288632,1.2600077823552274,1.5843507473629632,Bad
2.410868912724111,4.31687052364776,1.1434123591138747,2.523307104253368,Moderate
3.421319812669287,4.884795389291462,1.239020607850758,1.918979352673889,Bad
1.9137056030726651,4.013125374672654,1.0617955600466382,1.1348501724683762,Moderate
1.7543328832383809,5.235772956259268,1.1532976261173726,1.884017797292688,Bad
1.6369065377440275,5.393561414763943,1.138748533229693,2.4334069892744496,Moderate
1.682591795323758,6.738407496608226,1.1842207446560435,1.5543840423699908,Bad
1.857270846563701,4.971498585446399,1.517683637776914,1.4644839273910732,Bad
1.650831991278992,4.123586761040354,1.0046638258841818,1.2697003449367523,Good
3.171394462415301,5.259436492327756,1.374271278663039,1.8890126476809168,Bad
1.8636971206600248,3.965798302535679,1.0425826692576758,2.148723291841211,Good
2.607046897325657,5.334402574592724,1.15507190983288,1.3096555520379822,Bad
2.1805730542118296,3.914590410483472,1.097331827438787,2.0088794676528066,Good
1.639360191963308,5.44476930681615,1.109387699961135,1.469478777779302,Bad
2.061510874741091,3.181020792360359,1.2728332685581034,1.943951207278633,Moderate
1.0673010592599557,4.608689250444348,1.0,1.2397336399437795,Good
1.072558972654383,5.365922404635949,1.0,1.2397336399437795,Moderate
1.5468212516050852,2.3843168600065203,1.0279828993392923,1.4544954252828155,Good
1.725589726543829,2.908890127572752,1.2075398460940536,1.0,Good
1.830046591030047,2.167369561330627,1.0012166404974738,1.5993340998594494,Good
2.037558287160208,3.831768034243766,1.1143649063350174,1.978912762659834,Good
2.3409973309262533,2.502634540348958,1.0023318989506411,2.0088794676528066,Good
2.096446697888452,2.467139236246227,1.415079664205208,1.2647054945485237,Good
1.6584054711056306,3.62267702954261,1.0338126607073457,1.604328950247678,Good
2.193191994760963,7.1012168316102775,1.150864317139526,1.3396222570309548,Bad
1.995495108998519,7.065721527507546,1.0231163093664983,1.4944506323840456,Bad
1.8020045152534976,4.474564328008161,1.008516539448115,1.1498335249648624,Good
1.3305464309810775,5.074103677839361,1.0268169358725223,1.2697003449367523,Moderate
4.5445233573137696,3.0272078079151896,1.0279828993392923,2.902885767053752,Moderate
2.924156438520976,2.534154370392184,1.3089778561989895,1.1947835824543211,Moderate
3.2209355360503187,2.849731287401533,1.0802987485425573,1.7142060694431107,Good
1.722902335687304,5.709043677629019,1.2425184702681695,1.6542726594571655,Bad
2.98596597674299,2.325158019835301,1.08861252390206,1.419533869901615,Moderate
3.015527018177302,5.302788090405224,1.2320248830159346,1.5743622452547057,Bad
1.440261208861723,6.442613295752133,1.0,1.3845723145204134,Moderate
2.443117345014948,4.103898699031372,1.355616003109211,2.0338513222575503,Bad
1.56084228949336,4.908458925359948,1.0121664889234356,1.1448386745766337,Good
1.4739117384917009,3.1060547100953904,1.0305267967353284,1.2697003449367523,Good
2.0627961682584743,4.131443055015092,1.2751651675087443,1.4544954252828155,Moderate
1.8384592395617576,6.462301357761114,1.0808006218422077,1.764150977320798,Bad
1.1951030153595628,2.91674642154749,1.0012825402254175,1.1398450228566048,Good
3.108767039453528,3.220396916378322,1.0705655685969686,1.7691458277090266,Moderate
1.88613080708001,4.28137521954503,1.0571824391760591,1.724195770219568,Good
1.058888410728245,2.739269901033833,1.0036499494753206,1.0699219120942025,Good
1.0950479973841791,6.269112249297982,1.0,1.11986681997189,Moderate
2.757539559850607,5.6498848374578,1.23658268169452,1.779134329817284,Bad
2.2442520340537424,2.159513267355889,1.030314798289934,1.3645953103038984,Good
1.995495108998519,4.427237255871185,1.0,1.764150977320798,Moderate
4.317382233938771,1.4299191232922814,1.0510992087057909,4.286349047118714,Moderate
2.854284856723118,5.081959971814099,1.2320248830159346,1.3196452528144396,Bad
2.158139367791844,5.334402574592724,1.0571317621453555,1.609322601967707,Bad
1.8937422755598876,4.868988147197712,1.034978624174116,1.2697003449367523,Moderate
2.580173182251005,6.048189476562582,1.1282549459774582,2.043839824365808,Bad
1.300050636488383,8.757664356404405,1.0523158492032647,1.3596004599156697,Bad
2.418931020796821,3.73313841591031,1.071123211815002,1.943951207278633,Bad
2.061510874741091,7.389154738491634,1.0093276237854645,1.2097669349508071,Bad
2.357238350893429,3.0035442718467023,1.2591459930042752,1.2896785478214672,Good
2.662897441235241,4.581050240316355,1.068132287602021,1.6193123027441645,Bad
1.9002687132869067,2.5972886846229084,1.2203653322969297,1.0,Good
2.539862641887459,6.198121641092519,1.114263496307812,1.5244173373770182,Bad
1.7148402276145949,6.008813352544618,1.2296929560823942,1.11986681997189,Moderate
1.5670349559461694,3.918471230398704,1.172561221919938,1.314650402426211,Good
3.2321523792603117,3.1967333803098343,1.1751972949863971,1.204772084562579,Moderate
3.5986861902688894,6.190170692973507,1.2600077823552274,1.9988897668763488,Bad
2.5955963174784205,3.5990134934741222,1.0,1.639289306960679,Moderate
2.1905046039044382,5.421105770747662,1.1690633595025262,1.2497221420520372,Moderate
1.6253391540750337,2.6012641586824143,1.006359757481539,1.374583812412156,Good
1.682591795323758,2.2856872416730645,1.6517683731053243,1.11986681997189,Bad
2.2173783189790903,5.176614116088049,1.0687912848814614,1.7391791227160542,Bad
1.9513287525796867,2.3291334938948074,1.071123211815002,1.4045505174051285,Good
1.929829819218084,5.523710863140624,1.092465237465993,1.419533869901615,Moderate
2.267503605213488,2.167369561330627,1.0729988775748154,1.8690344447962015,Good
2.824723815288806,1.5245732675662316,1.041974349008939,2.103773234351753,Good
1.6758149807684326,3.054752163898909,1.3052679953361834,1.839067739803229,Bad
1.5247699670952048,2.5421053185111955,1.0783521181500195,1.11986681997189,Good
3.621937761428635,1.757233154191601,1.1094982883793238,2.5582686596345683,Good
1.521349633869574,4.009244554757423,1.108433734939759,1.3995556670168998,Good
2.241564643197218,6.4347570017773945,1.246016332685581,2.5632635100227974,Bad
1.5347865236553324,4.604713776384843,1.0104935872522347,1.1398450228566048,Moderate
1.8216339424983363,4.0447398588601535,1.0025438973960357,1.374583812412156,Good
2.292741486311756,4.813804781085999,1.274962403420132,1.1498335249648624,Bad
1.1263063383068228,6.26116130117897,1.037310523124757,1.4345172223981009,Moderate
2.7502103941470044,4.699367920658792,1.1831608083948697,1.5793558969747346,Bad
2.0185130080178846,5.961486280407644,1.2366886809172173,1.5843507473629632,Bad
2.8166617072160967,1.508766025472482,1.2017100567431014,1.669256011953652,Good
1.967452968725105,6.4149742856241385,1.0364994387874078,1.2796888470450098,Bad
2.6177963317580266,5.957510806348138,1.1772250198212204,2.608213567512256,Bad
1.8169603062001547,5.515759915021612,1.2005441212592305,1.0,Moderate
1.6127202135259,6.036357708528338,1.1445783225806452,1.0199782028847149,Bad
1.0671842554381985,3.421536972960466,1.072289147298873,1.11986681997189,Good
1.8814571707818284,3.3308583027460217,1.0781189366498252,1.6492790077371366,Good
2.8676048781902543,5.4053931827981865,1.1399144966964632,1.978912762659834,Bad
1.927142428361559,5.4014177087386805,1.0816167990672367,1.419533869901615,Bad
1.8496760827717504,4.801973013051755,1.0462326187329964,1.4345172223981009,Moderate
1.830046591030047,5.776058811774976,1.1340847353284105,1.254716992440266,Bad
1.7879834128683587,5.180589590147555,1.0851653385153517,1.3096555520379822,Moderate
2.48074049452197,2.3882923340660263,1.083948698017878,1.6642623602336228,Good
1.3925896413434706,5.145094286044824,1.026766258841819,1.2397336399437795,Moderate
1.7680990295178285,3.771284036052712,1.029148862806063,1.7841291802055128,Good
1.684227629300143,4.589001188435367,1.0863820069957248,1.6592675098453944,Good
2.396497334376836,3.3978734368919787,1.035282798289934,1.5194224869887896,Good
3.910958466620584,5.076848648023305,1.0,2.538290456749854,Bad
1.6664675791783397,3.2401796325315777,1.0279828993392923,1.2097669349508071,Good
1.171991660383418,5.385610466644931,1.0629615235134084,1.1798002299578347,Moderate
2.1152583048903955,1.3746411030362946,1.3416245534395648,1.5094339848805318,Bad
1.84126343424004,3.326882828686516,1.0304162083171395,1.5643725444782484,Good
3.332636623869486,4.939978755403175,1.59696850991061,1.829079237694972,Bad
1.795461308341687,6.087660254724819,1.075670432957637,1.374583812412156,Bad
2.01582561716136,6.884364187078657,1.1877186070734551,1.094894965367146,Bad
1.6772170781075737,4.904483451300443,1.1492421204819276,1.1997784328425498,Good
2.9429680455229192,4.963642291471661,1.2984842689467548,1.3196452528144396,Bad
3.510003001469088,1.7138815561141318,1.289156617178391,2.333518372187275,Moderate
1.5670349559461694,6.4149742856241385,1.2728332685581034,1.2497221420520372,Bad
1.5858464984512477,2.6130959267166585,1.0279828993392923,1.2647054945485237,Good
2.8850674687726072,7.207702743918471,1.0610535934706569,1.908989651897432,Bad
1.7363392254730623,3.319026534711778,1.0174893120870578,1.3196452528144396,Good
1.6982486671884178,3.63848427163636,1.1562378453167508,1.0,Good
2.0431666765167718,4.975474059505905,1.0291995398367664,1.529412187765247,Bad
1.408480120851645,2.1792013293648704,1.0489700738437622,1.2447284903320084,Good
1.8465213476344668,5.338283394507956,1.0046638258841818,1.3446171074191833,Bad
2.064198265597615,4.214265431254798,1.0,1.3995556670168998,Moderate
2.475365777305785,4.178770127152067,1.2506801305868636,1.006659800517638,Bad
1.3056590258449472,3.7804654880472848,1.059615748153906,1.11986681997189,Good
1.6057096623333302,3.267723988515297,1.0,1.1298553220801475,Good
1.161242161454184,1.761208628251107,1.0316328488146134,1.4894557819958172,Good
2.107663541098445,3.461007751122703,1.0450159782355228,1.589345597751192,Moderate
1.9001519094651491,2.573625148554421,1.0228951045472212,1.5493891919817622,Good
1.639593928600552,5.271268260362,1.1399144966964632,1.11986681997189,Moderate
1.1535639387194652,4.74745222594996,1.0159902401865526,1.2397336399437795,Good
1.6852791861802827,5.799722347843463,1.3404586179556937,1.3695889620239272,Bad
1.3332338218376023,2.739269901033833,1.0687912848814614,1.254716992440266,Good
1.7879834128683587,4.825636549120242,1.2554960435289546,1.3695889620239272,Bad
1.6852791861802827,4.466708034033423,1.0314807617567043,1.4944506323840456,Moderate
2.315175172731741,7.499616124859334,1.0912485969685193,1.8140958851984847,Bad
2.1973982867783857,5.701187383654281,1.0109498204430625,1.6942290652265954,Bad
2.17438038775902,5.034632899677124,1.1434123591138747,1.3645953103038984,Moderate
1.6852791861802827,3.7764900139877793,1.1643995336183444,1.0749167624824312,Good
2.865034355652352,5.231797482199762,1.1667314325689857,1.7891228319255417,Moderate
1.527191759863382,4.991281301599655,1.002676620287602,1.329633754922697,Moderate
1.445869598218287,3.3032192926180284,1.0012166404974738,1.354605609527441,Good
2.3759330895767503,2.620952220691396,1.0734551107656432,1.4445057245063584,Good
1.9234778455097572,2.93208039291987,1.216231502526234,1.6742508623418806,Moderate
1.2215327340184348,4.088091456937622,1.0279828993392923,1.2397336399437795,Good
3.023973011588001,3.3860416688577346,1.006529333851535,2.363485077180248,Moderate
1.7470886599054318,3.457032277063197,1.0827827345511076,1.2846836974332383,Good
2.263063576558821,4.821661075060737,1.2378546443839875,2.058823176862294,Moderate
1.7963960614000691,6.040333182587844,1.0255495903614458,1.204772084562579,Bad
4.998805604063767,1.796703932353838,1.103936491255344,5.050500024439512,Bad
4.841769734627006,1.70593060799512,1.1557309071123203,4.151498874650338,Bad
2.531099452896747,3.40582438501099,1.0620490291488536,1.374583812412156,Good
2.072260373670325,5.79584152792823,1.0425826692576758,1.3995556670168998,Bad
1.3359211481972622,2.1121861952189143,1.037310523124757,1.1398450228566048,Good
1.5768885934263634,2.6217094538455874,1.0032921041585698,1.4235290310112778,Good
3.45929350263531,2.6130959267166585,1.12531472677808,2.07380652935878,Moderate
4.2332558776153935,1.8479118244060453,1.0133831294209097,3.3973363994377976,Bad
2.281875183560764,4.186721075271079,1.1034150579090556,1.5244173373770182,Moderate
1.5075622681216787,6.596426280197301,1.0206830003886511,1.6642623602336228,Bad
2.607046897325657,1.9110461386367696,1.222697231247571,1.3196452528144396,Moderate
3.6976514692203017,2.2028648654333582,1.0231163093664983,2.0338513222575503,Moderate
2.155568845253941,1.4614389533355068,1.0501360373105324,1.644284157348908,Good
1.9225855958851343,4.478539802067667,1.092465237465993,1.234738789555551,Good
1.131681120019872,5.1884458841222925,1.2658375437232805,1.7142060694431107,Bad
3.534189325687216,2.029363818979208,1.114263496307812,2.288568314697816,Moderate
3.109047471820729,2.82209227727354,1.0391760590750097,1.8150943758088516,Good
2.416243629940296,5.973318048441887,1.307811892732219,1.4644839273910732,Bad
2.2576888593426365,3.93825394655196,1.08861252390206,1.03995520710123,Good
2.009516146886793,5.685380141560532,1.0194663598911775,1.1498335249648624,Bad
1.6357548172331926,4.253736209417036,1.0,1.5244173373770182,Moderate
3.148918272561557,1.6192274118401817,1.180722882238632,2.5882353646275407,Good
1.3493580379830206,3.863287864286991,1.0827827345511076,1.0,Good
2.3409973309262533,2.968048967743971,1.3089778561989895,1.389567164908642,Moderate
2.994028084815699,3.165213550266609,1.0489700738437622,1.7491676248243118,Moderate
1.336305098032117,4.612664724503855,1.0,1.0,Good
2.744102734561713,3.421536972960466,1.205207919160513,1.0649282603741737,Moderate
1.6503433630329214,3.563518189371391,1.0233190734551108,1.329633754922697,Good
3.2377607686168752,1.5757811596184386,1.049882568208317,2.4134299850579346,Good
1.3520453643426806,3.259867694540559,1.0314807617567043,1.0699219120942025,Good
3.7032598585768657,1.8795263085935443,1.1447810866692576,1.8790229469044597,Moderate
4.080673774665456,2.139825205346908,1.1277480077730275,3.152607909105789,Bad
1.8062108072709209,4.868988147197712,1.2005441212592305,1.544395540261733,Moderate
1.982111364629176,3.740994709885048,1.0050877947920716,1.389567164908642,Good
1.954016143436211,2.510490834323696,1.3661095903614455,1.1698117278495772,Moderate
1.9647655778685804,5.393561414763943,1.3322969296541003,1.3845723145204134,Bad
1.792932063797117,1.5612044214002505,1.0647104547221142,1.5993340998594494,Good
3.579874583266947,1.3576033570669837,1.167897396035756,2.8479472074560355,Good
1.967452968725105,5.511879095106381,1.1343179168286048,1.1648168774613483,Bad
1.6169265055433228,5.626221301389313,1.1422463956471045,1.0,Moderate
2.507614209596622,2.735294426974328,1.0921103863194714,1.5394006898735046,Good
1.712152901254935,4.273424271426018,1.1643995336183444,1.0149833524964862,Good
1.6449686458167367,5.890495672202181,1.3066459292654489,1.419533869901615,Bad
3.6668051342686057,1.7217378500888696,1.0693489280994948,2.9078806174419807,Moderate
1.6786191754467146,4.068403394928641,1.0425826692576758,1.4045505174051285,Good
1.1738611020033178,6.5569555020350645,1.0121664889234356,1.2397336399437795,Moderate
2.144118265406705,3.445200509028953,1.048665899727944,1.9739179122716053,Good
5.767159525190423,1.81639199436282,1.1569475755926937,3.407324901546055,Bad
2.8339543485602765,5.4566010748503935,1.018249719393704,1.9239730043939176,Bad
3.349929265213666,2.2818064217578327,1.0364994387874078,2.7230855370959173,Moderate
1.9567034697958712,2.6761355868031087,1.0396424500582977,1.3596004599156697,Good
2.0856971989592186,4.43906902390543,1.0314807617567043,1.0799116128706598,Bad
2.271509634466385,5.492096378953125,1.2250291581811117,1.4944506323840456,Bad
1.4622275510009497,5.212109420190781,1.145744258064516,1.1648168774613483,Moderate
1.9309982444168448,5.551255219124344,1.167897396035756,1.604328950247678,Bad
3.093192014110022,3.0272078079151896,1.0617955600466382,1.99389611515632,Moderate
1.880522417723446,5.046464667711368,1.0184930586863583,1.859045942687944,Bad
1.005608453853429,3.429487921079477,1.0,1.2397336399437795,Good
2.416243629940296,3.772609194072547,1.0381584889234357,2.043839824365808,Moderate
4.176470580647428,5.953535332288632,1.0863820069957248,1.7591561269325693,Bad
1.1374063776950578,4.064427920869136,1.0,1.4794672798875594,Good
1.438041226782822,4.458851740058686,1.096774184220754,2.1437296401211823,Good
1.4346527550082944,3.425512447019972,1.0,1.0549385595977163,Good
1.823800843657687,3.0114005658214404,1.4562429288767975,1.7142060694431107,Bad
1.4852621547082423,3.0303313946762302,1.0133251768363778,2.1687014947259264,Good
1.9029561041434315,5.819505063996719,1.130586872910999,1.0,Bad
1.8328507857083287,6.107348316733801,1.0763170058297706,1.4994454827722743,Bad
2.5506121408166926,3.4768149932164527,1.426739214924213,1.6992227169466243,Moderate
2.864545727406281,2.6722547668878764,1.0432463116984063,2.743063739980632,Moderate
1.671842360891389,4.900507977240936,1.10828164788185,2.003884617264578,Bad
2.819933246175137,3.173069844241347,1.035282798289934,2.4483903417709363,Moderate
2.0534487666683816,6.608258048231544,1.1434123591138747,1.4544954252828155,Bad
1.7290950021401137,2.2896627157325704,1.026766258841819,1.329633754922697,Good
2.537175251030934,3.8514560962527473,1.0218996688690245,1.709212417723082,Good
1.7067781195418856,4.521891400145136,1.0314807617567043,1.3046619003179534,Moderate
3.821036744530221,4.81768560100123,1.1240980862806065,2.383463280064962,Bad
2.110467735776727,3.204684328428846,1.0470621438010106,1.8091010348102567,Good
3.661196744912041,2.7944532671455464,1.035282798289934,2.173696345114155,Moderate
1.56166017423312,3.626652503602116,1.0,1.2247502874472935,Good
1.4542822467499978,3.800153550056266,1.067413350952196,1.3446171074191833,Good
2.1020551517418813,4.734863224761524,1.0401493882627284,1.389567164908642,Bad
1.5267244155826232,3.9619174826204473,1.0676253493975905,1.1648168774613483,Good
1.3056590258449472,5.200277652156537,1.0559657986785853,1.3596004599156697,Good
2.273111994570052,5.381729646729699,1.0546938359891178,2.198668199718899,Bad
2.0992508925667344,5.9180400281859,1.0754321585697628,2.198668199718899,Bad
2.437742627798764,2.4237876381687578,1.0255495903614458,1.4445057245063584,Good
1.9244550375050344,4.565337652366879,1.4372328021764478,1.8140958851984847,Moderate
2.752164842634423,1.4284046569838982,1.2483482316362222,1.799112532701999,Good
1.7793370921962686,5.803697821902969,1.079284872133696,1.7192009198313394,Moderate
2.681879771437732,5.11385841843442,1.0854214939759037,1.569367394866477,Bad
2.400503363629732,6.024525940494094,1.1161290322580646,2.148723291841211,Bad
2.458190004280227,6.781759094685695,1.0340661298095608,1.8190895369185145,Bad
2.547924749960168,4.663872616556061,1.0173227578701904,1.604328950247678,Moderate
1.4542822467499978,5.148975105960056,1.0012166404974738,1.1098783178636322,Good
1.0448673728399704,5.034632899677124,1.0863820069957248,1.0,Good
2.050761440308721,5.858881188014681,1.060629624562767,1.5993340998594494,Bad
3.2439534350696846,4.790141245017511,1.222697231247571,2.3984466325614484,Moderate
1.2499253502539855,2.518441782442708,1.0,1.409545367793357,Good
4.653887594735414,2.6130959267166585,1.059615748153906,2.608213567512256,Bad
2.220065709835615,2.7984287412050524,1.409249902837155,1.409545367793357,Moderate
4.104262148452047,2.530273550476952,1.0060832304702685,2.2685901118131016,Moderate
2.539512101428458,1.907070664577264,1.100981776914108,2.303551667194302,Good
2.393693139698553,4.0249571427068975,1.0729988775748154,1.4794672798875594,Good
2.3684551941034213,2.4395002261182333,1.068132287602021,1.6892342148383668,Good
1.5412127977516563,2.072715417056677,1.0343426568208318,1.529412187765247,Good
3.195697590455187,4.072284214843873,1.0705655685969686,1.764150977320798,Moderate
2.1233204129631047,2.0885226591504265,1.2320248830159346,1.0,Good
2.5452373591036435,4.324726817622498,1.1609016712009328,1.469478777779302,Moderate
2.217027778520089,6.351934625537688,1.0316328488146134,2.4633736942674225,Bad
2.17169306139936,5.507903621046875,1.2063738826272834,1.3645953103038984,Moderate
1.975865617256816,4.186721075271079,1.0368865542168677,1.7491676248243118,Good
2.010450899945176,4.54953041027313,1.0513019727944035,1.329633754922697,Moderate
1.1065600427433622,3.3939926169767465,1.0,1.0,Good
2.2576888593426365,4.301063281554011,1.1165954232413524,1.3845723145204134,Bad
1.817937498195432,4.131443055015092,1.1577218064516128,1.484462130275788,Moderate
1.8188297478200544,4.868988147197712,1.0279828993392923,1.2896785478214672,Moderate
1.7329188922474317,4.0249571427068975,1.0305267967353284,1.4794672798875594,Moderate
3.4536850487818813,4.43906902390543,1.0389327197823552,1.5793558969747346,Bad
1.894893996070722,6.391310749555651,1.3322969296541003,1.419533869901615,Bad
1.550910739800751,2.6682792928283705,1.0489700738437622,1.0899001149789174,Good
1.1074947958017445,5.289536510206871,1.0053300707345512,1.0799116128706598,Good
2.211419389163525,3.626652503602116,1.026710936649825,1.6592675098453944,Moderate
3.260077651215102,4.080235162962885,1.13291877186164,1.8740292951844304,Bad
2.072260373670325,3.740994709885048,1.1154294597745822,2.058823176862294,Moderate
1.8492087384909917,5.176614116088049,1.1364166342790516,1.7491676248243118,Moderate
1.601970714596666,2.3961486280407645,1.0474492592304705,1.3396222570309548,Good
2.0265751160905943,5.030657425617618,1.2844928192771086,1.4944506323840456,Moderate
2.263063576558821,4.5731939463416165,1.606296161678974,1.5843507473629632,Bad
2.717961961856168,4.119611286980849,1.103027942479596,2.5133186021451097,Moderate
1.400418012778936,2.029363818979208,1.0198212110376992,1.2397336399437795,Good
1.6261570388147937,7.353659434388902,1.1037699090555773,1.4744724294993308,Bad
2.5936100075398985,3.71733117381656,1.5923047120093277,1.9289678547821465,Bad
2.3436846572859134,6.4347570017773945,1.197046258841819,2.128746287624696,Bad
1.4514780520717157,5.369897878695455,1.0513019727944035,1.4794672798875594,Bad
1.5939086065239567,5.267292786302494,1.0069957248348231,1.0699219120942025,Good
1.5559015716789453,2.719581839024852,1.1824971659541392,1.4994454827722743,Good
1.384049482510482,5.7603462238255,1.1399144966964632,1.4944506323840456,Good
2.8676048781902543,2.620952220691396,1.0644823381267003,2.0638180272505227,Good
2.457042798549913,3.5083348232596783,1.142458394092499,2.773030444973604,Good
1.81427291534363,3.468864045097441,1.4827050136027982,1.0,Moderate
2.0227360047232343,2.1831768034243764,1.0912485969685193,1.5094339848805318,Good
1.94501928230512,6.249329533144726,1.0048665899727944,1.154828375353091,Bad
2.6713100252700865,3.9461102405266977,1.143564446171784,1.4544954252828155,Moderate
1.8088981981274452,6.091635728784325,1.167897396035756,1.1348501724683762,Bad
2.1553351086166974,5.042489193651862,1.0121664889234356,1.8690344447962015,Bad
1.9378919272907928,5.365922404635949,1.0617955600466382,1.3596004599156697,Moderate
1.5468212516050852,4.951810523437418,1.0194663598911775,1.3596004599156697,Bad
1.5692549380250704,4.797997538992249,1.1935483964244074,2.0138731193728354,Moderate
1.9244550375050344,6.458420537845882,1.1200932856587642,1.1847950803460634,Bad
2.046282455547847,3.789173669320488,1.042129821997668,1.500620177607999,Moderate
1.6971804056203514,5.436913012841412,1.125923047026817,1.0,Bad
4.670712827301971,2.502634540348958,1.0571824391760591,2.967814027427925,Bad
2.2759162537451987,5.208133946131275,1.0510992087057909,2.2436182572083574,Bad
1.872109769191736,4.979449533565411,1.0535324897007383,1.3945620152968707,Bad
3.112272315049813,1.3312895049588254,1.426739214924213,1.7491676248243118,Good
1.4111675117081697,3.413680678985728,1.1434123591138747,1.3046619003179534,Good
2.392057305722169,1.6586035358581448,1.582977060240964,1.3995556670168998,Bad
2.370558372360565,5.334402574592724,1.1235911480761758,1.6193123027441645,Bad
4.079725283774918,2.0924981332099324,1.3381266910221532,2.1087680847399817,Moderate
3.461630353032833,5.381729646729699,1.179556946754761,1.604328950247678,Bad
1.9782024676543388,4.305038755613516,1.0466381748931208,1.5493891919817622,Moderate
1.0146583959040707,4.628377312453329,1.0,1.11986681997189,Good
2.230815144267984,6.793590862719939,1.2483482316362222,1.2297451378355222,Bad
1.3925896413434706,3.224372390437828,1.0012719626894675,1.3945620152968707,Good
1.0940579060159858,5.906208260151656,1.0338126607073457,1.5543840423699908,Bad
2.902657505159373,3.804129024115772,1.205207919160513,1.8890126476809168,Moderate
1.510366462799961,5.468432842884638,1.0206830003886511,1.7591561269325693,Good
2.698417412485118,3.232228684412566,1.0617955600466382,1.8140958851984847,Moderate
1.193490593745021,5.1844704100627865,1.0279828993392923,1.2397336399437795,Good
1.4998507005079709,3.614820735567872,1.0046638258841818,1.0,Good
1.4219170106374035,2.530273550476952,1.216867469879518,1.1648168774613483,Moderate
3.885533609111894,3.1888770863350966,1.0109498204430625,2.4084351346697064,Moderate
1.7431160400283885,4.924171513309425,1.0559657986785853,1.374583812412156,Bad
4.006114754240395,3.2756749366343088,1.0729988775748154,2.5632635100227974,Moderate
1.5858464984512477,5.251580198353017,1.0571317621453555,1.094894965367146,Moderate
1.9405792536504527,5.732707213697506,1.051185396035756,1.4045505174051285,Bad
2.948926975338485,3.737113889969816,1.0632656976292263,1.609322601967707,Moderate
2.0599919735801926,4.813804781085999,1.0304162083171395,1.374583812412156,Bad
3.394796638053636,2.6761355868031087,1.1630308060629615,2.5882353646275407,Moderate
1.1854284856723118,6.004837878485112,1.034978624174116,1.7192009198313394,Moderate
1.2692043015366874,3.0942229420611462,1.026766258841819,1.314650402426211,Good
1.5888844297667737,4.94395422946268,1.0,1.0,Good
2.0151245362433574,2.6682792928283705,1.0632656976292263,1.7142060694431107,Good
2.6151090053983665,2.2818064217578327,1.08861252390206,1.484462130275788,Good
1.1059591254560546,3.505211236498638,1.0427107469879515,1.4794672798875594,Good
2.7736637759960256,3.934278472492454,1.1271950097162844,1.6992227169466243,Good
1.427291727853588,4.750670466855274,1.0116595507190052,1.034961555381201,Moderate
3.206914433665179,4.26556797745128,1.0,1.7841291802055128,Moderate
2.5030573771201974,6.131011852802288,1.0231163093664983,1.3795786628003843,Bad
1.4326664450697726,2.9917125038124586,1.0209871745044694,1.154828375353091,Good
1.878769779925304,6.099492022759063,1.1177613587252235,1.5543840423699908,Bad
2.460994198958509,2.5421053185111955,1.0546938359891178,1.5044391344923034,Good
1.3593397017394095,3.6503160396706034,1.0239853462883792,1.3329636551815165,Good
1.600101272976766,5.835217651946195,1.0571317621453555,2.198668199718899,Bad
1.50791280858068,3.12186195218914,1.0,1.1498335249648624,Good
3.07511650982355,5.5710379352776,1.0109498204430625,1.6243059544641931,Bad
2.220065709835615,2.7984287412050524,1.409249902837155,1.409545367793357,Moderate
1.7497760507619564,4.8611318532229735,1.1270890104935871,1.0,Moderate
2.851597465866593,2.2028648654333582,1.3614457924601633,1.2097669349508071,Good
1.5831591720915876,4.009244554757423,1.0116595507190052,1.0749167624824312,Moderate
2.0023887918724665,5.657741131432537,1.0093276237854645,1.3795786628003843,Bad
2.146922524581852,6.6319215843000325,1.026766258841819,1.3196452528144396,Bad
1.4864138752190772,7.180158387934752,1.0571317621453555,1.0199782028847149,Bad
1.9786698119350976,2.703774596931102,1.0254390019432569,1.589345597751192,Good
1.988951902086708,5.709043677629019,1.053633899727944,1.639289306960679,Bad
1.8973476502900024,6.817254398788426,1.0304162083171395,1.414539019513386,Bad
1.436819656167645,4.600832956469611,1.0635974908666923,1.3096555520379822,Moderate
1.468303349135137,3.689786817832841,1.0216231418577535,1.4594890770028446,Good
1.4326664450697726,5.164782348053805,1.0746210742324136,1.5244173373770182,Moderate
2.096446697888452,5.55523069318385,1.087598647493199,1.2247502874472935,Bad
1.1065600427433622,3.3939926169767465,1.0,1.0,Good
4.788489713255325,2.3409652619290515,1.0717822090944422,3.0027743841409267,Moderate
2.263063576558821,3.4965030552254346,1.079284872133696,1.3596004599156697,Good
2.295312008849658,2.55393708654544,1.0991061111542946,2.488346747540366,Good
2.064198265597615,5.586750523227075,1.1034150579090556,1.0249718546047435,Moderate
1.988951902086708,5.709043677629019,1.053633899727944,1.5194224869887896,Bad
5.708271114462177,1.5719003397032068,1.087598647493199,4.146504024262109,Moderate
2.8059122082868626,3.654291513730109,1.035282798289934,2.39345178217322,Moderate
2.281875183560764,5.488215559037893,1.0734551107656432,1.374583812412156,Bad
1.6422812549602122,4.210384611339567,1.1235911480761758,1.4245287202898431,Good
2.36565099942514,2.715606364965346,1.1046316984065294,2.628190571728771,Good
1.7927739819820272,5.563086987158588,1.0746210742324136,1.6942290652265954,Moderate
2.768289058779841,5.231797482199762,1.068132287602021,1.779134329817284,Bad
1.297246441810101,3.618796209627378,1.0620490291488536,1.2996670499297247,Good
3.3723629516336517,5.089816265788837,1.081515389040031,2.0338513222575503,Bad
2.488802602594679,6.237497765110482,1.150408083948698,1.7042175673348532,Bad
1.0510600392927798,2.9364344835564715,1.0,1.314650402426211,Good
1.748724493881817,3.685811343773335,1.0754321585697628,1.2097669349508071,Good
3.0823273237806457,2.017532050944964,1.369607452778857,1.938956356890404,Moderate
3.7384293538646074,3.6108452615083664,1.7982490291488535,1.6342956552406505,Bad
2.177067778615545,3.1060547100953904,1.172561221919938,1.409545367793357,Moderate
2.278720448423481,4.7111996886930365,1.0036499494753206,1.5593788927582195,Bad
3.4480766594253174,1.5560930976094571,1.068132287602021,2.5183134525333384,Moderate
1.765900266907375,6.224908763922047,1.1958802953750487,1.9039960001774028,Bad
3.0919418068869717,4.9281469873689305,1.0656989786241742,1.6642623602336228,Bad
4.909070858383826,4.0447398588601535,1.081515389040031,2.388456931784991,Bad
1.9001519094651491,5.358066110661212,1.0145997699183833,1.978912762659834,Moderate
1.992690849823372,2.873394823470021,1.0725011457442677,1.709212417723082,Good
2.3602975016774024,3.4413196891137217,1.0874465604352896,1.6642623602336228,Good
1.7094655103984104,5.050440141770873,1.0489700738437622,1.4744724294993308,Moderate
2.5391296995183525,2.017532050944964,1.025317863972017,3.032741089133899,Good
2.62854583068726,2.861563055435777,1.1737271574038088,1.204772084562579,Good
3.2321523792603117,5.436913012841412,1.0656989786241742,1.5843507473629632,Bad
3.5933114085558406,2.02150752500447,1.1643995336183444,2.058823176862294,Moderate
2.8166617072160967,4.028932616766404,1.7835211815001943,1.5743622452547057,Bad
3.483129286394436,2.63278398872564,1.2203653322969297,2.2086567018271563,Moderate
1.720682353608403,5.026776605702387,1.0340661298095608,1.03995520710123,Moderate
2.7502103941470044,4.699367920658792,1.1831608083948697,1.5793558969747346,Bad
2.045386658595673,6.12315555882755,1.1200932856587642,1.824084387306743,Bad
1.053280021371681,4.913948865727837,1.0012166404974738,1.11986681997189,Good
1.1906863990667391,4.900507977240936,1.0,1.0,Good
1.2159242801650063,5.780034285834482,1.032849489312087,1.2796888470450098,Moderate
3.1767691796314863,4.28137521954503,1.1923824329576371,1.529412187765247,Moderate
1.368169580488099,4.790141245017511,1.0163233486202876,1.409545367793357,Good
2.405494195507927,2.4553074682119838,1.0209871745044694,1.4644839273910732,Good
1.6971804056203514,5.436913012841412,1.125923047026817,1.0,Bad
2.186181443568393,1.4417508913265251,1.0152634123591138,1.5843507473629632,Good
2.045386658595673,4.916315219334686,1.2378546443839875,1.5843507473629632,Bad
2.155568845253941,2.8772756433852527,1.3253012048192772,1.349611957807412,Moderate
3.338712422003673,1.5797566336779445,1.0012166404974738,2.718090686707688,Good
1.3224843229083685,4.6063228968375,1.0194663598911775,1.2397336399437795,Good
2.076817206146749,3.299338472702797,1.0559657986785853,1.5527190922405811,Good
1.9534319308368304,5.196302178097031,1.0340661298095608,1.6193123027441645,Bad
3.8136757173755136,4.218240905314305,1.2425184702681695,2.223640054323643,Moderate
3.9584431222252783,2.766908911161827,1.0608323886513795,2.0688128776387518,Moderate
2.460994198958509,2.5421053185111955,1.0546938359891178,1.5044391344923034,Good
1.5436164024040218,7.69678070738197,1.021986555771473,1.3729188622827464,Bad
3.621937761428635,1.0591588401712189,1.4920326373882626,1.9739179122716053,Moderate
3.722305137719188,1.3786165770958003,1.1480761849980567,2.5682571617428263,Moderate
3.474334235952621,1.4890779634635003,1.2238631947143412,2.248613107596586,Good
1.7851792181900763,5.559206167243356,1.0279828993392923,1.419533869901615,Bad
2.149726719260133,2.71163089090584,1.297151751263117,1.034961555381201,Moderate
2.67105513366126,1.7454013861573572,1.0852812157015157,2.2635964600930727,Good
1.368169580488099,6.162626336989788,1.0093276237854645,1.7192009198313394,Bad
1.7627455317700913,5.977198868357119,1.0652934224640498,2.198668199718899,Bad
1.833084522345573,3.31117024073704,1.0431403124757093,1.544395540261733,Good
2.2469393604134025,2.447451174237245,1.012825486202876,1.6642623602336228,Good
1.6369065377440275,5.496071853012631,1.0501360373105324,1.7541624752125404,Good
1.8132213584634904,3.871144158261729,1.0427107469879515,2.5882353646275407,Good
1.5374738500149925,4.592882008350599,1.0652934224640498,1.1847950803460634,Good
1.5965959973804815,3.725282121935572,1.0,1.6892342148383668,Good
2.091071980672268,3.5083348232596783,1.2425184702681695,1.2896785478214672,Moderate
1.9701403595816296,2.9285781895817338,1.2320248830159346,1.059933409985945,Moderate
2.351746765358622,4.916315219334686,1.0338126607073457,1.2397336399437795,Moderate
1.773962374980084,6.4149742856241385,1.0377160792848814,1.5194224869887896,Bad
1.1580173182251006,5.137711262791456,1.0,1.4794672798875594,Good
1.5888844297667737,5.772177991859743,1.2944287633113098,1.449500574894587,Bad
1.825022414272864,3.0942229420611462,1.3113097551496309,1.4245287202898431,Moderate
2.5318005338147493,5.543398925149606,1.1865526715895842,1.6992227169466243,Bad
1.7879834128683587,5.798586498112175,1.0364994387874078,1.1348501724683762,Bad
1.5831591720915876,4.040764384800648,1.0151574131364167,1.5793558969747346,Moderate
2.709166911414352,3.764658245953535,1.3416245534395648,1.609322601967707,Moderate
1.2606748491832194,2.471114710305733,1.012825486202876,1.3995556670168998,Good
2.416243629940296,6.004837878485112,1.125923047026817,1.1798002299578347,Bad
2.7442195383834718,1.7138815561141318,1.0496060411970465,2.2086567018271563,Good
3.021836488451869,5.160806873994299,1.176413935483871,1.6243059544641931,Bad
2.770732071016466,5.409274002713419,1.0559657986785853,1.6792457127301093,Bad
1.8328507857083287,6.363766393571932,1.030781189273222,1.3046619003179534,Bad
1.634219146887503,5.7405635076722445,1.0371939463661095,1.5993340998594494,Moderate
2.3740636479568504,5.4763837910036495,1.0340661298095608,1.4594890770028446,Moderate
1.8062108072709209,4.391741951768454,1.0241670392537894,1.0998886170871751,Good
1.670206526915004,4.127562235099861,1.10048404508356,1.3596004599156697,Good
2.5030573771201974,4.589001188435367,1.1812805254566654,1.7591561269325693,Bad
1.914172947353424,1.8400555304313075,1.0407023863194715,1.5593788927582195,Good
1.583275975913345,3.788321782022023,1.097331827438787,1.839067739803229,Good
1.6046581054531908,3.575349957405635,1.342790516906335,1.3596004599156697,Moderate
1.3729601496017674,3.950085714586204,1.0,1.0,Good
2.723825307318423,5.638053069423556,1.1755290882238632,1.7192009198313394,Bad
2.2282446217300818,2.0766908911161828,1.0279828993392923,1.864039594407973,Good
1.9782024676543388,5.4014177087386805,1.2996502044306255,1.0,Moderate
1.0785179024699485,4.336558585656741,1.0279828993392923,2.198668199718899,Moderate
1.8853660677566653,4.486396096042405,1.053633899727944,1.2447284903320084,Good
1.7363392254730623,5.4053931827981865,1.0186552755538285,1.0499449078776877,Moderate
2.2173783189790903,4.415405487836942,1.0396424500582977,2.0488346747540365,Moderate
3.262764977574763,5.294931796430487,1.374271278663039,1.6892342148383668,Bad
1.5524296409616491,4.24976073535753,1.122881417800233,1.0,Good
1.7963960614000691,4.537698642238886,1.1605974970851147,1.3995556670168998,Moderate
1.8223350234163396,4.379910183734211,1.0559657986785853,1.7741394794290557,Good
2.076817206146749,3.299338472702797,1.0559657986785853,1.5527190922405811,Good
3.883931249008227,2.2028648654333582,1.0826767353284104,2.0288564718693216,Moderate
2.4941773843077284,4.983330353480644,1.0778654675476098,1.4045505174051285,Bad
1.9513287525796867,2.920721895606996,1.079284872133696,1.5394006898735046,Good
1.9394108284516915,4.277399745485523,1.0804508356004665,1.6592675098453944,Moderate
1.5189066216329494,4.032908090825909,1.0069957248348231,1.349611957807412,Good
2.267503605213488,6.6358970583595385,1.008516539448115,1.779134329817284,Bad
1.2714242836155885,4.821661075060737,1.0,1.1098783178636322,Good
2.252314142126452,4.596857482410105,1.005829761368053,1.5394006898735046,Good
2.155568845253941,4.979449533565411,1.3567819665759813,1.6193123027441645,Moderate
1.776766569658366,4.841349137069718,1.0024333089778468,1.6892342148383668,Bad
2.5506121408166926,5.300611045086924,1.101438010104936,1.918979352673889,Moderate
2.281875183560764,5.488215559037893,1.0734551107656432,1.374583812412156,Bad
2.7498279922369,5.925990976304912,1.0389327197823552,1.5843507473629632,Bad
1.1263063383068228,6.26116130117897,1.037310523124757,1.4345172223981009,Moderate
2.724590046641768,2.751101669068077,1.1983136043528957,1.899001149789174,Bad
2.1690056705428358,5.164782348053805,1.1958802953750487,1.3995556670168998,Moderate
1.4407285531424818,5.618365007414575,1.2296929560823942,1.15982202707312,Bad
2.064198265597615,2.6249276947509017,1.1993781577924605,1.0199782028847149,Moderate
1.8496760827717504,5.894376492117413,1.0194663598911775,1.1448386745766337,Bad
2.377008058818733,3.7804654880472848,1.0425826692576758,1.1448386745766337,Moderate
3.7761693716902496,4.577169420401123,1.1715473455110763,3.14761425738576,Bad
3.558375649905344,1.4238612580587486,1.081515389040031,2.57911469829588,Moderate
1.9795461308341689,1.8085357003880815,1.0069957248348231,1.1648168774613483,Good
3.5181819133635552,5.13326251801058,1.0669156191216478,1.8740292951844304,Bad
3.8014073172853817,2.0766908911161828,1.018249719393704,2.39345178217322,Moderate
1.1289937291633474,4.111754993006111,1.0356145915274,1.3346286053109258,Good
2.383995197649459,6.213834229041995,1.1888845705402251,1.409545367793357,Bad
3.3810092723057408,4.013125374672654,1.2110377085114652,1.7891228319255417,Moderate
2.547924749960168,3.0942229420611462,1.589972785075787,2.4384018396626788,Bad
1.9217677111453744,4.84930008518873,1.1713952584531675,1.1847950803460634,Moderate
1.9432666445069773,5.077984497754594,1.1352506708122814,1.4045505174051285,Moderate
3.835174650737117,1.3431212729930693,1.1061018359891177,1.4345172223981009,Moderate
1.8169603062001547,4.143274823049335,1.2133696074621063,1.3046619003179534,Moderate
2.2791877927042394,5.180589590147555,1.2623396813058687,1.9739179122716053,Bad
2.97136066175847,2.498659066289452,1.048665899727944,1.8940062994009452,Good
1.7515286885600987,4.340534059716248,1.0304162083171395,1.3695889620239272,Moderate
2.17438038775902,4.865012673138205,1.3731053151962689,1.3446171074191833,Bad
1.7040907931822258,6.6319215843000325,1.0,1.5094339848805318,Bad
1.443065403540005,5.243629250234005,1.0457902090944422,1.4794672798875594,Moderate
1.2131200854867243,3.267723988515297,1.006359757481539,1.2697003449367523,Good
1.1374063776950578,4.487626599917967,1.0,1.2070423621328463,Good
1.9647655778685804,5.003113069633899,1.037310523124757,1.4744724294993308,Bad
2.017291437402708,1.201140056582144,1.0,1.6143174523559356,Good
2.228511703246314,3.149406308172859,1.052149938593082,1.3945620152968707,Good
2.444168901895088,4.376029363818979,1.1399144966964632,1.8140958851984847,Good
1.5916886244450557,5.484240084978387,1.1897970649047804,1.4345172223981009,Bad
2.054383519726764,3.287506704668553,1.0343426568208318,1.8190895369185145,Good
1.830046591030047,4.675704384590305,1.0705655685969686,1.609322601967707,Good
1.7935918667217872,5.358066110661212,1.099765108433735,1.0,Moderate
4.454788547136964,2.904914653513246,1.0778654675476098,2.103773234351753,Moderate
1.7234865482866848,6.994730919302083,1.0909444228527012,1.0,Bad
1.214989527106624,6.493915841948613,1.0396424500582977,1.1398450228566048,Moderate
1.6100328226693752,5.937822744339156,1.0256510003886514,1.414539019513386,Moderate
2.013138226304836,2.534154370392184,1.0046638258841818,1.5543840423699908,Good
2.620483722614551,5.101648033823081,1.1422463956471045,1.983906414379863,Moderate
1.860892925981743,7.629765573236014,1.0060832304702685,1.6592675098453944,Bad
1.4739117384917009,3.157357256291871,1.0231163093664983,1.2896785478214672,Good
2.050761440308721,4.841349137069718,2.185775359502526,1.3645953103038984,Bad
1.854583455707176,5.989030636391363,1.101438010104936,1.4045505174051285,Bad
3.028963843466196,2.660422998853633,1.072289147298873,1.6193123027441645,Good
3.5041608754752804,2.8024042152645583,1.0693489280994948,1.7042175673348532,Moderate
2.3114362249950764,2.297519009707308,1.0676253493975905,1.4544954252828155,Good
1.8492087384909917,2.5421053185111955,1.0466381748931208,1.3046619003179534,Good
2.6505333922949337,3.6936676377480726,1.1277480077730275,1.3795786628003843,Moderate
2.7736637759960256,4.431212729930692,1.1095996984065293,2.0238628201492928,Bad
1.1486232209050506,4.592882008350599,1.0145997699183833,1.11986681997189,Good
3.969659965435271,1.5245732675662316,1.0632656976292263,3.197557966595248,Moderate
2.045970871195053,6.971067383233596,1.0,1.254716992440266,Bad
1.8216339424983363,3.050871343983677,1.0291995398367664,1.3795786628003843,Good
4.171563207712002,3.902758642449229,1.243329554605519,2.293563165086045,Moderate
1.3196801282300863,5.523710863140624,1.0231163093664983,1.2397336399437795,Moderate
1.2075116316332957,4.052596152834892,1.0,1.0,Good
1.2383579665849915,4.170913833177329,1.0114475522736106,1.3246389045344684,Good
1.8814571707818284,6.679248656437007,1.0816167990672367,1.3596004599156697,Bad
1.2364885249650917,4.7151751627525424,1.0,1.11986681997189,Good
3.071961774686266,6.154675388870776,1.071123211815002,1.8890126476809168,Bad
2.128695130179289,2.1950085714586205,1.1831608083948697,1.0799116128706598,Good
1.8169603062001547,6.0718530126310695,1.2844928192771086,1.5643725444782484,Bad
1.3386085390537867,3.985581018688935,1.037310523124757,1.3596004599156697,Good
3.223739730728601,3.445200509028953,1.081515389040031,2.0788013797470093,Moderate
2.048074049452197,4.245879915442298,1.0326467252234746,1.8140958851984847,Moderate
1.5374738500149925,3.6463405656110974,1.0,1.6642623602336228,Good
2.6903553044124093,4.5731939463416165,1.0139914496696465,1.7891228319255417,Bad
4.802627619462222,1.1301494483766814,1.7240575204041977,4.226415637132769,Bad
1.478351767146368,4.036788910741142,1.095608248736883,1.2397336399437795,Good
1.6684220276657582,3.5398546533029034,1.0439731395258454,1.4994454827722743,Good
3.4911913944671453,2.045171061072957,1.064127486980179,2.79300744919012,Moderate
2.295312008849658,5.705068203569513,1.15507190983288,1.6592675098453944,Moderate
2.0265751160905943,7.010538161395833,1.1492421204819276,1.2247502874472935,Bad
1.7651673245382686,4.53372316817938,1.10048404508356,1.8940062994009452,Good
1.2888337932783904,3.461007751122703,1.0012166404974738,1.329633754922697,Good
3.11157123413181,2.577600622613927,1.0571824391760591,1.5643725444782484,Moderate
2.0830098725995585,5.369897878695455,1.029148862806063,1.03995520710123,Bad
2.4469731610702343,6.253305007204232,1.3248449716284494,1.9639294101633475,Bad
3.207551791680975,2.407980396075008,1.0903084554994171,1.709212417723082,Moderate
1.4795201923451295,3.737113889969816,1.0571824391760591,1.329633754922697,Good
2.045386658595673,5.358066110661212,1.2028760202098718,1.5194224869887896,Bad
1.1317979238416294,6.584594512163057,1.0060832304702685,1.2846836974332383,Moderate
2.9965986073536017,1.2366353606848752,1.1144754947532065,2.55327380924634,Good
2.7666532248034565,1.7730403962853507,1.772571361057132,1.329633754922697,Bad
2.744102734561713,3.279555756549541,1.2133696074621063,1.6243059544641931,Moderate
1.3757643442800491,5.074103677839361,1.0443062479595802,1.1448386745766337,Moderate
1.7981486991982116,6.580619038103552,1.2366886809172173,1.1298553220801475,Bad
1.8411466304182824,5.338283394507956,1.0816167990672367,1.3396222570309548,Bad
1.2794863916882977,3.973749250654691,1.041974349008939,1.3096555520379822,Good
1.9943266837997573,5.709043677629019,1.2110377085114652,1.639289306960679,Bad
3.097683769250084,2.814235983298802,1.0081616883015934,1.4944506323840456,Good
1.229945318053281,3.894807694330217,1.033070694131364,1.2447284903320084,Good
2.458190004280227,5.290956322370981,1.0827320575204042,1.3046619003179534,Bad
2.392057305722169,5.642028543483062,1.053633899727944,1.484462130275788,Bad
1.6449686458167367,1.9347096747052572,1.053167508744656,1.349611957807412,Good
2.528295258218465,5.148975105960056,1.2019635258453167,1.2647054945485237,Moderate
1.5347865236553324,5.594701471346087,1.1200932856587642,1.5843507473629632,Bad
3.2293481200851644,1.5679248656437008,1.058509696074621,3.687014947259265,Good
1.3813727336366135,3.8356488541589977,1.0127194869801788,1.3845723145204134,Good
3.509769264831845,3.062703112017921,1.0437993097551497,1.824084387306743,Moderate
1.4626948952817085,3.677955049798597,1.0165353470656822,1.449500574894587,Good
2.4001194137948776,2.139825205346908,1.163233570151574,1.6492790077371366,Good
2.337608859151726,1.4811270153444884,1.0145997699183833,2.2685901118131016,Good
3.0638996666135574,2.5894323906481707,1.1095996984065293,2.148723291841211,Moderate
1.4542822467499978,4.727006930786786,1.0304162083171395,2.303551667194302,Moderate
1.721192201322921,1.761208628251107,1.1002720466381657,1.724195770219568,Good
2.637659495640109,3.614820735567872,1.0291995398367664,1.958934559775119,Moderate
1.4568527692879003,6.091635728784325,1.1189273221919938,1.449500574894587,Bad
3.182143896847671,1.6349399997896574,1.3905946272833267,2.198668199718899,Moderate
1.4176939494351892,6.75023926464247,1.047804110376992,1.3596004599156697,Bad
2.057187714405046,4.498227864076648,1.0121664889234356,1.0,Moderate
1.5243875651851,3.019256859796178,1.0356145915274,1.3945620152968707,Good
2.144118265406705,4.013125374672654,1.0632656976292263,1.859045942687944,Good
1.55897284787346,3.113911004070128,1.8383210167120088,1.2097669349508071,Bad
1.3493580379830206,4.7111996886930365,1.0909444228527012,1.5244173373770182,Moderate
1.50791280858068,3.9619174826204473,1.0198212110376992,1.0,Good
1.773962374980084,5.906208260151656,1.1386425340069957,1.4045505174051285,Bad
5.24557621918047,3.7764900139877793,1.0754321585697628,2.4134299850579346,Bad
1.4864138752190772,3.82779256018426,1.0594636610959969,1.5993340998594494,Good
1.9378919272907928,2.849731287401533,1.241352506801399,1.829079237694972,Good
1.8465213476344668,5.231797482199762,1.0320637294986397,1.5593788927582195,Bad
2.58896823269282,3.12186195218914,1.0888152879906725,1.6842393644501383,Good
1.9513287525796867,3.934278472492454,1.0897784593859308,1.6345893289495816,Good
2.278210600708962,5.200277652156537,1.0432463116984063,1.3596004599156697,Bad
1.193490593745021,5.614389533355069,1.0921103863194714,1.2226094660425957,Bad
2.072260373670325,3.740994709885048,1.1154294597745822,2.058823176862294,Moderate
1.9234778455097572,2.93208039291987,1.216231502526234,1.6742508623418806,Moderate
2.4296805197260545,3.046895869924171,1.0431403124757093,1.4544954252828155,Moderate
1.6852791861802827,3.689786817832841,1.1842207446560435,1.6143174523559356,Good
1.368169580488099,4.790141245017511,1.0163233486202876,1.409545367793357,Good
1.5740220947768957,4.127562235099861,1.0582976976292269,1.374583812412156,Good
2.7817258840687358,4.41152466792171,1.1399144966964632,1.5194224869887896,Moderate
1.7148402276145949,3.0863666480864085,1.0571824391760591,1.5493891919817622,Good
1.112168432099926,5.212109420190781,1.0024333089778468,1.11986681997189,Good
1.8465213476344668,3.468864045097441,1.2145355709288768,1.5643725444782484,Good
1.5720591327033524,4.257711683476542,1.2758314403420132,1.8540510922997155,Moderate
1.5697222823058292,6.38742992964042,1.1061018359891177,1.2647054945485237,Bad
1.5025380913644957,5.081959971814099,1.1061018359891177,1.1048834674754036,Moderate
1.342329492165233,2.35961212835102,1.0408980707345512,1.1331852223389665,Good
2.230815144267984,3.4413196891137217,1.3929265542168676,1.1098783178636322,Moderate
1.0675681407761883,4.132200288169283,1.0,1.059933409985945,Good
1.8610331421653437,5.097956522196396,1.026583754372328,1.380753357636109,Moderate
1.3255555991028831,6.924497544250811,1.0399755584920327,1.2597118428284946,Moderate
4.1855842456002765,2.2028648654333582,1.032849489312087,2.2635964600930727,Moderate
2.0856971989592186,4.43906902390543,1.0314807617567043,1.0799116128706598,Bad
1.852480277450032,3.685811343773335,1.0693489280994948,1.943951207278633,Good
1.9943266837997573,2.096378953125164,1.137582597745822,1.1248616703601186,Good
5.279226748810447,1.398304639104782,1.2104800652934318,4.131520671765623,Bad
2.3095667833751765,5.574918755192831,1.0194663598911775,1.2497221420520372,Moderate
1.3056590258449472,5.917282795031709,1.032849489312087,1.3596004599156697,Moderate
4.053786321758647,1.5205977935067256,1.2311630936649824,5.025526971166569,Bad
3.319199734083728,2.502634540348958,1.3148076175670425,1.4944506323840456,Moderate
2.037324550522963,5.886520198142675,1.222697231247571,1.3945620152968707,Bad
3.427427472254578,2.4553074682119838,1.142458394092499,2.4483903417709363,Moderate
1.967452968725105,3.654291513730109,1.3722942308589197,1.8740292951844304,Moderate
2.5909226811802384,6.312463847375451,1.037310523124757,1.552430213204449,Bad
1.6898360186567072,2.3921731539812585,1.041974349008939,1.4644839273910732,Good
5.444675202282054,1.8005847522690703,1.0717822090944422,3.217536169479963,Bad
1.521349633869574,4.589001188435367,1.0979401476875243,1.5493891919817622,Moderate
2.800303754433434,3.5516864213371475,1.1094982883793238,1.839067739803229,Moderate
1.9916392929432325,4.163057539202592,1.2448503692188106,1.274695195324981,Moderate
1.5912212801642969,3.425512447019972,1.1270890104935871,1.2447284903320084,Good
3.7565398799485465,1.8795263085935443,1.0944422852701128,1.9139845022856603,Moderate
2.945655436379444,5.251580198353017,1.28799068169452,2.2635964600930727,Bad
1.6584054711056306,2.9522417256502216,1.102603973571706,1.0,Good
1.639593928600552,4.159082065143085,1.2261950936649826,1.0,Moderate
3.4455061368874147,1.7177623760293637,1.3439564803731052,3.911765234706559,Moderate
1.898349157603227,5.752395275706488,1.0547491581811117,1.2796888470450098,Bad
1.5748633273816344,3.457032277063197,1.1021984174115818,1.604328950247678,Good
2.0265751160905943,7.010538161395833,1.1492421204819276,1.2247502874472935,Bad
2.267503605213488,5.665692079551549,1.0036499494753206,1.2247502874472935,Moderate
3.020901735393487,6.276968543272719,1.4127477652545668,1.5493891919817622,Bad
1.9394108284516915,4.277399745485523,1.0804508356004665,1.6592675098453944,Moderate
1.8765710173148495,4.478539802067667,1.0356145915274,1.354605609527441,Moderate
1.8160255531417728,4.186721075271079,1.015816410415857,1.3645953103038984,Good
1.448790661215191,6.805422630754183,1.08861252390206,1.1298553220801475,Bad
1.50791280858068,3.113911004070128,1.1655654970851146,1.1698117278495772,Good
2.050761440308721,3.93825394655196,1.1422463956471045,1.5194224869887896,Moderate
4.92028770159382,3.267723988515297,1.10828164788185,2.4483903417709363,Bad
3.3717255936178554,1.9110461386367696,1.2251351574038087,3.776915062238182,Moderate
2.134069847395474,5.192421358181798,1.1515740474154683,1.839067739803229,Moderate
1.9943266837997573,6.178338924939263,1.047804110376992,1.6592675098453944,Bad
1.6422812549602122,3.153381782232365,1.0186552755538285,1.5593788927582195,Good
2.1188803843084374,4.636328260572341,1.0559657986785853,1.349611957807412,Bad
1.7793370921962686,2.9364344835564715,1.1061018359891177,2.0688128776387518,Good
2.1357056813718587,4.425533481274255,1.0617955600466382,1.2297451378355222,Moderate
2.466602588315073,4.364197595784735,1.0316328488146134,2.238623406820129,Bad
1.4568527692879003,5.507903621046875,1.0139914496696465,1.449500574894587,Moderate
1.599283388237006,2.8536121073167653,1.2495141951029929,1.5993340998594494,Moderate
1.81427291534363,5.279124554336737,1.2914885441119317,1.314650402426211,Bad
3.510003001469088,1.201140056582144,1.3171395165176836,1.9489460576668611,Good
2.093759307031928,6.095516548699557,1.2565099199378158,2.7330740392041744,Bad
1.830046591030047,2.313326251801058,1.1094982883793238,1.254716992440266,Good
2.2633797401890003,2.1926422178517715,1.0,1.5673692149775456,Good
3.223739730728601,3.445200509028953,1.081515389040031,2.0788013797470093,Moderate
2.6258584398307354,2.120042489193652,1.0314807617567043,1.908989651897432,Good
4.656691789413696,3.5004785292849405,1.0425826692576758,2.4334069892744496,Bad
1.0762235555061843,5.5710379352776,1.0,1.11986681997189,Moderate
1.880522417723446,5.156926054079068,1.0693489280994948,1.7341842723278256,Moderate
3.823841003705367,5.109598981942092,1.092465237465993,2.083796230135237,Bad
1.634219146887503,3.823817086124754,1.0081616883015934,1.3346286053109258,Good
1.6029054676550485,4.41152466792171,1.0003649809560824,1.5094339848805318,Good
2.0265751160905943,7.010538161395833,1.1492421204819276,1.2247502874472935,Bad
1.2551832636484126,4.290367363251054,1.0669156191216478,1.2796888470450098,Good
1.3393096199717895,3.334833776805528,1.0,1.2497221420520372,Good
2.51427422033019,5.097767213907848,1.0644823381267003,1.7941176823137703,Bad
2.177768859533548,5.989030636391363,1.0304162083171395,1.3096555520379822,Bad
4.429083321757938,2.00570028291072,1.2681694426739214,3.6071033343886048,Moderate
2.588235290323714,2.55393708654544,1.1165954232413524,1.834072889415001,Good
2.908032222375558,3.6503160396706034,1.1423478056743102,2.093784732243495,Moderate
1.2767990653286376,4.088091456937622,1.012825486202876,1.0199782028847149,Good
3.840666236271924,4.8611318532229735,1.1094982883793238,2.503330100036852,Bad
2.4861152762350187,3.346665544839772,1.3171395165176836,1.724195770219568,Bad
2.357238350893429,3.0035442718467023,1.2591459930042752,1.2896785478214672,Good
1.2075116316332957,3.117886478129634,1.0,1.0849052645906887,Good
2.01582561716136,5.6025577653208245,1.150408083948698,1.6293008048524218,Bad
1.8196476325598143,5.448744780875656,1.156587631558492,1.6492790077371366,Bad
1.6309476079284622,5.598582291261319,1.0936818779634667,1.669256011953652,Moderate
1.7038570565449818,5.393561414763943,1.0,1.3196452528144396,Moderate
1.7014034023257012,3.4806958131316845,1.2355227454333464,1.6342956552406505,Good
2.283148158177013,5.878663904167937,1.95878250136028,1.0352552290901322,Bad
2.5452373591036435,3.323002008771284,1.1702292949863973,1.6293008048524218,Moderate
2.534487924671274,4.28137521954503,1.239020607850758,1.4245287202898431,Moderate
3.271411298246853,4.127562235099861,1.1569475755926937,3.1825746140987614,Bad
2.057187714405046,5.661716605492043,1.0291995398367664,1.6992227169466243,Bad
1.9446893808427843,2.291366490329501,1.0174893120870578,1.8048205906690609,Good
2.128695130179289,2.4395002261182333,1.0076316921881072,1.3446171074191833,Good
2.010450899945176,2.707750070990608,1.342790516906335,1.15982202707312,Good
1.1906863990667391,5.344625222174311,1.01703307889623,1.204772084562579,Moderate
3.0807249636769782,3.33871459672076,1.0316328488146134,1.6992227169466243,Moderate
2.0473062142793523,6.052164950622088,1.0076316921881072,1.4395120727863295,Bad
1.878769779925304,3.3071947666775343,1.122425184609405,1.0,Good
2.427726071238636,2.3291334938948074,1.1605974970851147,1.958934559775119,Good
2.0749477645268493,6.209953409126763,1.1410804601632336,1.5394006898735046,Bad
1.5643475650896446,2.5459861384264277,1.2348130151574035,1.3845723145204134,Bad
1.725589726543829,3.40582438501099,1.0909444228527012,1.214761785339036,Good
1.521349633869574,5.239748430318774,1.1119315973571706,1.1298553220801475,Moderate
1.6141223108650409,4.31687052364776,1.2104800652934318,1.829079237694972,Moderate
3.141833356484125,1.3391457989335631,1.0676253493975905,2.058823176862294,Moderate
3.4284471676836143,2.447451174237245,1.0218996688690245,1.7841291802055128,Moderate
2.607046897325657,2.344846081844284,1.1772250198212204,1.349611957807412,Good
1.776766569658366,3.6936676377480726,1.0,1.2397336399437795,Good
2.741415343705189,5.089816265788837,1.212203643995336,1.9139845022856603,Bad
1.4598907006034263,2.948266251590716,1.0,1.4345172223981009,Good
2.717961961856168,4.214265431254798,1.0635974908666923,1.5493891919817622,Moderate
1.979179659649616,5.776058811774976,1.097331827438787,1.7741394794290557,Moderate
1.7459202347066702,3.930302998432948,1.0864925954139135,1.4594890770028446,Moderate
2.510301600453147,5.736682687757012,1.3894286917994558,1.374583812412156,Bad
1.1486232209050506,5.381729646729699,1.018249719393704,1.2896785478214672,Good
1.611318116186759,4.951810523437418,1.1837138064516128,1.2447284903320084,Moderate
2.281524643101763,4.9321224614284365,1.026766258841819,1.569367394866477,Moderate
1.9029561041434315,5.657741131432537,1.1165954232413524,1.4045505174051285,Moderate
2.619587925662376,3.4768149932164527,1.4586762098717452,1.529412187765247,Moderate
3.5315019348306915,3.567493663430897,1.1470268262728331,1.943951207278633,Moderate
2.6661689801942816,2.459282942271489,1.541002711232025,1.943951207278633,Bad
1.7309644437600131,5.22791666228453,1.1713952584531675,1.604328950247678,Bad
1.6180949307420844,4.727006930786786,1.030314798289934,1.1398450228566048,Moderate
1.4165422289243543,3.4491759830884594,1.1399144966964632,2.912874269162009,Moderate
1.491788592435262,4.54953041027313,1.0632656976292263,1.2996670499297247,Good
2.5198826096867544,4.170913833177329,1.226296503692188,1.764150977320798,Moderate
3.1396133744052235,3.2756749366343088,1.0133831294209097,2.6731406292182296,Moderate
2.230815144267984,3.614820735567872,1.130586872910999,1.15982202707312,Good
3.293844984666838,5.050440141770873,1.0304162083171395,1.6742508623418806,Bad
2.8435353577938844,2.90093917945374,1.047804110376992,1.5643725444782484,Moderate
3.978072613966981,1.9898930408169704,1.0,3.701998299755751,Moderate
1.174678986743078,5.2752437344215055,1.0127089094442283,1.0,Good
1.7963960614000691,4.537698642238886,1.1605974970851147,1.3995556670168998,Moderate
1.8665013798351715,3.40582438501099,1.0356145915274,1.7042175673348532,Good
3.907967360028744,1.907070664577264,1.0291995398367664,2.643173924225257,Moderate
1.8496760827717504,6.04430865664735,1.0291995398367664,1.0,Bad
2.500253182441916,4.368078415699968,1.2718338872911,1.7142060694431107,Moderate
3.276201867360521,3.125742772104372,1.137582597745822,1.7142060694431107,Moderate
3.644371447848621,2.9640734936844653,1.3043140303148075,2.098779582631724,Moderate
5.525997363927149,1.201140056582144,1.0401493882627284,5.065483376935998,Bad
1.740311845350106,3.748945658004059,1.0025438973960357,1.469478777779302,Good
3.7384293538646074,2.719581839024852,1.222697231247571,2.0788013797470093,Moderate
1.4998507005079709,3.3032192926180284,1.1095996984065293,1.7341842723278256,Good
2.0260864878445237,2.0096757569702257,1.2060558849591916,1.3795786628003843,Good
2.1367572382519984,4.407549193862204,1.0233190734551108,1.3945620152968707,Moderate
5.397003634763802,3.023232333855684,1.1070650073843762,3.037735939522128,Bad
3.300388191578649,1.7769212162005823,1.096774184220754,2.2336297551001,Moderate
1.548223348944226,5.851024894039943,1.0198212110376992,1.0749167624824312,Bad
2.2086151299883783,2.549961612485933,1.0546938359891178,2.003884617264578,Good
1.5724096731623538,4.289231513519767,1.3987563155849203,1.3196452528144396,Bad
1.3117348239791344,3.618796209627378,1.0186552755538285,1.11986681997189,Good
2.0856971989592186,4.581050240316355,1.0932763218033423,1.3096555520379822,Moderate
1.6530307538894458,5.855000368099449,1.0,1.1648168774613483,Bad
2.383995197649459,4.541674116298392,1.0559657986785853,1.9039960001774028,Moderate
1.86802028099607,5.752395275706488,1.2355227454333464,1.4744724294993308,Bad
3.923857839536918,1.473270721369751,1.172561221919938,4.111542468880908,Moderate
2.209316210906381,3.6936676377480726,1.101438010104936,1.6642623602336228,Moderate
2.253482567325213,4.525866874204642,1.0218996688690245,1.4944506323840456,Moderate
2.521051034885516,2.7984287412050524,1.0174893120870578,1.469478777779302,Good
2.842366932595122,5.965367100322875,1.0340661298095608,1.3396222570309548,Bad
1.4434159439990064,4.174889307236835,1.0046638258841818,1.1048834674754036,Good
5.197904651662217,1.907070664577264,1.083948698017878,3.4972250165249728,Bad
3.1794565704880107,3.729162941850804,1.33113096618733,1.3845723145204134,Good
2.093759307031928,6.1468190948960375,1.1643995336183444,1.0499449078776877,Bad
1.5132875257968648,6.213834229041995,1.1270890104935871,1.11986681997189,Bad
1.88613080708001,5.925990976304912,1.015816410415857,1.214761785339036,Bad
3.0397133423954297,1.3707602831210628,1.1690633595025262,2.383463280064962,Good
1.9786698119350976,2.703774596931102,1.0254390019432569,1.589345597751192,Good
2.335622549213204,5.125311569891568,1.1830548091721729,1.7541624752125404,Bad
1.90856455799686,5.385610466644931,1.8188039797901283,1.609322601967707,Bad
1.6691549700348642,4.15510659108358,1.0233190734551108,1.3995556670168998,Good
3.2798239467785635,2.2383601695360893,1.0291995398367664,1.5493891919817622,Moderate
2.0319498333067787,2.841780339282521,1.1434123591138747,1.1248616703601186,Good
1.779825720442339,7.042057991439059,1.0050877947920716,1.419533869901615,Bad
2.4028068046514024,5.996981584510375,1.145744258064516,1.4245287202898431,Bad
1.55897284787346,4.691511626684054,1.036144587640886,1.5144288352687607,Good
2.037558287160208,1.5402858555157073,1.0060832304702685,1.8690344447962015,Good
2.1797551694720694,6.12315555882755,1.1702292949863973,1.0699219120942025,Bad
2.6853311276552256,2.849731287401533,1.1034150579090556,2.683130329994687,Moderate
3.579874583266947,3.819936266209522,1.0,2.293563165086045,Moderate
1.4702896590736587,5.141118811985318,1.0104935872522347,1.3695889620239272,Bad
2.502239492380437,5.070128203779855,1.1119315973571706,1.7841291802055128,Bad
1.4622275510009497,4.9281469873689305,1.2075398460940536,1.03995520710123,Good
3.3555376545702296,2.0411955870134517,1.0912485969685193,2.882907564169037,Moderate
2.7971171578450478,4.821661075060737,1.1107656338904004,1.6193123027441645,Bad
2.32919627511688,4.308919575528749,1.0377160792848814,1.3945620152968707,Good
1.980889794013999,2.4276684580839896,1.241352506801399,1.5993340998594494,Good
1.1908032028884965,2.90093917945374,1.0163233486202876,1.1448386745766337,Good
2.510301600453147,3.5438301273624093,1.521181500194326,1.5144288352687607,Bad
3.163332354342592,1.915021612696276,1.0431403124757093,1.724195770219568,Moderate
1.50791280858068,4.210384611339567,1.08861252390206,1.2247502874472935,Moderate
3.122788077341802,5.397442234679175,1.0705655685969686,1.669256011953652,Bad
4.505264373830363,1.954397736714239,1.035282798289934,2.982797379924412,Moderate
2.23385307558351,1.1814519945731623,1.0432463116984063,1.799112532701999,Good
2.187817277544778,1.8873826025682825,1.006359757481539,1.3196452528144396,Good
1.330896971440079,2.8970583595385087,1.0072998989506412,1.0,Good
1.1205810806316368,3.819936266209522,1.0,1.1997784328425498,Good
2.390888880523407,1.398304639104782,1.0450159782355228,2.093784732243495,Good
1.400418012778936,5.811554115877707,1.122425184609405,1.1098783178636322,Moderate
2.336844119828381,7.259005290114953,1.0025438973960357,1.2846836974332383,Bad
2.096446697888452,5.32257080655848,1.0944422852701128,1.3096555520379822,Moderate
3.9640515760787065,2.569649674494915,1.0024333089778468,1.3596004599156697,Moderate
2.209316210906381,2.9600980196249598,1.1289646762534007,1.5543840423699908,Moderate
2.547924749960168,4.805853832966987,1.0104935872522347,2.053829525142265,Bad
1.9459540353635016,6.12315555882755,1.2973183054799844,1.7341842723278256,Bad
1.4514780520717157,2.7234626589400834,1.0024333089778468,1.3596004599156697,Good
3.128396531195231,5.630196775448819,1.0231163093664983,1.3945620152968707,Bad
1.4224544630099625,5.827361357971456,1.1058483668869024,1.2697003449367523,Bad
2.453866843944182,3.93825394655196,1.1527399828993392,1.983906414379863,Good
1.8707076718525943,6.304607553400713,1.3138951232024874,1.7192009198313394,Bad
1.1666168786703688,2.810260509239296,1.0466381748931208,1.4395120727863295,Good
2.842366932595122,4.920290693394192,1.059615748153906,1.589345597751192,Bad
2.948926975338485,1.9425659686799956,1.0,1.7891228319255417,Good
2.3740636479568504,5.7405635076722445,1.008516539448115,1.3446171074191833,Moderate
1.405792794491985,3.224372390437828,1.030314798289934,1.1398450228566048,Good
1.7094655103984104,3.6503160396706034,1.0489700738437622,1.0799116128706598,Good
1.2697141492512054,2.6012641586824143,1.0305267967353284,1.4744724294993308,Good
2.0534487666683816,5.377754172670193,1.2238631947143412,1.4594890770028446,Bad
2.6258584398307354,1.4851024894039944,1.095608248736883,1.9539397093868904,Good
1.880522417723446,3.1297182461638777,1.0508780038865138,1.639289306960679,Good
4.656691789413696,1.3589285150868189,1.0790821080450836,2.8529408591760648,Bad
2.27650046634458,4.687536152624549,1.0781189366498252,1.899001149789174,Bad
1.980889794013999,4.971498585446399,1.1515740474154683,1.5643725444782484,Moderate
2.5818704817393363,5.287075502455749,1.2918216525456665,1.2397336399437795,Bad
1.8665013798351715,2.443475700177739,1.0254390019432569,1.644284157348908,Good
2.0319498333067787,5.488215559037893,1.0151574131364167,1.4644839273910732,Bad
1.9281939852416987,5.961486280407644,1.01703307889623,1.3995556670168998,Bad
1.9137056030726651,5.6498848374578,1.2250291581811117,1.3995556670168998,Bad
1.0757137077916663,6.336127383443938,1.0060832304702685,1.274695195324981,Moderate
1.3708569713446237,4.774334002923761,1.0116595507190052,1.2447284903320084,Moderate
1.7820244830527932,1.757233154191601,1.0687912848814614,1.6742508623418806,Good
2.281875183560764,5.231797482199762,1.0734551107656432,1.374583812412156,Bad
2.4497773557485165,4.230072673348548,1.0802987485425573,1.5344058394852758,Good
3.4536850487818813,2.5933132105634025,1.126531367275554,1.983906414379863,Moderate
2.2979993997061827,3.326882828686516,1.0513019727944035,1.609322601967707,Good
3.591091426476939,1.9741804528674949,1.0656989786241742,2.5133186021451097,Moderate
3.526127217614506,1.5797566336779445,1.4337349397590362,1.9988897668763488,Good
1.1906863990667391,2.971929787659203,1.0,1.15982202707312,Good
1.0224336864199852,5.346234342626968,1.0,1.15982202707312,Good
1.408480120851645,4.123586761040354,1.0268169358725223,1.2497221420520372,Good
3.06670386129184,2.644615756759884,1.225079835211815,1.314650402426211,Moderate
1.857270846563701,2.3764605660317826,1.1655654970851146,1.3446171074191833,Good
2.466602588315073,4.364197595784735,1.0316328488146134,2.238623406820129,Bad
1.2364885249650917,4.34441487963148,1.036144587640886,1.0,Good
2.875783790084721,2.739269901033833,1.1177613587252235,2.1437296401211823,Moderate
2.1973982867783857,6.1389628009213,1.099765108433735,1.329633754922697,Bad
1.86533295463641,4.545554936213623,1.0314807617567043,1.3246389045344684,Moderate
2.32919627511688,5.969342574382381,1.0145997699183833,1.2896785478214672,Bad
1.80480870993178,5.014944837668143,1.1049358725223477,1.1798002299578347,Moderate
2.182442495831729,2.467139236246227,1.060629624562767,1.644284157348908,Good
1.468303349135137,3.7213066478760655,1.083948698017878,1.3596004599156697,Good
1.8216339424983363,4.34441487963148,1.1180148278274389,2.2186464026036137,Good
1.4895898298248078,2.2620237056045767,1.0,1.5643725444782484,Good
1.4542822467499978,3.283531230609047,1.059615748153906,1.1398450228566048,Good
1.6730107860901504,6.170482630964526,1.0194663598911775,1.0,Bad
2.637659495640109,2.3369897878695456,1.097331827438787,1.9889012647680917,Good
1.5636464841716418,6.308488373315945,1.2366886809172173,1.0649282603741737,Moderate
1.6730107860901504,6.000862404425607,1.0364994387874078,1.0,Bad
2.0656003629367565,2.889107411419497,1.083948698017878,1.0749167624824312,Good
2.458190004280227,6.142843620836532,1.0255495903614458,1.1498335249648624,Moderate
1.9755150767978145,4.24976073535753,1.1165954232413524,2.043839824365808,Moderate
2.209316210906381,4.982194503749355,1.0046638258841818,1.3845723145204134,Bad
1.211157123413181,3.019256859796178,1.0138697800233192,1.1498335249648624,Good
2.741415343705189,5.965367100322875,1.3248449716284494,1.2097669349508071,Bad
1.6530307538894458,6.793590862719939,1.0104935872522347,1.4442120507974272,Moderate
1.1822737505350285,3.153381782232365,1.0291995398367664,1.4794672798875594,Good
2.072260373670325,4.237928967323287,1.029148862806063,1.569367394866477,Moderate
2.0749477645268493,1.8597435924402888,1.101438010104936,1.709212417723082,Moderate
1.5944928191233376,4.41152466792171,1.071229211037699,1.4794672798875594,Moderate
1.3337011661183609,2.684086534922121,1.0279828993392923,1.0649282603741737,Good
1.7683539211266557,5.219965714165518,1.0401493882627284,1.374583812412156,Moderate
1.7804120614382517,4.41152466792171,1.1585697722502917,1.11986681997189,Moderate
1.8325958940995024,3.9619174826204473,1.1616789801787797,1.0998886170871751,Good
3.131200725873513,3.1415500141981214,1.0377160792848814,1.884017797292688,Moderate
1.4541654429282402,6.576738218188319,1.2296929560823942,1.3596004599156697,Bad
1.5374738500149925,5.79584152792823,1.162067634667703,1.4395120727863295,Moderate
3.375634490592692,2.096378953125164,1.4586762098717452,1.544395540261733,Moderate
1.4626948952817085,2.8575875813762712,1.0610535934706569,1.2397336399437795,Good
1.8132213584634904,2.664303818768865,1.1021984174115818,1.3845723145204134,Good
2.163630953326651,1.6586035358581448,1.409249902837155,1.0,Moderate
2.8479753864485517,6.036357708528338,1.0206830003886511,1.3596004599156697,Bad
2.155568845253941,4.596857482410105,1.0687912848814614,1.6642623602336228,Moderate
1.0,5.716899971603756,1.0559657986785853,1.0,Bad
2.1889857027435395,1.9898930408169704,1.0381584889234357,1.6642623602336228,Good
1.7040907931822258,5.925990976304912,1.4185775266226195,1.374583812412156,Moderate
3.792994668753671,3.2007088543693403,1.0693489280994948,2.223640054323643,Bad
2.3678709815040406,3.366353606848753,1.8791294302370771,2.648168774613486,Bad
2.370558372360565,4.963642291471661,1.0804508356004665,1.314650402426211,Bad
1.8325958940995024,9.132400113584971,1.1812805254566654,1.4395120727863295,Bad
1.6691549700348642,5.60653323938033,1.0489700738437622,1.6143174523559356,Bad
2.56727380933467,1.1726491591556851,1.0405752040419745,2.4384018396626788,Good
2.1169684392547783,2.467139236246227,1.156449843762145,2.043839824365808,Good
2.803108013608581,3.4846712871911905,1.0863820069957248,1.604328950247678,Good
3.044270174871854,2.356677849878527,1.068132287602021,2.278579812589559,Good
1.5912212801642969,5.038608373736629,1.0081616883015934,1.0,Bad
1.795461308341687,4.589001188435367,1.0053300707345512,1.1997784328425498,Good
3.159242866146927,2.045171061072957,1.1094982883793238,3.422308254042542,Moderate
2.023887725234069,5.598582291261319,1.1597357077341623,1.5094339848805318,Moderate
5.082931960387144,2.5854569165886647,1.0401493882627284,2.643173924225257,Moderate
1.1048074049452197,4.774334002923761,1.0279828993392923,1.3596004599156697,Good
1.9701403595816296,5.129287043951074,1.0921103863194714,1.5394006898735046,Bad
1.720215009327644,5.145094286044824,1.0036499494753206,1.4544954252828155,Bad
4.1855842456002765,1.1853328144883943,1.2165632957637,3.152607909105789,Moderate
3.133771248411416,4.20640913728006,1.3043140303148075,1.8140958851984847,Moderate
1.50791280858068,4.750670466855274,1.0034978624174116,1.2197554370590649,Good
1.0483726484362552,4.332583111597236,1.0046638258841818,1.1498335249648624,Good
3.1794565704880107,3.729162941850804,1.33113096618733,1.3845723145204134,Good
1.7632128760508503,2.833924045307784,1.2483482316362222,1.314650402426211,Moderate
1.7288145697729125,3.1612380762071037,1.35445006762534,1.449500574894587,Bad
1.4944759832917862,6.308488373315945,1.179556946754761,1.0,Bad
3.422838713830185,3.461007751122703,1.01703307889623,1.729189421939597,Moderate
1.7363392254730623,4.84930008518873,1.0277497178390984,1.374583812412156,Moderate
3.342042395122025,1.7790982615188835,1.0097940147687523,2.917869119550238,Moderate
1.633751802606744,7.60998285708276,1.0510992087057909,1.569367394866477,Bad
2.437742627798764,2.4237876381687578,1.0255495903614458,1.4445057245063584,Good
2.48074049452197,2.1753205094496386,1.1119315973571706,1.7391791227160542,Good
2.295545745486902,4.159082065143085,1.087598647493199,1.958934559775119,Moderate
1.8922066052141973,2.459282942271489,1.0676253493975905,1.4045505174051285,Good
3.271411298246853,3.630627977661622,1.164247446560435,1.4045505174051285,Moderate
2.1394446291085227,4.865012673138205,1.0746210742324136,1.204772084562579,Bad
1.6479003507962968,3.3978734368919787,1.006359757481539,1.3346286053109258,Good
1.712152901254935,2.017532050944964,1.0023318989506411,1.0749167624824312,Good
1.5320991327988076,4.202433663220555,1.0693489280994948,1.5144288352687607,Good
2.9994028020318835,2.1871522774838823,1.1079340443062573,2.1886796976106413,Good
1.927142428361559,5.4763837910036495,1.4465604259619125,1.1648168774613483,Bad
2.491489993451204,5.298907270489993,1.0725223567819666,1.5543840423699908,Bad
2.502239492380437,2.971929787659203,1.0524679362611735,1.4994454827722743,Moderate
2.1973982867783857,5.101648033823081,1.0437993097551497,1.03995520710123,Bad
3.2826281414568457,2.463163762186721,1.0254279486980178,4.835738239100476,Bad
2.3067625886968948,1.7454013861573572,1.3868940007773027,1.6243059544641931,Moderate
1.2748127553901158,7.684948939347727,1.0510992087057909,1.5493891919817622,Bad
3.2708270856474724,4.391741951768454,1.324135241352507,1.3945620152968707,Bad
1.4622275510009497,6.091635728784325,1.0699572483482316,1.2996670499297247,Moderate
1.157035869436761,3.334833776805528,1.0024333089778468,1.3346286053109258,Good
1.98147400661338,4.719150636812048,1.0340661298095608,1.983906414379863,Bad
2.5156763176693318,4.541674116298392,1.012825486202876,1.314650402426211,Moderate
2.045970871195053,6.154675388870776,1.0462326187329964,1.2397336399437795,Bad
1.4246043369970636,4.84930008518873,1.0,1.0699219120942025,Good
3.532203015748694,1.7414259120978512,1.026766258841819,2.3584902267920187,Moderate
1.4326664450697726,4.458851740058686,1.0151574131364167,1.0299667049929724,Good
1.580471781235063,4.707318868777804,1.0523158492032647,1.5743622452547057,Moderate
2.2281278179083244,3.43336874099471,1.1935483964244074,2.2735849622013298,Moderate
1.8088981981274452,6.091635728784325,1.167897396035756,1.1348501724683762,Bad
3.442085803661784,3.228347864497334,1.06486945355616,2.3285235217990463,Moderate
1.3305464309810775,4.383885657793717,1.6424407213369607,1.4245287202898431,Bad
2.9375933283067344,4.068403394928641,1.0676253493975905,1.1947835824543211,Bad
2.7384836387256293,2.0608836490224327,1.2542794030314808,1.5044391344923034,Moderate
1.9152412089214903,4.781906334465678,1.063960904780412,1.8009285150245733,Good
2.701104803341643,5.705068203569513,1.0209871745044694,1.6842393644501383,Bad
2.315175172731741,5.1884458841222925,1.0072998989506412,1.6942290652265954,Moderate
2.045386658595673,4.916315219334686,1.2378546443839875,1.5843507473629632,Bad
2.0830098725995585,3.0863666480864085,1.0408083855421686,2.3435068742955325,Good
1.9970140101594172,4.068403394928641,1.0769529731830547,1.9039960001774028,Good
1.8895192788545376,2.581481442529159,1.0944422852701128,1.1897887320660925,Good
1.9782024676543388,3.788321782022023,1.0489700738437622,1.7491676248243118,Good
2.2872499007769487,2.751101669068077,1.2844928192771086,1.3645953103038984,Moderate
1.795461308341687,5.8707129560489255,1.204041983676642,1.0,Bad
1.4944759832917862,6.84489340891642,1.0081616883015934,1.1448386745766337,Bad
1.0448673728399704,2.845755813342027,1.0,1.0,Good
1.8975813869272469,2.680111060862614,1.0489700738437622,1.0149833524964862,Good
2.604008966010131,3.6661232817643534,1.176413935483871,1.3659090506507905,Bad
2.048074049452197,4.916315219334686,1.3789351045472211,1.544395540261733,Bad
1.4461033348555312,3.7449701839445537,1.0116595507190052,1.2896785478214672,Good
2.028555234330116,2.419812164109252,1.0736392102603964,2.303551667194302,Good
4.283731639811929,3.425512447019972,1.1058483668869024,2.2436182572083574,Moderate
3.753735685270265,4.348390353690985,1.008516539448115,1.799112532701999,Bad
1.7586059940075105,4.183786796798586,1.0,1.5660374946076578,Moderate
1.2888337932783904,3.5398546533029034,1.0377160792848814,1.349611957807412,Good
2.0431666765167718,6.65558512036852,1.0644823381267003,2.370976753428491,Bad
1.830046591030047,2.313326251801058,1.1094982883793238,1.254716992440266,Good
2.0212003343775446,1.9938685148764763,1.3614457924601633,1.094894965367146,Bad
1.5697222823058292,5.279124554336737,1.163233570151574,1.4245287202898431,Moderate
3.746491461937316,1.7414259120978512,1.1352506708122814,1.8890126476809168,Moderate
1.7470886599054318,6.040333182587844,1.0198212110376992,1.4994454827722743,Moderate
2.489570437767524,4.734863224761524,1.2728332685581034,1.2647054945485237,Bad
2.27112568463153,7.826930155758652,1.1877186070734551,1.419533869901615,Bad
2.005076118232126,5.369897878695455,1.102603973571706,1.829079237694972,Bad
5.1782751599205135,1.165644752479413,1.0474492592304705,4.610987951653183,Bad
1.5858464984512477,6.178338924939263,1.145744258064516,1.544395540261733,Bad
1.2931675955970914,5.547374399209112,1.0139914496696465,1.2597118428284946,Moderate
1.0644968645816737,5.192421358181798,1.0279828993392923,2.198668199718899,Moderate
2.0695729828138,2.920721895606996,1.2366886809172173,1.2397336399437795,Bad
2.7226037367032463,4.253736209417036,1.1667314325689857,1.4894557819958172,Good
1.7234865482866848,4.178770127152067,1.1484310361445784,1.2397336399437795,Good
2.78441327492526,4.83349284309498,1.197046258841819,1.7541624752125404,Bad
3.187284941923476,4.119611286980849,1.0462326187329964,1.7491676248243118,Moderate
1.489101201578737,3.520166591293922,1.0384764865915277,1.2197554370590649,Good
1.7593039790760132,5.11745527591683,1.0279828993392923,1.639289306960679,Moderate
2.547924749960168,6.462301357761114,1.3287990672366887,1.0699219120942025,Bad
1.6852791861802827,5.050440141770873,1.2005441212592305,1.0,Bad
2.324873114780835,2.8024042152645583,1.0769529731830547,1.7142060694431107,Good
3.591091426476939,2.364628797997539,1.0389327197823552,1.9639294101633475,Moderate
2.744102734561713,5.563086987158588,1.2530120575204042,1.4445057245063584,Bad
2.278720448423481,6.359790919512426,1.0,1.958934559775119,Bad
2.8339543485602765,1.6192274118401817,1.0953962502914885,2.0288564718693216,Good
3.5225440298058075,2.2896627157325704,1.052149938593082,2.623196920008742,Moderate
1.6691549700348642,3.804129024115772,1.1900505340069958,1.3096555520379822,Good
2.418931020796821,2.9640734936844653,1.0159902401865526,1.5793558969747346,Good
2.362496264287856,4.620521018478592,1.3229693058686358,1.3995556670168998,Bad
2.062500966109284,7.105192305669783,1.0377160792848814,1.7841291802055128,Bad
1.894893996070722,5.054320961686106,1.054799835211815,1.0699219120942025,Moderate
3.5602450915252435,4.841349137069718,1.0340661298095608,1.8091010348102567,Bad
1.970257163403387,5.172638642028543,1.0705655685969686,1.0,Moderate
1.6141223108650409,4.34441487963148,1.0024333089778468,1.0,Good
2.842366932595122,5.271268260362,1.1119315973571706,1.8440625901914576,Bad
1.2499253502539855,3.1928525603946025,1.0,1.0199782028847149,Good
3.823841003705367,5.109598981942092,1.092465237465993,2.083796230135237,Bad
1.6180949307420844,5.338283394507956,1.1783909832879906,1.744172774436083,Moderate
2.01582561716136,5.594701471346087,1.2436844057520404,1.469478777779302,Bad
1.544017056926803,4.951810523437418,1.020351207151185,1.2697003449367523,Good
1.8411466304182824,3.0272078079151896,1.2739992320248736,1.0,Good
2.2281278179083244,5.618365007414575,1.0629615235134084,1.5643725444782484,Bad
1.6987160114691764,4.5850257143758615,1.521181500194326,1.354605609527441,Bad
1.8492087384909917,4.600832956469611,1.1434123591138747,1.5094339848805318,Good
1.752463441618481,3.993437312663673,1.0629615235134084,1.0199782028847149,Moderate
2.222753036195275,4.036788910741142,1.0396424500582977,1.6193123027441645,Moderate
2.3011541348434656,7.322139604345677,1.0291995398367664,1.349611957807412,Bad
3.510003001469088,1.6704353038923887,1.422075389040031,1.4345172223981009,Moderate
2.662897441235241,3.1060547100953904,1.0279828993392923,1.4544954252828155,Good
1.3842937966335174,3.606964441593135,1.1189273221919938,1.3446171074191833,Good
2.088384589815744,4.7151751627525424,1.0489700738437622,1.529412187765247,Moderate
3.437444028814705,4.458851740058686,1.3218033424018656,1.639289306960679,Moderate
1.795461308341687,2.6959183029563643,1.0769529731830547,1.4395120727863295,Good
4.384683293198727,1.4284046569838982,1.0450159782355228,2.5133186021451097,Moderate
2.255001468486112,3.756801951978797,1.0687912848814614,1.4395120727863295,Moderate
5.324094121650417,1.1217252295362998,1.2554960435289546,2.9728076791479543,Bad
3.6255598408466776,4.600832956469611,1.241352506801399,1.8140958851984847,Bad
1.2956106078337162,6.115299264852813,1.0279828993392923,1.1648168774613483,Moderate
1.599283388237006,4.766477708949024,1.0314807617567043,1.3945620152968707,Good
2.3436846572859134,2.7234626589400834,1.012825486202876,1.7541624752125404,Good
1.6449686458167367,5.22791666228453,1.0734551107656432,1.4794672798875594,Bad
1.457341397533971,4.214265431254798,1.057831334628838,1.4594890770028446,Good
1.752463441618481,2.883144200330237,1.1434123591138747,1.2996670499297247,Good
1.7515286885600987,6.233616945195251,1.0194663598911775,1.274695195324981,Bad
2.7498279922369,5.3264516264737125,1.058399107656432,1.589345597751192,Bad
1.825022414272864,4.0999232249718665,1.1667314325689857,1.0199782028847149,Good
1.2019032422767315,5.906208260151656,1.053633899727944,2.198668199718899,Bad
1.50791280858068,3.953966534501435,1.02215313797124,1.2647054945485237,Good
3.652784096380331,2.00570028291072,1.1155815468324912,2.957824326651468,Moderate
2.650044764048863,2.0806663651756887,1.355616003109211,2.238623406820129,Bad
1.5405451262095071,5.406718340818022,1.0413080761756703,1.7658159274502077,Bad
2.539862641887459,3.71733117381656,1.1690633595025262,2.5482801575263108,Good
2.3235878212634518,3.255892220481053,1.0635974908666923,1.589345597751192,Good
2.138509876050141,4.123586761040354,1.1204481368052857,1.5743622452547057,Moderate
2.315175172731741,5.089816265788837,1.0,1.829079237694972,Bad
1.2159242801650063,4.975474059505905,1.0024333089778468,1.254716992440266,Good
1.5019538787651148,3.0823911740269025,1.0305267967353284,1.4345172223981009,Good
1.9782024676543388,3.326882828686516,1.0198212110376992,1.6143174523559356,Good
2.12168457898672,3.62267702954261,1.1897970649047804,1.5344058394852758,Good
1.765900266907375,2.5894323906481707,1.0617955600466382,1.1448386745766337,Good
2.132901422196712,4.525866874204642,1.159380856587641,1.2497221420520372,Moderate
3.661196744912041,2.7944532671455464,1.035282798289934,2.173696345114155,Moderate
1.5243875651851,4.868988147197712,1.006326569762923,1.389567164908642,Moderate
1.5189066216329494,4.845324611129223,1.0326467252234746,1.3596004599156697,Good
1.070105318435102,4.41152466792171,1.0,1.3645953103038984,Good
2.9657522724019056,4.628377312453329,1.1070650073843762,1.824084387306743,Bad
2.27030779989177,2.506610014408464,1.0024333089778468,1.4544954252828155,Good
2.3060615077788915,1.9347096747052572,1.3019821313641664,1.484462130275788,Bad
2.1475067371812324,3.0823911740269025,1.1422463956471045,1.5643725444782484,Good
1.9590403201933944,1.5915884017121882,1.0450159782355228,2.07380652935878,Good
2.163630953326651,2.2856872416730645,1.6972405845316751,1.529412187765247,Bad
1.5106001994372047,4.577169420401123,1.216867469879518,1.2397336399437795,Moderate
2.502239492380437,3.1612380762071037,1.0816167990672367,1.7891228319255417,Moderate
2.182442495831729,6.316439321434957,1.0326467252234746,1.908989651897432,Bad
1.8438339567779425,5.318595332498974,1.083948698017878,1.2297451378355222,Bad
3.708868312430294,6.2178097031015005,1.3264671682860474,1.6143174523559356,Bad
1.8196476325598143,6.308488373315945,1.0851146614846483,1.544395540261733,Bad
2.803108013608581,2.82209227727354,1.0036499494753206,1.7341842723278256,Good
2.906863797176796,4.841349137069718,1.0693489280994948,1.9739179122716053,Bad
4.587638092355598,3.323002008771284,1.1119315973571706,2.428413337554421,Bad
2.0466082292108494,4.194577369245817,1.3726813462883791,1.4395120727863295,Moderate
2.102310043350708,1.61127646372117,1.0919438041197047,1.899001149789174,Good
1.6315318205278428,1.6862425459861383,1.0757870097162845,1.034961555381201,Good
1.5912212801642969,2.569649674494915,1.102603973571706,1.174805379569606,Good
2.013138226304836,2.534154370392184,1.0046638258841818,1.5543840423699908,Good
1.1773663775996026,4.450900791939674,1.0746210742324136,1.234738789555551,Good
1.8922066052141973,6.150794568955543,1.079284872133696,1.1098783178636322,Moderate
1.9137056030726651,3.788321782022023,1.1877186070734551,2.07380652935878,Good
1.438041226782822,4.797997538992249,1.289156617178391,1.414539019513386,Good
2.8059122082868626,4.383885657793717,1.0754321585697628,1.7192009198313394,Bad
3.896750452321887,1.2681551907281006,1.0778654675476098,3.42730310443077,Moderate
1.438041226782822,2.8812511174447586,1.0,1.1648168774613483,Good
2.023887725234069,5.874688430108432,1.2611737178390985,1.349611957807412,Bad
2.101821415104637,5.287075502455749,1.0163233486202876,1.294672199541496,Moderate
2.7817258840687358,5.006993889549131,1.342790516906335,1.799112532701999,Moderate
2.7118543022708765,3.6581723336453416,1.0443062479595802,1.3396222570309548,Moderate
2.241564643197218,2.234479349620857,1.0594636610959969,1.2297451378355222,Good
2.012320341565076,1.7808966902600885,1.052149938593082,1.7391791227160542,Good
1.2418632421812763,5.93384727027965,1.0279828993392923,2.198668199718899,Bad
2.0992508925667344,4.048620678775386,1.0358911185386708,1.8091010348102567,Good
2.0776350908865093,5.141118811985318,1.0093276237854645,2.258601609704844,Moderate
1.6234697124551336,5.807673295962474,1.138748533229693,1.589345597751192,Bad
2.144819346324708,5.30676356446473,1.0011659634667702,1.4395120727863295,Moderate
1.786247479758143,3.912791981742267,1.034978624174116,1.5775399146521605,Good
2.876017526721965,3.4768149932164527,1.1824971659541392,2.0887898818552664,Moderate
1.1233852753099187,4.636328260572341,1.0012166404974738,1.1947835824543211,Good
2.3114362249950764,5.496071853012631,1.2261950936649826,1.0449500574894588,Bad
2.076817206146749,6.020645120578863,1.0571824391760591,1.3346286053109258,Bad
2.601204771331849,4.999137595574393,1.1144754947532065,1.9339627051703752,Bad
1.5528302954844304,2.222647581586614,1.0023318989506411,1.2397336399437795,Good
2.093375421693937,5.586750523227075,1.1399144966964632,1.0849052645906887,Bad
2.1553351086166974,4.648160028606586,1.0364994387874078,1.4644839273910732,Bad
2.245069918793503,3.3584973128740154,1.0948985184609406,1.254716992440266,Good
4.525828618630449,2.557817906460671,1.0599633517294986,3.097669349508073,Moderate
1.7186793389819544,5.223941188225024,1.0814048006218422,1.6492790077371366,Moderate
2.33024783199702,2.498659066289452,1.0446560342013214,1.414539019513386,Good
2.0534487666683816,4.064427920869136,1.0757870097162845,1.3596004599156697,Moderate
1.5580380948150778,6.186289873058275,1.0661413882627284,1.5543840423699908,Bad
1.7578381588346657,6.276968543272719,1.0862805969685192,1.5344058394852758,Bad
1.4031054036354604,5.464552022969405,1.0338126607073457,1.0,Moderate
2.41051837226511,2.6722547668878764,1.0021899696851924,1.978912762659834,Good
1.693341294252992,5.63407759536405,1.1200932856587642,1.0199782028847149,Bad
1.5750970640188784,6.722600254514476,1.1539059463661097,1.03995520710123,Bad
2.02634137945335,1.7730403962853507,1.048665899727944,3.50721471730143,Good
2.4323678460857145,2.565768854579683,1.0909444228527012,2.283573464309588,Moderate
3.457023406492629,1.918902432611508,1.1233791496307812,2.3584902267920187,Moderate
1.376231688560808,3.614820735567872,1.030314798289934,1.5094339848805318,Good
1.2551832636484126,4.085725103330773,1.0316328488146134,1.3596004599156697,Good
1.7468057766573766,3.760777426038303,1.024485036921881,1.4445057245063584,Moderate
1.8216339424983363,2.8970583595385087,1.067413350952196,1.5843507473629632,Good
1.419229619780879,4.821661075060737,1.3521181406917997,1.2796888470450098,Bad
1.28042114474668,4.81768560100123,1.0050877947920716,1.2497221420520372,Good
4.079024202856916,1.2169472986758938,1.048665899727944,3.402331249826026,Moderate
1.7262908074618315,5.713019151688525,1.1776305759813448,1.5743622452547057,Moderate
1.7014034023257012,5.342258868567462,1.0909444228527012,1.329633754922697,Bad
1.6664675791783397,4.624496492538098,1.0314807617567043,1.7042175673348532,Moderate
2.0738727952848666,2.755077143127583,1.2085997823552277,1.2597118428284946,Good
2.220065709835615,2.7984287412050524,1.409249902837155,1.409545367793357,Moderate
2.093759307031928,3.863287864286991,1.6331130975514965,1.4944506323840456,Good
1.365482254128439,5.235772956259268,1.0011659634667702,1.5144288352687607,Moderate
3.150830217615216,4.525866874204642,1.049882568208317,1.669256011953652,Moderate
2.016593452334205,3.0770905419475616,1.1971522580645162,1.1448386745766337,Good
2.14335352608336,3.267723988515297,1.2391266070734552,2.2086567018271563,Good
2.775065873335167,1.6665544839771569,1.0816167990672367,2.1637066443376973,Good
2.529113142958225,5.6025577653208245,1.2028760202098718,1.11986681997189,Bad
1.9728276859412897,4.746694992795767,1.2191993688301594,1.0,Moderate
2.418931020796821,4.53372316817938,1.2191993688301594,1.544395540261733,Bad
2.017928795418504,1.532429561540969,1.0255495903614458,1.409545367793357,Good
1.2888337932783904,3.461007751122703,1.0012166404974738,1.329633754922697,Good
1.3305464309810775,3.823817086124754,1.0620490291488536,1.639289306960679,Good
2.1578722862756115,5.342258868567462,1.8248872102603968,1.6243059544641931,Bad
2.4296805197260545,4.312895049588255,1.1982121943256898,1.3446171074191833,Bad
1.7010528618666996,3.149406308172859,1.0024333089778468,1.0,Good
2.475365777305785,4.352365827750491,1.546832500582977,1.4594890770028446,Moderate
2.0803224817430337,5.547374399209112,1.0165353470656822,1.4861270804051978,Moderate
1.6960286851095163,2.577600622613927,1.1667314325689857,1.3795786628003843,Good
1.980889794013999,4.403573719802698,1.037310523124757,1.779134329817284,Good
2.780674327188596,5.535542631174868,1.035282798289934,1.3446171074191833,Moderate
1.544017056926803,4.565337652366879,1.007786549553051,1.5044391344923034,Good
2.381307871289799,3.2913875245837847,1.01199265915274,2.608213567512256,Moderate
2.289937291633473,6.821229872847932,1.037310523124757,1.6892342148383668,Bad
1.2848611734013469,2.920721895606996,1.012825486202876,1.0,Good
2.351629961536865,4.273424271426018,1.01703307889623,1.234738789555551,Good
1.5075622681216787,4.15510659108358,1.0038158600855034,1.3596004599156697,Good
2.5318005338147493,3.989461838604167,1.047804110376992,2.0088794676528066,Moderate
3.047775450468139,3.0272078079151896,1.034978624174116,1.834072889415001,Moderate
1.663396302983825,3.2756749366343088,1.0763170058297706,1.1448386745766337,Good
3.192893395776905,1.5521176235499512,1.280994956859697,1.7391791227160542,Moderate
3.706064117752012,1.2642743708128688,1.0644823381267003,3.0826859970115867,Moderate
2.1851298866882534,5.776058811774976,1.2926544795958026,1.15982202707312,Bad
1.1794695558567465,4.939978755403175,1.0036499494753206,1.0,Good
1.6068568680636446,3.567493663430897,1.01703307889623,1.2530520423108564,Good
5.38578679155381,1.1735010464541509,1.1727639860085504,4.900666499474649,Bad
1.544017056926803,3.752258553053648,1.0279828993392923,1.329633754922697,Bad
2.7145416286305366,1.6625790099176507,1.0466381748931208,2.2336297551001,Good
1.4807947793829923,3.5043593492001723,1.0216231418577535,1.094894965367146,Good
1.9701403595816296,3.764658245953535,1.1515740474154683,1.4395120727863295,Moderate
2.8919080062301394,5.074103677839361,1.6109599595802564,1.419533869901615,Bad
1.9615896232628496,2.6367594627851454,1.0470621438010106,1.5593788927582195,Good
1.5777843903785382,1.812416520303314,1.2844928192771086,1.0,Good
2.278720448423481,4.7111996886930365,1.0036499494753206,1.5593788927582195,Bad
1.7309644437600131,3.614820735567872,1.1853867081228138,1.0,Good
2.5237384257420405,3.6108452615083664,1.0513019727944035,2.258601609704844,Moderate
2.69093951701179,5.44476930681615,1.0291995398367664,1.2996670499297247,Bad
1.9002687132869067,6.304607553400713,1.2366886809172173,1.5244173373770182,Bad
4.821439226464165,1.7927284582943324,1.2378546443839875,3.3823530469413114,Bad
2.3235878212634518,4.703343394718299,1.0966681849980566,1.709212417723082,Bad
2.744102734561713,3.279555756549541,1.2133696074621063,1.6243059544641931,Moderate
1.8531176354658283,3.914590410483472,1.6144071449669646,1.0,Moderate
3.421319812669287,4.068403394928641,1.172561221919938,2.1087680847399817,Moderate
1.171056907325036,4.762502234889517,1.0279828993392923,1.11986681997189,Good
2.451179453087658,2.214696633467602,1.0186552755538285,1.529412187765247,Good
1.6926402133349892,4.920290693394192,1.0356145915274,1.3795786628003843,Moderate
3.6724135881220334,3.2756749366343088,1.0888152879906725,2.318535019690789,Moderate
1.378568538958331,3.5596373694561594,1.0432463116984063,1.2397336399437795,Good
2.521051034885516,2.7984287412050524,1.0174893120870578,1.469478777779302,Good
1.795461308341687,4.9321224614284365,1.024485036921881,1.4594890770028446,Moderate
1.6421644511384548,5.507903621046875,1.0340661298095608,1.4045505174051285,Bad
1.765900266907375,5.287075502455749,1.1609016712009328,1.4295223720098722,Bad
2.9965986073536017,3.764658245953535,1.2531180567431015,1.7192009198313394,Moderate
2.4941773843077284,4.036788910741142,1.4057520404197434,1.234738789555551,Bad
1.6100328226693752,5.101648033823081,1.0256510003886514,1.325353310781501,Moderate
2.545120555281886,5.294931796430487,1.0766487990672369,2.967814027427925,Bad
2.688135322333508,5.310739038524236,1.274962403420132,1.374583812412156,Moderate
2.5747984650348203,4.170913833177329,1.041974349008939,1.644284157348908,Good
1.7632128760508503,4.770358528864255,1.2180334333462883,1.1148719695836613,Bad
1.38417699281176,5.6025577653208245,1.0462326187329964,1.0,Moderate
2.220065709835615,4.829517369035474,1.0338126607073457,1.5194224869887896,Bad
1.6422812549602122,4.387861131853223,1.1783909832879906,1.899001149789174,Bad
1.211157123413181,3.019256859796178,1.0138697800233192,1.1498335249648624,Good
1.927142428361559,3.0272078079151896,1.2518460940536338,1.3046619003179534,Good
2.3348046644734435,1.7690649222258448,1.0076648799067236,2.613207219232285,Moderate
1.3048942865216022,5.259436492327756,1.0292548620287605,2.198668199718899,Bad
1.6309476079284622,5.523710863140624,1.2457628635833655,1.884017797292688,Bad
1.5535980661604107,6.154675388870776,1.258841818888457,1.7891228319255417,Bad
1.50791280858068,5.101648033823081,1.0151574131364167,1.234738789555551,Moderate
2.088384589815744,2.411955870134514,1.0851146614846483,1.3645953103038984,Good
2.1958793856174874,2.841780339282521,1.1154294597745822,1.918979352673889,Good
2.2576888593426365,5.101648033823081,1.0513019727944035,1.174805379569606,Bad
1.2606748491832194,4.356246647665724,1.0,1.3196452528144396,Good
3.3836965986654013,2.810260509239296,1.0617955600466382,1.4794672798875594,Moderate
1.4998507005079709,6.332151909384432,1.0023318989506411,1.0299667049929724,Bad
1.8922066052141973,3.7449701839445537,1.0279828993392923,1.419533869901615,Good
1.86802028099607,3.070559405992659,1.0408083855421686,1.5094339848805318,Good
2.924156438520976,5.168757822113311,1.1818888457054022,1.644284157348908,Bad
1.4434159439990064,4.139394003134104,1.215701506412748,1.0998886170871751,Good
2.660093182060094,6.42292523374315,1.1154294597745822,1.609322601967707,Bad
2.6253209874581764,2.0801930944543185,1.0706936463272445,1.7333032512010322,Good
2.390888880523407,1.5915884017121882,1.0450159782355228,1.5593788927582195,Good
1.7605255496911902,3.236204158472072,1.064127486980179,1.5194224869887896,Good
1.9782024676543388,5.368288758242798,1.1189273221919938,1.7192009198313394,Bad
1.3305464309810775,4.383885657793717,1.6424407213369607,1.4245287202898431,Bad
2.193191994760963,2.131874257227896,1.053633899727944,1.274695195324981,Good
3.574499866050762,1.252442602778625,1.029148862806063,1.9539397093868904,Moderate
1.6261570388147937,5.874688430108432,1.13291877186164,1.609322601967707,Bad
1.8020045152534976,5.2042531262160425,1.158164216090167,1.1847950803460634,Moderate
3.248977611826868,2.0411955870134517,1.2019635258453167,2.603218717124027,Moderate
1.3811178420277868,3.8514560962527473,1.0139914496696465,1.0199782028847149,Good
1.9352045364342685,4.790141245017511,1.2425184702681695,1.3795786628003843,Bad
4.482830687410378,1.1735010464541509,1.0466381748931208,2.982797379924412,Bad
2.3383099400697285,4.54953041027313,1.0034978624174116,1.5743622452547057,Moderate
2.045386658595673,4.675704384590305,1.138748533229693,1.0449500574894588,Bad
2.647357437689203,1.4811270153444884,1.0816167990672367,1.2497221420520372,Good
2.32919627511688,2.1753205094496386,1.021241567042363,1.2896785478214672,Moderate
2.295545745486902,5.074103677839361,1.0036499494753206,2.2635964600930727,Bad
4.461331754048775,2.6761355868031087,1.1332519082782744,2.768035594585376,Bad
2.269415550267148,4.691511626684054,1.4871568410415856,1.7042175673348532,Bad
1.24396642043842,5.038608373736629,1.0,1.2247502874472935,Good
1.489101201578737,3.2401796325315777,1.013641663427905,1.2397336399437795,Good
1.5267244155826232,5.014944837668143,1.174893120870579,1.3196452528144396,Moderate
2.47805316816231,2.5094496387366823,1.3031480668480373,2.3584902267920187,Good
1.6057096623333302,4.947835049377912,1.0110714900893898,1.7541624752125404,Moderate
2.1697386129119414,7.243198048021203,1.0445182464049747,1.4528304751534062,Bad
2.497448923266769,3.3939926169767465,1.041366028760202,1.3645953103038984,Good
1.1289937291633474,6.738407496608226,1.005829761368053,1.7941176823137703,Bad
1.6479003507962968,4.013125374672654,1.005829761368053,1.2896785478214672,Good
3.736910452703708,1.6744107779518946,1.0,3.117647552392788,Moderate
2.397432087435217,2.549961612485933,1.1539059463661097,1.5244173373770182,Good
1.3708569713446237,4.884795389291462,1.037310523124757,1.3246389045344684,Moderate
2.565514786346934,1.8321992364565696,1.0368865542168677,2.2186464026036137,Good
1.3520453643426806,4.107779518946605,1.0186552755538285,1.0,Good
1.1009515888899335,6.229641471135745,1.0617955600466382,2.198668199718899,Bad
1.1233852753099187,4.636328260572341,1.0012166404974738,1.1947835824543211,Good
2.9461227806602026,4.198552843305323,1.026766258841819,1.4744724294993308,Moderate
1.2418632421812763,4.628377312453329,1.011193159735717,1.5643725444782484,Good
2.0227360047232343,2.2399692899887467,1.0055965798678586,1.6063846662101962,Good
2.795162709357629,2.072715417056677,1.4302370773416246,2.857935709564293,Bad
1.419229619780879,3.5833009055246468,1.0,1.1648168774613483,Good
4.321588525956194,1.0887855873289651,1.0559657986785853,3.4133182425446496,Moderate
2.351746765358622,1.6520723999032425,1.5724834729887291,1.804106184422028,Bad
3.0638996666135574,5.361946930576443,1.1539059463661097,1.6842393644501383,Bad
1.5724096731623538,3.934278472492454,1.125923047026817,1.11986681997189,Good
1.693341294252992,5.63407759536405,1.1200932856587642,1.0199782028847149,Bad
2.676918479123516,2.463163762186721,1.0198212110376992,1.4295223720098722,Moderate
3.6819945973556414,3.113911004070128,1.008516539448115,2.3784684296767336,Moderate
1.2187284748432885,5.030657425617618,1.0133831294209097,1.274695195324981,Good
1.6561854890267294,5.669572899466782,1.041366028760202,1.0,Bad
1.9728276859412897,3.378185374882997,1.7123979696851923,1.3945620152968707,Bad
3.445272400250171,2.1437060252621394,1.1046316984065294,2.623196920008742,Moderate
1.878769779925304,4.068403394928641,1.2191993688301594,1.059933409985945,Moderate
2.381307871289799,3.5043593492001723,1.4698795273999223,1.6892342148383668,Moderate
3.661196744912041,1.7217378500888696,1.083948698017878,2.488346747540366,Moderate
2.040362481838489,4.868988147197712,1.0126531395258451,2.0088794676528066,Bad
1.4461033348555312,4.470683508092929,1.0510992087057909,1.4445057245063584,Good
1.6253391540750337,4.234048147408054,1.0597816587640887,1.2397336399437795,Moderate
2.0856971989592186,4.983330353480644,1.0862805969685192,1.2697003449367523,Moderate
1.0981473942116515,4.525866874204642,1.0316328488146134,1.419533869901615,Good
1.7593039790760132,5.890495672202181,1.1399144966964632,1.4245287202898431,Bad
2.842366932595122,4.991281301599655,1.1070650073843762,2.138734789732954,Bad
2.43505523694224,4.896627157325705,1.1993781577924605,1.389567164908642,Moderate
4.942721388013805,1.201140056582144,1.1557309071123203,2.902885767053752,Bad
1.752463441618481,3.1415500141981214,1.3211950221531286,1.4544954252828155,Moderate
1.2767990653286376,3.40582438501099,1.029148862806063,1.0,Good
1.6127202135259,6.797566336779445,1.2145355709288768,1.3596004599156697,Bad
1.880522417723446,3.1297182461638777,1.0508780038865138,1.639289306960679,Good
1.548223348944226,5.768202517800238,1.0198212110376992,1.4994454827722743,Bad
2.303958329521748,3.6424597456958656,1.0194663598911775,1.6892342148383668,Moderate
2.2030067406318143,2.2581428856893453,1.0228951045472212,1.639289306960679,Good
1.3601074724153897,5.855000368099449,1.0256510003886514,1.0,Moderate
1.661092861962155,6.324295615409695,1.1947143319082782,1.1947835824543211,Bad
1.5748633273816344,3.0390395759494333,1.0012166404974738,1.6592675098453944,Good
1.3981980307000346,5.590725997286581,1.0268169358725223,1.034961555381201,Bad
1.5643475650896446,3.804129024115772,1.3859308293820445,1.329633754922697,Bad
2.397432087435217,1.0828223762397065,1.162067634667703,1.644284157348908,Good
2.632943355908168,1.4062555872237938,1.1042999051690634,1.274695195324981,Good
2.3409973309262533,4.5731939463416165,1.0501360373105324,2.0887898818552664,Moderate
1.0673010592599557,4.967617765531168,1.0,1.3596004599156697,Good
1.9943266837997573,4.87684444117245,1.215701506412748,1.414539019513386,Moderate
4.491243335942089,1.3746411030362946,1.1472143956471046,2.967814027427925,Moderate
3.633621948919387,1.2287790667101377,2.43645549008939,2.058823176862294,Bad
2.800303754433434,3.81198531809051,1.0559657986785853,1.2796888470450098,Moderate
1.5356044083950926,4.525866874204642,1.0790821080450836,1.0,Moderate
1.2211320794956535,3.285235005205978,1.0026650353672757,1.2130968352096263,Good
1.5916886244450557,5.484240084978387,1.1897970649047804,1.4345172223981009,Bad
1.7627455317700913,3.0114005658214404,1.284695583365721,1.5194224869887896,Bad
2.9601438185484774,5.910183734211162,1.0218996688690245,1.5344058394852758,Bad
2.906863797176796,4.841349137069718,1.0693489280994948,1.9739179122716053,Bad
2.1663182796863105,5.728731739638,1.054799835211815,2.4134299850579346,Bad
2.531099452896747,3.354521838814509,1.0,2.0238628201492928,Moderate
1.9943266837997573,3.40582438501099,1.1294209094442285,1.2896785478214672,Good
1.700670459956595,3.839624328218504,1.0,1.1498335249648624,Good
3.764151348428424,1.5442613295752132,1.0903084554994171,4.006659001405504,Moderate
2.2576888593426365,3.93825394655196,1.08861252390206,1.03995520710123,Good
1.5724096731623538,4.139394003134104,1.0081616883015934,1.0799116128706598,Good
4.266906407245372,2.4513319941524774,1.1180148278274389,3.447281307315485,Moderate
3.4200345191519035,4.498227864076648,1.0304162083171395,1.8140958851984847,Bad
2.155568845253941,2.8772756433852527,1.3253012048192772,1.349611957807412,Moderate
2.201254102833672,5.247604724293511,1.2087057815779243,1.6742508623418806,Moderate
3.731301998850279,1.6744107779518946,1.0693489280994948,2.743063739980632,Moderate
2.107663541098445,5.314619858439468,1.0,1.0849052645906887,Moderate
1.4626948952817085,3.366353606848753,1.002068300038865,1.609322601967707,Good
1.058888410728245,4.166938359117824,1.0024333089778468,1.0749167624824312,Good
2.7890869112234418,3.0784156999673966,1.0291995398367664,1.3695889620239272,Moderate
1.8020045152534976,3.43336874099471,1.0377160792848814,1.449500574894587,Good
1.25491618213218,6.024525940494094,1.0279828993392923,1.589345597751192,Bad
2.3678709815040406,4.947835049377912,1.1643995336183444,1.5194224869887896,Bad
2.6930426952689337,3.654291513730109,1.1294209094442285,2.058823176862294,Moderate
2.93490593745021,6.474133125795357,1.0076316921881072,1.5344058394852758,Bad
1.9728276859412897,3.354521838814509,1.263505644772639,1.0,Moderate
3.510003001469088,1.7138815561141318,1.289156617178391,2.333518372187275,Moderate
2.245069918793503,3.3703290809082587,1.0921103863194714,1.0699219120942025,Good
2.128695130179289,4.048620678775386,1.037893518849592,1.294672199541496,Good
1.9422150876268376,4.612664724503855,1.0546938359891178,1.5244173373770182,Moderate
2.220065709835615,2.7984287412050524,1.409249902837155,1.409545367793357,Moderate
2.453866843944182,3.524142065353428,1.1130975608239408,2.058823176862294,Moderate
1.7766497658366087,3.2401796325315777,1.0676253493975905,1.5993340998594494,Good
2.2684383582718706,2.534154370392184,1.1130975608239408,1.414539019513386,Good
1.720682353608403,7.99655038229757,1.0437993097551497,1.609322601967707,Bad
1.927142428361559,5.010969363608637,1.1562378453167508,1.234738789555551,Bad
2.744347048684749,4.510059632110892,1.284695583365721,1.8740292951844304,Moderate
3.239800223971812,5.145094286044824,1.0292548620287605,1.6243059544641931,Bad
1.3729601496017674,2.755077143127583,1.0572377613680528,1.2397336399437795,Good
2.0319498333067787,2.2581428856893453,1.064127486980179,1.4794672798875594,Good
2.7531420346296995,3.8909268744149847,1.1055718398756316,1.8140958851984847,Moderate
1.995495108998519,5.397442234679175,1.0060832304702685,1.4994454827722743,Moderate
1.6879665770368073,6.0285014145536,1.1154294597745822,1.1498335249648624,Bad
1.0644968645816737,4.0959477509123605,1.0279828993392923,2.198668199718899,Good
2.41051837226511,2.6722547668878764,1.0021899696851924,1.978912762659834,Good
1.7680990295178285,3.771284036052712,1.029148862806063,1.7841291802055128,Good
1.50791280858068,4.750670466855274,1.0034978624174116,1.2197554370590649,Good
2.894595397086664,5.06615272972035,1.247182268169452,1.7042175673348532,Bad
1.6960286851095163,4.332583111597236,1.1037699090555773,1.724195770219568,Good
3.509769264831845,2.6564475247941277,1.0377160792848814,1.9039960001774028,Moderate
3.1095849241932885,2.273855473638821,1.0874465604352896,1.8790229469044597,Moderate
3.606748298341599,5.042489193651862,1.2623396813058687,2.59323021501577,Bad
1.384049482510482,5.7603462238255,1.1399144966964632,1.4944506323840456,Good
1.7974157568291056,5.55523069318385,1.0750450431403031,1.2097669349508071,Bad
2.466602588315073,4.364197595784735,1.0316328488146134,2.238623406820129,Bad
1.580471781235063,3.007993016627578,1.008744656043529,1.128428906922482,Good
1.1990990475984495,3.654291513730109,1.0048665899727944,1.3596004599156697,Good
2.7531420346296995,4.652040848521818,1.020351207151185,1.4295223720098722,Bad
2.037324550522963,3.957942008560941,1.2063738826272834,2.083796230135237,Good
2.2872499007769487,4.936003281343668,1.0209871745044694,1.4544954252828155,Moderate
3.3302997734719626,1.7493768602168631,1.152080985619899,2.7330740392041744,Good
4.609020221895444,1.307625968890338,1.1800638849591916,4.246392641349285,Bad
2.6903553044124093,5.13326251801058,1.7415468324912553,1.9339627051703752,Bad
2.2254404270518,4.107779518946605,1.0656989786241742,1.9039960001774028,Good
1.599283388237006,5.993006110450869,1.0069957248348231,1.0,Bad
1.496345424911686,3.0665839319331534,1.0304162083171395,1.4345172223981009,Good
1.90856455799686,5.638053069423556,1.035282798289934,1.4445057245063584,Bad
1.733651834616538,5.156926054079068,1.0991061111542946,1.4644839273910732,Moderate
2.867477367888976,4.328702291682004,1.0279828993392923,1.4794672798875594,Moderate
1.9842782657885265,5.231797482199762,1.1240980862806065,1.1698117278495772,Bad
2.242265724115221,4.498227864076648,1.0948985184609406,1.4794672798875594,Good
1.5702880488019395,3.1475132252873803,1.0117822837155073,1.2397336399437795,Good
1.9733163141873604,2.55393708654544,1.0034978624174116,1.609322601967707,Good
3.437444028814705,1.3904483451300442,1.5503303630003886,1.9139845022856603,Moderate
1.56084228949336,5.547374399209112,1.0559657986785853,1.1498335249648624,Moderate
1.9879747100914311,2.443475700177739,1.0457902090944422,1.409545367793357,Good
2.445804735871473,5.235772956259268,1.0617955600466382,1.5943392494712207,Moderate
3.3595102744472736,2.4829464783399766,1.0582976976292269,2.7230855370959173,Moderate
3.665870381210224,4.352365827750491,1.284695583365721,1.6592675098453944,Moderate
2.0936425032101704,2.447451174237245,1.0890364928099494,1.4894557819958172,Good
1.791161560367485,3.871144158261729,1.209263424795958,1.0249718546047435,Good
2.400503363629732,4.415405487836942,1.1480761849980567,1.7891228319255417,Moderate
2.6339205479034447,4.50617881219566,1.204041983676642,2.333518372187275,Bad
1.50791280858068,4.210384611339567,1.08861252390206,1.2247502874472935,Moderate
1.368169580488099,6.162626336989788,1.0093276237854645,1.7192009198313394,Bad
3.815428355173657,2.368509617912771,1.0462326187329964,2.743063739980632,Moderate
2.158139367791844,6.032476888613106,1.0474492592304705,1.03995520710123,Bad
3.596699880330368,1.6073956438059378,1.0936818779634667,2.0688128776387518,Moderate
1.211157123413181,3.019256859796178,1.0138697800233192,1.1498335249648624,Good
2.163875267449686,4.427237255871185,1.054916439953362,1.274695195324981,Good
1.3518010502196454,4.103898699031372,1.0,1.419533869901615,Good
1.8062108072709209,2.8536121073167653,1.0089036548775747,2.0088794676528066,Good
2.8327859233615147,2.845755813342027,1.0443062479595802,1.4644839273910732,Moderate
1.6480399220112514,5.746905335338599,1.0493032102603963,1.7072142378341502,Moderate
1.4434159439990064,3.3584973128740154,1.0,1.2597118428284946,Good
1.529995954541664,6.16650715690502,1.0,1.0799116128706598,Moderate
2.3851469181602942,3.6450154075912624,1.050635727944034,1.5460604903911426,Moderate
3.823841003705367,3.606964441593135,1.0742155180722892,2.07380652935878,Bad
2.7442195383834718,5.243629250234005,1.0316328488146134,1.3046619003179534,Moderate
1.0925390048550874,6.320320141350189,1.0742155180722892,1.2397336399437795,Moderate
1.2418632421812763,2.8970583595385087,1.13291877186164,1.0249718546047435,Bad
1.857270846563701,4.308919575528749,1.1609016712009328,1.3396222570309548,Bad
2.020732990096786,3.5990134934741222,1.0279828993392923,2.0288564718693216,Good
1.3252885175866504,5.940946331100196,1.0535324897007383,1.1798002299578347,Moderate
5.767159525190423,1.81639199436282,1.1569475755926937,3.407324901546055,Bad
2.643267949493538,4.596857482410105,1.1155815468324912,1.409545367793357,Moderate
2.7971171578450478,4.821661075060737,1.1107656338904004,1.6193123027441645,Bad
1.8814571707818284,2.2423356435955952,1.060629624562767,1.0049948503882289,Good
2.7360406264890047,6.2848248372474576,1.1842207446560435,1.7042175673348532,Bad
1.4165422289243543,5.720875445663262,1.005829761368053,1.0,Bad
1.81427291534363,4.951810523437418,1.026583754372328,1.6980480221108998,Moderate
2.209316210906381,4.982194503749355,1.0046638258841818,1.3845723145204134,Bad
1.852480277450032,5.764227043740732,1.0693489280994948,1.2247502874472935,Moderate
1.7685876577638997,3.9461102405266977,1.0011659634667702,1.1997784328425498,Good
2.2066288200498567,3.1928525603946025,1.2180334333462883,2.6581572767217434,Moderate
4.472081188481145,1.4219681751732698,1.2063738826272834,3.8018869168429257,Moderate
3.4938787853236697,1.67980606417551,1.0742155180722892,2.792554352610626,Good
1.748724493881817,2.6091204526571525,1.0023318989506411,1.3096555520379822,Good
1.8303971314890488,3.169189024326115,1.0,2.093784732243495,Good
2.4553857451050805,5.452720254935162,1.068132287602021,1.9139845022856603,Bad
2.668505830591805,5.665692079551549,1.0961151869413135,1.374583812412156,Bad
1.8496760827717504,6.154675388870776,1.164247446560435,1.6143174523559356,Bad
3.122788077341802,5.397442234679175,1.0705655685969686,1.669256011953652,Bad
1.6100328226693752,5.563086987158588,1.02215313797124,1.354605609527441,Moderate
2.187817277544778,3.125742772104372,1.036144587640886,1.2247502874472935,Moderate
2.191789897421822,2.52232260235794,1.0012166404974738,1.5394006898735046,Good
2.5828605731075296,2.569649674494915,1.0513019727944035,1.9889012647680917,Good
2.088384589815744,5.145094286044824,1.1270890104935871,1.4544954252828155,Bad
2.968556467080188,6.067972192715837,1.058399107656432,1.6193123027441645,Bad
2.822737505350284,3.4531514571479653,1.0729988775748154,2.6681469774982007,Moderate
1.3449180093283537,5.017500499563539,1.0535172949863971,1.354605609527441,Bad
1.4626948952817085,5.105623507882586,1.0474492592304705,1.5244173373770182,Good
1.9405792536504527,2.514466308383202,1.029148862806063,1.544395540261733,Good
2.382476296488561,3.63848427163636,1.1301813167508743,2.1637066443376973,Good
2.272347255246707,3.748945658004059,1.0165353470656822,1.6892342148383668,Good
2.3436846572859134,2.770789731077059,1.1247570835600469,1.3645953103038984,Moderate
2.0151245362433574,2.6682792928283705,1.0632656976292263,1.7142060694431107,Good
1.2383579665849915,4.170913833177329,1.0114475522736106,1.3246389045344684,Good
1.7820244830527932,4.9123397452751805,1.138748533229693,1.3845723145204134,Bad
1.9620782515089203,5.365922404635949,1.1492421204819276,1.8190895369185145,Moderate
2.020732990096786,4.87684444117245,1.0888152879906725,1.5194224869887896,Bad
4.036961089192091,2.411955870134514,1.0992121103769918,2.683130329994687,Moderate
2.8972827879431886,2.139825205346908,1.054799835211815,1.6592675098453944,Good
3.3160237794779963,2.534154370392184,1.0620490291488536,2.8928972649454945,Moderate
2.568446491326494,6.119180084768044,1.1551779090555772,1.899001149789174,Bad
2.3482916038261177,6.698936718445989,1.243329554605519,1.1648168774613483,Bad
1.5750970640188784,3.098198416120652,1.1923824329576371,1.1348501724683762,Good
3.792994668753671,3.2007088543693403,1.0693489280994948,2.223640054323643,Bad
2.994028084815699,3.165213550266609,1.0489700738437622,1.7491676248243118,Moderate
2.2759162537451987,1.7532576801320952,1.0216231418577535,1.9639294101633475,Good
1.3950432955627512,5.642028543483062,1.0594636610959969,1.254716992440266,Moderate
1.9338024390951272,6.9080277231471445,1.0072998989506412,1.294672199541496,Bad
2.8575096999522014,2.8772756433852527,1.386430520015546,1.7142060694431107,Moderate
1.9163929294323248,3.2007088543693403,1.1760590843373495,1.4544954252828155,Good
2.3808192430437285,4.9123397452751805,1.0241670392537894,1.374583812412156,Bad
2.295545745486902,5.074103677839361,1.0036499494753206,2.2635964600930727,Bad
1.914172947353424,5.748514455791256,1.024332949863972,1.0,Bad
1.8945434556117209,4.139394003134104,1.0178073097551497,1.5493891919817622,Good
1.795461308341687,7.211678217977977,1.2224640497473769,1.4245287202898431,Bad
2.1367572382519984,2.1121861952189143,1.3686442813835988,1.059933409985945,Bad
2.510301600453147,3.977630070569923,1.0734551107656432,1.5044391344923034,Good
1.8841444971414885,5.448744780875656,1.1539059463661097,1.0,Moderate
3.549028248315251,3.232228684412566,1.1061018359891177,2.0638180272505227,Moderate
1.7067781195418856,5.042489193651862,1.0979401476875243,1.11986681997189,Bad
2.418931020796821,2.471114710305733,1.0304162083171395,2.4483903417709363,Good
2.1394446291085227,4.352365827750491,1.0461717839098328,1.6892342148383668,Moderate
2.0684045576150387,4.734863224761524,1.032849489312087,1.7691458277090266,Bad
2.6937437761869365,4.34441487963148,1.0279828993392923,1.6243059544641931,Moderate
1.927142428361559,1.8755508345340384,1.0,1.374583812412156,Good
2.148850400361062,4.495482893892704,1.1772250198212204,1.3878039239868556,Bad
1.6073454963097151,5.898351966176919,1.0408083855421686,1.03995520710123,Bad
1.2860295986001085,3.43336874099471,1.0717822090944422,1.314650402426211,Good
1.784711873909318,4.048620678775386,1.0174893120870578,1.0,Good
1.8814571707818284,4.7111996886930365,1.0501360373105324,1.569367394866477,Moderate
2.0856971989592186,3.768633720013041,1.0594636610959969,1.5793558969747346,Moderate
1.5374738500149925,4.652040848521818,1.258492032646716,1.804106184422028,Bad
4.135108483403743,2.0096757569702257,1.1046316984065294,3.037735939522128,Moderate
2.547924749960168,2.8852265915042645,1.167897396035756,2.058823176862294,Good
1.9842782657885265,5.231797482199762,1.1240980862806065,1.1698117278495772,Bad
1.328092776761797,6.0166696465193565,1.0133831294209097,1.2397336399437795,Good
3.010619645241876,2.1753205094496386,1.0340661298095608,2.298556816806074,Moderate
1.4165422289243543,3.5911571994993845,1.0408083855421686,1.1448386745766337,Good
1.5132875257968648,5.310739038524236,1.1352506708122814,1.409545367793357,Moderate
5.004414057917196,4.261592503391773,1.0,2.7530522420888897,Bad
1.830046591030047,3.8987831683897225,1.0036499494753206,1.3446171074191833,Good
1.784711873909318,4.01710084873216,1.0687912848814614,1.839067739803229,Good
1.7555347178129956,5.196302178097031,1.094124287602021,1.5743622452547057,Moderate
1.4094148739100274,4.009244554757423,1.0109498204430625,1.3845723145204134,Good
1.8814571707818284,4.7111996886930365,1.0501360373105324,1.569367394866477,Moderate
2.932101742771928,1.4627641113553422,1.0291995398367664,3.067702644515101,Moderate
1.6637802528186798,4.758526760830012,1.2273610571317528,1.5943392494712207,Moderate
1.8707076718525943,5.125311569891568,1.102603973571706,1.3945620152968707,Bad
1.5320991327988076,5.436913012841412,1.0,1.3845723145204134,Moderate
2.800537491070678,5.685380141560532,1.06645938593082,1.5144288352687607,Bad
1.830046591030047,2.5550729362767264,1.0,1.5194224869887896,Good
3.461630353032833,5.4053931827981865,1.2215312957637,1.8140958851984847,Bad
3.5007193227812023,4.364197595784735,1.9565063723280216,2.4334069892744496,Bad
1.601970714596666,3.5478056014219157,1.060629624562767,1.0899001149789174,Good
2.956404870811813,5.855000368099449,1.2133696074621063,1.958934559775119,Bad
1.7431160400283885,4.24976073535753,1.0304162083171395,1.4544954252828155,Bad
2.822737505350284,2.5421053185111955,1.024332949863972,1.729189421939597,Moderate
2.668856371050806,5.121430749976336,1.1189273221919938,1.1248616703601186,Bad
1.6369065377440275,3.871144158261729,1.1154294597745822,1.3446171074191833,Good
2.6903553044124093,4.20640913728006,1.0443062479595802,1.5543840423699908,Moderate
2.647357437689203,1.560068571668963,1.0384764865915277,1.7042175673348532,Good
2.489036339231923,2.6682792928283705,1.0754321585697628,1.8440625901914576,Good
3.829449393061931,1.6704353038923887,1.0693489280994948,3.677025246482808,Moderate
1.4879327763799757,4.963642291471661,1.0,1.374583812412156,Good
1.5240370247260986,5.2752437344215055,1.0571317621453555,1.0,Moderate
1.8814571707818284,3.677955049798597,1.4605518756315583,1.4794672798875594,Moderate
2.8928427592885217,2.6012641586824143,1.158164216090167,1.2647054945485237,Moderate
1.905643494999956,3.7962727301410335,1.222697231247571,1.4994454827722743,Good
1.6691549700348642,5.168757822113311,1.0384764865915277,1.9639294101633475,Moderate
3.439664010893607,1.2366353606848752,1.0231163093664983,2.083796230135237,Good
3.2696753651366373,2.80628503517979,1.0165353470656822,1.7591561269325693,Moderate
1.3816064702738573,6.580619038103552,1.0,1.15982202707312,Bad
2.264855170463171,5.55523069318385,1.0359113781577924,1.892341349271536,Bad
1.4864138752190772,3.062703112017921,1.0151574131364167,1.0,Good
1.4767159331699828,5.500047327072137,1.0133831294209097,1.4894557819958172,Good
2.382476296488561,2.573625148554421,1.0048665899727944,1.779134329817284,Good
1.9730614225785337,5.5394234510901,1.0163233486202876,1.3995556670168998,Bad
2.1797551694720694,3.319026534711778,1.030314798289934,1.7591561269325693,Good
3.1794565704880107,5.4014177087386805,1.3089778561989895,2.4184236367779635,Bad
1.2607916530049768,6.9080277231471445,1.0863820069957248,1.0699219120942025,Bad
2.578771084911864,4.589001188435367,1.0377160792848814,1.799112532701999,Bad
2.598984789252948,4.845324611129223,1.0186552755538285,1.5394006898735046,Bad
2.255001468486112,3.4413196891137217,1.0513019727944035,1.6492790077371366,Good
3.8701104738844783,3.1928525603946025,1.3381266910221532,1.8440625901914576,Moderate
2.057187714405046,4.474564328008161,1.0072998989506412,1.5094339848805318,Moderate
1.5132875257968648,3.3623781327892472,1.0139914496696465,2.503330100036852,Good
1.5384086030733746,3.3623781327892472,1.1119315973571706,1.5993340998594494,Good
1.2860295986001085,6.340102857503444,1.026766258841819,1.0049948503882289,Bad
1.5912212801642969,5.799722347843463,1.0198212110376992,1.294672199541496,Moderate
2.5506121408166926,3.989461838604167,1.434343260007773,1.6742508623418806,Moderate
2.4834278853784943,2.0766908911161828,1.0547491581811117,1.5643725444782484,Good
5.291728885537824,1.8242482883375577,1.3253012048192772,5.285238813995064,Bad
1.5944928191233376,4.766477708949024,1.116798187329965,1.0899001149789174,Moderate
3.6275461507852,1.9860122209017383,1.015816410415857,2.508323751756881,Moderate
1.776766569658366,2.7944532671455464,1.0012166404974738,1.3845723145204134,Good
2.915276445708507,2.573625148554421,1.276179043917606,2.323529870079017,Moderate
1.518779111331671,3.461007751122703,1.0571824391760591,1.2097669349508071,Good
2.789787992141444,1.97143548268355,1.3579479300427515,1.669256011953652,Good
1.5412127977516563,3.768633720013041,1.068685285658764,1.2896785478214672,Good
1.6234697124551336,5.807673295962474,1.138748533229693,1.589345597751192,Bad
2.6953461362906035,4.829517369035474,1.0543197326078508,1.1648168774613483,Bad
1.6039251630840845,3.711557271015849,1.284916788184998,1.6542726594571655,Moderate
2.7145416286305366,3.567493663430897,1.06645938593082,1.4994454827722743,Moderate
3.622872514487017,2.9640734936844653,1.1364166342790516,1.6492790077371366,Moderate
3.1230218139790464,1.5402858555157073,1.6331130975514965,1.4295223720098722,Moderate
1.9057602988217133,5.290956322370981,1.024332949863972,1.409545367793357,Bad
2.220065709835615,3.0942229420611462,1.0757870097162845,1.0,Good
1.4864138752190772,7.180158387934752,1.0571317621453555,1.0199782028847149,Bad
2.034637224163303,2.71163089090584,1.3276331037699185,1.8890126476809168,Good
1.7123972153779703,5.4763837910036495,1.0023318989506411,1.3346286053109258,Bad
2.1553351086166974,5.219965714165518,1.090031928488146,1.8190895369185145,Bad
1.4514780520717157,2.620952220691396,1.7056557139525843,2.003884617264578,Bad
1.419229619780879,4.991281301599655,1.0174893120870578,1.11986681997189,Good
3.7384293538646074,2.719581839024852,1.222697231247571,2.0788013797470093,Moderate
1.6073454963097151,3.5438301273624093,1.005829761368053,1.884017797292688,Good
2.73335323563248,3.6463405656110974,1.0991061111542946,1.859045942687944,Moderate
2.357121547071672,2.7314136070590957,1.247182268169452,1.2097669349508071,Moderate
1.8411466304182824,4.5298423482641486,1.0109498204430625,1.314650402426211,Moderate
1.6046581054531908,3.575349957405635,1.342790516906335,1.3596004599156697,Moderate
1.0940579060159858,4.616545544419086,1.2401865433346289,1.3446171074191833,Moderate
2.2173783189790903,3.153381782232365,1.030314798289934,1.4245287202898431,Good
3.507315610612564,1.9268533807305197,1.209871745044695,2.7530522420888897,Moderate
1.5670349559461694,2.214696633467602,1.0389327197823552,1.4644839273910732,Good
1.7605255496911902,4.9123397452751805,1.008516539448115,1.4944506323840456,Bad
2.827411141648466,2.4553074682119838,1.4418966280606296,2.0488346747540365,Moderate
2.4357563178602417,5.014944837668143,1.0,1.4794672798875594,Moderate
1.5831591720915876,5.614389533355069,1.0909444228527012,1.11986681997189,Bad
1.6906539033964674,4.435188203990197,1.095608248736883,1.5643725444782484,Moderate
2.1693562110018365,1.504790551412976,1.0496060411970465,1.8740292951844304,Good
6.0756228102105165,1.0,1.2445461951029926,4.885683146978163,Bad
2.2791877927042394,3.804129024115772,1.0617955600466382,1.5593788927582195,Good
2.5425500327439834,5.464552022969405,1.2681694426739214,1.938956356890404,Bad
1.980889794013999,4.936003281343668,1.1690633595025262,1.6942290652265954,Moderate
1.0644968645816737,5.101648033823081,1.0304162083171395,1.1997784328425498,Good
1.733651834616538,4.466708034033423,1.0408083855421686,1.274695195324981,Good
2.2388772523406937,3.685811343773335,1.1247570835600469,1.0099885021082575,Good
1.3332338218376023,4.951810523437418,1.101438010104936,1.3596004599156697,Good
1.2860295986001085,4.226097199289042,1.0757870097162845,1.0,Good
1.9459540353635016,6.233616945195251,1.0734551107656432,1.6492790077371366,Bad
1.193490593745021,4.009244554757423,1.0,1.204772084562579,Good
2.211419389163525,5.843168600065206,1.0279828993392923,1.4744724294993308,Bad
5.116582490017122,2.5933132105634025,1.1180148278274389,3.117647552392788,Bad
1.3977306864192758,4.356246647665724,1.0408083855421686,1.174805379569606,Good
1.7014034023257012,3.5911571994993845,1.02215313797124,1.0,Good
3.17887235788863,1.8479118244060453,1.083948698017878,2.35349657507199,Moderate
1.476284513642796,2.079057244723032,1.019372785075787,1.035960045991567,Good
2.373783215589649,6.42292523374315,1.315973581033813,1.9739179122716053,Bad
2.158139367791844,4.695487100743561,1.0437993097551497,1.4594890770028446,Bad
1.995495108998519,2.948266251590716,1.1788472164788184,1.0,Good
1.7823750235117948,4.340534059716248,1.0109498204430625,1.589345597751192,Moderate
2.609734223685317,5.803697821902969,1.336960755538282,1.7841291802055128,Bad
1.6584054711056306,3.62267702954261,1.0338126607073457,1.604328950247678,Good
4.034040026195187,3.1415500141981214,1.1095996984065293,2.1886796976106413,Bad
1.8518960648506515,6.174458105024032,1.1492421204819276,1.5394006898735046,Bad
2.091071980672268,3.792297256081529,1.029148862806063,1.354605609527441,Good
1.5885338893077725,4.245879915442298,1.0991061111542946,1.2397336399437795,Moderate
1.6889437690320843,4.50617881219566,1.1922658282160905,1.4994454827722743,Moderate
2.394744696578693,4.723031456727281,1.283326855810338,1.4045505174051285,Bad
1.4234359117983018,3.5596373694561594,1.0231163093664983,1.3845723145204134,Good
2.846222748650409,3.050871343983677,1.0676253493975905,1.859045942687944,Moderate
2.1582561716136013,6.225665997076239,1.1399144966964632,1.3046619003179534,Bad
2.137181563124081,6.099492022759063,1.2681694426739214,1.7042175673348532,Bad
1.988951902086708,6.131011852802288,1.3917605907500972,1.6193123027441645,Moderate
2.3136992909795184,4.531830085293901,1.0324012592304703,1.7416759485760689,Moderate
1.693341294252992,6.328271089469201,1.1760590843373495,1.1498335249648624,Bad
3.5882872317986574,5.381729646729699,1.0620490291488536,1.9039960001774028,Bad
1.9352045364342685,3.6976431118075785,1.0921103863194714,1.7941176823137703,Moderate
3.4368598162153248,2.2659991796640826,1.0048665899727944,2.223640054323643,Moderate
2.172670253394637,5.409274002713419,1.0011659634667702,1.6792457127301093,Bad
2.255001468486112,3.756801951978797,1.0687912848814614,1.4395120727863295,Moderate
2.890930814234862,2.3764605660317826,1.0992121103769918,2.238623406820129,Good
4.031352635338663,2.904914653513246,1.1180148278274389,2.8129856520748344,Bad
1.0953431995333696,5.677523847585793,1.0,1.294672199541496,Moderate
1.440261208861723,3.5438301273624093,1.0535324897007383,1.2697003449367523,Good
3.474334235952621,2.90093917945374,1.13609863661096,2.373473579288505,Moderate
2.2039414936901967,4.170913833177329,1.1352506708122814,1.3695889620239272,Good
2.010450899945176,3.993437312663673,1.041974349008939,1.669256011953652,Good
2.292624682489998,2.699799122871596,1.167897396035756,2.5183134525333384,Good
1.5013165207493189,5.334402574592724,1.1643995336183444,1.4994454827722743,Good
1.8973476502900024,3.0665839319331534,1.0292548620287605,2.0788013797470093,Good
2.255001468486112,4.198552843305323,1.2261950936649826,1.709212417723082,Bad
2.8919080062301394,4.1157304670656165,1.4535561507967354,1.709212417723082,Bad
2.096446697888452,4.620521018478592,1.0454722114263506,1.469478777779302,Moderate
1.4326664450697726,6.000862404425607,1.0431403124757093,1.6243059544641931,Bad
2.1749646003584004,2.7274381329995894,1.0194663598911775,1.8790229469044597,Good
1.9527945728210343,4.474564328008161,1.0781189366498252,1.4944506323840456,Moderate
4.157542169823728,3.2007088543693403,1.0610535934706569,2.1687014947259264,Moderate
1.8384592395617576,2.687967354837353,1.1002720466381657,1.034961555381201,Good
2.342707465290636,1.6783862520114003,1.0038158600855034,3.876803679325357,Moderate
2.668856371050806,2.139825205346908,1.4174115911387486,1.5244173373770182,Good
2.107196196817686,4.628377312453329,1.0594636610959969,1.329633754922697,Moderate
1.3716248065174683,3.899824363976736,1.0,1.286348647562648,Good
1.878769779925304,3.3071947666775343,1.122425184609405,1.0,Good
1.1101821221614043,5.208133946131275,1.307811892732219,1.8091010348102567,Bad
2.3168110067081256,6.442613295752133,1.1130975608239408,1.5493891919817622,Bad
4.149129521292018,2.064859123081938,1.1727639860085504,3.8668151772171,Bad
1.6772170781075737,5.815529589937213,1.1713952584531675,1.1947835824543211,Moderate
5.14182037111539,1.6428909479086693,1.0012166404974738,2.4833518971521373,Moderate
2.096446697888452,3.9816055446294287,1.0089036548775747,1.4894557819958172,Moderate
1.3386085390537867,6.008813352544618,1.0594636610959969,1.829079237694972,Bad
1.0,4.352365827750491,1.0,1.0,Good
2.3123709780534587,4.81768560100123,1.0012166404974738,2.123751437236468,Bad
2.152881454397417,3.445200509028953,1.2670035071900505,1.484462130275788,Moderate
3.17045970935692,4.0447398588601535,1.0206830003886511,1.4644839273910732,Moderate
1.3953938360217526,3.52802288526866,1.0050877947920716,1.3995556670168998,Good
2.1394446291085227,4.679679858649811,1.3929265542168676,1.204772084562579,Moderate
2.260376250199161,6.671392362462269,1.2366886809172173,1.0,Bad
2.4296805197260545,5.8707129560489255,1.145744258064516,1.4395120727863295,Moderate
1.3493580379830206,4.750670466855274,1.0279828993392923,1.2896785478214672,Good
1.8169603062001547,4.695487100743561,1.1857047057909056,1.4744724294993308,Moderate
2.7118543022708765,6.493915841948613,1.282160892343568,1.2197554370590649,Bad
1.9943266837997573,4.87684444117245,1.215701506412748,1.414539019513386,Moderate
1.7475772881515026,4.198552843305323,1.0814048006218422,1.6942290652265954,Good
2.5909226811802384,4.3720538897594725,1.1177613587252235,1.824084387306743,Moderate
1.938136241413828,3.882975926295973,1.0163233486202876,1.5643725444782484,Good
1.3090474976194746,6.6161143422062825,1.0163233486202876,1.0,Bad
1.647656036673261,5.756370749765994,1.3101437916828604,1.2497221420520372,Moderate
1.9898866551450904,3.0823911740269025,1.0291995398367664,1.5194224869887896,Good
2.01582561716136,1.812416520303314,1.0524679362611735,1.3995556670168998,Good
1.3332338218376023,5.851024894039943,1.0851146614846483,1.1897887320660925,Bad
2.194889294249294,5.488215559037893,1.1818888457054022,1.1348501724683762,Moderate
3.5770703885886648,4.872963621257218,1.0401493882627284,1.6243059544641931,Bad
2.3060615077788915,5.030657425617618,1.3148076175670425,1.1098783178636322,Moderate
4.031352635338663,1.8400555304313075,1.191216469490867,4.026637204290219,Moderate
1.9253897905634163,4.269543451510785,1.0766487990672369,1.544395540261733,Good
1.9842782657885265,2.8970583595385087,1.0,1.3396222570309548,Good
2.4323678460857145,1.8400555304313075,1.775359493198601,2.5732520121310545,Bad
2.2987323420752888,6.024525940494094,1.0572377613680528,1.799112532701999,Bad
4.606215962720297,1.3116014429498437,1.048665899727944,4.511099334566008,Moderate
1.8465213476344668,4.636328260572341,1.0827827345511076,1.8440625901914576,Moderate
2.0151245362433574,2.6682792928283705,1.0632656976292263,1.7142060694431107,Good
2.109883523177346,4.202433663220555,1.083948698017878,2.003884617264578,Moderate
2.3320004697951617,5.500047327072137,1.1131482378546445,1.5993340998594494,Bad
1.389785382168324,3.7764900139877793,1.01199265915274,1.3196452528144396,Good
2.412788468407792,1.3431212729930693,1.1270890104935871,1.639289306960679,Good
2.528295258218465,2.699799122871596,1.0572377613680528,1.9539397093868904,Good
2.78441327492526,2.82209227727354,1.263505644772639,1.4994454827722743,Moderate
2.2226362323735174,4.663872616556061,1.0559657986785853,1.6143174523559356,Moderate
2.289937291633473,4.494347044161417,1.2530120575204042,2.0788013797470093,Bad
3.108767039453528,2.8772756433852527,1.142458394092499,2.038846172645779,Moderate
2.082425660000178,5.791866053868725,1.0778654675476098,1.0,Bad
1.9378919272907928,4.005269080697916,1.0326467252234746,1.3346286053109258,Good
2.1394446291085227,4.679679858649811,1.3929265542168676,1.204772084562579,Moderate
1.5132875257968648,4.013125374672654,1.0093276237854645,1.3096555520379822,Good
2.320783626585169,2.71163089090584,1.0097331799455889,1.724195770219568,Good
2.441364707216806,3.748945658004059,1.493959008161679,1.0299667049929724,Bad
2.390265776314683,6.036357708528338,1.0608628060629617,1.5493891919817622,Bad
1.9844258346146888,3.283531230609047,1.0389327197823552,1.3046619003179534,Good
1.7823750235117948,3.0942229420611462,1.041366028760202,1.5094339848805318,Good
1.6422812549602122,2.096378953125164,1.0,1.5244173373770182,Good
1.5129036404588745,3.724714197069928,1.0533007633113098,1.141661005179179,Good
2.93490593745021,2.4276684580839896,1.5934706474931986,1.7591561269325693,Moderate
1.6637802528186798,5.180589590147555,1.0617955600466382,1.0,Moderate
1.5374738500149925,5.701187383654281,1.1119315973571706,1.7192009198313394,Bad
3.961247316903561,1.761208628251107,1.2834789428682472,1.6992227169466243,Moderate
1.2383579665849915,6.821229872847932,1.032849489312087,1.2846836974332383,Bad
1.2551832636484126,4.085725103330773,1.0316328488146134,1.3596004599156697,Good
1.765900266907375,5.125311569891568,1.005829761368053,1.389567164908642,Moderate
1.4234359117983018,4.967617765531168,1.0364994387874078,1.3695889620239272,Moderate
1.2019032422767315,6.546732854453477,1.0474492592304705,1.2197554370590649,Moderate
1.6879665770368073,6.651609646309014,1.280994956859697,1.5144288352687607,Bad
2.643267949493538,3.6108452615083664,1.0948985184609406,1.7941176823137703,Moderate
1.7823750235117948,3.894807694330217,1.0437993097551497,1.9322977550409657,Good
1.980889794013999,4.427237255871185,1.0559657986785853,1.2497221420520372,Moderate
2.48074049452197,3.3071947666775343,1.2215312957637,1.449500574894587,Good
3.565853545378672,2.90093917945374,1.090031928488146,2.453385192159165,Moderate
3.3078660870519774,1.812416520303314,1.326061612125923,3.052719292018614,Moderate
3.3514481663745643,1.0591588401712189,1.6067201305868637,2.533296805029825,Moderate
2.703792194198168,6.119180084768044,1.054799835211815,1.3645953103038984,Bad
1.1794695558567465,5.440888486900918,1.0060832304702685,1.11986681997189,Good
3.849078884803634,4.620521018478592,1.0109498204430625,2.1886796976106413,Bad
1.365482254128439,3.567493663430897,1.0093276237854645,1.609322601967707,Good
3.9736449042134496,3.0863666480864085,1.0608323886513795,2.7880137974700907,Moderate
2.986503429115549,3.710516075428836,1.2882238631947145,2.311484453340042,Moderate
2.0830098725995585,5.709043677629019,1.1119315973571706,1.5843507473629632,Bad
4.456445600581796,1.3707602831210628,1.1310108418188884,1.469478777779302,Bad
3.243369222470304,1.8715753604745329,1.1107149568596968,2.468368544655651,Good
1.4010022253783163,4.955785997496924,1.0206830003886511,1.2397336399437795,Moderate
3.109047471820729,2.82209227727354,1.0391760590750097,1.8150943758088516,Good
2.132901422196712,3.0074250917619345,1.0725011457442677,1.6143174523559356,Good
1.3028548311666652,4.131443055015092,1.01703307889623,1.3346286053109258,Good
1.9163929294323248,2.415836690049746,1.1340847353284105,1.4594890770028446,Good
3.487335578411859,3.3032192926180284,1.0036499494753206,2.493340399260395,Moderate
1.832316687172728,3.354521838814509,1.0559657986785853,1.5743622452547057,Good
2.1357056813718587,5.2042531262160425,1.0,1.6642623602336228,Bad
1.9478234769834015,1.654722715942913,1.031798759424796,1.8540510922997155,Good
2.06688565645414,5.780034285834482,1.041974349008939,1.5543840423699908,Bad
1.7234865482866848,5.728731739638,1.0316328488146134,1.544395540261733,Moderate
5.326898380825564,1.654722715942913,1.0693489280994948,3.4522749590355137,Bad
1.5106001994372047,4.612664724503855,1.0,1.0,Moderate
3.243369222470304,1.6192274118401817,1.1313979572483484,2.093784732243495,Good
4.0985368907768605,1.3312895049588254,1.400155460551885,3.542175074014432,Moderate
3.837862041593641,1.5284540874814636,1.0790821080450836,2.648168774613486,Moderate
2.5318005338147493,4.707318868777804,1.1772250198212204,2.133739939344725,Moderate
3.7626156780827342,1.5994446956869262,1.426739214924213,1.829079237694972,Moderate
3.0542251369263065,2.017532050944964,1.588806849591916,1.3346286053109258,Moderate
2.723825307318423,5.254135860248415,1.2261950936649826,1.4744724294993308,Bad
2.6849805871962245,3.5833009055246468,1.096774184220754,1.4944506323840456,Moderate
2.905344896015898,4.7309824048462925,1.3253012048192772,1.4245287202898431,Moderate
1.9755150767978145,5.586750523227075,1.2145355709288768,1.3596004599156697,Moderate
1.0844322649520877,4.001293606638411,1.0321803342401863,1.15982202707312,Good
1.3439832562699714,6.233616945195251,1.083948698017878,1.1947835824543211,Moderate
1.9190803202888496,5.610414059295563,1.0652934224640498,1.6742508623418806,Bad
3.3101604340157413,4.951810523437418,1.0766487990672369,2.19367334933067,Bad
2.8327859233615147,1.5994446956869262,1.1294209094442285,1.779134329817284,Good
2.5855478994671897,3.0823911740269025,1.629615235134085,1.6143174523559356,Bad
1.795461308341687,5.137143337925812,1.1527399828993392,1.4944506323840456,Moderate
1.7318991968183957,2.3093507777415523,1.0036499494753206,1.5094339848805318,Good
2.8676048781902543,5.4053931827981865,1.1399144966964632,1.978912762659834,Bad
2.1582561716136013,1.8676945405593008,1.5188496012436845,1.4994454827722743,Bad
3.84347049544707,1.761208628251107,1.0121664889234356,2.6681469774982007,Moderate
3.102597785362561,1.6415657898888338,1.061562378546444,1.972252962142196,Good
2.8059122082868626,4.383885657793717,1.0754321585697628,1.7192009198313394,Bad
1.8384592395617576,2.7432453750933394,1.0228951045472212,1.4794672798875594,Good
1.7150739642518391,4.518010580229904,1.0194663598911775,1.2896785478214672,Good
2.8999701143028487,4.218240905314305,1.0559657986785853,1.4794672798875594,Bad
2.016593452334205,3.0770905419475616,1.1971522580645162,1.1448386745766337,Good
3.509769264831845,2.25416741162984,1.1934469863972017,2.708102184599431,Moderate
1.368169580488099,6.2178097031015005,1.0550330446949088,1.3446171074191833,Moderate
2.386682588505984,3.350546364755004,1.1609016712009328,1.7541624752125404,Good
4.653887594735414,2.538129844451689,1.2116967057909056,3.542175074014432,Bad
1.6561854890267294,5.413249476772925,1.0559657986785853,1.2996670499297247,Bad
2.303374116922367,5.346234342626968,1.0874465604352896,1.8440625901914576,Bad
2.104859346420163,6.0718530126310695,1.0255495903614458,1.2647054945485237,Bad
1.214989527106624,3.823817086124754,1.0053300707345512,1.03995520710123,Good
2.9375933283067344,2.755077143127583,1.0151574131364167,1.9339627051703752,Moderate
3.4340555570401783,2.00570028291072,1.0790821080450836,2.912874269162009,Moderate
4.26410221256709,2.7432453750933394,1.0863820069957248,2.2336297551001,Bad
1.6046581054531908,6.620089816265788,1.121259221142635,1.11986681997189,Bad
2.245069918793503,2.687967354837353,1.020351207151185,1.5344058394852758,Good
1.7390265518327226,2.4789710042804707,1.1655654970851146,1.286348647562648,Good
2.0292624424502543,2.3921731539812585,1.1216647773027597,1.6143174523559356,Good
2.2388772523406937,5.089816265788837,1.1690633595025262,1.4994454827722743,Moderate
2.7526321869151813,5.925990976304912,1.0717822090944422,1.5094339848805318,Bad
1.7893187559526575,2.7944532671455464,1.0827320575204042,1.0549385595977163,Good
1.3477222040066357,4.746694992795767,1.0012719626894675,1.0,Good
3.9247925925953,1.8085357003880815,1.1800638849591916,4.506104484177779,Bad
2.0695729828138,3.0390395759494333,1.204041983676642,1.2697003449367523,Moderate
2.803108013608581,2.680111060862614,1.1070650073843762,1.958934559775119,Moderate
1.6449686458167367,2.467139236246227,1.0072998989506412,1.3795786628003843,Good
5.270814100278737,1.6073956438059378,1.2129133742712788,4.10654881716088,Bad
2.049539869693545,6.742382970667732,1.0864925954139135,1.2697003449367523,Bad
2.017928795418504,4.427237255871185,1.0566653711620675,1.6642623602336228,Moderate
1.6926402133349892,2.975905261718709,1.0024333089778468,1.5743622452547057,Good
1.639593928600552,4.159082065143085,1.2261950936649826,1.0,Moderate
1.7094655103984104,3.0074250917619345,1.0314807617567043,1.1448386745766337,Good
1.599283388237006,3.579325431465141,1.0233190734551108,1.8740292951844304,Good
2.241564643197218,1.3194577369245817,1.4279051783909833,1.2097669349508071,Bad
1.3520453643426806,4.679679858649811,1.1061018359891177,1.0,Moderate
1.5918536074246554,5.669572899466782,1.0186552755538285,2.150721471730143,Bad
2.0292624424502543,5.661716605492043,1.4978624267392149,1.0849052645906887,Bad
1.3923559047062266,5.701187383654281,1.0582976976292269,1.294672199541496,Moderate
2.948926975338485,3.737113889969816,1.0632656976292263,1.609322601967707,Moderate
1.7935918667217872,2.068834597141445,1.0069957248348231,1.254716992440266,Good
1.3386085390537867,4.561362178307373,1.0233190734551108,1.0149833524964862,Bad
2.2173783189790903,5.176614116088049,1.0687912848814614,1.7391791227160542,Bad
1.5651154002624894,3.495461859638421,1.0159902401865526,1.3729188622827464,Good
1.6906539033964674,5.30676356446473,1.167897396035756,1.4295223720098722,Bad
1.5496254462833672,5.736682687757012,1.1233791496307812,1.3596004599156697,Bad
3.39982081481082,1.6980743140203822,1.1297389071123205,2.728080387484145,Moderate
2.3095667833751765,5.574918755192831,1.0194663598911775,1.2497221420520372,Moderate
1.888935066255157,4.880819915231955,1.052149938593082,1.4544954252828155,Moderate
2.6124216145418417,4.2970878074945045,1.2541779930042751,1.6742508623418806,Bad
1.8303971314890488,2.6682792928283705,1.0186552755538285,1.5543840423699908,Good
5.01002244727376,2.648591230819389,1.1143649063350174,2.8079908016866058,Bad
1.0981473942116515,4.525866874204642,1.0316328488146134,1.419533869901615,Good
2.660794262978097,1.0,1.1422463956471045,1.6742508623418806,Good
1.7038570565449818,5.279124554336737,1.0356145915274,1.4644839273910732,Bad
3.0397133423954297,4.8611318532229735,1.174893120870579,2.1886796976106413,Bad
2.9437009878920257,4.068403394928641,1.0493815903614458,1.709212417723082,Moderate
2.5563373984918787,3.3623781327892472,1.141131137193937,1.234738789555551,Good
1.967452968725105,4.794022064932743,1.053633899727944,1.2197554370590649,Bad
1.86802028099607,5.748514455791256,1.0431403124757093,1.4944506323840456,Bad
1.7278931675654987,4.060452446809629,1.072289147298873,1.409545367793357,Good
3.090773381688209,2.829948571248278,1.0116595507190052,1.6293008048524218,Moderate
1.7766497658366087,4.663872616556061,1.3253012048192772,1.5993340998594494,Bad
3.1660196807022527,5.563086987158588,1.1364166342790516,1.5194224869887896,Bad
1.954016143436211,5.085935445873605,1.0023318989506411,1.3096555520379822,Moderate
2.0534487666683816,6.667416888402763,1.2203653322969297,1.5543840423699908,Bad
2.5156763176693318,3.7804654880472848,1.2670035071900505,1.9289678547821465,Moderate
1.30636010676295,2.407980396075008,1.0023318989506411,1.1648168774613483,Good
3.0726947170553727,5.105623507882586,1.5001943256898562,1.884017797292688,Bad
4.104262148452047,1.2839624328218504,1.0936818779634667,2.748057391700661,Bad
1.833084522345573,3.31117024073704,1.0431403124757093,1.544395540261733,Good
2.263063576558821,3.855431570312253,1.08861252390206,1.7541624752125404,Moderate
1.5468212516050852,6.454445063786376,1.0,1.4295223720098722,Moderate
2.144118265406705,3.1612380762071037,1.0457902090944422,1.6143174523559356,Good
1.4786346503944232,4.129171355552517,1.0014727959580256,1.3313969958444836,Good
1.356134852538346,6.174458105024032,1.0501360373105324,1.294672199541496,Bad
1.8975813869272469,6.462301357761114,1.1177613587252235,1.529412187765247,Bad
1.7820244830527932,2.407980396075008,1.060629624562767,1.5793558969747346,Moderate
1.2418632421812763,2.526298076417446,1.0396424500582977,1.2397336399437795,Good
2.128695130179289,3.82779256018426,1.0408083855421686,1.7491676248243118,Good
2.314123615851601,7.223509986012221,1.179556946754761,1.5144288352687607,Bad
2.7322015151216448,5.594701471346087,1.051968245627672,1.2996670499297247,Bad
2.496327258294829,5.241736167348527,1.0195880295375048,1.938088521113808,Bad
2.1233204129631047,5.22791666228453,1.2856587547609797,1.0549385595977163,Bad
3.927596787273582,2.841780339282521,1.0012166404974738,2.663152127109972,Moderate
2.385280491166843,3.326882828686516,1.0097331799455889,1.2796888470450098,Good
1.9459540353635016,4.186721075271079,1.1072677714729888,1.7341842723278256,Good
2.3022992121772488,2.9522417256502216,1.0443062479595802,1.5943392494712207,Good
2.8872343699319574,6.773902800710958,1.081515389040031,1.6842393644501383,Bad
2.580173182251005,4.600832956469611,1.216867469879518,1.389567164908642,Bad
2.47805316816231,4.604713776384843,1.0781189366498252,1.7841291802055128,Moderate
1.0785179024699485,4.904483451300443,1.0012166404974738,1.409545367793357,Good
3.13645863926794,6.458420537845882,1.1655654970851146,2.1836848472224126,Bad
1.7900865911255024,2.924602715522228,1.4279051783909833,1.1148719695836613,Moderate
1.4434159439990064,3.520166591293922,1.0746210742324136,1.4594890770028446,Good
1.967452968725105,2.1871522774838823,1.0209871745044694,1.4045505174051285,Good
3.286951301792891,3.3308583027460217,1.114263496307812,1.9689230618833768,Moderate
2.074013011468467,4.289231513519767,1.2384629646327243,1.0649282603741737,Moderate
1.337142718812439,1.8741310223699292,1.148818151574038,1.254716992440266,Good
1.9478234769834015,3.4886467612506964,1.032849489312087,1.3645953103038984,Good
1.674529687251049,5.2752437344215055,1.0408083855421686,1.354605609527441,Bad
1.959390860652396,5.271268260362,1.138748533229693,1.6243059544641931,Moderate
1.970257163403387,4.450900791939674,1.087598647493199,1.2497221420520372,Good
1.5159749166533891,5.432937538781906,1.0291995398367664,1.2796888470450098,Moderate
1.6557181447459706,5.586750523227075,1.0676253493975905,1.744172774436083,Moderate
1.6281433487533157,2.3961486280407645,1.1574038087835212,1.1648168774613483,Good
2.545120555281886,4.979449533565411,1.0255495903614458,1.8890126476809168,Bad
2.2979993997061827,4.186721075271079,1.4407306645938591,1.154828375353091,Moderate
2.9375933283067344,2.52232260235794,1.5619898857364944,1.2597118428284946,Moderate
2.037324550522963,3.054752163898909,1.3509522052079286,1.3596004599156697,Bad
3.0891375477118244,3.464983225182209,1.0097331799455889,1.7841291802055128,Moderate
2.619587925662376,3.4768149932164527,1.4586762098717452,1.529412187765247,Moderate
1.5580380948150778,6.186289873058275,1.0661413882627284,1.5543840423699908,Bad
2.357121547071672,5.377754172670193,1.13093665915274,1.5144288352687607,Moderate
2.668505830591805,4.959666817412156,1.0437993097551497,1.7192009198313394,Moderate
2.5425500327439834,2.471114710305733,1.4034201414691023,1.294672199541496,Moderate
1.9943266837997573,3.40582438501099,1.1294209094442285,1.2896785478214672,Good
2.3460215076834365,1.6625790099176507,1.0292548620287605,2.3584902267920187,Good
1.5106001994372047,4.166938359117824,1.0851146614846483,1.0,Good
1.4486738573934337,6.008813352544618,1.0,1.294672199541496,Moderate
2.458190004280227,4.699367920658792,1.0547491581811117,1.829079237694972,Bad
2.2759162537451987,1.7532576801320952,1.0216231418577535,1.9639294101633475,Good
1.8062108072709209,6.671392362462269,1.1216090073843763,1.5943392494712207,Bad
1.3168758690549398,4.581050240316355,1.0025438973960357,1.3945620152968707,Good
1.5384086030733746,7.365491202423146,1.0717822090944422,1.2846836974332383,Bad
1.1908032028884965,5.594701471346087,1.047804110376992,1.1997784328425498,Good
1.784711873909318,3.6029889675336286,1.234356781966576,1.4544954252828155,Good
1.8518960648506515,5.235772956259268,1.1900505340069958,1.0,Moderate
2.6036265641000265,3.437344215054216,1.13609863661096,1.724195770219568,Good
2.336006499048059,4.103898699031372,1.194608332685581,1.4894557819958172,Moderate
3.034338625179245,2.660422998853633,1.312475718616401,1.9639294101633475,Good
1.854583455707176,4.510059632110892,1.0501360373105324,1.3945620152968707,Bad
1.3708569713446237,6.604282574172038,1.0163233486202876,1.3795786628003843,Bad
1.8303971314890488,6.726575728573982,1.1597357077341623,1.15982202707312,Bad
1.0583543121926442,4.686210994604714,1.0279828993392923,1.419533869901615,Good
3.11157123413181,1.4969342574382385,1.0041366000777303,3.18756946448699,Moderate
1.2687369572559284,4.036788910741142,1.0093276237854645,1.0249718546047435,Good
1.854583455707176,5.610414059295563,1.3684415172949864,1.639289306960679,Bad
2.7273943058169143,1.6428909479086693,1.0279828993392923,1.3995556670168998,Good
2.765601667923317,3.926422178517716,1.1877186070734551,1.5144288352687607,Moderate
1.6879665770368073,3.4925275811659287,1.3439564803731052,1.2896785478214672,Bad
1.2176769179631486,5.626221301389313,1.005829761368053,1.154828375353091,Moderate
1.6960286851095163,2.577600622613927,1.1667314325689857,1.3795786628003843,Good
2.233502535124509,5.365922404635949,1.3148076175670425,1.6892342148383668,Bad
2.73335323563248,4.364197595784735,1.0038158600855034,1.7941176823137703,Moderate
1.5750970640188784,2.573625148554421,1.0571317621453555,1.15982202707312,Good
1.661092861962155,6.324295615409695,1.1947143319082782,1.1947835824543211,Bad
2.727978518416295,2.155537793296383,1.1643995336183444,1.669256011953652,Good
1.4971633096514465,4.636328260572341,1.0582976976292269,1.2796888470450098,Moderate
1.9647655778685804,4.466708034033423,1.0081616883015934,1.0,Moderate
2.005076118232126,3.792297256081529,1.1399144966964632,1.799112532701999,Good
2.377008058818733,3.662147807704848,1.0079951061018266,1.4395120727863295,Good
2.253482567325213,4.553505884332635,1.0734551107656432,1.5993340998594494,Bad
1.9378919272907928,5.267292786302494,1.0233190734551108,1.0749167624824312,Bad
2.303958329521748,6.249329533144726,1.2457628635833655,2.5133186021451097,Bad
2.660093182060094,6.42292523374315,1.1154294597745822,1.609322601967707,Bad
2.6957300861254585,5.314619858439468,1.33113096618733,1.3995556670168998,Bad
1.7094655103984104,3.334833776805528,1.0178073097551497,1.389567164908642,Good
1.2327495772284274,6.584594512163057,1.0559657986785853,1.5993340998594494,Moderate
2.451179453087658,3.4846712871911905,1.0163233486202876,1.9689230618833768,Good
1.86533295463641,4.545554936213623,1.0314807617567043,1.3246389045344684,Moderate
1.1065600427433622,3.445200509028953,1.018249719393704,1.3446171074191833,Good
1.948641361723162,6.769927326651452,1.0816167990672367,1.204772084562579,Bad
2.107663541098445,3.461007751122703,1.0450159782355228,1.589345597751192,Moderate
1.5552339001367956,5.022801131642881,1.0877645581033812,1.2197554370590649,Moderate
2.076817206146749,6.091635728784325,1.008516539448115,1.6892342148383668,Bad
2.421618411653345,4.54953041027313,1.2063738826272834,1.3645953103038984,Bad
1.88613080708001,5.287075502455749,1.1411864593859309,1.294672199541496,Bad
1.5294117419422832,3.4531514571479653,1.101438010104936,1.2647054945485237,Good
3.7761693716902496,2.4553074682119838,1.143564446171784,2.443396690050907,Moderate
1.7065338054188504,6.927715785156127,1.0089036548775747,1.4944506323840456,Bad
3.227829218924266,4.667848090615568,1.2856587547609797,1.6642623602336228,Bad
1.856049275948524,3.6581723336453416,1.058509696074621,1.5943392494712207,Good
1.6127202135259,3.902758642449229,1.4174115911387486,1.2197554370590649,Good
4.749230794268783,3.5871817254398786,1.1192314963078118,2.468368544655651,Bad
1.7933114343545862,2.435619406203001,1.036144587640886,1.6542726594571655,Good
1.5965959973804815,4.26556797745128,1.2530120575204042,1.4295223720098722,Moderate
1.3515079119701214,4.0447398588601535,1.0501360373105324,1.1698117278495772,Moderate
1.634219146887503,4.616545544419086,1.108433734939759,1.4894557819958172,Moderate
2.65448479270353,4.782190296898499,1.01703307889623,1.529412187765247,Bad
2.317979431906888,4.301063281554011,1.026766258841819,1.7192009198313394,Good
3.829449393061931,4.762502234889517,1.0,2.333518372187275,Bad
3.06670386129184,4.269543451510785,1.0766487990672369,1.669256011953652,Moderate
2.2142235838418074,4.774334002923761,1.2384629646327243,2.1187565868482388,Moderate
2.8730964637250613,3.8987831683897225,1.15507190983288,1.639289306960679,Moderate
1.6420369408371769,5.492096378953125,1.0915803902059853,1.3196452528144396,Moderate
3.462097697313592,2.4316439321434955,1.0961151869413135,3.1076578516163305,Moderate
1.8223350234163396,5.515759915021612,1.0909444228527012,1.3645953103038984,Moderate
2.096446697888452,3.6424597456958656,1.3264671682860474,1.5044391344923034,Moderate
1.9163929294323248,2.1831768034243764,1.1737271574038088,1.314650402426211,Moderate
1.0752463635109075,7.783578557681183,1.0,1.0,Bad
2.1985667119771475,3.019256859796178,1.037310523124757,1.8832290736172728,Moderate
3.155270246269883,3.4886467612506964,1.0046638258841818,1.639289306960679,Moderate
4.619886524646434,4.565337652366879,1.0571317621453555,2.223640054323643,Bad
1.927142428361559,1.8755508345340384,1.0,1.374583812412156,Good
3.07511650982355,2.4868272982552084,1.12531472677808,1.9039960001774028,Moderate
1.7148402276145949,7.5942702691332835,1.1072677714729888,1.5244173373770182,Bad
2.328049069386566,4.628377312453329,1.1704412934317916,1.2297451378355222,Bad
2.9994028020318835,5.752395275706488,1.0,2.423418487166193,Bad
2.3320004697951617,2.1082107211594083,1.0,1.5394006898735046,Good
2.8395627379168404,3.7449701839445537,1.0048665899727944,1.389567164908642,Moderate
2.73335323563248,4.577169420401123,1.349786241741158,1.5144288352687607,Bad
1.967452968725105,4.170913833177329,1.143564446171784,1.2846836974332383,Moderate
1.755150767978141,4.766477708949024,1.0,1.0,Bad
1.6100328226693752,5.993006110450869,1.0093276237854645,1.2447284903320084,Bad
1.7470886599054318,6.4859648938296015,1.1830548091721729,1.1798002299578347,Bad
1.5636464841716418,6.308488373315945,1.2366886809172173,1.0649282603741737,Moderate
2.214690928122566,2.1910330973991146,1.1842207446560435,1.2247502874472935,Good
3.211705002778848,2.9364344835564715,1.4244073159735715,2.1886796976106413,Moderate
2.55072894463845,2.569649674494915,1.3954105402254178,1.5993340998594494,Bad
1.81427291534363,5.432937538781906,1.3171395165176836,1.5094339848805318,Bad
2.5563373984918787,8.020213918366059,1.0291995398367664,1.744172774436083,Bad
2.38857957028706,3.788321782022023,1.0582976976292269,3.4972250165249728,Moderate
2.4941773843077284,4.036788910741142,1.4057520404197434,1.234738789555551,Bad
1.857270846563701,5.55523069318385,1.2028760202098718,1.3695889620239272,Bad
1.8580887313034609,4.868988147197712,1.1002720466381657,1.1947835824543211,Moderate
2.7666532248034565,1.9386851487647636,1.0206830003886511,2.5882353646275407,Good
2.0803224817430337,5.582869703311843,1.06645938593082,1.374583812412156,Bad
1.4326664450697726,5.914159208270668,1.0559657986785853,1.804106184422028,Moderate
1.7234865482866848,6.994730919302083,1.0909444228527012,1.0,Bad
2.284562574417289,3.1415500141981214,1.212203643995336,1.8440625901914576,Moderate
2.0561361575249064,2.301494483766814,1.072289147298873,1.779134329817284,Good
2.699352165543501,6.474133125795357,1.1364166342790516,1.5643725444782484,Bad
1.7578381588346657,5.038608373736629,1.0991061111542946,1.3396222570309548,Bad
4.586586535475458,3.630627977661622,1.0778654675476098,3.716981652252237,Bad
2.1958793856174874,1.141981216410925,1.0816167990672367,2.603218717124027,Good
2.4918405339102048,5.168757822113311,1.0754321585697628,1.9289678547821465,Moderate
2.1797551694720694,2.975905261718709,1.0326467252234746,1.4345172223981009,Good
1.773962374980084,3.804129024115772,1.087598647493199,1.0,Good
2.365183655144381,3.0035442718467023,1.041974349008939,1.5743622452547057,Moderate
4.238864266971958,2.786596973170808,1.0,2.882907564169037,Moderate
2.3436846572859134,4.237928967323287,1.121259221142635,1.6542726594571655,Moderate
2.284562574417289,4.170913833177329,1.4827050136027982,1.7192009198313394,Bad
3.009586534465007,1.6093833808356908,1.5802769623008162,2.400943458421463,Moderate
1.7417139426892472,4.73883869882103,1.0862805969685192,1.9139845022856603,Moderate
2.386682588505984,3.350546364755004,1.1609016712009328,1.7541624752125404,Good
4.2164305805519735,1.532429561540969,1.217779964244073,4.536071189170752,Bad
3.5126903278287487,2.6249276947509017,1.0629615235134084,3.062707794126872,Bad
2.7172290194870614,4.494347044161417,1.2541779930042751,2.1087680847399817,Bad
1.80480870993178,5.519735389081118,1.0912485969685193,1.4345172223981009,Bad
2.392057305722169,4.703343394718299,1.072289147298873,1.529412187765247,Moderate
1.3393096199717895,4.376029363818979,1.0546938359891178,1.3596004599156697,Good
1.7094655103984104,3.334833776805528,1.0178073097551497,1.389567164908642,Good
2.26189515136006,4.462732559973917,1.024485036921881,1.389567164908642,Moderate
1.5965959973804815,4.9123397452751805,1.099765108433735,1.5244173373770182,Moderate
1.6870318239784252,4.151225771168347,1.116798187329965,1.4245287202898431,Good
1.4622275510009497,4.498227864076648,1.1364166342790516,1.3046619003179534,Good
4.031352635338663,2.904914653513246,1.1180148278274389,2.8129856520748344,Bad
3.1794565704880107,2.8772756433852527,1.2017100567431014,2.0788013797470093,Moderate
1.1585547705976595,4.151225771168347,1.0023318989506411,1.234738789555551,Good
1.2211320794956535,5.5476583616419335,1.0173227578701904,1.2597118428284946,Moderate
3.394796638053636,1.7414259120978512,1.0912485969685193,4.061598759671421,Moderate
2.160943562470126,2.120042489193652,1.096774184220754,1.5593788927582195,Good
2.241564643197218,1.907070664577264,1.3171395165176836,1.5843507473629632,Moderate
4.036727352554847,1.5876129276526822,2.0820054504469487,2.643173924225257,Moderate
6.0756228102105165,1.0,1.2445461951029926,4.885683146978163,Bad
2.072260373670325,2.755077143127583,1.270501369607462,1.3945620152968707,Good
1.7578381588346657,4.991281301599655,1.1713952584531675,1.2197554370590649,Bad
1.5724096731623538,3.934278472492454,1.125923047026817,1.11986681997189,Good
2.2996118213207244,3.4275948381939987,1.0167897396035757,1.4019062553565484,Good
2.5365429237705754,4.064427920869136,1.060629624562767,1.6193123027441645,Moderate
2.800303754433434,2.0411955870134517,1.0717822090944422,2.3984466325614484,Good
2.5116452636329765,2.849352670824437,1.085697629226584,1.7192009198313394,Good
2.8381606405777,2.735294426974328,1.0165353470656822,1.4994454827722743,Moderate
2.424539474650249,2.4276684580839896,1.058509696074621,1.6293008048524218,Good
2.901255407820232,1.9465414427395011,1.049882568208317,2.708102184599431,Good
1.7593039790760132,5.239748430318774,1.0081616883015934,1.0998886170871751,Moderate
2.8085995991433874,2.2620237056045767,1.0069957248348231,1.6293008048524218,Good
1.6637802528186798,4.5298423482641486,1.108433734939759,1.0799116128706598,Moderate
1.427291727853588,3.520166591293922,1.138748533229693,1.1398450228566048,Good
2.421618411653345,3.8435998022780096,1.130586872910999,2.4833518971521373,Moderate
2.757539559850607,2.80628503517979,1.0921103863194714,2.798002299578348,Moderate
1.2579874583266948,2.538129844451689,1.0,1.11986681997189,Good
1.174678986743078,4.253736209417036,1.0279828993392923,1.5244173373770182,Good
2.5506121408166926,4.381235341754046,1.1349008845705402,1.5943392494712207,Good
3.243369222470304,1.8715753604745329,1.1107149568596968,2.468368544655651,Good
5.5528922984702485,2.9522417256502216,1.1885803964244073,8.831298505274072,Bad
1.7605255496911902,5.050440141770873,1.0874465604352896,1.0199782028847149,Moderate
1.214989527106624,3.4846712871911905,1.0,1.0,Good
1.9137056030726651,4.466708034033423,1.228527020598523,1.389567164908642,Moderate
2.4028068046514024,6.134987326861794,1.1865526715895842,1.6842393644501383,Bad
2.609734223685317,5.803697821902969,1.336960755538282,1.7841291802055128,Bad
1.8610331421653437,5.097956522196396,1.026583754372328,1.380753357636109,Moderate
3.872797864741002,1.4772461954292564,1.1247570835600469,1.908989651897432,Moderate
1.1800537684561272,4.032908090825909,1.0279828993392923,1.4345172223981009,Good
1.4907370355551222,3.859312390227485,1.0778654675476098,1.4445057245063584,Moderate
1.2383579665849915,4.553505884332635,1.018249719393704,1.0449500574894588,Good
1.0087950504418153,3.957942008560941,1.0114475522736106,1.0199782028847149,Good
1.550910739800751,3.4728395191569468,1.0431403124757093,1.0,Good
2.295312008849658,4.987305827540149,1.406918003886514,1.409545367793357,Bad
3.4200345191519035,4.498227864076648,1.0304162083171395,1.8140958851984847,Bad
1.8169603062001547,3.8356488541589977,1.034978624174116,1.354605609527441,Good
1.8895192788545376,5.271268260362,1.1783909832879906,1.03995520710123,Bad
2.088384589815744,3.457032277063197,1.2378546443839875,1.569367394866477,Good
1.5127500734243058,4.356246647665724,1.0,1.414539019513386,Good
1.905643494999956,3.7962727301410335,1.222697231247571,1.4994454827722743,Good
2.797850100214154,1.863719066499795,1.5911387485425572,1.3596004599156697,Bad
2.3993015290551174,3.4886467612506964,1.092465237465993,1.5144288352687607,Good
1.3520453643426806,3.563518189371391,1.0093276237854645,1.034961555381201,Good
1.720215009327644,3.165213550266609,1.0734551107656432,1.0849052645906887,Good
2.609734223685317,3.4097052049262224,1.0443062479595802,1.8091010348102567,Moderate
2.076817206146749,4.703343394718299,1.0291995398367664,1.639289306960679,Bad
1.518779111331671,3.891684107569176,1.301728662261951,1.2996670499297247,Bad
2.3851469181602942,3.6450154075912624,1.050635727944034,1.5460604903911426,Moderate
2.3436846572859134,6.620089816265788,1.1877186070734551,1.2197554370590649,Bad
2.3383099400697285,5.089816265788837,1.2273610571317528,1.484462130275788,Bad
2.78710060128492,2.7274381329995894,1.3614457924601633,1.2097669349508071,Moderate
2.8300985325049903,1.7808966902600885,1.2506801305868636,2.0283314551978444,Good
1.493541230233404,4.084115982878117,1.0928523528954528,1.2397336399437795,Moderate
1.773962374980084,6.040333182587844,1.122425184609405,2.7530522420888897,Bad
3.249328152285869,2.719581839024852,1.2180334333462883,1.5793558969747346,Moderate
2.023887725234069,2.93255366364124,1.1713952584531675,1.0249718546047435,Good
3.047775450468139,1.922877906671013,1.2436844057520404,1.729189421939597,Moderate
2.27030779989177,2.506610014408464,1.0024333089778468,1.4544954252828155,Good
2.730665844775955,4.880819915231955,1.283326855810338,2.148723291841211,Bad
1.9459540353635016,1.6665544839771569,1.1061018359891177,1.3945620152968707,Good
3.03024913698358,5.109598981942092,1.0632656976292263,1.6542726594571655,Bad
1.54078137822447,5.168757822113311,1.2238631947143412,1.0946312583632078,Bad
3.1472081381971737,3.0863666480864085,1.1277480077730275,1.7192009198313394,Moderate
2.064198265597615,5.216084894250287,1.362505728721337,1.15982202707312,Moderate
1.3950432955627512,5.882544724083169,1.0384764865915277,1.4594890770028446,Moderate
2.475015236846784,2.0806663651756887,1.1812805254566654,1.6992227169466243,Moderate
1.880522417723446,3.4491759830884594,1.0888152879906725,2.493340399260395,Moderate
2.594831578155076,4.723031456727281,1.2963643404586087,1.6942290652265954,Moderate
2.719916410343586,2.6367594627851454,1.083948698017878,1.9639294101633475,Good
2.354434156215147,4.514035106170399,1.2360296836377769,1.0849052645906887,Bad
5.158645668178811,1.157788458504675,1.097331827438787,5.310210668599807,Moderate
2.128695130179289,2.940409957615977,1.2949864065293433,1.1448386745766337,Moderate
3.802388766073721,2.074608499942156,1.030781189273222,1.7897113780116038,Bad
1.5328002137168106,5.314619858439468,1.150864317139526,1.1098783178636322,Bad
1.7793370921962686,4.253736209417036,1.1445783225806452,1.3945620152968707,Moderate
1.7178781589301209,5.421105770747662,1.0676253493975905,1.0199782028847149,Moderate
4.059394775612077,1.3904483451300442,1.0742155180722892,2.7380688895924035,Moderate
2.5909226811802384,4.53372316817938,1.125923047026817,1.484462130275788,Good
2.9725290869572314,3.800153550056266,1.1177613587252235,1.544395540261733,Moderate
1.5858464984512477,3.914590410483472,1.1294209094442285,1.4345172223981009,Good
1.1263063383068228,3.342690070780266,1.4325689762922658,1.5743622452547057,Good
1.929829819218084,3.3071947666775343,1.0206830003886511,1.8490562419114869,Good
2.413322566943392,5.421105770747662,1.0024333089778468,1.5344058394852758,Moderate
2.8479753864485517,1.6902180200456445,1.0145997699183833,2.178689996834184,Good
2.8059122082868626,3.177045318300853,1.081515389040031,2.338513222575504,Moderate
1.4094148739100274,6.060021244596825,1.0454722114263506,2.198668199718899,Bad
1.8518960648506515,4.443044497964936,1.1818888457054022,1.414539019513386,Moderate
1.877718223045164,5.034632899677124,1.0340661298095608,1.529412187765247,Bad
1.2702725631047536,6.855683981363651,1.062628387096774,1.4328522722686912,Moderate
2.3732457632170902,5.314619858439468,1.1609016712009328,1.1098783178636322,Bad
2.273813075488055,3.2401796325315777,1.0431403124757093,1.3645953103038984,Moderate
2.5318005338147493,3.208565148344078,1.3089778561989895,1.6143174523559356,Moderate
2.2442520340537424,3.879095106380741,1.4780411877186164,1.0,Bad
2.4217352154751026,5.614389533355069,1.0802987485425573,1.5344058394852758,Bad
2.152881454397417,3.031088627830422,1.1072677714729888,1.3645953103038984,Good
1.5636464841716418,6.308488373315945,1.2366886809172173,1.0649282603741737,Moderate
2.281875183560764,5.231797482199762,1.0734551107656432,1.374583812412156,Bad
2.3786204804332747,3.7764900139877793,1.1352506708122814,1.2597118428284946,Moderate
3.5574408968469617,1.9860122209017383,1.0316328488146134,3.7918984147346686,Bad
2.099134088744977,5.535542631174868,1.08348230703459,1.779134329817284,Bad
1.791161560367485,4.256102563023884,1.0466381748931208,1.0499449078776877,Good
2.048074049452197,5.32257080655848,1.024485036921881,1.1997784328425498,Bad
1.419229619780879,5.358066110661212,1.0023318989506411,1.0,Moderate
2.757539559850607,4.801973013051755,1.1107656338904004,1.5793558969747346,Moderate
1.6799044689640985,4.24976073535753,1.380101040031092,1.6892342148383668,Moderate
2.2173783189790903,5.638053069423556,1.0827827345511076,1.589345597751192,Bad
2.2442520340537424,2.171345035390133,1.1170193921492422,1.5144288352687607,Good
1.8169603062001547,5.925990976304912,1.08861252390206,1.5044391344923034,Bad
1.6127202135259,5.618365007414575,1.1469102215312863,1.0,Moderate
3.462097697313592,2.4316439321434955,1.0961151869413135,3.1076578516163305,Moderate
2.0487751303702,2.3211825457757955,1.100981776914108,1.0,Good
1.142430554452241,6.359790919512426,1.0069957248348231,1.0,Moderate
2.26189515136006,4.399692899887466,1.243329554605519,2.053829525142265,Moderate
2.1188803843084374,4.636328260572341,1.0559657986785853,1.349611957807412,Bad
2.2388772523406937,4.425533481274255,1.0617955600466382,1.2297451378355222,Moderate
1.6361735953749212,7.077553295541789,1.0888152879906725,1.6243059544641931,Bad
1.6695388553728543,4.557386704247867,1.2124156424407306,1.0899001149789174,Moderate
1.3493580379830206,6.056140424681594,1.102603973571706,2.043839824365808,Bad
2.393693139698553,3.354521838814509,1.077588940536339,1.8490562419114869,Good
2.994028084815699,2.443475700177739,1.130586872910999,1.6243059544641931,Moderate
3.2742155574219995,2.029363818979208,1.3029453027594249,2.423418487166193,Moderate
1.2902358906175315,6.245448713229494,1.0060832304702685,1.2197554370590649,Moderate
1.6664675791783397,6.280944017332225,1.383244051301982,1.4544954252828155,Bad
1.611318116186759,3.73313841591031,1.0851653385153517,1.0,Good
2.1711272949032496,3.5319983593281656,1.367275553828216,1.3096555520379822,Bad
2.158011857490566,5.843168600065206,1.0050877947920716,1.234738789555551,Bad
1.9378919272907928,5.010969363608637,1.2110377085114652,1.0099885021082575,Bad
3.349929265213666,2.1831768034243764,1.1492421204819276,2.018867969761064,Moderate
1.80480870993178,5.3264516264737125,1.0218996688690245,1.2697003449367523,Bad
2.64607214417182,3.1888770863350966,1.01703307889623,1.4395120727863295,Good
2.9576695253325305,3.089111618270353,1.0427973820443062,1.3681625468662617,Good
3.3057629087948337,2.861563055435777,1.172561221919938,2.043839824365808,Moderate
1.914172947353424,4.450900791939674,1.0304162083171395,1.5593788927582195,Moderate
3.621937761428635,3.914590410483472,1.0,1.709212417723082,Bad
2.98596597674299,7.613958331142266,1.4010882145355616,1.6992227169466243,Bad
2.418931020796821,4.687536152624549,1.0763170058297706,1.609322601967707,Bad
1.5636464841716418,5.267292786302494,1.1204481368052857,1.1398450228566048,Moderate
2.6180300683952704,4.364197595784735,1.0462326187329964,1.7891228319255417,Bad
2.155568845253941,5.610414059295563,1.0396424500582977,1.4245287202898431,Bad
1.9997014010159415,5.79584152792823,1.1463720823940924,1.0,Moderate
3.248977611826868,1.4259436492327755,1.0,1.3945620152968707,Good
1.6926402133349892,3.287506704668553,1.0432463116984063,1.5094339848805318,Good
1.353330657860064,4.399692899887466,1.0827320575204042,1.6193123027441645,Good
1.752463441618481,5.5710379352776,1.155904736883016,1.3096555520379822,Moderate
5.307853101683242,1.5994446956869262,1.3404586179556937,4.466149277076549,Bad
2.27112568463153,4.308919575528749,1.1900505340069958,1.5493891919817622,Good
2.5318005338147493,2.577600622613927,1.369607452778857,1.409545367793357,Moderate
1.8599581729233607,3.244060452446809,1.0186552755538285,1.2896785478214672,Good
2.5156763176693318,6.75023926464247,1.0279828993392923,1.4544954252828155,Bad
3.235891326996976,5.567062461218094,1.271667305091333,2.0638180272505227,Bad
3.145221828258652,7.085504243660801,1.0121664889234356,1.5943392494712207,Bad
3.11157123413181,4.387861131853223,1.0255495903614458,2.0288564718693216,Bad
1.8665013798351715,4.703343394718299,1.0559657986785853,1.2796888470450098,Moderate
2.2388772523406937,5.79584152792823,1.125923047026817,1.4245287202898431,Bad
1.682591795323758,5.3264516264737125,1.0431403124757093,1.0149833524964862,Moderate
2.0265751160905943,5.381729646729699,1.162067634667703,1.2796888470450098,Bad
2.320783626585169,1.8755508345340384,1.0,2.3584902267920187,Good
1.4786346503944232,4.129171355552517,1.0014727959580256,1.3313969958444836,Good
2.281875183560764,4.186721075271079,1.1034150579090556,1.5244173373770182,Moderate
1.4094148739100274,5.878663904167937,1.0048665899727944,1.2996670499297247,Moderate
2.091071980672268,4.695487100743561,1.1107656338904004,1.544395540261733,Bad
1.4971633096514465,3.31117024073704,1.0408083855421686,1.3995556670168998,Good
2.9180806403867887,1.6270837058149197,1.2956454038087837,1.1348501724683762,Moderate
2.3759330895767503,5.342258868567462,1.3019821313641664,1.5344058394852758,Moderate
2.789787992141444,2.2818064217578327,1.2320248830159346,2.3584902267920187,Moderate
3.034338625179245,1.1341249224361871,1.521181500194326,2.59323021501577,Good
1.1065600427433622,3.445200509028953,1.018249719393704,1.3446171074191833,Good
2.0291456386284965,5.014944837668143,1.035282798289934,1.5394006898735046,Bad
2.362022018842588,2.660422998853633,1.0466381748931208,1.4045505174051285,Good
1.2284264168923824,7.065721527507546,1.0,1.03995520710123,Bad
1.8599581729233607,4.892651683266199,1.1783909832879906,1.0499449078776877,Bad
1.9755150767978145,5.152950580019562,1.1061018359891177,1.589345597751192,Bad
1.959390860652396,4.841349137069718,1.167897396035756,1.3096555520379822,Moderate
2.1889857027435395,1.9898930408169704,1.0381584889234357,1.6642623602336228,Good
3.171394462415301,3.9461102405266977,1.4582199766809172,1.639289306960679,Moderate
1.7347033914966776,6.280944017332225,1.1119315973571706,1.2647054945485237,Moderate
2.878821721400247,4.829517369035474,1.0754321585697628,1.7458377245654928,Moderate
1.529995954541664,5.397442234679175,1.0,1.1448386745766337,Moderate
1.980889794013999,5.06615272972035,1.0559657986785853,1.6792457127301093,Moderate
2.1525309139384152,3.4846712871911905,1.0863820069957248,1.469478777779302,Good
2.7494774517778984,2.2423356435955952,1.0788609032258063,2.663152127109972,Moderate
1.5580380948150778,5.200277652156537,1.1422463956471045,1.0749167624824312,Moderate
2.4161268261185387,2.4908027723147144,1.0072998989506412,1.4395120727863295,Good
1.4461033348555312,4.707318868777804,1.0827827345511076,1.7741394794290557,Moderate
1.835771848705233,4.924171513309425,1.1235911480761758,1.5643725444782484,Bad
3.0299539348343894,1.2839624328218504,1.0117822837155073,2.0788013797470093,Good
1.3981980307000346,3.4491759830884594,1.0012166404974738,1.6342956552406505,Good
2.8408480314342244,4.5298423482641486,1.1119315973571706,1.6143174523559356,Bad
1.369391151103276,3.973749250654691,1.0,1.03995520710123,Good
1.5912212801642969,6.0166696465193565,1.1993781577924605,1.484462130275788,Bad
2.5030573771201974,2.7274381329995894,1.0661413882627284,2.0688128776387518,Good
1.5858464984512477,6.115299264852813,1.2028760202098718,1.3346286053109258,Bad
3.555304373710829,2.778740679196071,1.077588940536339,2.576248682630352,Bad
4.053786321758647,1.2918187267965882,1.0060832304702685,3.097669349508073,Moderate
1.8020045152534976,5.535542631174868,1.0145997699183833,1.4894557819958172,Bad
1.9378919272907928,2.8812511174447586,1.1364166342790516,1.4894557819958172,Good
2.236657270261792,4.770358528864255,1.015816410415857,1.4445057245063584,Moderate
2.7442195383834718,2.829948571248278,1.0,1.1498335249648624,Good
2.236657270261792,4.376029363818979,1.0012166404974738,1.4544954252828155,Good
2.284562574417289,4.746694992795767,1.05934705635445,1.4045505174051285,Bad
1.1738611020033178,4.648160028606586,1.0048665899727944,1.2397336399437795,Good
3.0726947170553727,2.664303818768865,1.0510992087057909,2.053829525142265,Moderate
2.8619964243368257,1.6665544839771569,1.192230345899728,2.7880137974700907,Good
3.8136757173755136,1.5639493915841949,1.5923047120093277,2.802997149966577,Moderate
1.5965959973804815,6.056140424681594,1.0093276237854645,1.0,Bad
3.049878628725283,4.308919575528749,1.0231163093664983,1.6293008048524218,Moderate
4.080673774665456,2.139825205346908,1.1277480077730275,3.152607909105789,Bad
2.7834785218668774,6.134987326861794,1.0632656976292263,1.414539019513386,Bad
1.365482254128439,5.235772956259268,1.0011659634667702,1.5144288352687607,Moderate
1.1149726912750728,6.730551202633488,1.0,1.0,Moderate
2.531099452896747,2.510490834323696,1.0462326187329964,1.804106184422028,Good
1.386981187490042,3.204684328428846,1.0186552755538285,1.1847950803460634,Good
1.0767819693597325,5.422904199488867,1.0159902401865526,1.0998886170871751,Good
1.0,5.464552022969405,1.0,1.0,Good
1.4010022253783163,4.423356435955954,1.0559657986785853,1.5593788927582195,Good
1.4749314339207371,5.803697821902969,1.010175589584143,1.0,Moderate
3.268607103568571,5.302788090405224,1.0060832304702685,1.639289306960679,Bad
1.748724493881817,3.670004101679585,1.015816410415857,1.0499449078776877,Good
1.527191759863382,3.4806958131316845,1.1437303567819666,1.329633754922697,Good
1.3338661490979609,2.661748156873468,1.0013991449669646,1.0532736094683068,Good
2.12168457898672,2.4908027723147144,1.0279828993392923,1.469478777779302,Good
2.3168110067081256,5.957510806348138,1.0861640202098717,1.9039960001774028,Bad
1.9701403595816296,7.270837058149196,1.15507190983288,1.094894965367146,Bad
1.3359211481972622,3.244060452446809,1.083948698017878,1.3596004599156697,Good
1.353330657860064,4.048620678775386,1.0012166404974738,1.0799116128706598,Moderate
3.195697590455187,1.5757811596184386,1.1423478056743102,2.7880137974700907,Good
2.4060316478804857,4.971498585446399,1.2495141951029929,1.744172774436083,Bad
2.0291456386284965,5.030657425617618,1.0437993097551497,1.0,Moderate
2.101821415104637,4.959666817412156,1.1364166342790516,1.5244173373770182,Moderate
1.2069274190339148,6.111323790793307,1.041974349008939,1.2397336399437795,Moderate
1.8328507857083287,5.862856662074187,1.049882568208317,1.3995556670168998,Bad
2.3436846572859134,4.237928967323287,1.121259221142635,1.6542726594571655,Moderate
2.252314142126452,4.813804781085999,1.0897784593859308,1.983906414379863,Moderate
2.040362481838489,4.640209080487574,1.0364994387874078,1.204772084562579,Good
1.405792794491985,4.028932616766404,1.029148862806063,1.6792457127301093,Good
1.5858464984512477,4.987305827540149,1.017605916828605,1.2397336399437795,Moderate
3.302257633198549,1.5245732675662316,1.1447810866692576,3.94672559141956,Moderate
2.32919627511688,2.1753205094496386,1.021241567042363,1.2896785478214672,Moderate
1.0925390048550874,6.320320141350189,1.0742155180722892,1.2397336399437795,Moderate
3.198501849630333,2.064859123081938,1.0766487990672369,3.4772480123084573,Moderate
3.223739730728601,3.445200509028953,1.081515389040031,2.0788013797470093,Moderate
1.980889794013999,5.567062461218094,1.324135241352507,1.5643725444782484,Bad
1.2607916530049768,4.565337652366879,1.0004866506024097,1.1997784328425498,Good
1.86533295463641,3.117886478129634,1.2623396813058687,1.8940062994009452,Moderate
1.6169265055433228,3.950085714586204,1.0340661298095608,1.349611957807412,Moderate
2.69093951701179,5.44476930681615,1.0291995398367664,1.2996670499297247,Bad
1.5965959973804815,5.713019151688525,1.108433734939759,1.2497221420520372,Bad
2.404909982908546,5.5394234510901,1.0097331799455889,1.2497221420520372,Moderate
2.721785851963486,1.3006215622140656,1.2194448348231637,1.492785682254636,Good
1.448790661215191,6.300632079341207,1.065992994947532,1.3046619003179534,Bad
4.1334726494273575,1.0906786702144442,1.541002711232025,2.383463280064962,Moderate
2.2496267512699277,6.099492022759063,1.2480302339681306,1.7741394794290557,Bad
2.1357056813718587,4.494347044161417,1.032849489312087,1.5493891919817622,Bad
1.492521534804368,4.036788910741142,1.1282549459774582,1.644284157348908,Good
2.975216477813756,5.06615272972035,1.468713563933152,1.9739179122716053,Bad
3.0932163939248345,1.778246374220418,1.0644823381267003,2.0887898818552664,Moderate
1.5423600034819709,5.582869703311843,1.0,1.5793558969747346,Moderate
1.7974157568291056,3.73313841591031,1.1437303567819666,1.983906414379863,Good
1.5944928191233376,5.543398925149606,1.026766258841819,1.419533869901615,Bad
2.0830098725995585,2.620952220691396,1.1049358725223477,1.2896785478214672,Good
3.5378114051052583,4.285256039460261,1.0705655685969686,2.0788013797470093,Bad
2.31925401894475,5.6893556156200376,1.0777302821609016,1.7391791227160542,Bad
2.0684045576150387,1.5994446956869262,1.1058483668869024,1.1798002299578347,Good
2.475015236846784,5.874688430108432,1.018249719393704,1.8091010348102567,Bad
2.242265724115221,2.0885226591504265,1.033070694131364,1.6542726594571655,Good
2.2226362323735174,4.73883869882103,1.0316328488146134,1.5743622452547057,Moderate
1.5496254462833672,3.71733117381656,1.0038158600855034,1.3695889620239272,Good
3.692043015366873,4.782190296898499,1.0194663598911775,2.5882353646275407,Bad
2.372024192601913,5.440888486900918,1.0,1.2896785478214672,Bad
2.357121547071672,1.5364050356004753,1.535172949863972,2.0138731193728354,Bad
1.959390860652396,4.683655332709317,1.041974349008939,1.3945620152968707,Moderate
2.096446697888452,3.1928525603946025,1.015816410415857,1.2996670499297247,Good
3.108767039453528,5.1884458841222925,1.0523158492032647,1.4594890770028446,Bad
1.9190803202888496,5.006993889549131,1.0474492592304705,1.3945620152968707,Moderate
1.4514780520717157,6.63977787827477,1.0623255561601244,1.529412187765247,Bad
4.017331597450388,1.560068571668963,1.623785473766032,2.503330100036852,Bad
3.343386058301855,5.480264610918881,1.2366886809172173,2.258601609704844,Bad
3.823841003705367,5.109598981942092,1.092465237465993,2.083796230135237,Bad
1.550910739800751,3.9816055446294287,1.072289147298873,1.4794672798875594,Moderate
3.1396133744052235,1.8400555304313075,1.0012166404974738,1.7142060694431107,Moderate
2.217027778520089,3.3308583027460217,1.059615748153906,1.5743622452547057,Good
1.9002687132869067,4.226097199289042,1.3264671682860474,1.5743622452547057,Moderate
1.8076129046100615,4.111754993006111,1.0389327197823552,1.5244173373770182,Good
2.0265751160905943,5.030657425617618,1.2844928192771086,1.4944506323840456,Moderate
2.359808873431332,5.014944837668143,1.1842207446560435,1.6342956552406505,Bad
5.133407787080543,1.1261739743171757,1.1472143956471046,2.867924211672551,Bad
1.7935918667217872,2.068834597141445,1.0069957248348231,1.254716992440266,Good
1.132065005357862,2.6722547668878764,1.0,1.3096555520379822,Good
1.5013165207493189,1.6586035358581448,1.095608248736883,1.5194224869887896,Good
2.413556303580636,2.2659991796640826,1.0034978624174116,1.4345172223981009,Good
2.1958793856174874,5.44476930681615,1.0163233486202876,1.3396222570309548,Bad
2.020732990096786,6.032476888613106,1.1618141655654877,1.4345172223981009,Bad
1.0785179024699485,6.2848248372474576,1.0012166404974738,1.4994454827722743,Moderate
1.7040907931822258,2.869419349410515,1.064127486980179,2.6781354796064583,Good
2.416243629940296,5.973318048441887,1.307811892732219,1.4644839273910732,Bad
3.829449393061931,3.930302998432948,1.0316328488146134,1.7491676248243118,Bad
1.674529687251049,4.502203338136154,1.220047334628838,1.5993340998594494,Moderate
1.5159749166533891,5.432937538781906,1.0291995398367664,1.2796888470450098,Moderate
3.058524949397373,2.4395002261182333,1.3322969296541003,1.3645953103038984,Moderate
1.2635959121801232,4.348390353690985,1.0368865542168677,1.2497221420520372,Good
1.2579874583266948,7.160375671781496,1.035282798289934,1.1997784328425498,Bad
1.737507650671824,5.436913012841412,1.1240980862806065,1.3246389045344684,Bad
2.972845250587411,1.9736125280018508,1.1086394931986008,1.6763916837465784,Good
1.6664675791783397,5.432937538781906,1.1002720466381657,1.4594890770028446,Moderate
2.956404870811813,3.0272078079151896,1.6972405845316751,3.5122083690214585,Bad
1.857270846563701,6.758095558617208,1.3451224158569763,1.0,Bad
2.31925401894475,4.525866874204642,1.0432463116984063,1.4944506323840456,Moderate
2.511470025651908,2.4395002261182333,1.0145997699183833,1.03995520710123,Good
1.3477222040066357,6.363766393571932,1.0571824391760591,1.2647054945485237,Moderate
1.3708569713446237,4.565337652366879,1.029148862806063,1.059933409985945,Bad
2.932101742771928,1.6675956795641702,1.159380856587641,1.6293008048524218,Good
3.829066991151826,1.650747241883407,1.334578151574038,2.11376293512821,Moderate
3.543419858958687,4.036788910741142,1.0948985184609406,1.804106184422028,Moderate
1.9217677111453744,4.0249571427068975,1.3322969296541003,1.2097669349508071,Moderate
2.278210600708962,2.7090752290104434,1.0368865542168677,1.4544954252828155,Good
4.547327551992051,1.863719066499795,1.5759813354061407,2.3435068742955325,Moderate
1.131681120019872,7.026345403489582,1.0513019727944035,1.6942290652265954,Bad
3.2385786533566354,1.453582659360769,1.5092887679751263,2.098779582631724,Moderate
2.2759162537451987,1.7532576801320952,1.0216231418577535,1.9639294101633475,Good
1.9001519094651491,5.145094286044824,1.0279828993392923,1.254716992440266,Bad
1.0364547243082598,5.243629250234005,1.0012166404974738,1.2397336399437795,Good
2.187817277544778,4.801973013051755,1.2028760202098718,1.7491676248243118,Moderate
2.3732457632170902,6.056140424681594,1.1618141655654877,1.409545367793357,Bad
3.565853545378672,3.346665544839772,1.1070650073843762,1.7491676248243118,Moderate
1.2579874583266948,3.204684328428846,1.0011659634667702,1.0,Good
2.607046897325657,2.344846081844284,1.1772250198212204,1.349611957807412,Good
3.456255571319784,1.6665544839771569,1.0769529731830547,2.0288564718693216,Good
2.187817277544778,4.801973013051755,1.2028760202098718,1.7491676248243118,Moderate
1.5748633273816344,7.211678217977977,1.058399107656432,1.6492790077371366,Bad
2.292741486311756,2.1950085714586205,1.310245201710066,1.0,Good
1.914172947353424,4.9321224614284365,1.0890364928099494,1.484462130275788,Bad
1.2664001068584052,8.702480990292692,1.0437993097551497,1.5543840423699908,Bad
2.177067778615545,4.64418455454708,1.1562378453167508,1.0,Moderate
3.0238578846847237,3.445200509028953,1.1002720466381657,2.2086567018271563,Moderate
3.764151348428424,1.5442613295752132,1.0903084554994171,4.006659001405504,Moderate
1.8501859304862684,5.594701471346087,1.3739532809949475,1.4395120727863295,Bad
3.187284941923476,2.502634540348958,1.0742155180722892,2.258601609704844,Moderate
2.137181563124081,6.099492022759063,1.2681694426739214,1.555745729444871,Bad
3.187284941923476,2.502634540348958,1.0742155180722892,2.258601609704844,Moderate
1.69428978514353,6.0166696465193565,1.1206762534006995,1.395560505907237,Bad
1.544017056926803,4.951810523437418,1.020351207151185,1.2697003449367523,Good
1.6141223108650409,4.34441487963148,1.0024333089778468,1.0,Good
1.3981980307000346,6.75023926464247,1.0571824391760591,1.03995520710123,Bad
2.1905046039044382,5.11745527591683,1.078057570151574,1.709212417723082,Bad
3.543419858958687,2.829948571248278,1.150864317139526,2.528301954641596,Moderate
2.31925401894475,4.525866874204642,1.0432463116984063,1.4944506323840456,Moderate
1.2019032422767315,5.906208260151656,1.053633899727944,2.198668199718899,Bad
1.56084228949336,1.347096747052575,1.1450022914885347,1.4794672798875594,Good
2.160943562470126,6.6319215843000325,1.0,2.0338513222575503,Bad
2.6965479708652187,6.131011852802288,1.1800638849591916,1.609322601967707,Bad
1.5218382621156448,3.1989104256281355,1.0292548620287605,1.4851753378546209,Bad
4.0985368907768605,1.3312895049588254,1.400155460551885,3.542175074014432,Moderate
1.284372545155276,2.301494483766814,1.0025438973960357,1.4395120727863295,Good
1.8188297478200544,5.7405635076722445,1.1313979572483484,1.864039594407973,Moderate
3.5518324429935326,4.210384611339567,1.0,2.4134299850579346,Moderate
3.7817778255436783,1.903189844662032,1.184930474931986,2.3784684296767336,Moderate
2.0695729828138,6.4189497596836445,1.2145355709288768,1.5843507473629632,Bad
2.005076118232126,4.592882008350599,1.071123211815002,1.8140958851984847,Moderate
1.599283388237006,6.4189497596836445,1.1760590843373495,1.0499449078776877,Moderate
3.558375649905344,1.4238612580587486,1.081515389040031,2.57911469829588,Moderate
1.56166017423312,3.4846712871911905,1.0629615235134084,1.4794672798875594,Good
1.4622275510009497,3.437344215054216,1.0,1.609322601967707,Good
2.460994198958509,1.6310591798744256,1.0150864205207928,5.639844423522504,Bad
2.1833772488901118,3.7213066478760655,1.0316328488146134,1.529412187765247,Good
1.7148402276145949,2.6012641586824143,1.0319471527399922,1.8940062994009452,Good
1.7632128760508503,6.2848248372474576,1.307811892732219,1.3346286053109258,Bad
1.7470886599054318,4.308919575528749,1.0501360373105324,1.5593788927582195,Moderate
1.4326664450697726,3.228347864497334,1.278663029926156,1.3246389045344684,Moderate
2.566736356962111,4.269543451510785,1.3567819665759813,1.4594890770028446,Moderate
4.200656904865555,4.975474059505905,1.0489700738437622,2.103773234351753,Bad
4.645474946203703,1.8360800563718012,1.01703307889623,3.582131479783861,Bad
1.7907876720435052,5.003113069633899,1.0036499494753206,1.409545367793357,Bad
2.528575690585666,5.089816265788837,1.0559657986785853,1.5793558969747346,Moderate
2.706479520557828,3.3071947666775343,1.08861252390206,1.918979352673889,Good
1.0644968645816737,4.770358528864255,1.0109498204430625,1.0649282603741737,Good
1.408480120851645,5.342258868567462,1.0046638258841818,1.234738789555551,Moderate
2.990607751590068,2.6682792928283705,1.041974349008939,1.484462130275788,Good
2.260376250199161,2.1358497312874016,1.1877186070734551,1.644284157348908,Good
2.40720432987231,3.2913875245837847,1.1386978561989896,1.1798002299578347,Good
1.9110182122161403,2.502634540348958,1.4209094535561602,1.5094339848805318,Bad
2.022275303619528,4.0959477509123605,1.6564321710066072,1.3995556670168998,Bad
1.9029561041434315,2.914096105507819,1.7849203264671591,2.857935709564293,Bad
2.54231629610674,4.995162121514888,1.041974349008939,1.859045942687944,Bad
2.797850100214154,4.182745601211574,1.130586872910999,1.4994454827722743,Moderate
3.689238820688591,2.033339293038713,1.068132287602021,3.557158426510917,Moderate
2.0235371847750683,4.920290693394192,1.0559657986785853,1.7891228319255417,Moderate
3.4060134812636287,1.8597435924402888,1.10828164788185,4.955605059072366,Bad
1.8895192788545376,2.6367594627851454,1.1655654970851146,1.6992227169466243,Good
1.634219146887503,3.914590410483472,1.1480761849980567,1.4245287202898431,Moderate
1.878769779925304,3.3071947666775343,1.122425184609405,1.0,Good
1.7927739819820272,5.657741131432537,1.0034978624174116,1.469478777779302,Bad
3.1660196807022527,2.6524720507346213,1.1667314325689857,1.729189421939597,Moderate
1.927142428361559,5.4014177087386805,1.0816167990672367,1.419533869901615,Bad
2.2388772523406937,4.502203338136154,1.059615748153906,1.2247502874472935,Moderate
1.9225855958851343,6.198121641092519,1.0620490291488536,1.0249718546047435,Bad
1.8196476325598143,5.448744780875656,1.156587631558492,1.2930072494120866,Bad
2.1851298866882534,3.4768149932164527,1.4174115911387486,1.449500574894587,Moderate
1.8733950627091192,6.158650862930282,1.180722882238632,1.5993340998594494,Bad
4.076220008178633,4.837468317154486,1.0012166404974738,2.4184236367779635,Bad
1.7578381588346657,6.276968543272719,1.0862805969685192,1.5344058394852758,Bad
1.247237959397461,5.30676356446473,1.0550330446949088,1.0,Moderate
2.389614293485544,2.707750070990608,1.0109498204430625,1.5044391344923034,Good
1.1904193175505062,4.111754993006111,1.0,1.11986681997189,Good
1.4749314339207371,5.803697821902969,1.010175589584143,1.0,Moderate
2.292741486311756,1.7152067141339673,1.1946636548775749,2.0688128776387518,Bad
1.8088981981274452,4.754645940914779,1.0932763218033423,1.2996670499297247,Moderate
2.4862320800567765,6.154675388870776,1.4282600295375047,1.1248616703601186,Bad
1.835387963367243,4.218240905314305,1.078618627283327,1.6842393644501383,Good
3.248977611826868,2.0411955870134517,1.2019635258453167,2.603218717124027,Moderate
2.968556467080188,3.965798302535679,1.090031928488146,2.288568314697816,Moderate
1.5885338893077725,1.09465414427395,1.0513019727944035,1.544395540261733,Good
2.0426993322360127,4.782190296898499,1.0897784593859308,1.5344058394852758,Moderate
1.720682353608403,2.7432453750933394,1.0279828993392923,1.449500574894587,Good
3.4772659409321807,1.453582659360769,1.0966681849980566,2.997780732420898,Moderate
2.260376250199161,6.5175793780171,1.216867469879518,1.0699219120942025,Bad
1.6533812943484474,4.092066930997129,1.015816410415857,1.3795786628003843,Good
1.3757643442800491,3.153381782232365,1.0,1.3446171074191833,Good
1.7148402276145949,5.732707213697506,1.1359169436455498,1.2796888470450098,Bad
1.9253897905634163,6.541242914085588,1.1484310361445784,1.6992227169466243,Bad
2.107663541098445,3.5398546533029034,1.0241670392537894,1.6193123027441645,Moderate
2.149726719260133,1.796703932353838,1.0801328379323747,1.7341842723278256,Good
1.661092861962155,5.697211909594775,1.121259221142635,1.0,Bad
1.4864138752190772,3.82779256018426,1.0594636610959969,1.5993340998594494,Good
1.6173271600661043,5.302788090405224,1.2495141951029929,1.3596004599156697,Moderate
5.380178337700381,2.163488741415395,1.1192314963078118,2.817980502463063,Bad
2.231303772514055,5.4053931827981865,1.068685285658764,2.0688128776387518,Bad
2.8473744691612435,3.3368215138352806,1.113930387874077,1.4794672798875594,Good
3.861315423442663,2.561793380520177,1.0666259401476876,1.99389611515632,Moderate
2.013138226304836,5.618365007414575,1.2541779930042751,1.569367394866477,Moderate
1.3601074724153897,6.079803960750081,1.1492421204819276,1.4794672798875594,Bad
2.2361899259810336,4.888676209206693,1.179556946754761,1.5044391344923034,Moderate
2.494644728588487,2.029363818979208,1.0445182464049747,1.5633740538678824,Good
1.15202833287064,4.872963621257218,1.0759535919160512,2.198668199718899,Moderate
2.1797551694720694,4.8611318532229735,1.2541779930042751,1.4395120727863295,Moderate
2.5506121408166926,3.1612380762071037,1.0081616883015934,1.4544954252828155,Good
1.229945318053281,3.894807694330217,1.033070694131364,1.2447284903320084,Good
2.245069918793503,6.2178097031015005,1.1240980862806065,1.6592675098453944,Bad
2.096446697888452,2.9562171997097275,1.247182268169452,1.0699219120942025,Good
1.725589726543829,3.563518189371391,1.06645938593082,1.314650402426211,Good
3.156438671468645,2.104329901244176,1.0218996688690245,1.864039594407973,Moderate
3.349929265213666,1.4141118811985318,1.0754321585697628,2.5832405142393124,Good
1.9137056030726651,4.013125374672654,1.0617955600466382,1.1348501724683762,Moderate
1.283225339424962,4.052596152834892,1.01703307889623,1.2397336399437795,Good
2.5936100075398985,5.673548373526288,1.426739214924213,1.409545367793357,Bad
2.5318005338147493,4.557386704247867,1.0034978624174116,1.4295223720098722,Moderate
1.4353538359262972,3.886951400355479,1.0443062479595802,1.2796888470450098,Good
2.827411141648466,5.847049419980437,1.1562378453167508,1.779134329817284,Bad
1.7278931675654987,2.492979817633015,1.0026650353672757,1.4594890770028446,Good
1.2176769179631486,3.969773776595185,1.0023318989506411,1.0,Good
2.7498279922369,2.218672107527108,1.0742155180722892,1.8790229469044597,Moderate
1.8760823890687792,6.4347570017773945,1.0757870097162845,1.5194224869887896,Bad
1.2687369572559284,6.186289873058275,1.0,1.274695195324981,Bad
4.216048178641868,4.253736209417036,1.0190792444617178,1.918979352673889,Bad
1.1876272482827657,4.312895049588255,1.031798759424796,1.314650402426211,Good
1.3708569713446237,6.604282574172038,1.0163233486202876,1.3795786628003843,Bad
2.5318005338147493,5.543398925149606,1.1865526715895842,1.6293008048524218,Bad
1.7148402276145949,2.538129844451689,1.0279828993392923,1.294672199541496,Good
2.1582561716136013,6.0166696465193565,1.2401865433346289,1.4045505174051285,Bad
5.943824886368888,2.7274381329995894,1.1192314963078118,3.617091836496863,Bad
2.779527121458281,4.825636549120242,1.0644823381267003,1.294672199541496,Good
2.7526321869151813,3.7094748798418222,1.1235911480761758,1.419533869901615,Moderate
1.8760823890687792,5.050440141770873,1.2191993688301594,1.3596004599156697,Bad
2.4694068474902195,6.106307121146788,1.048665899727944,1.899001149789174,Bad
2.2142235838418074,4.774334002923761,1.2384629646327243,2.1187565868482388,Moderate
1.6169265055433228,4.916315219334686,1.0279828993392923,1.3795786628003843,Bad
2.825541700028566,3.567493663430897,1.1861471154294598,1.899001149789174,Moderate
1.8665013798351715,2.443475700177739,1.0254390019432569,1.644284157348908,Good
1.55897284787346,4.399692899887466,1.0046638258841818,1.0,Good
1.6505770996701652,3.0429203958646656,1.0,1.2297451378355222,Good
2.2254404270518,5.810702228579241,1.0397651830547998,1.648690461651075,Bad
1.3332338218376023,5.851024894039943,1.0851146614846483,1.1897887320660925,Bad
2.529113142958225,2.829948571248278,1.0268169358725223,2.0288564718693216,Good
3.975268419288699,1.1183176803424375,1.1119315973571706,2.2086567018271563,Moderate
2.3436846572859134,2.9443854316754834,1.539836775748154,1.0449500574894588,Moderate
1.0671842554381985,5.22791666228453,1.0186552755538285,1.2397336399437795,Good
1.6503433630329214,5.772177991859743,1.28799068169452,1.0149833524964862,Moderate
2.12063302210658,6.411093465708907,1.0268169358725223,1.4345172223981009,Bad
1.795461308341687,5.6893556156200376,1.0256510003886514,1.6642623602336228,Bad
1.174678986743078,7.432506336569103,1.0023318989506411,1.329633754922697,Bad
2.256286762003495,4.261592503391773,1.4087936696463272,1.6342956552406505,Bad
2.2657509674153458,4.975474059505905,1.1574038087835212,1.5793558969747346,Bad
1.7497760507619564,5.176614116088049,1.0816167990672367,1.639289306960679,Bad
3.06670386129184,5.622245827329807,1.0279828993392923,1.9739179122716053,Bad
2.357121547071672,2.6406402827003777,1.030314798289934,1.214761785339036,Good
1.8814571707818284,2.8024042152645583,1.0,1.2397336399437795,Good
1.8196476325598143,4.237928967323287,1.121259221142635,1.0149833524964862,Moderate
1.8975813869272469,2.664303818768865,1.2005441212592305,1.3596004599156697,Moderate
1.6288444296713185,4.005269080697916,1.1818888457054022,1.4594890770028446,Moderate
1.988951902086708,3.930302998432948,1.0909444228527012,1.709212417723082,Good
1.7632128760508503,6.158650862930282,1.4850369125534395,1.374583812412156,Bad
3.2798239467785635,3.5990134934741222,1.0523158492032647,2.148723291841211,Moderate
2.177067778615545,2.3488215559037893,1.0,1.3695889620239272,Good
4.213626385873691,3.52802288526866,1.0097331799455889,2.5832405142393124,Moderate
1.8733950627091192,2.530273550476952,1.0594636610959969,1.5743622452547057,Good
1.6057096623333302,3.5951326735588904,1.0048665899727944,1.0,Good
2.9433185859819204,2.2305038755613515,1.015816410415857,1.9339627051703752,Good
2.33024783199702,3.926422178517716,1.3591138655266226,1.8140958851984847,Moderate
2.369092552119218,4.87684444117245,1.28799068169452,1.0449500574894588,Bad
3.605112464365214,3.3703290809082587,1.1143649063350174,1.864039594407973,Moderate
1.112168432099926,5.815529589937213,1.0279828993392923,1.3596004599156697,Good
2.819933246175137,1.997843988935982,1.0432463116984063,2.6381802725052284,Good
1.647656036673261,4.01710084873216,1.0769529731830547,1.744172774436083,Good
2.0803224817430337,5.626221301389313,1.0932763218033423,2.648168774613486,Bad
1.55897284787346,2.534154370392184,1.051968245627672,1.9139845022856603,Good
2.396497334376836,1.6192274118401817,1.0699572483482316,2.0088794676528066,Good
1.6664675791783397,4.348390353690985,1.1888845705402251,1.1498335249648624,Good
3.03024913698358,3.792297256081529,1.100981776914108,2.303551667194302,Moderate
1.7014034023257012,3.5911571994993845,1.02215313797124,1.0,Good
4.956742425902078,1.2799869587623445,1.1180148278274389,4.6759162120273565,Bad
1.6926402133349892,3.267723988515297,1.0279828993392923,1.11986681997189,Good
1.980889794013999,2.5894323906481707,1.9129420909444228,2.718090686707688,Bad
4.348228504393602,1.2879379068813563,1.1204481368052857,2.0488346747540365,Moderate
1.954016143436211,2.3803413859470144,1.0036499494753206,1.1947835824543211,Good
1.5636464841716418,3.725282121935572,1.1094982883793238,1.4794672798875594,Good
1.8833266124017285,5.13326251801058,1.0890364928099494,1.5044391344923034,Moderate
1.3255555991028831,7.014797597888161,1.0413080761756703,1.2197554370590649,Bad
2.2066288200498567,4.577169420401123,1.054799835211815,1.644284157348908,Moderate
2.813974316359572,2.3291334938948074,1.02215313797124,1.7391791227160542,Good
1.2047074369550137,4.805853832966987,1.0127194869801788,1.3596004599156697,Good
2.0936425032101704,3.6256113080151033,1.0705655685969686,1.8338559304708515,Good
1.4756643762898434,5.626221301389313,1.0,1.9988897668763488,Moderate
1.854583455707176,5.610414059295563,1.3684415172949864,1.639289306960679,Bad
3.0316512343227204,2.660422998853633,1.2075398460940536,1.469478777779302,Moderate
1.4568527692879003,2.171345035390133,1.271667305091333,1.03995520710123,Moderate
2.9797733102901804,3.737113889969816,1.0863820069957248,1.908989651897432,Moderate
1.6772170781075737,2.849731287401533,1.030314798289934,1.389567164908642,Good
2.6339205479034447,4.845324611129223,1.114613282549553,1.8490562419114869,Bad
2.758388209594773,4.064427920869136,1.212080910998834,1.7891228319255417,Moderate
2.255001468486112,4.182745601211574,1.0139914496696465,1.5643725444782484,Moderate
3.347125006038519,4.565337652366879,1.059615748153906,1.7391791227160542,Bad
2.3409973309262533,4.868988147197712,1.0921103863194714,1.6193123027441645,Moderate
2.037324550522963,5.365922404635949,1.1562378453167508,1.0649282603741737,Bad
3.675217782800317,1.4772461954292564,1.1058483668869024,1.899001149789174,Moderate
2.048074049452197,5.847049419980437,1.053633899727944,2.2735849622013298,Bad
1.6039251630840845,4.001293606638411,1.0,1.5743622452547057,Good
1.7262908074618315,4.596857482410105,1.0036499494753206,1.449500574894587,Good
1.8580887313034609,1.8045602263285765,1.0,1.5344058394852758,Good
1.8468718880934685,2.71163089090584,1.0015816494364556,1.4345172223981009,Good
1.1101821221614043,5.638053069423556,1.0617955600466382,1.0149833524964862,Moderate
2.245069918793503,2.5459861384264277,1.0097331799455889,1.4944506323840456,Good
2.3383099400697285,2.52232260235794,1.1783909832879906,1.5344058394852758,Good
2.7077648140752117,2.7274381329995894,1.0135047990672368,2.598223866735798,Moderate
2.2019870452027783,6.087660254724819,1.1640815359502523,2.133739939344725,Bad
2.317979431906888,7.7756276095621715,1.0206830003886511,1.3596004599156697,Bad
1.292923281474056,2.6682792928283705,1.0,2.148723291841211,Good
2.5506121408166926,3.0942229420611462,1.2261950936649826,2.11376293512821,Bad
2.6339205479034447,1.6704353038923887,1.8476486684803728,1.6193123027441645,Moderate
1.5524296409616491,4.24976073535753,1.122881417800233,1.0,Good
1.3477222040066357,4.589001188435367,1.026766258841819,1.0,Good
1.752463441618481,4.273424271426018,1.024485036921881,1.4395120727863295,Moderate
3.349929265213666,2.810260509239296,1.0,1.943951207278633,Good
1.970257163403387,5.1844704100627865,1.0,2.0338513222575503,Bad
1.5831591720915876,3.046895869924171,1.114263496307812,1.7691458277090266,Good
2.438560512538524,6.091635728784325,1.0316328488146134,1.589345597751192,Bad
1.7363392254730623,5.496071853012631,1.1830548091721729,1.6293008048524218,Bad
1.8411466304182824,5.4014177087386805,1.2644383987563157,1.6342956552406505,Bad
2.3060615077788915,5.354090636601706,1.0921103863194714,1.4644839273910732,Moderate
1.0122851047780588,3.788321782022023,1.0,1.2647054945485237,Good
1.6530307538894458,6.789710042804707,1.1900505340069958,1.0,Bad
2.9805911950299406,1.252442602778625,1.4628838025650992,1.7491676248243118,Good
1.171056907325036,3.7449701839445537,1.0012166404974738,1.2397336399437795,Good
1.7655497264483735,5.503928146987369,1.0121664889234356,1.484462130275788,Bad
2.6180300683952704,5.381729646729699,1.049882568208317,1.419533869901615,Bad
4.200656904865555,4.975474059505905,1.0489700738437622,2.103773234351753,Bad
3.1958251007564646,2.5854569165886647,1.0,1.3346286053109258,Good
3.462097697313592,5.318595332498974,1.0218996688690245,2.4184236367779635,Bad
2.1905046039044382,3.677955049798597,1.1585697722502917,1.2796888470450098,Moderate
2.259224529688326,4.190601895186311,1.122591738826273,1.5344058394852758,Moderate
2.9510301535956285,2.680111060862614,1.5386708122813837,1.7741394794290557,Good
3.17887235788863,4.151225771168347,1.0656989786241742,2.4134299850579346,Bad
2.209316210906381,4.395717425827961,1.1445783225806452,1.3246389045344684,Moderate
1.3160346364502011,2.845755813342027,1.0228951045472212,1.2397336399437795,Good
1.2131200854867243,5.13326251801058,1.0,1.214761785339036,Good
1.521349633869574,4.7151751627525424,1.036144587640886,1.294672199541496,Good
2.5254910635401826,6.37162268754667,1.0316328488146134,1.3845723145204134,Bad
1.9325171455777437,4.675704384590305,1.0396424500582977,1.5094339848805318,Moderate
2.8112869255030475,3.737113889969816,1.142458394092499,1.8540510922997155,Moderate
2.4968647106673885,1.89523889654302,1.141131137193937,2.6381802725052284,Good
1.735850597226992,2.8575875813762712,1.0279828993392923,1.5244173373770182,Good
2.719916410343586,4.746694992795767,1.1399144966964632,1.7741394794290557,Bad
1.6870318239784252,2.313326251801058,1.0356145915274,1.3945620152968707,Good
1.518779111331671,5.910183734211162,1.0356145915274,1.389567164908642,Bad
2.2361899259810336,4.15510659108358,1.054799835211815,1.4544954252828155,Moderate
1.6281433487533157,4.127562235099861,1.094124287602021,1.4445057245063584,Good
2.072260373670325,4.308919575528749,1.0559657986785853,1.5993340998594494,Moderate
2.1475067371812324,4.699367920658792,1.5958025744267392,1.0449500574894588,Bad
2.040744883748594,6.276968543272719,1.031798759424796,1.5094339848805318,Moderate
1.599283388237006,1.6980743140203822,1.137582597745822,2.1637066443376973,Good
1.378919079417333,6.572762744128813,1.0186552755538285,1.6342956552406505,Bad
1.6127202135259,6.036357708528338,1.1445783225806452,1.0199782028847149,Bad
2.48074049452197,5.263411966387261,1.329965030703459,1.6143174523559356,Bad
3.090773381688209,2.829948571248278,1.0116595507190052,1.6293008048524218,Moderate
2.0023887918724665,4.734863224761524,1.053633899727944,1.2397336399437795,Moderate
2.3849852890176524,5.598582291261319,1.1240980862806065,1.3346286053109258,Bad
3.1806082909988462,6.347959151478182,1.361112656043529,2.092119782114086,Bad
3.0020901928884083,2.415836690049746,1.3917605907500972,1.6642623602336228,Bad
2.5391296995183525,2.017532050944964,1.025317863972017,3.032741089133899,Good
1.8016038607307163,3.165213550266609,1.1177613587252235,1.0,Good
3.532203015748694,3.7213066478760655,1.10048404508356,2.423418487166193,Moderate
1.365482254128439,3.567493663430897,1.0093276237854645,1.609322601967707,Good
2.9461227806602026,2.250191937570333,1.0,2.488346747540366,Moderate
1.7497760507619564,3.915347643637664,1.2868247182277497,1.3845723145204134,Moderate
1.478351767146368,1.4692952473102447,1.475709288767975,1.0,Bad
1.737507650671824,5.578894229252337,1.008516539448115,1.3995556670168998,Moderate
1.7318991968183957,4.009244554757423,1.0644823381267003,1.5144288352687607,Good
1.86533295463641,4.20640913728006,1.2087057815779243,1.5843507473629632,Good
1.988951902086708,1.453582659360769,1.3637776914108044,1.3995556670168998,Bad
1.1800537684561272,4.825636549120242,1.0,1.3196452528144396,Good
1.15202833287064,4.872963621257218,1.0759535919160512,2.198668199718899,Moderate
1.330896971440079,4.805096599812795,1.0,1.0,Good
2.1413140707284226,5.5394234510901,1.0121664889234356,1.5094339848805318,Bad
3.1472081381971737,5.874688430108432,1.2141857846871356,1.644284157348908,Bad
2.475015236846784,5.626221301389313,1.0754321585697628,1.639289306960679,Bad
1.9562361255151124,4.0959477509123605,1.0114475522736106,1.5493891919817622,Good
2.191789897421822,2.4245448713229494,1.0089036548775747,1.5793558969747346,Good
2.034754027985061,2.447451174237245,1.0279828993392923,1.6243059544641931,Good
2.9698417605975718,1.8005847522690703,1.271667305091333,1.604328950247678,Moderate
1.979179659649616,5.776058811774976,1.097331827438787,1.7741394794290557,Moderate
1.6758149807684326,4.360222121725229,1.0620490291488536,1.4794672798875594,Good
1.6960286851095163,5.361946930576443,1.1422463956471045,1.7891228319255417,Moderate
1.5374738500149925,5.598582291261319,1.0443062479595802,1.4944506323840456,Moderate
2.4525815504267987,3.279555756549541,1.018249719393704,1.2447284903320084,Good
2.1663182796863105,1.4811270153444884,1.137582597745822,2.2685901118131016,Good
3.484531383733577,1.7769212162005823,1.3041619432568985,3.816870269339412,Moderate
1.7873992002689778,3.630627977661622,1.0932763218033423,1.2447284903320084,Good
2.1749646003584004,1.851887298465551,1.1450022914885347,2.003884617264578,Good
3.052682823403565,2.3527970299632948,1.1484310361445784,2.318535019690789,Good
1.5328002137168106,5.314619858439468,1.150864317139526,1.1098783178636322,Bad
2.0534487666683816,6.667416888402763,1.1192314963078118,1.1798002299578347,Bad
1.229945318053281,4.269543451510785,1.0304162083171395,1.8091010348102567,Good
1.755150767978141,4.376029363818979,1.0209871745044694,1.274695195324981,Good
1.3520453643426806,3.0074250917619345,1.029148862806063,1.274695195324981,Good
1.636555997285026,3.2756749366343088,1.0535324897007383,1.4744724294993308,Good
4.200656904865555,4.975474059505905,1.0489700738437622,2.103773234351753,Bad
1.448790661215191,4.0447398588601535,1.0,1.5194224869887896,Good
1.7309644437600131,2.1358497312874016,1.2110377085114652,1.4445057245063584,Good
2.913407004088607,5.259436492327756,1.1783909832879906,1.6193123027441645,Bad
1.9001519094651491,2.573625148554421,1.0228951045472212,1.5493891919817622,Good
2.1797551694720694,1.504790551412976,1.342790516906335,1.5044391344923034,Moderate
1.30636010676295,2.407980396075008,1.0023318989506411,1.1648168774613483,Good
1.3493580379830206,3.863287864286991,1.0827827345511076,1.0,Good
2.359808873431332,4.0999232249718665,1.0163233486202876,1.5194224869887896,Moderate
2.744102734561713,1.6192274118401817,1.0454722114263506,1.2097669349508071,Moderate
1.55897284787346,3.3703290809082587,1.2984842689467548,1.0,Bad
3.930401046448729,4.462732559973917,1.008516539448115,2.293563165086045,Bad
3.0299539348343894,1.2839624328218504,1.0117822837155073,2.0788013797470093,Good
2.522686868861901,4.234048147408054,1.0,1.6293008048524218,Moderate
1.8814571707818284,6.679248656437007,1.0816167990672367,1.3596004599156697,Bad
1.0,3.224372390437828,1.0,1.11986681997189,Good
1.8046751369252312,4.028932616766404,1.2467582992615625,1.7841291802055128,Bad
1.765900266907375,3.323002008771284,1.0746210742324136,1.0,Good
1.3708569713446237,5.922015502245406,1.1340847353284105,1.2397336399437795,Moderate
1.2776169500683978,4.088091456937622,1.0,1.1997784328425498,Good
2.1690056705428358,5.164782348053805,1.1958802953750487,1.3995556670168998,Moderate
2.091839751348248,3.1703248740574024,1.0671589584143024,1.3938476090498382,Good
2.502239492380437,2.0608836490224327,1.280994956859697,1.6892342148383668,Good
2.3011541348434656,2.549961612485933,1.0012166404974738,1.3596004599156697,Good
3.579874583266947,2.6406402827003777,1.0474492592304705,2.0788013797470093,Moderate
2.747023797558618,7.968911372169577,1.0109498204430625,1.4794672798875594,Bad
2.962948077723624,5.523710863140624,1.3151117916828603,2.533296805029825,Bad
1.1149726912750728,5.148975105960056,1.0364994387874078,1.4794672798875594,Good
2.0319498333067787,5.638053069423556,1.0489700738437622,1.1498335249648624,Bad
1.948641361723162,5.168757822113311,1.1095996984065293,1.4894557819958172,Bad
2.43505523694224,2.5421053185111955,1.1410804601632336,1.779134329817284,Good
2.6177963317580266,5.432937538781906,1.1061018359891177,2.003884617264578,Bad
1.2579874583266948,5.279124554336737,1.010175589584143,1.0499449078776877,Good
1.9001519094651491,5.358066110661212,1.0145997699183833,1.978912762659834,Moderate
2.233502535124509,4.821661075060737,1.071123211815002,1.6742508623418806,Moderate
3.383452284542366,3.740994709885048,1.1340847353284105,2.038846172645779,Moderate
1.948641361723162,4.545554936213623,1.0,1.374583812412156,Good
1.5831591720915876,6.075828486690575,1.1002720466381657,1.0,Bad
1.7470886599054318,1.3904483451300442,1.247182268169452,1.0799116128706598,Good
1.795461308341687,5.074103677839361,1.246016332685581,1.3046619003179534,Moderate
1.301962581542042,2.4829464783399766,1.072289147298873,1.604328950247678,Good
1.8088981981274452,4.376029363818979,1.071123211815002,1.4744724294993308,Moderate
1.7712749841235595,5.661716605492043,1.0862805969685192,1.3795786628003843,Bad
1.25530006747017,5.929871796220144,1.0,1.11986681997189,Moderate
2.73335323563248,2.664303818768865,1.0443062479595802,2.373473579288505,Moderate
5.14182037111539,1.6428909479086693,1.0012166404974738,2.4833518971521373,Moderate
1.722902335687304,4.64418455454708,1.036144587640886,1.4994454827722743,Moderate
2.091071980672268,3.7764900139877793,1.1294209094442285,2.253606759316616,Good
1.725589726543829,3.40582438501099,1.0909444228527012,1.214761785339036,Good
1.7282771174003533,3.902758642449229,1.1165954232413524,1.3645953103038984,Moderate
1.353330657860064,4.399692899887466,1.0827320575204042,1.6193123027441645,Good
1.55897284787346,5.79584152792823,1.0,1.094894965367146,Bad
1.6180949307420844,6.158650862930282,1.041974349008939,1.4794672798875594,Bad
1.599283388237006,3.21651609646309,1.162067634667703,1.2697003449367523,Good
2.2039414936901967,4.683655332709317,1.1055718398756316,1.6892342148383668,Moderate
2.0749477645268493,3.5723210247888684,1.179556946754761,1.204772084562579,Moderate
1.599283388237006,3.579325431465141,1.0233190734551108,1.8740292951844304,Good
1.1906863990667391,2.971929787659203,1.0,1.15982202707312,Good
2.1797551694720694,1.504790551412976,1.342790516906335,1.5044391344923034,Moderate
4.379074839345298,1.650747241883407,1.0279828993392923,3.911765234706559,Moderate
1.8760823890687792,4.999137595574393,1.0629615235134084,1.03995520710123,Moderate
1.795461308341687,6.1468190948960375,1.1340847353284105,1.11986681997189,Bad
2.201254102833672,4.036788910741142,1.2331908184998055,1.469478777779302,Moderate
2.314123615851601,5.101648033823081,1.138748533229693,1.5194224869887896,Bad
1.4234359117983018,3.5871817254398786,1.0190792444617178,1.3196452528144396,Good
1.7067781195418856,3.054752163898909,1.0466381748931208,1.5993340998594494,Good
3.17887235788863,2.072715417056677,1.0888152879906725,3.0726974949033288,Moderate
2.099134088744977,6.4149742856241385,1.312475718616401,1.7741394794290557,Bad
1.3757643442800491,4.596857482410105,1.0291995398367664,1.4794672798875594,Good
1.4178275224417378,4.999137595574393,1.0364994387874078,1.3945620152968707,Moderate
2.182442495831729,6.411093465708907,1.1713952584531675,1.4345172223981009,Bad
1.9970140101594172,5.3264516264737125,1.0851146614846483,1.3246389045344684,Bad
1.7927739819820272,5.145094286044824,1.1655654970851146,1.6293008048524218,Moderate
1.776766569658366,2.7944532671455464,1.0012166404974738,1.3845723145204134,Good
1.50791280858068,5.290956322370981,1.036144587640886,1.764150977320798,Moderate
1.3439832562699714,3.6936676377480726,1.019987793237466,1.4794672798875594,Good
1.872109769191736,3.046895869924171,1.068685285658764,1.4594890770028446,Good
2.200202545953532,4.884795389291462,1.0851653385153517,1.8740292951844304,Bad
1.5951301771391335,5.432937538781906,1.1107149568596968,1.5843507473629632,Moderate
1.6225349593967515,3.445200509028953,1.071229211037699,1.3845723145204134,Good
1.8973476502900024,3.077847775101753,1.0012719626894675,1.5344058394852758,Good
1.2327495772284274,3.681835869713829,1.0,1.1847950803460634,Good
2.0023887918724665,5.835217651946195,1.0389327197823552,1.5593788927582195,Bad
1.5047580734433967,4.857156379163468,1.0109498204430625,1.0,Moderate
1.5748633273816344,5.1844704100627865,1.041974349008939,1.644284157348908,Bad
1.9755150767978145,6.048189476562582,1.1165954232413524,1.374583812412156,Bad
3.2742155574219995,6.075828486690575,1.0206830003886511,1.8540510922997155,Bad
3.1108064948084646,5.8391931260057,1.067413350952196,1.8140958851984847,Bad
2.83662497023201,3.4531514571479653,1.0972738748542556,3.052719292018614,Moderate
2.5425500327439834,5.105623507882586,1.0524679362611735,1.3795786628003843,Bad
2.459241561160366,6.186289873058275,1.1422463956471045,1.414539019513386,Bad
2.475365777305785,2.4789710042804707,1.2250291581811117,1.2247502874472935,Good
2.531099452896747,5.409274002713419,1.0072998989506412,1.4245287202898431,Bad
3.235891326996976,1.654722715942913,1.5200155367275554,3.077691146623358,Good
2.0151245362433574,3.169189024326115,1.0048665899727944,1.604328950247678,Good
2.64607214417182,4.210384611339567,1.0,1.6293008048524218,Moderate
2.440429954158424,5.338283394507956,1.4222873874854256,1.4295223720098722,Bad
1.8196476325598143,6.308488373315945,1.0851146614846483,1.544395540261733,Bad
2.0992508925667344,5.9180400281859,1.0754321585697628,2.198668199718899,Bad
2.0561361575249064,5.2752437344215055,1.216867469879518,1.389567164908642,Bad
1.1794695558567465,3.6424597456958656,1.0279828993392923,1.3396222570309548,Good
2.088858835261012,2.90093917945374,1.0209871745044694,1.0,Good
2.2388772523406937,4.425533481274255,1.0617955600466382,1.2247502874472935,Moderate
2.954535429191913,1.6704353038923887,1.6545565052467937,1.8190895369185145,Moderate
1.518662307509914,2.786596973170808,1.0734551107656432,1.4544954252828155,Good
2.284073946171218,3.819936266209522,1.1505746381655657,1.834072889415001,Moderate
1.967452968725105,5.898351966176919,1.349786241741158,2.133739939344725,Bad
2.6853311276552256,2.407980396075008,1.090031928488146,2.0288564718693216,Moderate
2.620483722614551,3.8474806221932414,1.7345511076564322,1.469478777779302,Bad
1.264130010715724,5.767161322213224,1.037310523124757,1.2397336399437795,Good
1.7683539211266557,4.87684444117245,1.0788609032258063,1.4045505174051285,Bad
1.784711873909318,3.5043593492001723,1.2973183054799844,1.2597118428284946,Bad
1.6029054676550485,6.04430865664735,1.0401493882627284,1.349611957807412,Bad
1.5132875257968648,2.5972886846229084,1.179556946754761,1.958934559775119,Good
1.7685876577638997,5.1884458841222925,1.1702292949863973,1.4295223720098722,Moderate
1.6898360186567072,4.904483451300443,1.0559657986785853,1.5144288352687607,Bad
4.1519337159703,1.7138815561141318,1.1216647773027597,2.2735849622013298,Moderate
1.4626948952817085,2.8575875813762712,1.0610535934706569,1.2397336399437795,Good
1.8411466304182824,6.134987326861794,1.0081616883015934,2.0488346747540365,Bad
1.214989527106624,3.4846712871911905,1.0,1.0,Good
1.400418012778936,2.751101669068077,1.072289147298873,1.958934559775119,Good
2.096446697888452,6.012694172459851,1.114596632724446,1.2896785478214672,Moderate
1.827709740632524,3.524142065353428,1.1130975608239408,1.1997784328425498,Good
1.440261208861723,4.577169420401123,1.0279828993392923,1.2896785478214672,Moderate
2.0235371847750683,5.716899971603756,1.0425826692576758,1.2497221420520372,Bad
2.8623469647958277,3.319026534711778,1.0233190734551108,1.609322601967707,Moderate
1.6505770996701652,5.271268260362,1.1042999051690634,1.469478777779302,Bad
1.7627455317700913,2.104329901244176,1.049882568208317,1.5793558969747346,Good
1.510366462799961,6.359790919512426,1.041366028760202,1.7142060694431107,Bad
1.2047074369550137,2.8970583595385087,1.0877645581033812,1.2796888470450098,Good
2.9435054978954787,6.679248656437007,1.1830548091721729,1.2097669349508071,Bad
2.062662595251925,2.139825205346908,1.2569338888457051,1.354605609527441,Moderate
1.9459540353635016,2.889107411419497,1.0524679362611735,1.3046619003179534,Good
1.6180949307420844,6.513603903957595,1.0163233486202876,1.5493891919817622,Bad
2.26189515136006,2.234479349620857,1.0020351123202489,2.093784732243495,Moderate
2.0487751303702,4.5850257143758615,1.0510992087057909,1.3596004599156697,Bad
3.930401046448729,4.462732559973917,1.008516539448115,2.293563165086045,Bad
3.84347049544707,2.6959183029563643,1.1216647773027597,1.943951207278633,Moderate
1.911368752675142,4.26556797745128,1.0705655685969686,1.7591561269325693,Moderate
1.9325171455777437,4.407549193862204,1.2191993688301594,1.0,Moderate
2.2254404270518,5.810702228579241,1.0397651830547998,1.648690461651075,Bad
2.814324856818573,4.0959477509123605,1.0912485969685193,1.4045505174051285,Good
3.260077651215102,1.473270721369751,1.145744258064516,1.8690344447962015,Good
2.988185958821891,3.993437312663673,1.081515389040031,1.7841291802055128,Moderate
2.536707906750175,2.131874257227896,1.0034066101826662,2.578246862519284,Moderate
2.7494774517778984,5.287075502455749,1.1282549459774582,1.9239730043939176,Bad
1.9997014010159415,4.679679858649811,1.1364166342790516,1.958934559775119,Moderate
2.113271994951874,3.0035442718467023,1.3381266910221532,1.4644839273910732,Moderate
2.0684045576150387,4.995162121514888,1.059615748153906,1.2647054945485237,Bad
2.0515793250484817,3.7764900139877793,1.2214298857364945,1.1897887320660925,Moderate
3.612123015557784,1.812416520303314,1.0864925954139135,2.608213567512256,Moderate
2.4726783864492603,5.716899971603756,1.0693742806062962,2.1187565868482388,Bad
2.317979431906888,7.7756276095621715,1.0206830003886511,1.3596004599156697,Bad
2.8367585432385587,4.774334002923761,1.1691140365332298,1.824084387306743,Bad
1.1504926625249503,4.683655332709317,1.0233190734551108,1.484462130275788,Good
1.5831591720915876,3.729162941850804,1.35445006762534,1.354605609527441,Bad
2.0235371847750683,5.219965714165518,1.0462326187329964,1.3096555520379822,Good
2.381307871289799,4.41152466792171,1.318305479984454,1.3795786628003843,Moderate
3.0358575263401435,2.758957963042815,1.0961151869413135,2.8928972649454945,Moderate
1.297246441810101,3.133693720223384,1.0291995398367664,1.4944506323840456,Good
2.721785851963486,1.3006215622140656,1.2194448348231637,1.492785682254636,Good
1.6234697124551336,3.40582438501099,1.0256510003886514,1.274695195324981,Good
1.857270846563701,5.176614116088049,1.2751651675087443,1.03995520710123,Bad
3.3555376545702296,2.1437060252621394,1.1399144966964632,2.528301954641596,Moderate
1.2714242836155885,5.034632899677124,1.0116595507190052,1.1048834674754036,Moderate
1.419229619780879,4.991281301599655,1.0174893120870578,1.11986681997189,Good
2.23385307558351,3.445200509028953,1.0888152879906725,1.799112532701999,Good
2.878821721400247,3.374209900823491,1.3151117916828603,1.943951207278633,Bad
3.03024913698358,4.127562235099861,1.143564446171784,2.223640054323643,Moderate
1.0364547243082598,4.537698642238886,1.0206830003886511,1.0,Good
3.1095849241932885,2.6367594627851454,1.1049358725223477,2.0788013797470093,Good
2.7301985004951965,1.5994446956869262,1.035282798289934,2.148723291841211,Good
1.8814571707818284,6.691080424471251,1.215701506412748,1.5793558969747346,Bad
5.192296197808789,2.514466308383202,1.138748533229693,2.4384018396626788,Bad
2.2282446217300818,2.526298076417446,1.0364994387874078,1.0799116128706598,Good
1.9398114829744728,3.098198416120652,1.0377160792848814,2.093784732243495,Good
2.107196196817686,6.213834229041995,1.1282549459774582,1.294672199541496,Bad
1.8062108072709209,4.87684444117245,1.3859308293820445,1.15982202707312,Moderate
2.98596597674299,7.613958331142266,1.4010882145355616,1.6992227169466243,Bad
1.353330657860064,5.208133946131275,1.0036499494753206,1.349611957807412,Moderate
2.9405143913036387,2.790572447230314,1.0644823381267003,1.7691458277090266,Moderate
2.500253182441916,4.565337652366879,1.041366028760202,1.8690344447962015,Bad
2.996715411175359,3.902758642449229,1.3322969296541003,1.6592675098453944,Bad
3.150830217615216,4.013125374672654,1.049882568208317,2.0688128776387518,Moderate
2.131382521035814,5.993006110450869,1.0034978624174116,1.3845723145204134,Bad
1.658989683705011,5.290956322370981,1.0827320575204042,1.2896785478214672,Good
2.2173783189790903,3.153381782232365,1.030314798289934,1.4245287202898431,Good
2.212003601762906,5.523710863140624,1.0139914496696465,1.414539019513386,Bad
3.748127295913701,1.5521176235499512,1.0608323886513795,2.663152127109972,Moderate
1.6505770996701652,2.131874257227896,1.0035282798289933,1.4944506323840456,Good
2.0269885409925625,2.680111060862614,1.310921100660707,1.5354055287638415,Moderate
2.293008567827988,7.854569165886645,1.1072677714729888,1.2097669349508071,Bad
3.1310839220517552,2.581481442529159,1.213203053245239,2.1187565868482388,Moderate
2.676918479123516,7.227485460071727,1.0909444228527012,1.5793558969747346,Bad
1.4622275510009497,4.379910183734211,1.0279828993392923,1.2697003449367523,Good
3.5181819133635552,3.0114005658214404,1.1094982883793238,1.7491676248243118,Moderate
1.5401612408715168,5.780034285834482,1.1492421204819276,1.0,Bad
3.363950303101941,1.7808966902600885,1.0474492592304705,2.338513222575504,Moderate
1.7329188922474317,4.0249571427068975,1.0305267967353284,1.4794672798875594,Moderate
3.3111376260110186,3.0074250917619345,1.3812670034978625,1.03995520710123,Bad
1.4326664450697726,4.040764384800648,1.0443062479595802,1.3795786628003843,Moderate
1.496345424911686,3.046895869924171,1.0089036548775747,1.3596004599156697,Good
2.62854583068726,3.520166591293922,1.0804508356004665,2.06681469774982,Good
1.8814571707818284,4.234048147408054,1.0559657986785853,1.4744724294993308,Moderate
1.8384592395617576,3.555661895396653,1.0081616883015934,1.0,Moderate
3.587936691339656,1.3707602831210628,2.0645668153905947,2.443396690050907,Bad
2.571378131809189,2.2305038755613515,1.0024333089778468,1.11986681997189,Good
1.8665013798351715,4.502203338136154,1.0012719626894675,1.469478777779302,Good
2.394744696578693,2.8812511174447586,1.1034150579090556,1.354605609527441,Good
1.7148402276145949,4.667848090615568,1.072289147298873,1.5044391344923034,Moderate
4.454788547136964,1.595563875771694,1.165464087057909,3.911765234706559,Bad
1.8076129046100615,5.768202517800238,1.0851653385153517,1.0,Bad
1.25261274111051,3.255892220481053,1.0023318989506411,1.9139845022856603,Good
1.86802028099607,5.208133946131275,1.079284872133696,1.2896785478214672,Bad
2.445804735871473,1.7730403962853507,1.0209871745044694,1.9289678547821465,Good
1.386981187490042,5.338283394507956,1.0547491581811117,1.11986681997189,Moderate
3.2090176119223237,2.463163762186721,1.4034201414691023,2.098779582631724,Moderate
1.405792794491985,6.829086166822671,1.0,1.4445057245063584,Bad
1.5724096731623538,5.716899971603756,1.1527399828993392,1.154828375353091,Bad
3.0891375477118244,4.514035106170399,1.024332949863972,1.7941176823137703,Bad
1.2069274190339148,4.28137521954503,1.005829761368053,1.204772084562579,Moderate
1.1065600427433622,5.263411966387261,1.0133831294209097,1.1498335249648624,Good
2.6258584398307354,2.120042489193652,1.0314807617567043,1.908989651897432,Good
1.6505770996701652,5.732707213697506,1.0890364928099494,1.5044391344923034,Bad
3.3527334598919483,3.579325431465141,1.041366028760202,2.493340399260395,Moderate
3.321887124940252,1.6586035358581448,1.1094982883793238,2.2186464026036137,Good
1.5075622681216787,3.670004101679585,1.0462326187329964,2.0088794676528066,Good
3.206914433665179,2.845755813342027,1.015816410415857,2.5482801575263108,Moderate
2.9375933283067344,2.2383601695360893,1.4827050136027982,2.103773234351753,Bad
3.047074369550136,7.503496944774565,1.0121664889234356,1.729189421939597,Bad
1.314422214835659,4.387861131853223,1.0326467252234746,1.0249718546047435,Good
1.6503433630329214,5.827361357971456,1.0757870097162845,1.0,Bad
2.418931020796821,3.4886467612506964,1.087598647493199,1.4894557819958172,Good
3.864735756668293,3.181020792360359,1.2467582992615625,1.8440625901914576,Moderate
2.775065873335167,1.6665544839771569,1.0816167990672367,2.1637066443376973,Good
1.8580887313034609,1.8045602263285765,1.0,1.5344058394852758,Good
1.9478234769834015,5.389585940704437,1.0291995398367664,1.7491676248243118,Bad
4.673633890298875,2.068834597141445,1.1958802953750487,2.9927858820326696,Moderate
2.273111994570052,5.381729646729699,1.0546938359891178,2.198668199718899,Bad
1.3589390472166285,3.3048284130706853,1.0109498204430625,1.3446171074191833,Good
2.209316210906381,2.0766908911161828,1.0011659634667702,1.204772084562579,Good
1.3036727159064254,3.4806958131316845,1.047804110376992,1.5593788927582195,Good
1.8223350234163396,4.147250297108842,1.0582976976292269,1.2697003449367523,Good
1.6422812549602122,7.550824016911541,1.4209094535561602,1.6193123027441645,Bad
1.9835771848705237,5.014944837668143,1.121259221142635,1.354605609527441,Moderate
3.090773381688209,3.879095106380741,1.3579479300427515,2.743063739980632,Bad
1.053280021371681,2.93255366364124,1.0012166404974738,1.11986681997189,Good
2.416243629940296,5.673548373526288,1.2541779930042751,1.829079237694972,Moderate
1.967452968725105,5.673548373526288,1.1119315973571706,1.204772084562579,Bad
1.7851792181900763,5.077984497754594,1.0024333089778468,1.1698117278495772,Moderate
1.787540641893005,5.137143337925812,1.152080985619899,1.484462130275788,Moderate
2.281875183560764,4.612664724503855,1.204041983676642,1.529412187765247,Bad
2.231303772514055,5.4053931827981865,1.068685285658764,2.0688128776387518,Bad
1.5374738500149925,2.214696633467602,1.0408083855421686,1.0,Good
2.765601667923317,3.236204158472072,1.6575981344733774,1.99389611515632,Bad
3.047074369550136,2.526298076417446,1.0218996688690245,1.9739179122716053,Good
2.4726783864492603,5.716899971603756,1.0693742806062962,2.1187565868482388,Bad
1.7981486991982116,6.580619038103552,1.2366886809172173,1.1298553220801475,Bad
1.9137056030726651,3.074534880052165,1.034978624174116,1.0,Good
1.6422812549602122,4.387861131853223,1.1783909832879906,1.899001149789174,Bad
2.292624682489998,5.070128203779855,1.13291877186164,1.3695889620239272,Bad
1.3896685783465663,2.4395002261182333,1.0,1.5244173373770182,Good
1.2383579665849915,4.805853832966987,1.0255495903614458,1.0749167624824312,Good
1.6971804056203514,5.436913012841412,1.125923047026817,1.0,Bad
1.556285457016935,5.168757822113311,1.0,1.0,Moderate
1.2355537719067096,2.6682792928283705,1.0228951045472212,1.1847950803460634,Good
3.4455061368874147,1.7177623760293637,1.3439564803731052,3.911765234706559,Moderate
1.0671842554381985,5.22791666228453,1.0186552755538285,1.2397336399437795,Good
2.06688565645414,2.530273550476952,1.047804110376992,1.409545367793357,Good
2.5909226811802384,4.53372316817938,1.125923047026817,1.484462130275788,Good
1.2075116316332957,5.638053069423556,1.0024333089778468,1.354605609527441,Good
2.0487751303702,4.786165770958005,1.200746885347843,1.1798002299578347,Bad
2.0442349380848377,1.757233154191601,1.0,1.69314307183765,Good
2.3851469181602942,3.355846996834345,1.3597801383598913,1.6859043145795476,Moderate
2.550856454939728,1.5009097314977442,1.53050912397979,1.6642623602336228,Bad
1.5892668316768783,4.379910183734211,1.1971522580645162,1.2497221420520372,Moderate
2.912472251030225,2.849731287401533,1.0,1.5743622452547057,Good
2.7666532248034565,4.5731939463416165,1.0166680699572483,2.6731406292182296,Bad
2.054383519726764,4.194577369245817,1.0097331799455889,2.0638180272505227,Moderate
4.412725368975276,1.051302546196481,1.1155815468324912,4.775804829114531,Moderate
1.9325171455777437,4.687536152624549,1.197046258841819,1.5743622452547057,Good
1.6557181447459706,5.586750523227075,1.0676253493975905,1.744172774436083,Moderate
1.577540076255503,3.177045318300853,1.0139914496696465,2.213651552215385,Good
1.4138549025646945,3.287506704668553,1.0081616883015934,1.1698117278495772,Good
2.096446697888452,3.918471230398704,1.312475718616401,1.2996670499297247,Good
2.1179456312500555,4.50617881219566,1.047804110376992,2.2086567018271563,Bad
3.434756637958181,2.90093917945374,1.0431403124757093,1.5593788927582195,Good
3.475067178321727,2.908890127572752,1.402254178002332,2.683130329994687,Bad
1.9835771848705237,3.413680678985728,1.032849489312087,1.3695889620239272,Good
2.913407004088607,3.1415500141981214,1.1130975608239408,1.9489460576668611,Moderate
2.467303669233076,2.407980396075008,1.3487099634667703,1.0499449078776877,Bad
1.970257163403387,5.172638642028543,1.0705655685969686,1.0,Moderate
3.114959705906337,4.813804781085999,1.1609016712009328,2.248613107596586,Bad
2.6677046505399717,5.713019151688525,1.276179043917606,1.7591561269325693,Bad
2.1260077393227643,4.383885657793717,1.4990283622230858,1.4794672798875594,Bad
1.1800537684561272,4.068403394928641,1.0,1.0,Good
1.7610630020637492,2.4829464783399766,1.0363777691410805,1.11986681997189,Good
1.733651834616538,4.466708034033423,1.0408083855421686,1.274695195324981,Good
1.7627455317700913,6.340102857503444,1.0571824391760591,1.0749167624824312,Bad
2.0627961682584743,4.608689250444348,1.06645938593082,1.4744724294993308,Moderate
2.1152583048903955,3.882975926295973,1.0443062479595802,1.5793558969747346,Good
1.112168432099926,6.880388713019151,1.0874465604352896,2.198668199718899,Bad
3.4391541631790887,1.812416520303314,1.0517683637776911,1.864039594407973,Good
1.5025380913644957,2.7471261950085712,1.041366028760202,1.469478777779302,Good
1.174678986743078,4.766477708949024,1.0046638258841818,1.0099885021082575,Good
1.6261570388147937,4.794022064932743,1.0769529731830547,1.7841291802055128,Bad
2.3678709815040406,4.924171513309425,1.5666537116206762,1.1448386745766337,Bad
2.7442195383834718,5.239748430318774,1.116798187329965,1.7841291802055128,Bad
1.5636464841716418,3.429487921079477,1.0268169358725223,1.03995520710123,Good
5.144624630290536,1.532429561540969,1.1569475755926937,4.905660151194679,Bad
2.005564746478197,4.28137521954503,1.115747457442674,1.1248616703601186,Good
3.402508205667344,3.271699462574803,1.280994956859697,1.8890126476809168,Moderate
1.725589726543829,5.389585940704437,1.036144587640886,1.4994454827722743,Bad
2.1693562110018365,6.6319215843000325,1.0291995398367664,1.4345172223981009,Bad
2.9644669788845226,4.423356435955954,1.130586872910999,1.864039594407973,Bad
1.1750629365779326,7.640366837394696,1.102603973571706,1.7391791227160542,Bad
3.622872514487017,3.4846712871911905,1.13291877186164,1.6892342148383668,Moderate
1.7873992002689778,5.780034285834482,1.0431403124757093,1.9739179122716053,Bad
1.5428486317280417,2.6722547668878764,1.0034978624174116,1.154828375353091,Good
1.4326664450697726,5.129287043951074,1.08861252390206,1.0,Bad
1.8707076718525943,6.209953409126763,1.0069957248348231,1.414539019513386,Bad
1.860892925981743,7.629765573236014,1.0060832304702685,1.6592675098453944,Bad
1.9620782515089203,3.4728395191569468,1.1818888457054022,1.7341842723278256,Good
1.314422214835659,8.174026902811228,1.0,1.0649282603741737,Bad
2.0487751303702,5.787890579809219,1.167897396035756,1.6293008048524218,Bad
2.236657270261792,6.549099208060325,1.032849489312087,1.2796888470450098,Bad
1.773962374980084,2.8812511174447586,1.0,1.4345172223981009,Good
4.3454243097153205,1.3786165770958003,1.0025549506412748,5.519977603550615,Bad
1.6154076043824244,2.2896627157325704,1.0116595507190052,1.7841291802055128,Good
1.8438339567779425,6.464667711367962,1.1317528083948698,2.0238628201492928,Bad
1.5374738500149925,2.214696633467602,1.0408083855421686,1.0,Good
3.302257633198549,5.1844704100627865,1.0072998989506412,2.283573464309588,Bad
4.280927445133647,4.013125374672654,1.0,2.098779582631724,Moderate
3.0433779252472317,5.267292786302494,1.0432463116984063,1.7541624752125404,Bad
2.539862641887459,6.198121641092519,1.114263496307812,1.5244173373770182,Bad
1.9562361255151124,4.723031456727281,1.0279828993392923,1.4395120727863295,Bad
2.177067778615545,6.671392362462269,1.1095996984065293,1.589345597751192,Bad
3.182143896847671,4.332583111597236,1.0279828993392923,1.6980480221108998,Bad
3.840666236271924,4.8611318532229735,1.1094982883793238,2.503330100036852,Bad
2.800537491070678,4.419380961896448,1.239020607850758,1.6492790077371366,Bad
1.6799044689640985,4.49037157010191,1.141131137193937,1.3795786628003843,Good
1.661092861962155,3.760777426038303,1.7089001072677807,1.1348501724683762,Bad
2.583398025480089,5.022801131642881,1.0778654675476098,1.6143174523559356,Bad
2.040744883748594,6.276968543272719,1.031798759424796,1.5094339848805318,Moderate
1.159840064115043,5.794232407475574,1.015816410415857,1.5244173373770182,Good
1.7766497658366087,4.237928967323287,1.0,1.5094339848805318,Good
1.6870318239784252,6.0166696465193565,1.0255495903614458,1.6742508623418806,Good
3.3078660870519774,2.814235983298802,1.0279828993392923,2.248613107596586,Good
2.3678709815040406,3.705499405782316,1.0437993097551497,2.3984466325614484,Moderate
5.206317235697063,2.518441782442708,1.083948698017878,4.271365694622228,Bad
1.8492087384909917,5.176614116088049,1.1364166342790516,1.7491676248243118,Moderate
1.8973476502900024,5.4566010748503935,1.071229211037699,1.5593788927582195,Bad
1.5294117419422832,4.194577369245817,1.1270890104935871,1.274695195324981,Good
3.5630492862035257,1.5639493915841949,1.0291995398367664,2.4184236367779635,Moderate
2.7161774626069217,1.5284540874814636,1.0496060411970465,2.8879024145572654,Good
2.008496451457757,3.1928525603946025,1.0279828993392923,1.1348501724683762,Good
2.405494195507927,4.166938359117824,1.1177613587252235,1.8190895369185145,Moderate
2.0265751160905943,7.010538161395833,1.1562378453167508,1.1798002299578347,Bad
2.2469393604134025,3.5833009055246468,1.122881417800233,1.6742508623418806,Good
2.255001468486112,2.124017963253157,2.098328799067237,1.4994454827722743,Bad
2.093759307031928,4.021076322791666,1.2017100567431014,1.2597118428284946,Good
1.7148402276145949,5.547374399209112,1.1072677714729888,1.5593788927582195,Bad
1.50791280858068,6.884364187078657,1.064127486980179,1.4794672798875594,Bad
3.150830217615216,1.307625968890338,1.0669156191216478,1.8940062994009452,Good
1.9898866551450904,5.757601253641555,1.018249719393704,1.469478777779302,Bad
1.823102858589184,2.8024042152645583,1.122425184609405,1.4944506323840456,Good
2.459241561160366,3.1612380762071037,1.4337349397590362,1.6193123027441645,Moderate
2.6124216145418417,4.088091456937622,1.0932763218033423,1.9988897668763488,Bad
1.55897284787346,6.777878274770464,1.1061018359891177,1.449500574894587,Bad
1.7963960614000691,2.6919428288968583,1.0050877947920716,1.6243059544641931,Good
1.131681120019872,4.707318868777804,1.0,1.0,Good
1.3520453643426806,4.679679858649811,1.1061018359891177,1.0,Moderate
1.2418632421812763,5.141118811985318,1.0629615235134084,1.4045505174051285,Good
1.1354434156215147,3.3860416688577346,1.0218996688690245,1.1448386745766337,Good
1.5939086065239567,4.178770127152067,1.0,1.1048834674754036,Good
2.854284856723118,5.251580198353017,1.047804110376992,1.409545367793357,Bad
2.62854583068726,2.699799122871596,1.0443062479595802,1.6193123027441645,Good
1.9786698119350976,2.703774596931102,1.0254390019432569,1.589345597751192,Good
1.7347033914966776,4.466708034033423,1.0750450431403031,1.0,Moderate
2.620834263073552,4.068403394928641,1.0644823381267003,1.544395540261733,Moderate
1.8303971314890488,5.44476930681615,1.0571317621453555,1.4594890770028446,Moderate
1.7182605608402255,4.947835049377912,1.1002720466381657,1.0,Moderate
1.737507650671824,3.1967333803098343,1.0012166404974738,1.174805379569606,Good
3.0370259515389053,3.031088627830422,1.1585697722502917,1.3845723145204134,Good
1.1495154705296735,6.107348316733801,1.0,1.0,Moderate
3.369558692458505,1.7257133241483755,1.0510992087057909,3.4372916065390275,Moderate
1.8132213584634904,3.957942008560941,1.0936818779634667,1.8490562419114869,Good
1.5384086030733746,3.985581018688935,1.058509696074621,1.4045505174051285,Good
2.0026331059955016,3.5004785292849405,1.1364166342790516,1.9489460576668611,Good
1.6261570388147937,4.423356435955954,1.012825486202876,1.3596004599156697,Moderate
1.9618445148716763,5.925990976304912,1.0620490291488536,1.3196452528144396,Bad
2.5391296995183525,6.276968543272719,1.0610535934706569,1.2846836974332383,Bad
1.6261570388147937,4.423356435955954,1.012825486202876,1.3596004599156697,Moderate
2.57748579139448,2.2936381897920763,1.1539059463661097,1.4245287202898431,Good
2.636607938759969,5.267292786302494,1.2075398460940536,1.7941176823137703,Bad
1.443065403540005,4.293206987579272,1.0025438973960357,1.6293008048524218,Good
2.459241561160366,6.8330616408821765,1.191216469490867,1.0499449078776877,Bad
3.1982681129930897,1.855862772525057,1.0699572483482316,2.253606759316616,Moderate
1.9163929294323248,5.452720254935162,1.1865526715895842,1.1648168774613483,Bad
2.048074049452197,4.0447398588601535,1.2191993688301594,1.8190895369185145,Bad
1.98147400661338,3.681835869713829,1.1021984174115818,1.8690344447962015,Good
2.242265724115221,6.683318784640787,1.0,2.058823176862294,Bad
1.6127202135259,3.461007751122703,1.2145355709288768,1.3596004599156697,Bad
3.0330533316618618,4.368078415699968,1.0316328488146134,1.6243059544641931,Bad
2.284328837780045,2.80628503517979,1.0097331799455889,2.3435068742955325,Good
3.302257633198549,1.5245732675662316,1.1447810866692576,3.94672559141956,Moderate
3.60137351662855,1.560068571668963,1.0524679362611735,2.4034402842814773,Moderate
2.9202475415461397,2.526298076417446,1.2874606855810338,1.6942290652265954,Moderate
2.0588235483814312,6.162626336989788,1.1838876362223083,1.1847950803460634,Bad
3.742518842060272,2.6682792928283705,1.059615748153906,2.018867969761064,Moderate
1.8975813869272469,7.136712135713008,1.1049358725223477,1.6542726594571655,Bad
2.381307871289799,1.8834071285087768,1.0256510003886514,1.469478777779302,Good
2.3194983330677856,2.940409957615977,1.519508598523125,1.234738789555551,Bad
2.281524643101763,4.7111996886930365,1.152080985619899,1.2896785478214672,Moderate
2.618564166930871,1.9307342006457515,1.0190792444617178,1.958934559775119,Moderate
1.5374738500149925,3.429487921079477,1.1783909832879906,1.2996670499297247,Moderate
2.912472251030225,6.45046958972687,1.0474492592304705,1.5244173373770182,Bad
2.442384402645842,5.010969363608637,1.1247570835600469,1.0549385595977163,Moderate
3.767990459795783,1.3116014429498437,1.2005441212592305,3.2425080240847066,Moderate
2.263063576558821,3.4965030552254346,1.079284872133696,1.3596004599156697,Good
3.0668313715931173,2.8970583595385087,1.073773108433735,1.8890126476809168,Moderate
2.2254404270518,5.716899971603756,1.1713952584531675,1.5244173373770182,Bad
1.773962374980084,3.725282121935572,1.0912485969685193,1.0899001149789174,Good
2.545120555281886,3.579325431465141,1.2658375437232805,1.3845723145204134,Moderate
1.9281939852416987,8.09906082054626,1.0535324897007383,1.6942290652265954,Bad
2.045970871195053,1.958373210773745,1.0241670392537894,1.3446171074191833,Good
1.54851648719375,3.054752163898909,1.003688649825107,1.294672199541496,Good
1.995495108998519,4.427237255871185,1.0,1.764150977320798,Moderate
1.020521741366326,4.64418455454708,1.0139914496696465,1.1448386745766337,Good
2.738611149026907,5.835217651946195,1.0206830003886511,1.4295223720098722,Bad
3.053150167684324,2.404004922015502,1.2531180567431015,1.7142060694431107,Bad
1.6730107860901504,4.28137521954503,1.309028533229693,1.484462130275788,Bad
1.4407285531424818,3.1060547100953904,1.1713952584531675,1.0649282603741737,Good
2.100240661450605,2.724030583805728,1.046089486202876,1.1113047330212975,Good
2.010450899945176,6.04430865664735,1.1002720466381657,1.5993340998594494,Bad
1.2692043015366874,4.987305827540149,1.018249719393704,1.0,Moderate
2.013138226304836,4.368078415699968,1.0233190734551108,1.5643725444782484,Moderate
1.3896685783465663,5.890495672202181,1.0256510003886514,1.609322601967707,Bad
1.059122147365489,3.7213066478760655,1.0268169358725223,1.5344058394852758,Good
2.0534487666683816,3.6108452615083664,1.0991061111542946,1.6592675098453944,Good
1.6503433630329214,3.5871817254398786,1.034978624174116,1.2846836974332383,Good
2.825541700028566,5.4053931827981865,1.0024333089778468,1.983906414379863,Bad
2.4028068046514024,2.419812164109252,1.0292548620287605,1.6243059544641931,Good
2.17438038775902,4.865012673138205,1.3731053151962689,1.3446171074191833,Bad
2.752164842634423,5.003113069633899,1.163233570151574,2.523307104253368,Bad
2.43505523694224,5.046464667711368,1.1947143319082782,2.053829525142265,Bad
3.736910452703708,2.222647581586614,1.1751972949863971,3.2974477823506225,Moderate
2.0292624424502543,5.030657425617618,1.101438010104936,1.5244173373770182,Bad
1.914172947353424,3.6345087975768537,1.0,1.709212417723082,Good
3.1982681129930897,1.855862772525057,1.0699572483482316,2.253606759316616,Moderate
2.1020551517418813,3.417656153045234,1.0632656976292263,1.4594890770028446,Good
1.948641361723162,4.0249571427068975,1.064127486980179,1.3945620152968707,Good
1.0678914635583363,3.19805853832967,1.004123783909833,1.2293100212790242,Good
1.4038064845534632,2.2818064217578327,1.0121664889234356,1.094894965367146,Good
2.3114362249950764,4.407549193862204,1.1705624314030314,1.0899001149789174,Bad
2.2979993997061827,4.727006930786786,1.0559657986785853,1.7491676248243118,Bad
2.214690928122566,2.9917125038124586,1.036144587640886,1.764150977320798,Good
2.741415343705189,6.454445063786376,1.1585697722502917,1.469478777779302,Bad
1.8223350234163396,6.600401754256807,1.2565099199378158,1.389567164908642,Bad
3.31067028173026,1.595563875771694,1.0,3.157602759494018,Moderate
2.315175172731741,2.755077143127583,1.3540445114652158,1.0,Bad
2.3011541348434656,2.774765205136565,1.116798187329965,1.6742508623418806,Good
1.9567034697958712,3.5596373694561594,1.1422463956471045,1.1498335249648624,Good
1.5692549380250704,2.833924045307784,1.0928523528954528,1.5094339848805318,Good
2.721785851963486,2.644615756759884,1.6156237854644384,1.4794672798875594,Moderate
1.7094655103984104,3.7804654880472848,1.0559657986785853,1.1048834674754036,Good
2.5156763176693318,4.640209080487574,1.1455110765643215,1.892341349271536,Moderate
2.233502535124509,6.6871049504117455,1.0757870097162845,1.5144288352687607,Bad
3.7817778255436783,1.7769212162005823,1.1569475755926937,3.2375143723646778,Moderate
1.7543328832383809,5.906208260151656,1.1484310361445784,2.2685901118131016,Moderate
2.681879771437732,5.11385841843442,1.0854214939759037,1.569367394866477,Bad
1.6309476079284622,6.095516548699557,1.0454722114263506,1.0,Bad
1.9982993036768009,3.1415500141981214,1.0291995398367664,1.389567164908642,Good
1.3953938360217526,3.52802288526866,1.0050877947920716,1.3995556670168998,Good
2.0830098725995585,5.709043677629019,1.1119315973571706,1.5843507473629632,Bad
3.736910452703708,1.197164582522638,1.205207919160513,2.278579812589559,Moderate
1.7683539211266557,2.159513267355889,1.0178073097551497,1.4445057245063584,Good
1.9982993036768009,4.103898699031372,1.0377160792848814,1.569367394866477,Moderate
2.0695729828138,4.83349284309498,1.0256510003886514,1.469478777779302,Bad
1.5294117419422832,3.7213066478760655,1.047804110376992,1.6143174523559356,Good
3.849078884803634,2.83789951936729,1.0879462510687914,2.383463280064962,Moderate
1.2794863916882977,5.862856662074187,1.0198212110376992,1.0,Moderate
3.7032598585768657,1.157788458504675,1.081515389040031,2.783018947081862,Moderate
2.303958329521748,5.397442234679175,1.2445461951029926,1.5344058394852758,Bad
1.3338661490979609,2.661748156873468,1.0013991449669646,1.0532736094683068,Good
1.9534319308368304,5.196302178097031,1.0340661298095608,1.6193123027441645,Bad
1.7793370921962686,2.9364344835564715,1.1061018359891177,2.0688128776387518,Good
3.163576668465628,5.693236435535269,1.0572377613680528,1.8190895369185145,Bad
2.01812905818303,2.534154370392184,1.1459977271667314,1.804106184422028,Good
1.8841444971414885,3.748945658004059,1.0781189366498252,1.4045505174051285,Good
1.3547327551992052,3.4413196891137217,1.2273610571317528,1.5993340998594494,Good
3.369558692458505,1.7257133241483755,1.0510992087057909,3.4372916065390275,Moderate
1.9701403595816296,3.701618585867085,1.0425826692576758,1.2397336399437795,Good
2.005076118232126,3.271699462574803,1.1247570835600469,1.0649282603741737,Good
1.9253897905634163,4.269543451510785,1.0766487990672369,1.544395540261733,Good
1.7175276184711197,5.594701471346087,1.0559657986785853,1.3995556670168998,Bad
2.522686868861901,4.234048147408054,1.0,1.6293008048524218,Moderate
1.9110182122161403,4.624496492538098,1.1002720466381657,1.2796888470450098,Good
1.6315318205278428,5.196302178097031,1.3148076175670425,1.3596004599156697,Moderate
1.2902358906175315,5.953535332288632,1.0104935872522347,1.059933409985945,Moderate
1.6309476079284622,4.983330353480644,1.0,1.1947835824543211,Moderate
3.9023589061753152,1.1893082885479005,1.5940006436066847,2.608213567512256,Moderate
1.228670731015418,2.4553074682119838,1.0,1.4794672798875594,Good
1.9982993036768009,4.103898699031372,1.0377160792848814,1.569367394866477,Moderate
3.1518499130442525,2.6012641586824143,1.1081157372716672,1.983906414379863,Good
2.040362481838489,4.884795389291462,1.0510992087057909,1.11986681997189,Moderate
1.988951902086708,3.224372390437828,1.2331908184998055,1.3945620152968707,Good
1.6664675791783397,6.134987326861794,1.0396424500582977,1.5044391344923034,Bad
2.0269885409925625,2.680111060862614,1.310921100660707,1.5354055287638415,Moderate
2.27650046634458,5.922015502245406,1.2225912320248735,1.1947835824543211,Bad
1.6154076043824244,5.097767213907848,1.0,1.1798002299578347,Moderate
2.5871837334435743,3.520166591293922,1.049882568208317,1.4395120727863295,Moderate
1.0996770018520703,4.761461039302503,1.0356145915274,1.1847950803460634,Good
2.685713529565331,1.8360800563718012,1.0469626086280606,1.5711306357882635,Good
1.1750629365779326,7.640366837394696,1.102603973571706,1.7391791227160542,Bad
1.878769779925304,4.399692899887466,1.053633899727944,1.3596004599156697,Moderate
1.905643494999956,4.163057539202592,1.024485036921881,1.6592675098453944,Good
3.535007210426976,2.051134272162216,1.0802987485425573,2.0088794676528066,Moderate
2.2226362323735174,4.73883869882103,1.0316328488146134,1.5743622452547057,Moderate
3.302257633198549,5.1844704100627865,1.0072998989506412,2.283573464309588,Bad
1.4461033348555312,4.470683508092929,1.0510992087057909,1.4445057245063584,Good
2.236657270261792,2.8024042152645583,1.0437993097551497,1.11986681997189,Good
2.388084685845125,5.724850919722768,1.0279828993392923,1.644284157348908,Bad
2.4497773557485165,3.1375745401386155,1.0389327197823552,1.7891228319255417,Good
2.250678308150067,4.470683508092929,1.2299464251846093,1.2397336399437795,Moderate
1.4407285531424818,3.5004785292849405,1.0757870097162845,1.4345172223981009,Good
1.5777843903785382,3.7094748798418222,1.2541779930042751,1.2247502874472935,Moderate
1.1996331461340504,3.281164877002198,1.0293154170229304,1.2501572586085352,Good
2.4778194315250657,4.391741951768454,1.0279828993392923,1.374583812412156,Moderate
1.771158180301802,6.793590862719939,1.026766258841819,1.3995556670168998,Bad
1.9137056030726651,2.565768854579683,1.2017100567431014,1.8740292951844304,Moderate
1.0940579060159858,4.616545544419086,1.2401865433346289,1.3446171074191833,Moderate
3.69811881350106,2.218672107527108,1.8802953657209485,2.7780240966936334,Bad
3.621937761428635,1.757233154191601,1.1094982883793238,2.5582686596345683,Good
3.268139759287812,2.0570028291072013,1.3321448425961913,2.148723291841211,Moderate
1.20155270181773,3.4846712871911905,1.0851146614846483,1.154828375353091,Good
2.9965986073536017,2.1082107211594083,1.0863820069957248,2.35349657507199,Moderate
1.400418012778936,5.216084894250287,1.0135250586863584,1.4395120727863295,Moderate
3.276201867360521,3.0942229420611462,1.3019821313641664,1.8190895369185145,Moderate
2.3678709815040406,4.147250297108842,1.8103381173727169,2.1187565868482388,Moderate
2.17438038775902,3.0429203958646656,1.0206830003886511,1.3795786628003843,Good
2.47805316816231,3.740994709885048,1.096774184220754,2.2036630501071275,Good
1.827709740632524,6.091635728784325,1.2087057815779243,1.9489460576668611,Bad
1.636555997285026,2.814235983298802,1.1034150579090556,1.0,Good
1.376231688560808,6.008813352544618,1.036144587640886,1.3246389045344684,Bad
2.320783626585169,4.671823564675073,1.3297115616012438,1.274695195324981,Bad
2.533903712071893,1.918902432611508,1.0788609032258063,2.19367334933067,Good
3.289638692649415,2.2818064217578327,1.0363777691410805,2.003884617264578,Good
1.0557018141398584,3.5004785292849405,1.0,1.0998886170871751,Good
1.2284264168923824,5.563086987158588,1.0,1.2397336399437795,Moderate
3.1199838826635204,2.751101669068077,1.0138697800233192,7.307991401020705,Bad
1.7927739819820272,3.050871343983677,1.1410804601632336,1.5493891919817622,Good
2.2058109353100965,6.73443202254872,1.0544930027205597,1.2297451378355222,Bad
2.2469393604134025,7.578463027039534,1.457054013214147,1.6542726594571655,Bad
1.7010528618666996,6.119180084768044,1.0231163093664983,1.6193123027441645,Bad
1.9970140101594172,4.971498585446399,1.0656989786241742,1.409545367793357,Moderate
5.649382703733933,1.2602988967533628,1.083948698017878,4.705882917020329,Bad
2.9698417605975718,2.766908911161827,1.0559657986785853,1.4295223720098722,Good
1.6127202135259,5.914159208270668,1.1282549459774582,1.4794672798875594,Bad
2.1958793856174874,5.074103677839361,1.1095996984065293,1.4794672798875594,Moderate
2.1475067371812324,6.990850099386852,1.1888845705402251,1.6243059544641931,Bad
2.400503363629732,3.0264505747609984,1.0612958694131365,1.5194224869887896,Good
2.1985667119771475,3.299338472702797,1.150408083948698,1.2097669349508071,Good
2.51427422033019,5.8707129560489255,1.276179043917606,1.9539397093868904,Bad
1.8328507857083287,2.131874257227896,1.0,1.3845723145204134,Good
1.3493580379830206,5.929871796220144,1.0186552755538285,1.0749167624824312,Moderate
1.6503433630329214,2.8930828854790027,1.0151574131364167,1.204772084562579,Good
1.3735443622011485,6.746263790582964,1.0069957248348231,1.059933409985945,Bad
4.179975856243713,4.884795389291462,1.0,2.318535019690789,Bad
1.7234865482866848,3.2401796325315777,1.0394304516129032,1.449500574894587,Good
1.6057096623333302,6.213834229041995,1.0279828993392923,1.2397336399437795,Bad
1.7010528618666996,3.535973833387672,1.3599618313253012,1.6492790077371366,Bad
1.8665013798351715,5.429056718866674,1.0462326187329964,2.198668199718899,Bad
2.3786204804332747,5.590725997286581,1.0104935872522347,1.4245287202898431,Moderate
1.4823243870234115,5.125311569891568,1.142458394092499,1.3596004599156697,Bad
2.0292624424502543,1.9741804528674949,1.280994956859697,1.6842393644501383,Bad
1.438041226782822,4.312895049588255,1.2355227454333464,1.0,Good
2.2361899259810336,4.119611286980849,1.0545666537116207,1.1298553220801475,Moderate
1.9982993036768009,4.103898699031372,1.0377160792848814,1.569367394866477,Moderate
2.413322566943392,6.024525940494094,1.0048665899727944,1.9739179122716053,Bad
1.860892925981743,4.521891400145136,1.0072998989506412,1.1448386745766337,Good
2.037324550522963,4.64418455454708,1.053633899727944,1.0549385595977163,Bad
1.153180053381475,5.389585940704437,1.041974349008939,1.11986681997189,Moderate
1.6530307538894458,4.924171513309425,1.1469102215312863,1.2996670499297247,Moderate
1.6029054676550485,3.413680678985728,1.01703307889623,1.0099885021082575,Good
2.177067778615545,4.332583111597236,1.2401865433346289,1.569367394866477,Moderate
4.181845297863613,2.0760283121062653,1.0599633517294986,2.6213569643221737,Moderate
2.133302076719493,6.627662147807705,1.0079951061018266,1.2397336399437795,Bad
1.7497760507619564,5.487742288316523,1.0734551107656432,1.3046619003179534,Moderate
2.9402806546663944,3.3860416688577346,1.7835211815001943,1.918979352673889,Bad
2.2281278179083244,6.549099208060325,1.1947143319082782,1.03995520710123,Bad
2.3759330895767503,1.0,1.0909444228527012,1.6245696614681315,Good
2.2576888593426365,2.3527970299632948,1.4349009032258064,1.5843507473629632,Bad
2.8166617072160967,2.620952220691396,1.6529343085891957,1.9529412187765245,Bad
2.107663541098445,5.738291808209669,1.0291995398367664,1.943951207278633,Bad
1.9378919272907928,2.849731287401533,1.241352506801399,1.829079237694972,Good
2.109883523177346,5.160806873994299,1.029148862806063,1.3346286053109258,Moderate
2.370558372360565,5.334402574592724,1.1235911480761758,1.6193123027441645,Bad
1.830046591030047,5.776058811774976,1.1340847353284105,1.254716992440266,Bad
4.531203335846634,4.080235162962885,1.1399144966964632,1.5843507473629632,Moderate
1.9398114829744728,3.098198416120652,1.0377160792848814,2.093784732243495,Good
1.9513287525796867,2.9522417256502216,1.030314798289934,1.174805379569606,Good
4.238864266971958,1.354953041027313,1.0425826692576758,3.2974477823506225,Moderate
3.11157123413181,1.4969342574382385,1.0041366000777303,3.18756946448699,Moderate
2.6258584398307354,4.663872616556061,1.0559657986785853,1.7491676248243118,Bad
3.25178180650515,3.374209900823491,1.0279828993392923,1.5793558969747346,Moderate
3.171394462415301,3.9461102405266977,1.4582199766809172,1.639289306960679,Moderate
1.9728276859412897,4.991281301599655,1.3171395165176836,1.3995556670168998,Bad
1.002804194678282,4.166181125963632,1.0,1.0299667049929724,Good
1.580471781235063,2.699799122871596,1.0340661298095608,1.5244173373770182,Good
1.327859040124553,5.3501151625422,1.310245201710066,1.414539019513386,Moderate
6.984187368207376,1.09465414427395,1.1143649063350174,5.764706093882623,Bad
2.0235371847750683,5.219965714165518,1.0462326187329964,1.3096555520379822,Good
2.3348046644734435,4.656016322581324,1.048665899727944,1.9239730043939176,Bad
2.640463754815255,4.26556797745128,1.0206830003886511,1.2846836974332383,Good
1.5664507433467885,5.377754172670193,1.015816410415857,1.4395120727863295,Bad
2.1475067371812324,2.9877370297529526,1.0629615235134084,1.7341842723278256,Good
2.144118265406705,3.445200509028953,1.048665899727944,1.9739179122716053,Good
2.091071980672268,4.518010580229904,1.108433734939759,1.5843507473629632,Moderate
1.8636971206600248,3.031088627830422,1.0048665899727944,1.1897887320660925,Good
1.9029561041434315,2.124017963253157,1.0356145915274,1.4295223720098722,Good
1.5580380948150778,5.200277652156537,1.1422463956471045,1.0749167624824312,Moderate
2.109883523177346,4.202433663220555,1.083948698017878,2.003884617264578,Moderate
1.4622275510009497,3.618796209627378,1.0011659634667702,1.3396222570309548,Good
3.2742155574219995,4.853180905103962,1.2043968348231635,1.6293008048524218,Moderate
1.5524296409616491,4.5731939463416165,1.0186552755538285,1.374583812412156,Good
1.467602268217134,5.937822744339156,1.0093276237854645,1.3945620152968707,Bad
1.6674023322367215,1.303650494830832,1.041974349008939,1.409545367793357,Good
2.6853311276552256,2.849731287401533,1.1034150579090556,2.683130329994687,Moderate
1.7040907931822258,2.762933437102321,1.0024333089778468,1.3795786628003843,Good
2.7358068898517605,5.377754172670193,1.0,1.9339627051703752,Bad
2.2791877927042394,3.804129024115772,1.0617955600466382,1.5593788927582195,Good
4.109870537808611,3.997412786723179,1.0766487990672369,2.058823176862294,Bad
2.1394446291085227,4.782190296898499,1.0,1.354605609527441,Moderate
2.6797226738017974,2.5933132105634025,1.049882568208317,1.3695889620239272,Moderate
4.36189906631974,1.1814519945731623,1.443062563544501,2.4034402842814773,Moderate
3.54762615097611,1.9110461386367696,1.1882486031869413,2.07380652935878,Moderate
1.9169771420317057,5.385610466644931,1.035282798289934,1.3046619003179534,Bad
2.049539869693545,6.742382970667732,1.0864925954139135,1.2697003449367523,Bad
2.421618411653345,1.954397736714239,1.1177613587252235,3.50721471730143,Good
2.4834278853784943,5.050440141770873,1.0148431092110377,1.6592675098453944,Bad
1.6057096623333302,4.470683508092929,1.1589937411581812,1.329633754922697,Good
2.091071980672268,3.236204158472072,1.270501369607462,1.0449500574894588,Good
2.289937291633473,1.954397736714239,1.1472143956471046,1.11986681997189,Good
1.2128396531195231,5.728731739638,1.0279828993392923,1.274695195324981,Moderate
2.594831578155076,1.5364050356004753,1.0890364928099494,1.7941176823137703,Good
2.558674248889402,2.9372863708549373,1.0901671138748543,1.6153159429663015,Good
2.4243057380130053,5.590725997286581,1.1399144966964632,1.2597118428284946,Bad
2.825541700028566,5.4053931827981865,1.0024333089778468,1.983906414379863,Bad
1.8833266124017285,6.793590862719939,1.1399144966964632,1.1398450228566048,Bad
2.155568845253941,4.841349137069718,1.0571317621453555,1.669256011953652,Moderate
1.583275975913345,3.788321782022023,1.097331827438787,1.839067739803229,Good
1.967452968725105,5.673548373526288,1.1119315973571706,1.204772084562579,Bad
1.7363392254730623,5.496071853012631,1.1830548091721729,1.6293008048524218,Bad
5.04647717158202,2.4001241021002704,1.100981776914108,2.8329638549595493,Moderate
1.5670349559461694,5.022801131642881,1.1422463956471045,1.0,Moderate
2.0695729828138,3.73313841591031,1.1221071869413135,1.1098783178636322,Good
1.9029561041434315,3.950085714586204,1.0936818779634667,1.4395120727863295,Good
1.911368752675142,4.896627157325705,1.0693489280994948,1.799112532701999,Bad
1.521349633869574,4.537698642238886,1.0167897396035757,1.724195770219568,Good
3.100354390921817,3.031088627830422,1.0620490291488536,1.8690344447962015,Moderate
1.712152901254935,4.5850257143758615,1.215701506412748,1.0,Good
1.5240370247260986,5.507903621046875,1.0174893120870578,1.0,Bad
3.403209286585347,3.054752163898909,1.0109498204430625,1.8690344447962015,Moderate
1.6852791861802827,3.689786817832841,1.1842207446560435,1.6143174523559356,Good
3.664000939590324,1.997843988935982,1.106335017489312,3.252497724861164,Moderate
1.932272831454708,2.534154370392184,1.0,1.0149833524964862,Good
2.242265724115221,5.212109420190781,1.058399107656432,1.469478777779302,Bad
1.090295610414343,2.6895764752900098,1.0,1.2326830735930332,Good
2.547924749960168,4.357098534964189,1.0,2.046836494865105,Bad
1.3168758690549398,4.032908090825909,1.031798759424796,1.3346286053109258,Good
1.878769779925304,6.6871049504117455,1.0093276237854645,1.2796888470450098,Moderate
1.8975813869272469,4.624496492538098,1.0909444228527012,1.1348501724683762,Moderate
3.5556882590488192,2.61697674663189,1.1723157559269335,3.0477244416303857,Moderate
1.3708569713446237,7.314188656226666,1.0,1.0799116128706598,Bad
2.295312008849658,4.245879915442298,1.1853867081228138,1.6742508623418806,Moderate
2.362846804746858,5.929871796220144,1.0,1.5194224869887896,Bad
3.3541355572310887,3.421536972960466,1.4162456276719784,2.103773234351753,Bad
1.3896685783465663,4.391741951768454,1.0,1.0649282603741737,Moderate
3.896750452321887,1.354953041027313,1.0304162083171395,2.817980502463063,Moderate
3.910421014248025,2.4553074682119838,1.101438010104936,2.533296805029825,Moderate
4.945525582692087,1.3194577369245817,1.1459977271667314,5.210322051512632,Bad
2.558674248889402,2.30546995782632,1.108433734939759,1.6243059544641931,Good
2.9292974835967813,4.226097199289042,1.2810456338904004,1.3695889620239272,Bad
3.2798239467785635,2.364628797997539,1.0644823381267003,3.82685877144767,Moderate
1.6584054711056306,4.683655332709317,1.1434123591138747,1.3196452528144396,Moderate
2.8205706041909338,2.735294426974328,1.0399755584920327,1.5044391344923034,Moderate
1.2579874583266948,3.204684328428846,1.0011659634667702,1.0,Good
1.6029054676550485,4.060452446809629,1.103027942479596,1.2097669349508071,Moderate
2.27650046634458,6.288800311306964,1.2670035071900505,1.7391791227160542,Bad
1.9422150876268376,3.8474806221932414,1.048665899727944,1.254716992440266,Good
2.370558372360565,4.241904441382792,1.058399107656432,1.5344058394852758,Moderate
1.827242396351765,4.076259688903379,1.407151185386708,1.764150977320798,Moderate
1.1597064911084944,3.255892220481053,1.0443062479595802,1.0749167624824312,Good
1.3171096056921838,5.464552022969405,1.1072677714729888,1.0,Moderate
2.1125709140338707,5.886520198142675,1.184930474931986,1.7691458277090266,Bad
1.8088981981274452,2.845755813342027,1.0944422852701128,1.0849052645906887,Good
3.0078154505635943,3.965798302535679,1.0292548620287605,1.724195770219568,Bad
1.3117348239791344,2.514466308383202,1.0,1.234738789555551,Good
1.725589726543829,6.509628429898089,1.0781189366498252,1.5244173373770182,Bad
2.1797551694720694,3.748945658004059,1.1667314325689857,1.7391791227160542,Good
1.720682353608403,4.474564328008161,1.073773108433735,1.3046619003179534,Moderate
2.7145416286305366,5.519735389081118,1.1364166342790516,1.2597118428284946,Bad
1.833084522345573,5.886520198142675,1.422075389040031,1.1048834674754036,Bad
1.773962374980084,3.413680678985728,1.0,2.083796230135237,Good
2.794185517362352,2.912770947487984,1.0644823381267003,1.834072889415001,Good
2.828345894706848,1.6349399997896574,1.0255495903614458,1.609322601967707,Good
3.347125006038519,4.514035106170399,1.1204481368052857,2.0088794676528066,Bad
1.908330821359616,2.2108158135523697,1.4360668387096776,1.4594890770028446,Bad
1.7578381588346657,4.0999232249718665,1.0559657986785853,1.3995556670168998,Good
1.6906539033964674,6.209953409126763,1.2355227454333464,1.0,Bad
1.7444013335457718,5.6893556156200376,1.08861252390206,1.4445057245063584,Bad
2.3194983330677856,4.387861131853223,1.0256510003886514,1.5194224869887896,Moderate
1.3305464309810775,6.008813352544618,1.0,1.0,Moderate
2.152881454397417,2.913054909920806,1.4034201414691023,1.569367394866477,Moderate
2.163747757148408,5.989030636391363,1.0060832304702685,1.314650402426211,Bad
1.9870824604668085,4.703343394718299,1.3297115616012438,1.4395120727863295,Moderate
2.441364707216806,3.748945658004059,1.493959008161679,1.0299667049929724,Bad
1.1155569038744535,6.0718530126310695,1.0151574131364167,1.1897887320660925,Moderate
4.698754967575384,1.3273140308993194,1.1216647773027597,2.598223866735798,Moderate
3.4051955965238685,1.9425659686799956,1.1888845705402251,2.128746287624696,Moderate
2.457042798549913,2.447451174237245,1.006359757481539,1.6842393644501383,Good
2.007763509088651,3.855431570312253,1.0012166404974738,1.6742508623418806,Moderate
2.0803224817430337,6.620089816265788,1.060629624562767,1.5144288352687607,Bad
2.865034355652352,2.013556576885458,1.0932763218033423,1.6942290652265954,Good
3.456489307957028,4.648160028606586,1.0060832304702685,2.648168774613486,Bad
1.4299791187101127,4.048620678775386,1.0010493587252234,1.2597118428284946,Good
2.314123615851601,2.699231198005952,1.0513019727944035,1.3795786628003843,Good
2.459241561160366,4.462732559973917,1.1737271574038088,2.2685901118131016,Moderate
1.214989527106624,3.382160848942503,1.0,1.3596004599156697,Good
2.101821415104637,6.048189476562582,1.072289147298873,1.4445057245063584,Bad
3.29232608350594,4.81768560100123,1.1655654970851146,1.5543840423699908,Moderate
1.9943266837997573,3.8514560962527473,1.0046638258841818,1.3995556670168998,Good
3.3065307439676785,1.5857198447672034,1.0946088394869802,2.2612075143710326,Moderate
1.7823750235117948,2.435619406203001,1.0024333089778468,1.6642623602336228,Good
2.6953461362906035,4.829517369035474,1.0543197326078508,1.1648168774613483,Bad
2.289937291633473,1.757233154191601,1.1484310361445784,1.1098783178636322,Good
1.9244550375050344,1.9268533807305197,1.130586872910999,1.2297451378355222,Good
3.682483225601713,1.6073956438059378,1.1653534986397205,2.35349657507199,Moderate
2.444168901895088,5.673548373526288,1.0705655685969686,1.4644839273910732,Bad
2.418931020796821,6.343983677418676,1.0304162083171395,1.8540510922997155,Bad
1.7159151968565776,4.581050240316355,1.0432463116984063,1.274695195324981,Moderate
1.7766497658366087,5.610414059295563,1.1095996984065293,1.2996670499297247,Bad
2.421618411653345,5.346234342626968,1.0396424500582977,1.4744724294993308,Bad
1.6315318205278428,3.886951400355479,1.0757870097162845,1.034961555381201,Good
3.664000939590324,1.6192274118401817,1.2469795040808394,2.8529408591760648,Moderate
1.7605255496911902,3.5596373694561594,1.7636999704624952,1.1847950803460634,Bad
1.427291727853588,2.8772756433852527,1.0174893120870578,1.034961555381201,Good
1.7935918667217872,3.2913875245837847,1.0109498204430625,1.0199782028847149,Good
1.658989683705011,4.616545544419086,1.0547491581811117,1.6742508623418806,Bad
4.303672715906426,2.4553074682119838,1.1803342277497084,5.090455231540743,Bad
1.6169265055433228,4.916315219334686,1.0279828993392923,1.3795786628003843,Bad
2.186181443568393,5.058296435745612,1.0571824391760591,1.234738789555551,Good
1.682591795323758,2.758957963042815,1.0338126607073457,1.839067739803229,Good
1.6960286851095163,6.549099208060325,1.024485036921881,1.4594890770028446,Bad
2.259090956681778,6.048189476562582,1.0425826692576758,1.6342956552406505,Moderate
1.370155890426621,2.6919428288968583,2.047533764477264,1.419533869901615,Bad
2.851597465866593,2.155537793296383,1.0489700738437622,1.908989651897432,Good
2.359808873431332,1.6231082317554135,1.2215312957637,1.0998886170871751,Good
3.071961774686266,6.154675388870776,1.071123211815002,1.8890126476809168,Bad
2.131382521035814,5.697211909594775,1.0570151574038087,1.3695889620239272,Bad
2.3235878212634518,3.7213066478760655,1.0279828993392923,1.918979352673889,Moderate
2.236657270261792,5.152950580019562,1.0,1.724195770219568,Bad
3.566437757978053,2.064859123081938,1.2366886809172173,1.8140958851984847,Moderate
2.640463754815255,4.26556797745128,1.0206830003886511,1.2846836974332383,Good
1.4944759832917862,6.84489340891642,1.0081616883015934,1.1448386745766337,Bad
1.7766497658366087,5.922015502245406,1.494364564321803,1.0449500574894588,Bad
4.474418038878667,1.5560930976094571,1.041366028760202,4.046615407174935,Moderate
1.6814233701249963,6.872532419044414,1.0194663598911775,1.3396222570309548,Bad
3.675217782800317,1.4772461954292564,1.1058483668869024,1.899001149789174,Moderate
1.9394108284516915,3.957942008560941,1.068132287602021,1.2197554370590649,Good
1.5692549380250704,4.797997538992249,1.1935483964244074,2.0138731193728354,Moderate
3.254702869502054,1.9860122209017383,1.0233190734551108,2.053829525142265,Moderate
1.3056590258449472,3.7804654880472848,1.059615748153906,1.11986681997189,Good
1.6965661374820755,3.1612380762071037,1.0489700738437622,1.0149833524964862,Good
2.9965986073536017,2.1082107211594083,1.0863820069957248,2.35349657507199,Moderate
2.8919080062301394,6.170482630964526,1.1888845705402251,2.0138731193728354,Bad
2.362846804746858,5.929871796220144,1.0,1.5194224869887896,Bad
2.3087488986354163,4.360222121725229,1.072289147298873,1.4295223720098722,Bad
3.010152300961117,5.239748430318774,1.2541779930042751,1.4395120727863295,Bad
2.421618411653345,3.8435998022780096,1.130586872910999,2.4833518971521373,Moderate
2.1179456312500555,3.287506704668553,1.0314807617567043,1.709212417723082,Good
1.5776675865567809,5.4763837910036495,1.015816410415857,1.0749167624824312,Moderate
1.5356044083950926,4.916315219334686,1.0109498204430625,1.4345172223981009,Moderate
2.289937291633473,3.859312390227485,1.3019821313641664,1.1448386745766337,Moderate
2.152881454397417,3.63848427163636,1.1609016712009328,1.6193123027441645,Good
1.620782321598609,4.600832956469611,1.0582976976292269,2.31354016930256,Moderate
3.829449393061931,1.157788458504675,1.2214298857364945,2.628190571728771,Moderate
2.064198265597615,5.101648033823081,1.0445182464049747,1.0,Bad
2.009516146886793,2.4789710042804707,1.0,1.4045505174051285,Good
4.592194924832022,1.3746411030362946,1.1143649063350174,4.441176223803605,Moderate
1.8814571707818284,5.827361357971456,1.180722882238632,1.6293008048524218,Bad
1.8076129046100615,5.768202517800238,1.0851653385153517,1.0,Bad
1.1738611020033178,4.679679858649811,1.0060832304702685,1.2846836974332383,Good
1.9366066337734087,5.342258868567462,1.0620490291488536,1.484462130275788,Bad
2.273813075488055,2.644615756759884,1.0104935872522347,1.5244173373770182,Good
1.4944759832917862,4.636328260572341,1.1270890104935871,1.0699219120942025,Good
2.8408480314342244,5.137143337925812,1.0944422852701128,1.8091010348102567,Bad
2.792475382997969,6.194146167033013,1.180722882238632,1.6892342148383668,Bad
1.493541230233404,6.5569555020350645,1.041366028760202,1.2697003449367523,Bad
1.3757643442800491,4.683655332709317,1.0389327197823552,1.3096555520379822,Good
1.7148402276145949,4.667848090615568,1.072289147298873,1.5044391344923034,Moderate
2.968556467080188,6.730551202633488,1.0279828993392923,1.5044391344923034,Bad
1.7927739819820272,5.141118811985318,1.0991061111542946,1.254716992440266,Good
2.418931020796821,3.2520114005658214,1.0443062479595802,1.2896785478214672,Moderate
2.5365429237705754,4.064427920869136,1.060629624562767,1.6193123027441645,Moderate
2.3095667833751765,1.863719066499795,1.0750450431403031,1.6842393644501383,Good
1.6261570388147937,6.213834229041995,1.1364166342790516,2.0488346747540365,Moderate
3.427427472254578,1.6783862520114003,1.0966681849980566,3.172586111990504,Moderate
2.620483722614551,5.290956322370981,1.2296929560823942,1.6942290652265954,Bad
1.827242396351765,2.580724209374967,1.0255495903614458,1.3645953103038984,Good
4.189907405936323,1.5009097314977442,2.288379333074232,2.5882353646275407,Bad
1.5267244155826232,3.9619174826204473,1.0676253493975905,1.1648168774613483,Good
2.017928795418504,5.093791739848342,1.0021899696851924,1.3995556670168998,Bad
1.267201286910239,6.227464425817443,1.0133251768363778,1.246393440461418,Bad
3.722305137719188,1.512741499531988,1.1667314325689857,4.001665349685475,Moderate
1.5858464984512477,2.033339293038713,1.0851146614846483,1.5860156974923727,Good
2.7834785218668774,1.208996350556882,1.3307069972794403,1.8440625901914576,Bad
1.491788592435262,3.618796209627378,1.0746210742324136,1.1847950803460634,Good
2.4273436693285317,3.4728395191569468,1.0693489280994948,1.589345597751192,Good
1.6954444725101356,2.4789710042804707,1.0025438973960357,1.5044391344923034,Good
2.2576888593426365,4.376029363818979,1.096774184220754,3.112652702004559,Bad
2.023887725234069,2.8970583595385087,1.0571317621453555,2.2685901118131016,Good
2.0487751303702,5.787890579809219,1.167897396035756,1.6293008048524218,Bad
2.091071980672268,3.792297256081529,1.029148862806063,1.354605609527441,Good
5.29044359202044,2.0845471850909205,1.0620490291488536,3.911765234706559,Bad
2.335622549213204,5.6893556156200376,1.0757870097162845,1.6492790077371366,Moderate
1.6906539033964674,5.519735389081118,1.1154294597745822,1.3695889620239272,Moderate
2.131382521035814,3.031088627830422,1.041974349008939,1.4544954252828155,Good
1.6420369408371769,5.070128203779855,1.167897396035756,1.5633740538678824,Moderate
1.599283388237006,2.8536121073167653,1.2495141951029929,1.5993340998594494,Moderate
2.754852168994083,3.153381782232365,1.0629615235134084,1.9039960001774028,Moderate
2.5909226811802384,4.868988147197712,1.0921103863194714,1.0299667049929724,Moderate
2.385280491166843,4.782190296898499,1.0474492592304705,1.6742508623418806,Bad
2.27650046634458,4.687536152624549,1.0781189366498252,1.899001149789174,Bad
3.344320811360237,3.2756749366343088,1.0279828993392923,2.2036630501071275,Moderate
2.061510874741091,6.553074682119831,1.2565099199378158,1.0549385595977163,Bad
2.5532994671763527,2.360653323938033,1.0652934224640498,1.4944506323840456,Good
2.252314142126452,4.596857482410105,1.005829761368053,1.5394006898735046,Good
2.389614293485544,2.707750070990608,1.0109498204430625,1.5044391344923034,Good
3.1199838826635204,2.751101669068077,1.0138697800233192,7.307991401020705,Bad
2.1973982867783857,4.403573719802698,1.041974349008939,1.419533869901615,Moderate
2.013138226304836,3.701618585867085,1.0069957248348231,1.4544954252828155,Good
2.8127013417433235,5.070128203779855,1.0851146614846483,1.824084387306743,Bad
4.146909539213116,1.1064859123081938,2.1997668091721723,2.213651552215385,Moderate
1.733651834616538,6.111323790793307,1.1469102215312863,1.3096555520379822,Bad
1.7282771174003533,4.0959477509123605,1.0979401476875243,1.3695889620239272,Good
1.6561854890267294,5.60653323938033,1.0788609032258063,1.4295223720098722,Moderate
2.4273436693285317,3.4728395191569468,1.0693489280994948,1.589345597751192,Good
2.5049268187400973,6.6161143422062825,1.1154294597745822,1.0899001149789174,Bad
1.7065338054188504,3.350546364755004,1.0050877947920716,1.5394006898735046,Good
2.795162709357629,6.588569986222563,1.1982121943256898,1.943951207278633,Bad
2.636607938759969,4.955785997496924,1.0582976976292269,1.729189421939597,Bad
1.7900865911255024,3.350546364755004,1.305479993781578,1.2097669349508071,Good
2.752164842634423,1.6192274118401817,1.125923047026817,1.569367394866477,Good
1.214989527106624,6.493915841948613,1.0396424500582977,1.1398450228566048,Moderate
2.212003601762906,7.160375671781496,1.2203653322969297,1.274695195324981,Bad
2.3235878212634518,5.003113069633899,1.1492421204819276,1.1298553220801475,Bad
2.1188803843084374,4.636328260572341,1.0559657986785853,1.349611957807412,Bad
2.4042726248927497,4.652040848521818,1.008516539448115,1.3046619003179534,Moderate
1.6479003507962968,4.013125374672654,1.005829761368053,1.2896785478214672,Good
1.6180949307420844,3.7094748798418222,1.1130975608239408,1.1997784328425498,Moderate
1.8216339424983363,2.017532050944964,1.0343426568208318,1.484462130275788,Good
1.967452968725105,5.720875445663262,1.01058483948698,2.238623406820129,Bad
2.1367572382519984,2.1121861952189143,1.3686442813835988,1.059933409985945,Bad
1.914172947353424,5.32257080655848,1.0121664889234356,1.4594890770028446,Moderate
1.6449686458167367,5.567062461218094,1.209871745044695,1.4944506323840456,Bad
3.0424007332519545,1.3154822628650755,1.409249902837155,1.7541624752125404,Moderate
1.6100328226693752,5.937822744339156,1.0256510003886514,1.414539019513386,Moderate
1.860892925981743,5.819505063996719,1.0377160792848814,1.354605609527441,Bad
1.6960286851095163,5.736682687757012,1.0163233486202876,1.2097669349508071,Moderate
2.2086151299883783,2.6761355868031087,1.0669156191216478,1.6243059544641931,Good
1.8120741527331763,4.036788910741142,1.0237854644383988,1.5144288352687607,Good
1.7497760507619564,4.8611318532229735,1.1270890104935871,1.0,Moderate
1.5131707219751074,3.563518189371391,1.1569475755926937,1.419533869901615,Good
2.211419389163525,5.638053069423556,1.0705655685969686,1.9139845022856603,Moderate
1.6422812549602122,5.9496545123734,1.1787407695297318,1.3596004599156697,Bad
1.4542822467499978,3.283531230609047,1.059615748153906,1.1398450228566048,Good
4.435159119892125,2.680111060862614,1.0401493882627284,2.708102184599431,Bad
2.5506121408166926,3.0942229420611462,1.2261950936649826,2.11376293512821,Bad
2.643267949493538,3.6108452615083664,1.0948985184609406,1.7941176823137703,Moderate
2.51427422033019,6.024525940494094,1.024332949863972,1.4644839273910732,Bad
2.475365777305785,2.4789710042804707,1.2250291581811117,1.2247502874472935,Good
1.4178275224417378,3.879095106380741,1.0635974908666923,1.374583812412156,Good
1.8328507857083287,7.073672475626558,1.0462326187329964,1.6193123027441645,Bad
1.5580380948150778,6.911908543062377,1.122425184609405,1.5993340998594494,Bad
2.160943562470126,5.925990976304912,1.355616003109211,1.03995520710123,Bad
4.642537178518873,1.880662158324832,1.1772250198212204,2.93871515821155,Bad
2.144118265406705,5.5275916830558565,1.0279828993392923,1.7192009198313394,Bad
2.9725290869572314,6.5609309760945695,1.278663029926156,1.3695889620239272,Bad
2.533903712071893,2.660422998853633,1.1399144966964632,1.9539397093868904,Good
2.6930426952689337,3.7554767939589615,1.1410804601632336,1.884017797292688,Moderate
2.878821721400247,3.374209900823491,1.3151117916828603,1.943951207278633,Bad
1.7148402276145949,4.667848090615568,1.072289147298873,1.5044391344923034,Moderate
1.28042114474668,3.7094748798418222,1.0,1.3196452528144396,Good
2.0695729828138,3.73313841591031,1.1221071869413135,1.1098783178636322,Good
1.6561854890267294,5.452720254935162,1.032849489312087,1.414539019513386,Bad
1.8196476325598143,5.5710379352776,1.1760590843373495,1.8490562419114869,Bad
2.9601438185484774,4.289231513519767,1.032849489312087,1.8790229469044597,Bad
2.93490593745021,6.190170692973507,1.0218996688690245,1.4445057245063584,Bad
2.48074049452197,4.813804781085999,1.1469102215312863,2.128746287624696,Bad
1.556285457016935,5.969342574382381,1.071123211815002,1.1897887320660925,Bad
2.0695729828138,2.920721895606996,1.2366886809172173,1.2397336399437795,Bad
1.7347033914966776,4.0249571427068975,1.041366028760202,1.7142060694431107,Good
2.8212685892594367,3.3584973128740154,1.031980452390206,1.5094339848805318,Moderate
1.8868318879980128,5.843168600065206,1.1737271574038088,1.3346286053109258,Moderate
2.010450899945176,4.1157304670656165,1.3859308293820445,1.4794672798875594,Moderate
3.369558692458505,5.11745527591683,1.0717822090944422,1.918979352673889,Bad
3.17887235788863,2.072715417056677,1.0888152879906725,3.0726974949033288,Moderate
1.995495108998519,2.948266251590716,1.1788472164788184,1.0,Good
1.5374738500149925,5.598582291261319,1.0443062479595802,1.4944506323840456,Moderate
2.007763509088651,3.6345087975768537,1.0046638258841818,1.3246389045344684,Good
1.6561854890267294,2.715606364965346,1.026710936649825,1.4045505174051285,Good
2.172670253394637,4.545554936213623,1.0151574131364167,1.3196452528144396,Moderate
1.599283388237006,4.226097199289042,1.174893120870579,1.1997784328425498,Moderate
3.621937761428635,3.914590410483472,1.0,1.709212417723082,Bad
1.365482254128439,4.983330353480644,1.0011659634667702,1.2597118428284946,Moderate
1.400418012778936,5.811554115877707,1.122425184609405,1.1098783178636322,Moderate
1.7150739642518391,4.518010580229904,1.0194663598911775,1.2896785478214672,Good
1.7683539211266557,2.159513267355889,1.0178073097551497,1.4445057245063584,Good
2.983278585886465,2.778740679196071,1.2518460940536338,2.1637066443376973,Good
1.712152901254935,4.273424271426018,1.1643995336183444,1.0149833524964862,Good
1.5075622681216787,3.670004101679585,1.0462326187329964,2.0088794676528066,Good
2.4726783864492603,2.6249276947509017,1.4617178390983288,2.0088794676528066,Bad
2.747023797558618,5.097767213907848,1.0,3.1076578516163305,Bad
3.832253587740213,3.334833776805528,1.099765108433735,2.253606759316616,Moderate
3.24126604421316,1.6689208375840057,1.413913728721337,1.8740292951844304,Moderate
1.5528302954844304,2.222647581586614,1.0023318989506411,1.2397336399437795,Good
1.4622275510009497,5.212109420190781,1.125923047026817,1.0,Good
2.1394446291085227,4.352365827750491,1.0461717839098328,1.6892342148383668,Moderate
1.9378919272907928,6.324295615409695,1.108433734939759,1.639289306960679,Bad
2.8059122082868626,4.589001188435367,1.2495141951029929,1.9689230618833768,Moderate
1.5636464841716418,6.308488373315945,1.2366886809172173,1.0649282603741737,Moderate
3.641684056992096,1.86239390847996,1.2739992320248736,2.228634904711871,Moderate
5.382982596875528,2.93255366364124,1.0620490291488536,3.432297954818999,Bad
2.4941773843077284,4.036788910741142,1.4057520404197434,1.234738789555551,Bad
1.3547327551992052,2.912770947487984,1.0425826692576758,1.3596004599156697,Good
1.5912212801642969,3.425512447019972,1.1270890104935871,1.2447284903320084,Good
3.3717255936178554,1.9110461386367696,1.2251351574038087,3.776915062238182,Moderate
2.768289058779841,5.231797482199762,1.068132287602021,1.779134329817284,Bad
2.5675542417018717,4.3720538897594725,1.0608323886513795,1.6193123027441645,Moderate
1.1906863990667391,4.166938359117824,1.0364994387874078,1.2397336399437795,Good
2.0561361575249064,2.920721895606996,1.3579479300427515,1.0699219120942025,Bad
1.7014034023257012,3.169189024326115,1.6844150703458998,1.294672199541496,Bad
2.9429680455229192,2.2383601695360893,1.1410804601632336,1.5144288352687607,Good
2.099134088744977,2.518441782442708,1.2541779930042751,1.943951207278633,Moderate
1.6772170781075737,3.204684328428846,1.5806451612903225,1.0099885021082575,Bad
1.712152901254935,4.273424271426018,1.1643995336183444,1.0149833524964862,Good
1.24396642043842,5.038608373736629,1.0,1.2247502874472935,Good
1.3627948632719145,5.488215559037893,1.0046638258841818,1.0,Moderate
1.9281939852416987,7.716468769390953,1.0535324897007383,1.6942290652265954,Bad
1.725589726543829,5.685380141560532,1.1270890104935871,1.1947835824543211,Bad
2.5452373591036435,5.168757822113311,1.0991061111542946,1.6342956552406505,Bad
1.8518960648506515,3.7449701839445537,1.3579479300427515,1.389567164908642,Moderate
2.3235878212634518,4.052596152834892,1.048334106490478,2.0238628201492928,Moderate
2.421618411653345,1.954397736714239,1.1177613587252235,3.50721471730143,Good
2.5129889268128065,2.751101669068077,1.095608248736883,1.7341842723278256,Good
2.64607214417182,2.502634540348958,1.0510992087057909,1.329633754922697,Good
1.1486232209050506,4.711483651125858,1.0304162083171395,1.0998886170871751,Good
2.5828605731075296,3.2007088543693403,1.0408083855421686,1.4994454827722743,Good
1.55897284787346,5.79584152792823,1.0,1.094894965367146,Bad
3.45929350263531,2.6130959267166585,1.12531472677808,2.07380652935878,Moderate
3.223739730728601,3.445200509028953,1.081515389040031,2.0788013797470093,Moderate
2.109883523177346,6.695055898530757,1.1072677714729888,1.0799116128706598,Bad
1.5535980661604107,5.819505063996719,1.0932763218033423,1.1698117278495772,Bad
1.6691549700348642,3.6976431118075785,1.3194714434512242,1.5993340998594494,Moderate
2.6339205479034447,1.7532576801320952,1.2798289933929266,1.094894965367146,Moderate
2.9657522724019056,2.8852265915042645,1.0109498204430625,1.8940062994009452,Moderate
2.27112568463153,4.53372316817938,1.0408083855421686,1.5144288352687607,Moderate
1.6674023322367215,6.280944017332225,1.0024333089778468,1.1947835824543211,Moderate
1.1800537684561272,4.032908090825909,1.0279828993392923,1.4345172223981009,Good
2.072260373670325,5.79584152792823,1.0425826692576758,1.3995556670168998,Bad
3.678021977478598,1.9780612727827265,1.1240980862806065,2.618202069620513,Moderate
2.6124216145418417,2.7290472534522467,1.5394481212592304,1.389567164908642,Moderate
2.27650046634458,4.269543451510785,1.2973183054799844,1.0,Bad
2.2469393604134025,4.924171513309425,1.1095996984065293,1.1648168774613483,Bad
2.511069371129127,2.581481442529159,1.0030647990672368,1.729189421939597,Moderate
3.174081788774962,2.680111060862614,1.048334106490478,1.7691458277090266,Moderate
2.381307871289799,3.882975926295973,1.1947143319082782,1.859045942687944,Moderate
1.4541654429282402,4.0249571427068975,1.1935483964244074,1.7192009198313394,Good
1.8833266124017285,5.13326251801058,1.0890364928099494,1.5044391344923034,Moderate
1.4810390935060278,3.315051060652272,1.1270890104935871,1.2597118428284946,Good
1.9394108284516915,2.8970583595385087,1.1107149568596968,1.639289306960679,Good
1.070105318435102,4.5779266535553145,1.0109498204430625,1.2197554370590649,Good
1.7823750235117948,2.435619406203001,1.0024333089778468,1.6642623602336228,Good
1.9602866576045708,6.209953409126763,1.1055718398756316,1.6492790077371366,Bad
3.2090176119223237,1.5915884017121882,1.41974349008939,1.9889012647680917,Good
2.418931020796821,3.271699462574803,1.1094982883793238,2.1437296401211823,Moderate
1.0510600392927798,3.618796209627378,1.0256510003886514,1.2397336399437795,Good
2.8676048781902543,2.620952220691396,1.0644823381267003,2.0638180272505227,Good
1.3254160278879283,3.800153550056266,1.0,1.3246389045344684,Good
1.835771848705233,4.608689250444348,1.0687912848814614,1.4295223720098722,Good
2.5264258165985654,4.261592503391773,1.137582597745822,1.8940062994009452,Moderate
3.821036744530221,4.81768560100123,1.1240980862806065,2.383463280064962,Bad
1.25530006747017,4.65090499879053,1.0,1.3396222570309548,Good
2.3123709780534587,4.81768560100123,1.0012166404974738,2.123751437236468,Bad
1.854583455707176,3.0272078079151896,1.0652934224640498,1.1798002299578347,Good
1.157035869436761,3.930302998432948,1.0279828993392923,1.0149833524964862,Good
2.1663182796863105,7.077553295541789,1.0734551107656432,1.1798002299578347,Bad
1.2660495663994038,5.192421358181798,1.0559657986785853,1.2397336399437795,Moderate
1.7873992002689778,4.999137595574393,1.172561221919938,1.5993340998594494,Moderate
1.8665013798351715,4.502203338136154,1.0012719626894675,1.469478777779302,Good
1.445869598218287,5.7603462238255,1.0,1.3196452528144396,Moderate
2.1394446291085227,6.553074682119831,1.060629624562767,1.5843507473629632,Bad
2.924156438520976,2.9443854316754834,1.2320248830159346,1.4944506323840456,Moderate
1.4864138752190772,4.082222899992638,1.0676253493975905,1.274695195324981,Good
4.079024202856916,1.4417508913265251,1.0754321585697628,2.178689996834184,Bad
2.107196196817686,5.7405635076722445,1.1702292949863973,1.2447284903320084,Bad
2.385280491166843,4.557386704247867,1.266445863972017,1.2397336399437795,Bad
2.7890869112234418,4.245879915442298,1.1070650073843762,1.9889012647680917,Moderate
2.1721604056801187,4.072284214843873,1.1180148278274389,1.8890126476809168,Good
1.6954444725101356,5.408895386136323,1.0109498204430625,1.0,Moderate
1.469905709238804,4.356246647665724,1.0,1.0332966052517916,Moderate
3.268139759287812,3.0665839319331534,1.1888845705402251,2.248613107596586,Bad
1.4864138752190772,4.186721075271079,1.1492421204819276,1.374583812412156,Bad
1.9001519094651491,2.573625148554421,1.0228951045472212,1.5493891919817622,Good
2.284328837780045,4.880819915231955,1.0012166404974738,1.724195770219568,Moderate
1.3574201460557298,4.379910183734211,1.0163233486202876,1.0,Moderate
1.6992535283386,5.791866053868725,1.0559657986785853,1.4445057245063584,Moderate
2.360042610068576,3.181020792360359,1.0316328488146134,1.4744724294993308,Good
2.9601438185484774,2.1516569733811512,1.217779964244073,2.633185422117,Moderate
2.451179453087658,3.512310297319184,1.3404586179556937,1.5094339848805318,Moderate
3.8249626686773066,1.3842011716079636,1.026583754372328,2.85441042638892,Moderate
1.8610331421653437,4.332583111597236,1.2590750003886515,1.7192009198313394,Bad
2.27650046634458,4.687536152624549,1.0781189366498252,1.899001149789174,Bad
1.6772170781075737,3.4413196891137217,1.0079951061018266,1.6345893289495816,Good
2.98596597674299,1.3667848090615569,1.4535561507967354,2.623196920008742,Moderate
1.6449686458167367,3.6108452615083664,1.094124287602021,1.4245287202898431,Good
1.066512391599851,3.21651609646309,1.0104935872522347,1.1844103078539536,Good
1.229945318053281,3.5833009055246468,1.0,1.2397336399437795,Good
2.3573658611947077,2.573625148554421,1.5748153999222696,1.3845723145204134,Bad
2.4497773557485165,4.43906902390543,1.0109498204430625,1.8540510922997155,Moderate
1.5690899550454709,3.4204011232291784,1.06645938593082,1.294672199541496,Bad
1.6503433630329214,5.200277652156537,1.1352506708122814,1.4794672798875594,Moderate
2.354434156215147,2.317301725860564,1.0408083855421686,1.5643725444782484,Good
2.8850674687726072,7.207702743918471,1.0610535934706569,1.908989651897432,Bad
1.467602268217134,4.447019972024441,1.0163233486202876,1.314650402426211,Good
1.4054088446571302,4.040764384800648,1.0,1.349611957807412,Good
1.1233852753099187,4.166938359117824,1.0279828993392923,1.3596004599156697,Good
3.0612122757570326,4.987305827540149,1.6051301982122037,1.9039960001774028,Bad
2.292741486311756,1.0,1.0024333089778468,1.8690344447962015,Good
1.6422812549602122,7.381298444516896,1.242942439176059,1.5593788927582195,Bad
4.505264373830363,1.954397736714239,1.035282798289934,2.982797379924412,Moderate
2.292741486311756,5.598582291261319,1.049882568208317,2.6581572767217434,Bad
2.797499559755152,5.503928146987369,1.0620490291488536,1.5843507473629632,Bad
2.096446697888452,4.620521018478592,1.0454722114263506,1.469478777779302,Moderate
1.8507443443398168,5.417224950832431,1.0582976976292269,1.6542726594571655,Bad
2.314123615851601,2.5854569165886647,1.015816410415857,1.3596004599156697,Good
1.9782024676543388,6.300632079341207,1.2238631947143412,1.5194224869887896,Bad
1.3925896413434706,4.28137521954503,1.1046316984065294,1.529412187765247,Good
1.3254160278879283,3.800153550056266,1.0,1.3246389045344684,Good
1.6062705270677324,3.910614936423966,1.1352506708122814,1.644284157348908,Good
1.7390265518327226,6.020645120578863,1.2961523420132142,1.0,Bad
4.003310495065248,1.4377754172670194,1.1289646762534007,3.257491376581193,Moderate
1.8411466304182824,4.754645940914779,1.1049358725223477,1.5044391344923034,Moderate
1.134368446379532,3.9619174826204473,1.0,1.0099885021082575,Good
2.43505523694224,5.969342574382381,1.0524679362611735,1.234738789555551,Bad
2.2442520340537424,6.391310749555651,1.1189273221919938,1.6542726594571655,Bad
1.6987160114691764,3.681835869713829,1.060629624562767,1.4245287202898431,Good
1.5496254462833672,2.2896627157325704,1.0445182464049747,1.4644839273910732,Good
2.660794262978097,2.00570028291072,1.919937815779246,1.644284157348908,Bad
2.212003601762906,3.0823911740269025,1.4768752522347457,1.389567164908642,Moderate
3.020901735393487,4.056571626894398,1.125923047026817,1.669256011953652,Moderate
1.7927739819820272,6.777878274770464,1.15507190983288,1.0,Bad
1.5047580734433967,6.150794568955543,1.008516539448115,1.0649282603741737,Bad
1.4262401709734485,3.92244670445821,1.0788609032258063,1.3596004599156697,Good
2.037324550522963,7.669141697253979,1.172561221919938,1.2896785478214672,Bad
1.6637802528186798,3.4925275811659287,1.138748533229693,1.0,Good
1.9338024390951272,6.651609646309014,1.0218996688690245,1.234738789555551,Bad
4.238280054372577,1.5679248656437008,1.2903225806451613,1.978912762659834,Moderate
2.107196196817686,6.048189476562582,1.167897396035756,1.779134329817284,Bad
3.260077651215102,2.167369561330627,1.1247570835600469,1.8190895369185145,Good
3.689519253055792,2.3466445105854885,1.1625673253012048,1.8009285150245733,Moderate
1.2748127553901158,3.7962727301410335,1.015816410415857,1.2896785478214672,Good
3.587936691339656,1.3707602831210628,2.0645668153905947,2.443396690050907,Bad
2.761044835446892,4.719150636812048,1.0559657986785853,1.7691458277090266,Bad
1.9325171455777437,4.28137521954503,1.5503303630003886,1.11986681997189,Moderate
1.2499253502539855,3.8987831683897225,1.0454722114263506,1.414539019513386,Good
1.6898360186567072,4.64418455454708,1.108433734939759,1.15982202707312,Good
1.5664507433467885,5.977198868357119,1.0097331799455889,1.3096555520379822,Bad
1.992690849823372,2.680111060862614,1.0381584889234357,1.5793558969747346,Good
6.316785035970654,2.7984287412050524,1.1021984174115818,3.4622646598119715,Bad
1.6261570388147937,6.142843620836532,1.1037699090555773,1.0549385595977163,Moderate
1.5687450903105522,3.839624328218504,1.0546938359891178,1.529412187765247,Good
1.894893996070722,5.361946930576443,1.1072677714729888,1.3096555520379822,Moderate
1.5132875257968648,4.924171513309425,1.1049358725223477,1.0149833524964862,Moderate
3.187284941923476,2.502634540348958,1.0742155180722892,2.258601609704844,Moderate
1.3601074724153897,5.018825657583375,1.0104935872522347,1.11986681997189,Moderate
1.771158180301802,5.681404667501026,1.0,1.7192009198313394,Bad
2.4273436693285317,7.535111428962065,1.41974349008939,1.529412187765247,Bad
1.6315318205278428,3.886951400355479,1.0757870097162845,1.034961555381201,Good
1.9378919272907928,3.8474806221932414,1.1760590843373495,1.094894965367146,Moderate
1.4514780520717157,4.963642291471661,1.0165353470656822,1.0,Good
1.8814571707818284,3.015376039880946,1.0617955600466382,1.6742508623418806,Good
2.6043595064691325,3.279555756549541,1.121259221142635,1.824084387306743,Moderate
1.833084522345573,4.0999232249718665,1.041974349008939,1.314650402426211,Good
2.5086657664767618,3.417656153045234,1.0024333089778468,1.2896785478214672,Good
3.0397133423954297,3.3978734368919787,1.3789351045472211,3.4622646598119715,Good
1.857270846563701,5.212109420190781,1.0804508356004665,1.2647054945485237,Moderate
2.182442495831729,6.280660054899403,1.1638998429848426,1.4894557819958172,Bad
1.7712749841235595,5.780034285834482,1.1713952584531675,1.6592675098453944,Bad
2.4918405339102048,5.081959971814099,1.0535324897007383,1.6992227169466243,Moderate
2.1272930328401483,4.360222121725229,1.0754321585697628,1.6193123027441645,Bad
1.7851792181900763,2.6682792928283705,1.052149938593082,1.5244173373770182,Good
2.884430110756811,5.1844704100627865,1.1459977271667314,2.173696345114155,Bad
2.945655436379444,5.251580198353017,1.28799068169452,2.2635964600930727,Bad
1.3816064702738573,3.1297182461638777,1.0011659634667702,1.274695195324981,Good
2.7890869112234418,3.0784156999673966,1.0291995398367664,1.3695889620239272,Moderate
3.579874583266947,1.3576033570669837,1.167897396035756,2.8479472074560355,Good
2.8732132675468183,5.728731739638,1.0206830003886511,1.604328950247678,Bad
2.532568368987594,3.630627977661622,1.4863694302370771,2.35349657507199,Moderate
3.0330533316618618,1.6744107779518946,1.1399144966964632,2.3584902267920187,Moderate
1.5831591720915876,3.374209900823491,1.380101040031092,1.294672199541496,Bad
2.101821415104637,5.811554115877707,1.28799068169452,2.1187565868482388,Bad
1.1535639387194652,4.74745222594996,1.0159902401865526,1.2397336399437795,Good
1.193490593745021,5.515759915021612,1.0279828993392923,1.2846836974332383,Moderate
1.550910739800751,5.922015502245406,1.1947143319082782,1.154828375353091,Bad
1.153180053381475,5.389585940704437,1.041974349008939,1.11986681997189,Moderate
2.088384589815744,5.145094286044824,1.1270890104935871,1.4544954252828155,Bad
1.6561854890267294,2.9562171997097275,1.0025438973960357,1.3596004599156697,Good
2.7709763851395013,3.804129024115772,1.054799835211815,1.7941176823137703,Moderate
1.7094655103984104,5.713019151688525,1.1061018359891177,1.4894557819958172,Bad
2.7358068898517605,4.707318868777804,1.0802987485425573,1.918979352673889,Bad
3.829066991151826,1.650747241883407,1.334578151574038,2.11376293512821,Moderate
2.0803224817430337,5.003113069633899,1.0209871745044694,1.3845723145204134,Moderate
2.2086151299883783,2.3882923340660263,1.0050877947920716,1.6143174523559356,Good
4.238864266971958,2.786596973170808,1.0,2.882907564169037,Moderate
1.5643475650896446,5.425081244807168,1.036144587640886,1.938956356890404,Bad
1.3729601496017674,2.755077143127583,1.0216231418577535,1.4045505174051285,Good
1.438041226782822,3.969773776595185,1.1177613587252235,1.5244173373770182,Good
1.0,4.845324611129223,1.0034978624174116,1.0,Moderate
2.389614293485544,5.736682687757012,1.0457902090944422,1.5094339848805318,Moderate
2.671543761907331,1.9860122209017383,1.071123211815002,1.5843507473629632,Good
2.4726783864492603,5.716899971603756,1.0693742806062962,1.5244173373770182,Bad
1.877718223045164,3.0114005658214404,1.0394304516129032,1.4345172223981009,Good
1.9325171455777437,3.7449701839445537,1.1527399828993392,1.469478777779302,Moderate
1.174678986743078,5.160806873994299,1.0093276237854645,1.7192009198313394,Moderate
1.285144056649402,4.111754993006111,1.0765847741935484,1.2697003449367523,Good
2.410868912724111,3.3703290809082587,1.13291877186164,1.419533869901615,Good
3.028963843466196,3.6976431118075785,1.4127477652545668,1.983906414379863,Moderate
1.6758149807684326,6.367647213487164,1.0652934224640498,1.1723085537095916,Bad
3.609435624701259,2.443475700177739,1.1609016712009328,2.383463280064962,Moderate
1.8020045152534976,5.421105770747662,1.1119315973571706,1.4594890770028446,Good
1.3112674796983756,4.577169420401123,1.0,1.329633754922697,Good
2.9429680455229192,4.064427920869136,1.1562378453167508,1.859045942687944,Bad
1.827709740632524,4.975474059505905,1.1095996984065293,1.2397336399437795,Moderate
1.7873992002689778,5.208133946131275,1.0074621158181112,1.8091010348102567,Moderate
1.6637802528186798,4.5298423482641486,1.108433734939759,1.0799116128706598,Moderate
2.013138226304836,1.6744107779518946,1.8919549164399532,1.9289678547821465,Bad
2.236657270261792,6.549099208060325,1.032849489312087,1.2796888470450098,Bad
1.6596270417208074,5.361946930576443,1.0012719626894675,1.5793558969747346,Moderate
1.7599413370918096,7.5942702691332835,1.0693489280994948,1.2247502874472935,Bad
1.748724493881817,3.685811343773335,1.0754321585697628,1.2097669349508071,Good
1.4326664450697726,5.172638642028543,1.0151574131364167,1.4245287202898431,Bad
2.025807280917749,3.550929188182956,1.0439731395258454,1.5813540768636658,Good
1.171991660383418,5.633793632931228,1.037310523124757,1.2397336399437795,Moderate
2.913407004088607,4.569218472282111,1.4034201414691023,1.544395540261733,Bad
1.2579874583266948,3.81198531809051,1.00462325068014,2.1836848472224126,Good
2.937710132128492,3.871144158261729,1.0,1.804106184422028,Bad
1.1827410948157873,3.918471230398704,1.030314798289934,1.4594890770028446,Good
1.9309982444168448,4.991281301599655,1.1423478056743102,1.234738789555551,Moderate
2.3602975016774024,3.4413196891137217,1.0874465604352896,1.6642623602336228,Good
1.6758149807684326,4.9321224614284365,1.059615748153906,1.0,Moderate
2.2684383582718706,5.665692079551549,1.191216469490867,1.5793558969747346,Bad
2.177768859533548,5.989030636391363,1.0304162083171395,1.3096555520379822,Bad
1.712152901254935,4.01710084873216,2.39098327866304,1.669256011953652,Bad
2.396497334376836,4.604713776384843,1.0559657986785853,1.419533869901615,Bad
1.5748633273816344,5.1844704100627865,1.041974349008939,1.644284157348908,Bad
1.5892668316768783,2.9285781895817338,1.0069957248348231,1.314650402426211,Good
2.744102734561713,3.729162941850804,1.1783909832879906,1.6243059544641931,Moderate
1.9205461405301976,5.129287043951074,1.0826767353284104,1.4295223720098722,Bad
1.3896685783465663,5.811554115877707,1.1434123591138747,1.3396222570309548,Moderate
2.005076118232126,4.955785997496924,1.35445006762534,1.409545367793357,Bad
1.436819656167645,4.600832956469611,1.0635974908666923,1.3096555520379822,Moderate
1.6954444725101356,5.610414059295563,1.0559657986785853,1.4445057245063584,Moderate
1.0940579060159858,3.784440962106791,1.0036499494753206,1.4594890770028446,Good
1.855284536625179,2.1989840455181264,1.0292548620287605,1.3795786628003843,Good
1.4138549025646945,6.257280481263738,1.041974349008939,1.1847950803460634,Bad
1.8062108072709209,7.1761829138752455,1.150408083948698,1.0549385595977163,Bad
1.776766569658366,3.859312390227485,1.0559657986785853,2.5133186021451097,Moderate
2.755436381593464,2.6761355868031087,1.083948698017878,1.5793558969747346,Good
2.846222748650409,4.166938359117824,1.271667305091333,2.0788013797470093,Good
2.3460215076834365,2.0845471850909205,1.0496060411970465,1.943951207278633,Good
2.1690056705428358,3.801762670508924,1.2938204430625728,1.3645953103038984,Moderate
3.815428355173657,2.52232260235794,1.149647676642052,3.2275246715882204,Moderate
2.1889857027435395,3.3623781327892472,1.058399107656432,1.6992227169466243,Good
1.2944421826349544,4.336558585656741,1.0024333089778468,1.6642623602336228,Good
1.405792794491985,5.989030636391363,1.0174893120870578,1.0249718546047435,Moderate
2.295312008849658,4.245879915442298,1.1853867081228138,1.6742508623418806,Moderate
3.7032598585768657,4.6599917966408295,1.1107149568596968,3.7519420089652384,Bad
1.4856234661436287,3.3460976199741275,1.0769529731830547,1.248295726894372,Good
3.080023882758976,5.756370749765994,1.2739992320248736,1.4445057245063584,Bad
3.028963843466196,4.352365827750491,1.163233570151574,1.4544954252828155,Moderate
1.6197307647184696,3.930302998432948,1.0228951045472212,1.7341842723278256,Good
2.178533598856892,6.048189476562582,1.1399144966964632,1.8190895369185145,Bad
1.6584054711056306,4.9123397452751805,1.0804508356004665,1.4744724294993308,Moderate
1.835771848705233,4.865012673138205,1.1154294597745822,1.3695889620239272,Moderate
2.676918479123516,3.464983225182209,1.0356145915274,1.469478777779302,Good
2.104859346420163,4.064427920869136,1.0425826692576758,1.644284157348908,Moderate
1.3332338218376023,2.297519009707308,1.2331908184998055,1.059933409985945,Moderate
2.1188803843084374,5.093791739848342,1.0231163093664983,1.2796888470450098,Bad
2.0466082292108494,4.194577369245817,1.3726813462883791,1.4395120727863295,Moderate
1.0950479973841791,6.269112249297982,1.0,1.11986681997189,Moderate
4.163150559180291,2.3921731539812585,1.135047906723669,2.8279690045713206,Moderate
2.3267926704645143,4.930418686831505,1.2709253385153518,1.7192009198313394,Bad
1.7683539211266557,2.506610014408464,1.041974349008939,1.349611957807412,Good
2.142131955468183,2.0608836490224327,1.1364166342790516,1.469478777779302,Good
1.6664675791783397,3.5990134934741222,1.0174893120870578,1.3196452528144396,Good
1.927142428361559,5.010969363608637,1.1562378453167508,1.234738789555551,Bad
1.7470886599054318,6.73443202254872,1.1947143319082782,1.0,Bad
2.9214691121613163,1.962348684833251,1.2600077823552274,2.7230855370959173,Good
1.2180608033011389,4.545270973780802,1.019987793237466,1.3596004599156697,Good
2.0803224817430337,3.0942229420611462,1.0314807617567043,1.4245287202898431,Good
1.2607916530049768,3.7094748798418222,1.0152634123591138,1.3995556670168998,Good
3.1368091797269417,2.2856872416730645,1.0462326187329964,2.6731406292182296,Moderate
2.4323678460857145,4.403573719802698,1.278663029926156,2.058823176862294,Moderate
3.4723797874652025,4.021076322791666,1.1317528083948698,2.368479927568476,Moderate
1.740311845350106,3.287506704668553,1.1204481368052857,1.3995556670168998,Moderate
1.986264575727048,1.603420169746432,1.6715895841430235,1.204772084562579,Bad
2.388084685845125,2.045171061072957,1.026710936649825,1.6592675098453944,Good
1.608513921508477,3.0665839319331534,1.0546938359891178,1.5044391344923034,Good
2.005076118232126,4.947835049377912,1.121259221142635,1.294672199541496,Bad
2.323883023412641,2.1155937444127764,1.186749027594248,1.525130544955851,Good
2.5237384257420405,2.250191937570333,1.0454722114263506,1.773686382849562,Good
2.418931020796821,2.758957963042815,1.1317528083948698,1.9539397093868904,Good
3.38907138037845,3.173069844241347,1.037310523124757,2.0088794676528066,Moderate
2.0292624424502543,5.030657425617618,1.101438010104936,1.5244173373770182,Bad
2.034637224163303,2.313326251801058,1.305479993781578,1.644284157348908,Moderate
1.6309476079284622,5.598582291261319,1.0936818779634667,1.669256011953652,Moderate
2.385280491166843,5.480264610918881,1.0669156191216478,1.5344058394852758,Bad
2.4028068046514024,2.419812164109252,1.0292548620287605,1.6243059544641931,Good
2.421618411653345,4.376029363818979,1.3754372421298096,1.294672199541496,Moderate
2.453866843944182,5.4763837910036495,1.0389327197823552,1.469478777779302,Bad
2.7736637759960256,4.87684444117245,1.0228951045472212,1.3446171074191833,Moderate
2.5116452636329765,2.849352670824437,1.085697629226584,1.7192009198313394,Good
4.126695834872033,1.5797566336779445,1.20318019432569,3.54716992440266,Moderate
1.440261208861723,4.577169420401123,1.0279828993392923,1.2896785478214672,Moderate
5.270814100278737,1.8873826025682825,1.2384629646327243,4.650943158754412,Bad
5.422241515862069,1.0828223762397065,1.1046316984065294,6.0543846417040905,Bad
1.9916392929432325,4.285256039460261,1.0338126607073457,1.469478777779302,Moderate
2.570358436380153,2.90093917945374,1.0863820069957248,2.458380042547393,Moderate
1.5912212801642969,2.644615756759884,1.0862805969685192,1.0,Good
1.5546730354023937,4.669267902779676,1.061562378546444,1.437161484446681,Good
3.5630492862035257,2.699799122871596,1.0165353470656822,2.1637066443376973,Moderate
2.7763511668525505,5.034632899677124,1.3661095903614455,1.7591561269325693,Bad
1.9728276859412897,5.744538981731751,1.101438010104936,1.3246389045344684,Bad
2.932101742771928,2.4513319941524774,1.1246510843373494,1.7841291802055128,Moderate
1.8384592395617576,5.993006110450869,1.079284872133696,1.419533869901615,Bad
2.4273436693285317,1.7493768602168631,1.0291995398367664,2.133739939344725,Good
3.0773364919024515,1.295794200856094,1.2355227454333464,1.7541624752125404,Good
2.2039414936901967,5.890495672202181,1.1842207446560435,1.1398450228566048,Bad
2.8085995991433874,5.310739038524236,1.2751651675087443,1.978912762659834,Moderate
2.9698417605975718,2.226528401501846,1.263505644772639,2.363485077180248,Bad
2.859192229658544,4.53372316817938,1.0912485969685193,1.983906414379863,Bad
3.566975210350612,2.052364776037777,1.121725612125923,3.3056730435370936,Moderate
3.050462841324664,6.38742992964042,1.380101040031092,2.368479927568476,Bad
1.55897284787346,5.243629250234005,1.0209871745044694,1.5094339848805318,Good
1.419229619780879,2.908890127572752,1.0559657986785853,1.3596004599156697,Good
2.0291456386284965,2.435619406203001,1.031798759424796,1.3096555520379822,Good
1.9169771420317057,5.385610466644931,1.035282798289934,1.3046619003179534,Bad
3.3274955787936804,2.940409957615977,1.0851653385153517,2.867924211672551,Moderate
1.7282771174003533,4.596857482410105,1.0093276237854645,1.414539019513386,Moderate
1.2579874583266948,5.247604724293511,1.0190792444617178,1.2647054945485237,Good
2.994028084815699,6.052164950622088,1.3894286917994558,1.6592675098453944,Bad
2.1690056705428358,4.352365827750491,1.2844928192771086,2.228634904711871,Moderate
1.2767990653286376,4.143274823049335,1.0524679362611735,1.5643725444782484,Good
2.518363708525856,3.5911571994993845,1.0384764865915277,1.8790229469044597,Good
2.437742627798764,2.889107411419497,1.2670035071900505,1.0899001149789174,Moderate
2.6358749963908634,4.813804781085999,1.083948698017878,1.93287671178143,Bad
2.9725290869572314,6.5609309760945695,1.278663029926156,1.3695889620239272,Bad
2.775065873335167,1.6665544839771569,1.0816167990672367,2.1637066443376973,Good
1.7497760507619564,4.494347044161417,1.0594636610959969,1.1148719695836613,Moderate
2.9698417605975718,2.530273550476952,1.1294209094442285,2.728080387484145,Moderate
3.9584431222252783,4.427237255871185,1.0450159782355228,1.7042175673348532,Bad
4.76605602683534,2.6130959267166585,1.0523158492032647,2.9328524720467244,Bad
5.966258572788872,2.2108158135523697,1.015816410415857,3.42730310443077,Bad
1.7122697050766924,4.703343394718299,1.018249719393704,1.4075471879044257,Good
2.3432173130051543,4.360222121725229,1.0,2.0338513222575503,Bad
2.010450899945176,3.993437312663673,1.041974349008939,1.669256011953652,Good
2.5936100075398985,4.135418529074598,1.1982121943256898,2.043839824365808,Bad
1.9281939852416987,2.9837615556934467,1.0279828993392923,1.3396222570309548,Good
2.149726719260133,2.71163089090584,1.297151751263117,1.034961555381201,Moderate
3.7144767662837226,3.3939926169767465,1.092465237465993,2.043839824365808,Moderate
2.048074049452197,5.32257080655848,1.024485036921881,1.1997784328425498,Bad
4.653887594735414,1.7177623760293637,1.184930474931986,3.996670499297247,Moderate
1.8733950627091192,2.530273550476952,1.0594636610959969,1.5743622452547057,Good
1.948641361723162,5.7405635076722445,1.0431403124757093,1.2697003449367523,Bad
1.6127202135259,5.547374399209112,1.0,1.2497221420520372,Moderate
1.2081489896490918,7.211678217977977,1.0356145915274,1.11986681997189,Bad
1.5831591720915876,3.315051060652272,1.1562378453167508,1.9889012647680917,Good
2.0473062142793523,6.052164950622088,1.0076316921881072,1.4395120727863295,Bad
1.1766652966815998,4.226097199289042,1.0012719626894675,1.3596004599156697,Good
1.8599581729233607,7.041206104140593,1.13291877186164,1.589345597751192,Bad
1.4031054036354604,4.28137521954503,1.0081616883015934,1.094894965367146,Moderate
3.020901735393487,6.276968543272719,1.4127477652545668,1.5493891919817622,Bad
5.747530097945584,2.447451174237245,1.192230345899728,3.232519521976449,Bad
3.223739730728601,1.2799869587623445,1.1070650073843762,2.103773234351753,Moderate
1.6561854890267294,5.669572899466782,1.041366028760202,1.0,Bad
1.720215009327644,4.395717425827961,1.1177613587252235,1.2896785478214672,Moderate
3.8911420629653226,1.102510438248688,1.0024333089778468,1.709212417723082,Moderate
2.3759330895767503,2.620952220691396,1.0734551107656432,1.4445057245063584,Good
1.5468212516050852,4.951810523437418,1.0194663598911775,1.3596004599156697,Bad
1.3842937966335174,3.989461838604167,1.0364994387874078,1.11986681997189,Good
2.7853904669205365,4.983330353480644,1.1282549459774582,1.9639294101633475,Good
3.748127295913701,1.4456317112417572,1.0948985184609406,2.6681469774982007,Moderate
1.8677759668730345,3.4097052049262224,1.3383386894675475,1.034961555381201,Moderate
2.730665844775955,5.279124554336737,1.0909444228527012,1.4395120727863295,Bad
2.034637224163303,5.346234342626968,1.06645938593082,1.5993340998594494,Moderate
1.3593397017394095,3.6503160396706034,1.0239853462883792,1.3329636551815165,Good
2.2226362323735174,5.705068203569513,1.0340661298095608,1.4994454827722743,Bad
1.1558674442379997,4.131443055015092,1.047804110376992,1.449500574894587,Good
5.0745193118554335,1.149837510385663,1.1204481368052857,4.2014425838598255,Moderate
3.389188184200208,1.6467717678239011,1.0632656976292263,2.6681469774982007,Good
2.410868912724111,4.31687052364776,1.1434123591138747,2.523307104253368,Moderate
1.653763696258552,6.482084073914369,1.1155815468324912,1.6342956552406505,Bad
3.3729471642330315,3.918471230398704,1.1130975608239408,1.6942290652265954,Moderate
2.4028068046514024,5.996981584510375,1.145744258064516,1.4245287202898431,Bad
2.005564746478197,4.608689250444348,1.0699572483482316,1.5194224869887896,Moderate
2.314123615851601,3.461007751122703,1.0251846094053634,2.1687014947259264,Good
1.6169265055433228,3.7764900139877793,1.1144754947532065,1.3046619003179534,Good
2.201254102833672,4.9123397452751805,1.0,1.349611957807412,Moderate
3.1396133744052235,2.502634540348958,1.0060832304702685,2.4783570467639087,Moderate
1.986264575727048,5.6498848374578,1.0571317621453555,1.744172774436083,Bad
2.932101742771928,2.4553074682119838,1.0620490291488536,2.4633736942674225,Bad
2.1973982867783857,4.687536152624549,1.3392926544889234,1.2097669349508071,Moderate
1.6637802528186798,1.7138815561141318,1.2600077823552274,1.5194224869887896,Bad
1.106230141281027,5.171502792297256,1.0065842083171397,1.0,Good
1.6422812549602122,2.90093917945374,1.06645938593082,3.7918984147346686,Moderate
1.0241863242181275,2.979880735778215,1.0,1.154828375353091,Good
1.4461033348555312,4.742814172880536,1.0139914496696465,1.329633754922697,Good
3.3487608400149043,3.516191117234416,1.0443062479595802,1.8890126476809168,Moderate
1.4122190685883091,5.018825657583375,1.0802987485425573,1.4794672798875594,Good
1.720682353608403,4.3720538897594725,1.163233570151574,1.6193123027441645,Moderate
2.158139367791844,4.695487100743561,1.0437993097551497,1.4594890770028446,Bad
2.1413140707284226,2.6919428288968583,1.0763170058297706,1.609322601967707,Good
1.614417513014231,6.048189476562582,1.2739992320248736,1.6942290652265954,Bad
2.975216477813756,2.471114710305733,1.0629615235134084,1.6492790077371366,Moderate
1.9163929294323248,2.71163089090584,1.0046638258841818,1.4445057245063584,Good
1.835771848705233,5.764227043740732,1.1947143319082782,1.419533869901615,Bad
3.411621870620193,4.663872616556061,1.0608323886513795,1.978912762659834,Bad
1.10375584806508,4.947835049377912,1.0,1.4345172223981009,Good
2.155568845253941,2.659192494978072,1.1542557326078509,1.2597118428284946,Moderate
2.393693139698553,4.896627157325705,1.192230345899728,1.3596004599156697,Bad
1.7148402276145949,2.699799122871596,1.0046638258841818,1.03995520710123,Good
1.6799044689640985,4.518010580229904,1.0781189366498252,1.6992227169466243,Good
2.878821721400247,3.6029889675336286,1.0072998989506412,1.4744724294993308,Moderate
2.054383519726764,4.794022064932743,1.0693489280994948,1.4744724294993308,Moderate
2.0426993322360127,4.5850257143758615,1.2180334333462883,1.1847950803460634,Bad
2.598984789252948,4.809829307026492,1.1900505340069958,1.5194224869887896,Moderate
1.9459540353635016,5.440888486900918,1.0874465604352896,1.3704975525193142,Bad
4.609020221895444,1.7730403962853507,1.1046316984065294,4.985571764065339,Moderate
2.980433113214851,5.63407759536405,1.282160892343568,1.7192009198313394,Bad
2.453866843944182,5.369897878695455,1.2518460940536338,1.4594890770028446,Bad
1.438041226782822,4.0447398588601535,1.0,1.0449500574894588,Good
1.4851285817016937,2.680111060862614,1.0,1.2447284903320084,Good
3.1767691796314863,2.948266251590716,1.6844150703458998,1.644284157348908,Bad
2.155568845253941,3.7213066478760655,1.2133696074621063,1.3695889620239272,Moderate
2.1501940635408925,5.5394234510901,1.053633899727944,1.589345597751192,Bad
2.064198265597615,5.216084894250287,1.362505728721337,1.15982202707312,Moderate
1.3579575984282888,4.379910183734211,1.0754321585697628,1.0856196708377213,Good
2.5640489661055863,2.3803413859470144,1.02215313797124,1.764150977320798,Good
3.211321052943993,1.2761061388471124,1.5200155367275554,2.138734789732954,Moderate
1.9898866551450904,1.5876129276526822,1.0559657986785853,2.3584902267920187,Good
1.438041226782822,4.797997538992249,1.289156617178391,1.414539019513386,Good
2.212003601762906,5.953535332288632,1.034978624174116,1.4345172223981009,Bad
2.295312008849658,4.245879915442298,1.1853867081228138,1.6742508623418806,Moderate
1.488333430902757,5.673548373526288,1.1017560077730275,1.1048834674754036,Bad
5.600776318660433,4.462732559973917,1.0408083855421686,2.7330740392041744,Bad
3.21532708219689,2.11616166927842,1.026766258841819,1.7142060694431107,Moderate
1.6561854890267294,5.60653323938033,1.0788609032258063,1.4295223720098722,Moderate
1.415023327763456,4.596857482410105,1.010175589584143,1.4045505174051285,Good
1.0268737150746523,5.500047327072137,1.0,1.214761785339036,Good
2.020732990096786,4.813804781085999,1.0245762891566266,1.884017797292688,Bad
3.0492412707094867,1.5482368036347192,1.2811615110765642,1.5793558969747346,Good
3.2385786533566354,1.453582659360769,1.5092887679751263,2.098779582631724,Moderate
2.413556303580636,4.778309476983267,1.1783909832879906,2.173696345114155,Bad
2.36565099942514,2.0530273550476954,1.0024333089778468,1.6992227169466243,Good
2.241564643197218,3.953966534501435,1.0139914496696465,1.2896785478214672,Moderate
1.7712749841235595,3.950085714586204,1.228527020598523,1.0649282603741737,Moderate
2.242265724115221,2.0885226591504265,1.033070694131364,1.6542726594571655,Good
2.4862320800567765,4.336558585656741,1.0279828993392923,1.7142060694431107,Moderate
2.841385483806784,3.182629912813016,1.0545666537116207,1.775609046641911,Moderate
1.544017056926803,6.253305007204232,1.0279828993392923,1.329633754922697,Bad
2.3488257023617183,4.87684444117245,1.0364994387874078,1.3346286053109258,Bad
3.2097186928403256,1.6665544839771569,1.032849489312087,2.912874269162009,Good
3.421319812669287,4.068403394928641,1.172561221919938,2.1087680847399817,Moderate
1.5240370247260986,4.301063281554011,1.0268169358725223,1.154828375353091,Good
1.5670349559461694,3.918471230398704,1.172561221919938,1.314650402426211,Good
1.1854284856723118,4.254682750859775,1.0034978624174116,1.11986681997189,Good
2.372024192601913,5.440888486900918,1.0,1.2896785478214672,Bad
1.5468212516050852,2.3843168600065203,1.0279828993392923,1.4544954252828155,Good
2.3123709780534587,3.997412786723179,1.0693489280994948,1.6342956552406505,Good
1.4971633096514465,5.653860311517306,1.1842207446560435,1.3645953103038984,Moderate
3.742518842060272,3.031088627830422,1.0535324897007383,3.672031594762778,Moderate
3.456744199565855,1.6152519377806758,1.115747457442674,3.152607909105789,Moderate
3.0638996666135574,5.006993889549131,1.174893120870579,2.15371814222944,Bad
1.8216339424983363,2.4749955302209647,1.015816410415857,1.3845723145204134,Good
1.9405792536504527,2.4001241021002704,1.0617955600466382,1.389567164908642,Good
2.9698417605975718,2.530273550476952,1.1294209094442285,2.728080387484145,Moderate
4.104262148452047,2.573625148554421,1.026766258841819,2.083796230135237,Moderate
1.927142428361559,3.0272078079151896,1.2518460940536338,1.3046619003179534,Good
1.7150739642518391,4.569218472282111,1.0279828993392923,1.469478777779302,Moderate
2.9180806403867887,3.5083348232596783,1.0608323886513795,1.589345597751192,Moderate
2.1582561716136013,1.8676945405593008,1.5188496012436845,1.4994454827722743,Bad
2.315175172731741,5.3264516264737125,1.0097331799455889,1.2497221420520372,Bad
2.950262318422784,4.028932616766404,1.2421686840264283,1.7841291802055128,Moderate
1.3505264631817822,5.267292786302494,1.041366028760202,1.294672199541496,Moderate
3.45929350263531,2.6130959267166585,1.12531472677808,2.07380652935878,Moderate
3.6812268266796617,2.10035442718467,1.0932763218033423,2.8879024145572654,Bad
3.100354390921817,1.2690070780265663,1.132614597745822,1.9489460576668611,Moderate
2.703792194198168,3.261760777426038,1.0652934224640498,2.128746287624696,Moderate
2.9495643333542807,3.3308583027460217,1.1247570835600469,2.148723291841211,Moderate
1.693341294252992,6.328271089469201,1.1760590843373495,1.1498335249648624,Bad
1.4122190685883091,3.729162941850804,1.0325301204819275,1.1698117278495772,Good
2.488802602594679,4.904483451300443,1.2191993688301594,1.349611957807412,Moderate
1.7122697050766924,4.514035106170399,1.0231163093664983,1.589345597751192,Moderate
2.744102734561713,2.4947782463742203,1.1072677714729888,1.824084387306743,Good
1.8384592395617576,5.500047327072137,1.1410804601632336,1.2597118428284946,Moderate
2.393693139698553,3.8909268744149847,1.0178073097551497,1.5394006898735046,Moderate
1.5664507433467885,5.377754172670193,1.015816410415857,1.4395120727863295,Bad
1.9378919272907928,6.0718530126310695,1.1095996984065293,1.4345172223981009,Bad
1.4094148739100274,4.009244554757423,1.0109498204430625,1.3845723145204134,Good
1.328092776761797,4.486396096042405,1.0699572483482316,1.3596004599156697,Good
2.101821415104637,4.592882008350599,1.2063738826272834,1.5643725444782484,Moderate
2.7526321869151813,5.925990976304912,1.0717822090944422,1.5094339848805318,Bad
3.490139837587006,4.734863224761524,1.0,2.123751437236468,Bad
1.5951301771391335,5.432937538781906,1.1107149568596968,1.5843507473629632,Moderate
2.2684383582718706,2.534154370392184,1.1130975608239408,1.414539019513386,Good
2.491489993451204,4.64418455454708,1.1739806265060242,1.3596004599156697,Moderate
1.6505770996701652,5.271268260362,1.1042999051690634,1.469478777779302,Bad
1.5052254177241555,2.163488741415395,1.0116595507190052,1.2397336399437795,Good
1.0644968645816737,6.359790919512426,1.0582976976292269,2.198668199718899,Bad
1.6758149807684326,5.018825657583375,1.0194663598911775,1.409545367793357,Moderate
2.1721604056801187,3.969773776595185,1.2725290944422851,1.4045505174051285,Bad
1.3168758690549398,4.884795389291462,1.0394304516129032,1.3845723145204134,Good
2.292624682489998,5.283100028396243,1.2087057815779243,1.11986681997189,Bad
1.86802028099607,5.212109420190781,1.0011659634667702,1.1398450228566048,Bad
1.5052254177241555,3.7804654880472848,1.1574038087835212,1.1148719695836613,Good
1.9835771848705237,3.3860416688577346,1.577147298872911,1.7541624752125404,Moderate
1.5692549380250704,3.3805517284898454,1.0109498204430625,1.0,Good
1.7444013335457718,2.297519009707308,1.191216469490867,1.204772084562579,Good
1.7363392254730623,4.84930008518873,1.0277497178390984,1.3446171074191833,Moderate
1.3056590258449472,4.332583111597236,1.0030416292265838,1.2497221420520372,Good
2.278720448423481,2.2896627157325704,1.0547491581811117,1.4295223720098722,Good
1.8922066052141973,5.815529589937213,1.2425184702681695,1.589345597751192,Bad
2.284328837780045,1.1735010464541509,1.0496060411970465,2.648168774613486,Good
1.6309476079284622,5.9180400281859,1.0206830003886511,1.4944506323840456,Bad
1.25261274111051,3.255892220481053,1.0023318989506411,1.9139845022856603,Good
1.1205810806316368,5.125311569891568,1.0255495903614458,1.1897887320660925,Good
2.1857500240412064,4.987305827540149,1.024332949863972,1.469478777779302,Moderate
3.218131276875172,4.068403394928641,1.0012166404974738,1.6542726594571655,Bad
2.3436846572859134,5.642028543483062,1.053633899727944,1.484462130275788,Bad
1.633751802606744,6.036357708528338,1.0218996688690245,1.3795786628003843,Bad
1.6674023322367215,3.31117024073704,1.031798759424796,1.314650402426211,Good
2.9107196132320823,3.90663946236446,1.3264671682860474,1.2996670499297247,Moderate
1.7309644437600131,4.581050240316355,1.2774970944422852,1.3845723145204134,Moderate
1.771158180301802,6.793590862719939,1.026766258841819,1.3995556670168998,Bad
1.9982993036768009,5.101648033823081,1.1180148278274389,1.0849052645906887,Good
2.665701635913523,2.25416741162984,1.0766487990672369,1.2996670499297247,Good
1.888935066255157,5.898351966176919,1.008516539448115,1.0,Bad
3.961247316903561,1.761208628251107,1.2834789428682472,1.6992227169466243,Moderate
2.2576888593426365,5.803697821902969,1.1933363979790128,2.053829525142265,Bad
1.327859040124553,4.94395422946268,1.0932763218033423,1.0899001149789174,Good
1.914172947353424,1.8400555304313075,1.0407023863194715,1.5593788927582195,Good
3.5315019348306915,4.640209080487574,1.263505644772639,1.409545367793357,Moderate
2.48074049452197,5.977198868357119,1.2728332685581034,1.6193123027441645,Bad
2.4028068046514024,5.492096378953125,1.0314807617567043,1.4395120727863295,Moderate
2.660794262978097,1.0,1.1422463956471045,1.6742508623418806,Good
1.356134852538346,4.312895049588255,1.0048665899727944,1.389567164908642,Good
3.192893395776905,1.8085357003880815,1.480373114652157,2.59323021501577,Moderate
2.6581068721215724,2.703774596931102,1.2600077823552274,1.4245287202898431,Good
2.607046897325657,1.9110461386367696,1.222697231247571,1.3196452528144396,Moderate
3.034338625179245,5.101648033823081,1.072289147298873,1.6342956552406505,Bad
2.511470025651908,5.239748430318774,1.2299464251846093,1.7142060694431107,Bad
2.0880340493567418,2.3093507777415523,1.010175589584143,1.8540510922997155,Good
2.561945787848442,1.5521176235499512,1.0661413882627284,1.6492790077371366,Good
1.9786698119350976,2.703774596931102,1.0254390019432569,1.589345597751192,Good
1.2418632421812763,5.586750523227075,1.034978624174116,1.11986681997189,Good
1.548223348944226,4.514035106170399,1.167897396035756,1.0,Moderate
2.7763511668525505,3.760777426038303,1.3264671682860474,1.8690344447962015,Bad
1.647656036673261,5.342258868567462,1.0559657986785853,1.4644839273910732,Bad
1.6169265055433228,5.626221301389313,1.1422463956471045,1.0,Moderate
1.8853660677566653,4.486396096042405,1.053633899727944,1.2447284903320084,Good
1.7712749841235595,4.7111996886930365,1.055149621453556,1.3096555520379822,Moderate
1.330896971440079,4.561362178307373,1.0305267967353284,1.2597118428284946,Good
1.614417513014231,6.048189476562582,1.2739992320248736,1.6942290652265954,Bad
2.109883523177346,6.533291965966576,1.0676253493975905,1.484462130275788,Bad
2.255001468486112,2.124017963253157,2.098328799067237,1.4994454827722743,Bad
2.569423683321771,2.861563055435777,1.024485036921881,1.5144288352687607,Moderate
3.2036428947061384,4.241904441382792,1.2469795040808394,1.6592675098453944,Moderate
2.457629139545825,5.432937538781906,1.270501369607462,1.4794672798875594,Moderate
1.1709166911414353,5.565926611486806,1.0027982899339292,1.5993340998594494,Good
1.4598907006034263,2.577600622613927,1.0048665899727944,1.389567164908642,Good
2.0235371847750683,6.012694172459851,1.1301813167508743,1.5943392494712207,Bad
2.0319498333067787,2.680111060862614,1.1865526715895842,1.5993340998594494,Moderate
2.73335323563248,4.84930008518873,1.1492421204819276,1.6992227169466243,Bad
2.048074049452197,4.0447398588601535,1.2191993688301594,1.8190895369185145,Bad
3.506965070153562,2.628808514666134,1.167897396035756,5.155383491914916,Moderate
2.6124216145418417,4.498227864076648,1.6354449965021376,1.9689230618833768,Bad
2.281524643101763,3.342690070780266,1.0534219012825496,1.859045942687944,Good
1.9378919272907928,2.770789731077059,1.156449843762145,1.604328950247678,Good
2.676918479123516,2.463163762186721,1.0198212110376992,1.4295223720098722,Moderate
1.6674023322367215,6.280944017332225,1.0024333089778468,1.1947835824543211,Moderate
1.193490593745021,4.107779518946605,1.0291995398367664,1.409545367793357,Good
2.7648687255542104,4.178770127152067,1.113203560046638,1.6892342148383668,Moderate
1.773962374980084,5.101648033823081,1.0669156191216478,1.7591561269325693,Moderate
3.986485262498692,3.0390395759494333,1.0,2.2086567018271563,Moderate
1.815005857712736,6.900076775028133,1.0038158600855034,1.154828375353091,Bad
1.521349633869574,4.7151751627525424,1.036144587640886,1.294672199541496,Good
1.6954444725101356,5.283100028396243,1.0279828993392923,1.234738789555551,Bad
1.7065338054188504,6.927715785156127,1.0089036548775747,1.4944506323840456,Bad
2.247874113471785,5.2554610182682495,1.0109498204430625,1.5593788927582195,Bad
3.1391460301244645,2.6012641586824143,1.0466381748931208,1.9539397093868904,Moderate
1.737507650671824,3.8490897426458983,1.0377160792848814,1.4345172223981009,Good
1.720682353608403,4.474564328008161,1.073773108433735,1.3046619003179534,Moderate
1.6449686458167367,5.22791666228453,1.0734551107656432,1.4794672798875594,Bad
1.4837264843625526,4.865012673138205,1.0987563249125534,1.274695195324981,Moderate
2.222753036195275,5.9456790383138935,1.0186552755538285,1.744172774436083,Moderate
2.5955963174784205,4.435188203990197,1.2116967057909056,1.6942290652265954,Moderate
2.1550802170078707,6.430781527717889,1.036144587640886,1.5943392494712207,Bad
1.7900865911255024,3.350546364755004,1.305479993781578,1.2097669349508071,Good
1.8045135077825896,2.912770947487984,1.0023318989506411,1.294672199541496,Good
2.281875183560764,4.324726817622498,1.0011659634667702,1.544395540261733,Moderate
1.0785179024699485,3.378185374882997,1.0279828993392923,2.198668199718899,Good
1.8814571707818284,3.3308583027460217,1.0781189366498252,1.6492790077371366,Good
2.2142235838418074,6.38742992964042,1.0048665899727944,1.2846836974332383,Bad
2.6124216145418417,4.494347044161417,1.3987563155849203,1.1897887320660925,Bad
3.174081788774962,5.642028543483062,1.6622619603575592,1.589345597751192,Bad
1.954016143436211,6.170482630964526,1.5689856105713176,1.0699219120942025,Bad
2.034637224163303,2.865443875351009,1.0489700738437622,1.7192009198313394,Good
2.0828684309755308,5.849889044308656,1.075112006218422,1.4366580438027987,Bad
2.327560441140495,4.84930008518873,1.2017100567431014,1.329633754922697,Bad
2.034637224163303,3.626652503602116,1.1737271574038088,1.644284157348908,Moderate
1.917614500047502,5.55523069318385,1.1410804601632336,1.3596004599156697,Moderate
2.6339205479034447,3.1375745401386155,1.0163233486202876,1.9889012647680917,Moderate
2.037324550522963,5.614389533355069,1.167897396035756,1.7391791227160542,Bad
1.4810390935060278,4.50617881219566,1.012942090944423,1.2397336399437795,Good
1.787540641893005,5.137143337925812,1.152080985619899,1.484462130275788,Moderate
2.3759330895767503,5.030657425617618,1.1667314325689857,1.764150977320798,Moderate
3.927596787273582,2.61697674663189,1.0523158492032647,2.123751437236468,Moderate
1.10032848468121,5.2752437344215055,1.0163233486202876,1.11986681997189,Moderate
2.5675542417018717,6.308488373315945,1.0377160792848814,2.043839824365808,Bad
1.5412127977516563,4.009244554757423,1.0178073097551497,1.5543840423699908,Good
2.386682588505984,4.746694992795767,1.1574038087835212,1.5044391344923034,Bad
2.3678709815040406,4.305038755613516,1.2856587547609797,2.238623406820129,Bad
1.4971633096514465,3.1888770863350966,1.0474543241352507,1.354605609527441,Good
2.4329520586850952,2.234479349620857,1.0705655685969686,1.3396222570309548,Good
2.9384891252589096,2.4849342153697296,1.083948698017878,2.094783222853861,Good
2.3490594389989625,4.119611286980849,1.02215313797124,1.3995556670168998,Moderate
5.5528922984702485,2.9522417256502216,1.1885803964244073,8.831298505274072,Bad
2.5318005338147493,4.983330353480644,1.3532841041585697,1.4944506323840456,Bad
1.7593039790760132,5.239748430318774,1.0081616883015934,1.0998886170871751,Moderate
1.4568527692879003,3.046895869924171,1.0314807617567043,1.0,Good
3.0582912127601287,6.288800311306964,1.018249719393704,1.449500574894587,Bad
1.8035234164143965,4.166938359117824,1.369607452778857,1.1248616703601186,Good
2.906863797176796,5.279124554336737,1.2739992320248736,1.3645953103038984,Bad
1.2364885249650917,3.3860416688577346,1.0012166404974738,1.11986681997189,Good
1.7123972153779703,5.4763837910036495,1.0023318989506411,1.3346286053109258,Bad
2.779527121458281,4.825636549120242,1.0644823381267003,1.294672199541496,Good
1.2902358906175315,4.415405487836942,1.0034978624174116,1.2397336399437795,Good
3.375167146311933,5.874688430108432,1.0754321585697628,1.7391791227160542,Bad
2.3786204804332747,3.8909268744149847,1.101438010104936,1.529412187765247,Good
2.06688565645414,2.104329901244176,1.0652934224640498,1.829079237694972,Good
2.421618411653345,1.7848721643195944,1.6890788962300816,1.8490562419114869,Bad
2.2657509674153458,2.940409957615977,1.0,1.5194224869887896,Good
3.731301998850279,1.6744107779518946,1.0693489280994948,2.743063739980632,Moderate
1.171991660383418,5.385610466644931,1.0629615235134084,1.1798002299578347,Moderate
2.2791877927042394,6.553074682119831,1.3637776914108044,1.349611957807412,Bad
2.2039414936901967,5.890495672202181,1.1842207446560435,1.1398450228566048,Bad
1.518662307509914,4.352365827750491,1.0571317621453555,1.5144288352687607,Good
2.3490594389989625,2.3409652619290515,1.1877186070734551,1.484462130275788,Good
2.285637479162407,1.9307342006457515,1.0535324897007383,1.3346286053109258,Good
1.334211013832879,6.595101122177465,1.0076316921881072,1.0,Bad
2.1553351086166974,4.163057539202592,1.0377160792848814,1.9889012647680917,Moderate
2.108731802666511,6.475742246248014,1.0251846094053634,1.5843507473629632,Bad
1.7851792181900763,5.697211909594775,1.106843802565099,1.4894557819958172,Moderate
2.233502535124509,6.6871049504117455,1.0757870097162845,1.4944506323840456,Bad
1.1155569038744535,4.147250297108842,1.0,1.11986681997189,Good
2.1111050937925238,4.592882008350599,1.1399144966964632,1.7391791227160542,Moderate
1.9620782515089203,5.365922404635949,1.1492421204819276,1.8190895369185145,Moderate
2.327560441140495,7.412818274560121,1.1982121943256898,1.4045505174051285,Bad
1.3547327551992052,5.223941188225024,1.047804110376992,1.0,Moderate
2.0235371847750683,6.012694172459851,1.1301813167508743,1.5943392494712207,Bad
2.7226037367032463,2.61697674663189,1.3557825853089778,1.5394006898735046,Moderate
2.0212003343775446,3.8435998022780096,1.1352506708122814,1.6243059544641931,Moderate
1.950627671661684,5.271268260362,1.0693489280994948,1.0749167624824312,Good
3.5574408968469617,1.3746411030362946,1.1983136043528957,1.9639294101633475,Moderate
2.5506121408166926,4.979449533565411,1.1095996984065293,1.884017797292688,Bad
2.547924749960168,4.0447398588601535,1.1165954232413524,1.6542726594571655,Moderate
2.6661689801942816,3.1020792360358844,1.053633899727944,1.1997784328425498,Good
3.159242866146927,6.012694172459851,1.0133831294209097,1.3995556670168998,Moderate
2.408181521867587,5.851024894039943,1.178660038865138,1.1698117278495772,Bad
3.0891375477118244,2.8024042152645583,1.01703307889623,2.688123981714716,Moderate
1.5251887452369337,3.327640061840708,1.0013325176836378,1.0,Good
2.4862320800567765,6.347959151478182,1.0036499494753206,1.354605609527441,Bad
2.3235878212634518,1.6539654827887214,1.058399107656432,1.824084387306743,Good
1.9366066337734087,6.663441414343257,1.0097331799455889,1.3246389045344684,Bad
1.3813727336366135,3.4413196891137217,1.0669156191216478,1.204772084562579,Good
4.566139158993995,4.691511626684054,1.029148862806063,2.5183134525333384,Bad
1.959390860652396,5.192421358181798,1.1154294597745822,1.4395120727863295,Bad
2.2282446217300818,5.263411966387261,1.1170193921492422,1.5493891919817622,Bad
2.074013011468467,4.289231513519767,1.2384629646327243,1.0649282603741737,Moderate
2.7526321869151813,5.519735389081118,1.0194663598911775,1.3446171074191833,Bad
3.3274955787936804,5.13326251801058,1.1192314963078118,2.7780240966936334,Bad
2.5452373591036435,2.0845471850909205,1.0314807617567043,2.6531636250017145,Good
1.314422214835659,3.224372390437828,1.0279828993392923,1.5743622452547057,Good
3.2913359921377467,3.288358591967018,1.1767340878352115,1.761506715272218,Moderate
1.8160255531417728,5.764227043740732,1.1630308060629615,1.409545367793357,Bad
4.07341581350035,2.778740679196071,1.0304162083171395,2.318535019690789,Moderate
2.281524643101763,4.888676209206693,1.0547491581811117,1.2097669349508071,Bad
2.397432087435217,2.3093507777415523,1.577147298872911,1.5793558969747346,Moderate
1.9293411909720128,5.089816265788837,1.0717822090944422,1.4794672798875594,Bad
2.12063302210658,3.40582438501099,1.0011659634667702,1.4744724294993308,Good
1.7963960614000691,5.661716605492043,1.0474492592304705,1.4894557819958172,Moderate
2.0534487666683816,3.1928525603946025,1.0897784593859308,1.5144288352687607,Good
2.5156763176693318,3.7804654880472848,1.2670035071900505,1.9289678547821465,Moderate
4.903462404530398,1.8005847522690703,1.0851653385153517,2.5582686596345683,Bad
1.914172947353424,2.833924045307784,1.0381584889234357,1.469478777779302,Good
1.249574809794984,2.404004922015502,1.006359757481539,1.2397336399437795,Good
2.13009722751843,6.1468190948960375,1.0,1.1348501724683762,Bad
3.347125006038519,4.514035106170399,1.1204481368052857,2.0088794676528066,Bad
1.419229619780879,5.358066110661212,1.0023318989506411,1.0,Moderate
1.8733950627091192,7.822954681699146,1.4708426987951808,2.058823176862294,Bad
2.573162631058436,4.94395422946268,1.097331827438787,1.9039960001774028,Bad
2.64607214417182,4.210384611339567,1.0,1.6293008048524218,Moderate
1.9513287525796867,6.840917934856914,1.0338126607073457,1.569367394866477,Bad
1.2284264168923824,3.725282121935572,1.0326467252234746,1.419533869901615,Good
2.037558287160208,5.902327440236425,1.0072998989506412,1.2896785478214672,Bad
3.84347049544707,2.6959183029563643,1.1216647773027597,1.943951207278633,Moderate
1.601970714596666,3.5478056014219157,1.060629624562767,1.0899001149789174,Good
1.634219146887503,3.882975926295973,1.3614457924601633,1.2846836974332383,Moderate
1.8223350234163396,4.147250297108842,1.0582976976292269,1.2697003449367523,Good
1.9225855958851343,3.425512447019972,1.0620490291488536,1.4445057245063584,Good
4.740818145737073,2.755077143127583,1.01703307889623,2.3784684296767336,Moderate
1.491788592435262,4.991281301599655,1.0816167990672367,1.6293008048524218,Bad
1.9943266837997573,4.87684444117245,1.215701506412748,1.414539019513386,Moderate
2.79469536507687,2.9600980196249598,1.1630308060629615,2.31354016930256,Moderate
1.7873992002689778,7.26686158408969,1.0897784593859308,1.3196452528144396,Bad
1.0925390048550874,5.235772956259268,1.0,1.11986681997189,Good
2.0515793250484817,4.076259688903379,1.0194663598911775,2.0288564718693216,Moderate
1.4944759832917862,4.825636549120242,1.0198212110376992,1.294672199541496,Moderate
1.8200315823946691,3.3071947666775343,1.2215312957637,1.0449500574894588,Moderate
4.58939073015374,4.34441487963148,1.0,2.428413337554421,Bad
1.7014034023257012,4.521891400145136,1.4850369125534395,1.5044391344923034,Moderate
3.133771248411416,3.918471230398704,1.209871745044695,1.604328950247678,Moderate
1.3617433063917748,5.866832136133693,1.0454722114263506,2.198668199718899,Bad
2.561361575249062,2.1792013293648704,1.2670035071900505,1.4744724294993308,Moderate
1.4326664450697726,4.458851740058686,1.0151574131364167,1.0299667049929724,Good
2.8193490335757563,4.072284214843873,1.053633899727944,1.4744724294993308,Moderate
2.0292624424502543,1.851887298465551,1.0687912848814614,1.3695889620239272,Good
2.01582561716136,5.594701471346087,1.2436844057520404,1.469478777779302,Bad
2.241564643197218,2.912770947487984,1.06645938593082,1.2497221420520372,Good
2.187817277544778,2.774765205136565,1.5130198118927325,1.4245287202898431,Bad
2.4834278853784943,5.3264516264737125,1.0699572483482316,1.5194224869887896,Moderate
2.370558372360565,4.241904441382792,1.058399107656432,1.5344058394852758,Moderate
3.2385786533566354,1.453582659360769,1.5092887679751263,2.098779582631724,Moderate
1.7148402276145949,6.048189476562582,1.1667314325689857,1.0699219120942025,Bad
4.1855842456002765,1.1853328144883943,1.2165632957637,3.152607909105789,Moderate
1.5294117419422832,6.186289873058275,1.0186552755538285,1.0,Moderate
4.7940981671087535,1.81639199436282,1.1277480077730275,2.2685901118131016,Bad
1.2956106078337162,5.271268260362,1.0396424500582977,1.0,Moderate
1.249574809794984,2.404004922015502,1.006359757481539,1.2397336399437795,Good
3.820272005206875,1.9465414427395011,1.1284669444228528,2.383463280064962,Good
1.3579575984282888,4.379910183734211,1.0754321585697628,1.0856196708377213,Good
2.676918479123516,2.687967354837353,1.204041983676642,1.3596004599156697,Moderate
2.647357437689203,1.4811270153444884,1.0816167990672367,1.2497221420520372,Good
1.7182605608402255,4.947835049377912,1.1002720466381657,1.0,Moderate
1.663396302983825,5.203779855494673,1.1772250198212204,1.294672199541496,Bad
3.808301000159329,1.5994446956869262,1.1200932856587642,2.7530522420888897,Moderate
2.064198265597615,3.326882828686516,1.0338126607073457,1.414539019513386,Good
3.652784096380331,1.4299191232922814,1.0790821080450836,2.8079908016866058,Good
2.045386658595673,5.929871796220144,1.079284872133696,1.6143174523559356,Bad
3.4200345191519035,4.786165770958005,1.0851653385153517,3.482241664028486,Bad
1.6772170781075737,5.732707213697506,1.3101437916828604,1.3995556670168998,Moderate
4.58097808162203,2.1989840455181264,1.1313979572483484,2.318535019690789,Bad
2.990607751590068,2.6682792928283705,1.041974349008939,1.484462130275788,Good
1.633751802606744,4.178770127152067,1.0012166404974738,1.1947835824543211,Good
1.3028548311666652,5.050440141770873,1.0012719626894675,1.2397336399437795,Good
1.2203643088196732,3.3860416688577346,1.0,1.0,Good
2.219577081589544,3.366353606848753,1.0384764865915277,1.3346286053109258,Good
2.187817277544778,2.774765205136565,1.5130198118927325,1.4245287202898431,Bad
1.7444013335457718,6.65558512036852,1.1574038087835212,1.0849052645906887,Bad
2.9264932889185,2.91674642154749,1.0790821080450836,1.5244173373770182,Moderate
3.1844807472451944,3.677955049798597,1.041366028760202,1.5244173373770182,Good
2.281875183560764,5.231797482199762,1.0734551107656432,1.374583812412156,Bad
2.0588235483814312,2.514466308383202,1.0944422852701128,2.872919062060779,Good
1.8895192788545376,5.977198868357119,1.072289147298873,1.2796888470450098,Bad
1.0336505296299778,6.332151909384432,1.0669156191216478,1.2197554370590649,Bad
3.2779120017249044,4.699367920658792,1.103027942479596,1.799112532701999,Moderate
3.673932489282933,1.4456317112417572,1.3894286917994558,2.098779582631724,Moderate
2.47805316816231,2.419812164109252,1.071123211815002,1.1348501724683762,Bad
2.394744696578693,5.141118811985318,1.0589972701127088,1.4994454827722743,Bad
1.86533295463641,3.8909268744149847,1.3253012048192772,1.5743622452547057,Bad
4.017331597450388,1.6980743140203822,1.0656989786241742,2.912874269162009,Moderate
1.601970714596666,4.521891400145136,1.0011659634667702,1.414539019513386,Good
1.980889794013999,4.427237255871185,1.0559657986785853,1.2497221420520372,Moderate
2.4726783864492603,2.751101669068077,1.535172949863972,1.3446171074191833,Moderate
2.251825513880381,1.398304639104782,1.0,1.2497221420520372,Good
2.245069918793503,6.2178097031015005,1.1240980862806065,1.6592675098453944,Bad
2.444168901895088,5.4014177087386805,1.0559657986785853,1.5244173373770182,Bad
2.001103498355083,6.884364187078657,1.0,2.003884617264578,Bad
1.5912212801642969,5.038608373736629,1.0081616883015934,1.0,Bad
1.6533812943484474,4.494347044161417,1.0742155180722892,1.0,Good
2.0185130080178846,5.961486280407644,1.2366886809172173,1.5843507473629632,Bad
2.13009722751843,3.5043593492001723,1.0729988775748154,1.958934559775119,Good
2.06688565645414,2.530273550476952,1.047804110376992,1.409545367793357,Good
2.4722110421685017,4.376029363818979,1.0851653385153517,1.409545367793357,Bad
1.9394108284516915,5.645909363398294,1.141131137193937,1.2397336399437795,Bad
4.236060072293676,1.997843988935982,1.0754321585697628,2.1886796976106413,Moderate
1.8223350234163396,4.147250297108842,1.0582976976292269,1.2697003449367523,Good
2.9292974835967813,2.561793380520177,1.0425826692576758,1.5244173373770182,Good
2.962948077723624,5.523710863140624,1.3151117916828603,2.533296805029825,Bad
1.6906539033964674,4.707318868777804,1.0279828993392923,1.03995520710123,Good
1.2821737825448225,3.930302998432948,1.122425184609405,1.0,Good
3.549028248315251,1.7730403962853507,1.0523158492032647,2.4783570467639087,Moderate
2.3175787773841057,5.358066110661212,1.0093276237854645,1.2697003449367523,Moderate
2.800303754433434,3.81198531809051,1.0559657986785853,1.2796888470450098,Moderate
1.7390265518327226,6.087660254724819,1.0687912848814614,1.0799116128706598,Bad
2.904193175505063,6.512184091793485,1.0359780054411194,1.3396222570309548,Bad
1.639593928600552,2.6130959267166585,1.2075398460940536,1.449500574894587,Bad
1.5243875651851,2.861563055435777,1.0,1.2697003449367523,Good
2.013138226304836,5.354090636601706,1.1270890104935871,1.2846836974332383,Moderate
1.720215009327644,6.576738218188319,1.101438010104936,1.3246389045344684,Bad
2.494644728588487,3.879095106380741,1.1119315973571706,2.058823176862294,Moderate
3.142908325726108,3.6503160396706034,1.1130975608239408,2.4084351346697064,Moderate
3.509769264831845,2.25416741162984,1.1934469863972017,2.708102184599431,Moderate
1.9916392929432325,2.2620237056045767,1.0676253493975905,1.9689230618833768,Good
1.457341397533971,4.49037157010191,1.0,1.2497221420520372,Good
3.3527334598919483,2.072715417056677,1.2141300147687524,5.699777833508449,Bad
1.327859040124553,6.589895144242398,1.0139914496696465,1.0,Bad
1.142430554452241,4.73883869882103,1.0384764865915277,1.2097669349508071,Good
1.6288444296713185,4.963642291471661,1.377769141080451,1.409545367793357,Bad
1.4998507005079709,3.804129024115772,1.2670035071900505,1.1847950803460634,Bad
1.5847715937061295,3.31117024073704,1.0279828993392923,1.4395120727863295,Good
1.1738611020033178,2.814235983298802,1.0571824391760591,1.5344058394852758,Good
2.278720448423481,3.677955049798597,1.149647676642052,1.5344058394852758,Moderate
1.8922066052141973,4.048620678775386,1.0443062479595802,1.5593788927582195,Good
3.3729471642330315,5.669572899466782,1.3987563155849203,1.864039594407973,Bad
2.5927921228001383,3.1967333803098343,1.1618141655654877,1.544395540261733,Good
1.196294788423303,6.063996718656331,1.0279828993392923,1.3196452528144396,Moderate
1.496345424911686,5.780034285834482,1.0874465604352896,1.374583812412156,Bad
4.052851568700266,1.09465414427395,2.3385153424018656,2.278579812589559,Bad
1.7444013335457718,2.297519009707308,1.191216469490867,1.204772084562579,Good
3.1401232221197417,3.299338472702797,1.2028760202098718,1.9489460576668611,Moderate
2.388084685845125,3.993437312663673,1.326061612125923,1.11986681997189,Bad
1.0644968645816737,4.518010580229904,1.0279828993392923,2.198668199718899,Moderate
1.9432666445069773,2.538129844451689,1.4232413525068015,1.9289678547821465,Good
2.0183715663938573,3.204684328428846,1.083948698017878,1.764150977320798,Good
2.8395627379168404,1.208996350556882,1.090031928488146,2.098779582631724,Moderate
2.250678308150067,4.936003281343668,1.2384629646327243,1.8490562419114869,Bad
2.2086151299883783,4.920290693394192,1.015816410415857,1.3196452528144396,Bad
3.823841003705367,1.4456317112417572,1.0091248596968518,5.8246395038685685,Bad
1.2902358906175315,3.520166591293922,1.0233190734551108,1.204772084562579,Good
2.357121547071672,2.565768854579683,1.1247570835600469,2.2735849622013298,Good
2.5129889268128065,2.9877370297529526,1.0489700738437622,1.7691458277090266,Good
3.864735756668293,3.181020792360359,1.2467582992615625,1.8440625901914576,Moderate
2.5818704817393363,5.287075502455749,1.2918216525456665,1.2397336399437795,Bad
1.448790661215191,6.391310749555651,1.1690633595025262,1.0,Bad
1.491788592435262,3.579325431465141,1.0729988775748154,1.0449500574894588,Good
3.742518842060272,2.6682792928283705,1.059615748153906,2.018867969761064,Moderate
1.1850779452133104,5.429056718866674,1.01703307889623,1.1897887320660925,Good
2.3985636204274385,3.171176761355868,1.0471291068791295,1.442008898646344,Good
1.9163929294323248,5.452720254935162,1.1865526715895842,1.1648168774613483,Bad
1.4353538359262972,5.267292786302494,1.0,1.11986681997189,Good
2.4918405339102048,5.081959971814099,1.0535324897007383,1.6992227169466243,Moderate
2.109883523177346,3.464983225182209,1.1177613587252235,1.1897887320660925,Good
4.210822191195408,1.3589285150868189,1.0851653385153517,3.9617089439160456,Moderate
2.437742627798764,4.83349284309498,1.0338126607073457,1.7391791227160542,Moderate
1.6288444296713185,1.9898930408169704,1.2611737178390985,2.288568314697816,Good
1.6799044689640985,4.49037157010191,1.141131137193937,1.3795786628003843,Good
1.2748127553901158,7.684948939347727,1.0510992087057909,1.5493891919817622,Bad
1.4246043369970636,6.040333182587844,1.1818888457054022,1.0,Moderate
1.496345424911686,3.046895869924171,1.0089036548775747,1.3596004599156697,Good
2.488802602594679,2.5894323906481707,1.278663029926156,1.5643725444782484,Good
1.852480277450032,5.413249476772925,1.2615792739992229,1.0,Moderate
1.5374738500149925,5.701187383654281,1.1119315973571706,1.7192009198313394,Bad
2.212003601762906,5.523710863140624,1.0139914496696465,1.414539019513386,Bad
2.458190004280227,5.290956322370981,1.0827320575204042,1.3046619003179534,Bad
1.7851792181900763,5.141118811985318,1.1411864593859309,1.4345172223981009,Bad
2.7145416286305366,1.6625790099176507,1.0466381748931208,2.2336297551001,Good
2.1577187192410423,3.701618585867085,1.0546332809949477,1.3695889620239272,Good
2.017928795418504,4.427237255871185,1.0566653711620675,1.6642623602336228,Moderate
1.1177768859533548,4.123586761040354,1.0291995398367664,1.4794672798875594,Good
1.967452968725105,4.170913833177329,1.143564446171784,1.2846836974332383,Moderate
1.9513287525796867,2.9640734936844653,1.2495141951029929,1.7591561269325693,Moderate
2.3194983330677856,4.387861131853223,1.0256510003886514,1.5194224869887896,Moderate
1.224203355690168,4.65544839771568,1.0186552755538285,1.1931186323249114,Good
1.2944421826349544,2.687967354837353,1.0050877947920716,1.3346286053109258,Good
4.642670751525421,2.889107411419497,1.0316328488146134,2.213651552215385,Moderate
1.292923281474056,2.6091204526571525,1.0,1.374583812412156,Good
2.0830098725995585,5.472408316944144,1.034978624174116,1.4045505174051285,Bad
1.9730614225785337,2.8260677513330457,1.4051437201710066,1.0,Moderate
1.0214989333616031,6.592450806137795,1.0,1.3246389045344684,Bad
2.0803224817430337,2.155537793296383,1.3626117279440342,1.4245287202898431,Moderate
2.266483909784452,5.11745527591683,1.1462742541780024,1.2996670499297247,Moderate
1.8496760827717504,3.5990134934741222,1.0,1.8790229469044597,Good
2.3383099400697285,5.701187383654281,1.2996502044306255,1.764150977320798,Bad
1.5918536074246554,5.669572899466782,1.0186552755538285,2.150721471730143,Bad
2.0803224817430337,2.301494483766814,1.2739992320248736,1.5493891919817622,Moderate
1.1370558372360566,2.6682792928283705,1.0279828993392923,1.2846836974332383,Good
2.4273436693285317,1.7493768602168631,1.0291995398367664,2.133739939344725,Good
2.7360406264890047,1.098629618333456,1.2658375437232805,2.8329638549595493,Moderate
1.482029184874221,4.040764384800648,1.1546423443451224,1.0224750287447293,Good
2.6965479708652187,6.131011852802288,1.1800638849591916,1.609322601967707,Bad
2.803224817430338,5.827361357971456,1.200746885347843,1.4994454827722743,Bad
2.9510301535956285,4.303429635160859,1.0979401476875243,2.443396690050907,Moderate
1.493541230233404,4.679679858649811,1.068685285658764,1.3596004599156697,Good
1.5912212801642969,3.6976431118075785,1.1130975608239408,1.1098783178636322,Good
1.7879834128683587,5.243629250234005,1.0559657986785853,1.254716992440266,Bad
1.5860802350884915,4.166938359117824,1.0104935872522347,1.3396222570309548,Good
2.416243629940296,2.7274381329995894,1.1235911480761758,3.18756946448699,Good
2.130230800524979,2.489761576727701,1.0545666537116207,1.4794672798875594,Good
2.0431666765167718,2.735294426974328,1.0368865542168677,1.7341842723278256,Good
1.927142428361559,6.46627683182062,1.0874465604352896,1.5593788927582195,Bad
2.9429680455229192,4.84930008518873,1.280994956859697,1.7192009198313394,Bad
1.878769779925304,4.399692899887466,1.053633899727944,1.3596004599156697,Moderate
2.241564643197218,2.7826214991113023,1.0734551107656432,2.07380652935878,Good
1.5692549380250704,3.73313841591031,1.0340661298095608,1.7591561269325693,Moderate
1.5496254462833672,3.9619174826204473,1.054799835211815,1.0,Good
4.053786321758647,1.5205977935067256,1.2311630936649824,5.025526971166569,Bad
3.3863839895219257,6.990850099386852,1.3894286917994558,2.902885767053752,Bad
2.4243057380130053,3.808104498175278,1.145744258064516,1.7142060694431107,Moderate
2.064198265597615,5.693236435535269,1.0081616883015934,1.5244173373770182,Bad
2.351746765358622,3.5043593492001723,1.2385209172172562,1.5593788927582195,Good
1.1205810806316368,5.60653323938033,1.0024333089778468,1.4045505174051285,Moderate
1.2860295986001085,3.43336874099471,1.0717822090944422,1.314650402426211,Good
1.6057096623333302,3.098198416120652,1.0050877947920716,1.4445057245063584,Good
2.2547571543630767,5.993006110450869,1.167897396035756,1.469478777779302,Moderate
1.5374738500149925,3.464983225182209,1.041974349008939,1.3645953103038984,Good
1.6422812549602122,7.381298444516896,1.242942439176059,1.5593788927582195,Bad
3.8182325498519374,2.90093917945374,1.122881417800233,2.1836848472224126,Moderate
1.6530307538894458,5.267292786302494,1.108433734939759,1.2197554370590649,Bad
5.253988867712181,3.82779256018426,1.032849489312087,2.643173924225257,Bad
1.8223350234163396,4.174889307236835,1.0734551107656432,1.2097669349508071,Good
2.357121547071672,2.6406402827003777,1.030314798289934,1.214761785339036,Good
1.771158180301802,5.460576548909899,1.0231163093664983,1.669256011953652,Bad
1.894893996070722,5.985149816476131,1.102603973571706,1.2896785478214672,Bad
4.141534757500067,5.697211909594775,1.2914885441119317,1.9988897668763488,Bad
2.456554170303842,2.755077143127583,1.2725290944422851,2.1087680847399817,Good
2.0185130080178846,4.447019972024441,1.024485036921881,1.3945620152968707,Moderate
2.8784711809412453,4.352365827750491,1.08861252390206,1.4345172223981009,Good
2.4637983936367918,3.3939926169767465,1.0559657986785853,1.529412187765247,Moderate
2.4862320800567765,3.788321782022023,1.0632656976292263,1.8140958851984847,Moderate
1.0268737150746523,2.873394823470021,1.0,1.1448386745766337,Good
1.5131707219751074,6.241473239169988,1.0632656976292263,1.389567164908642,Moderate
1.6421644511384548,5.768202517800238,1.0725011457442677,1.604328950247678,Bad
1.445869598218287,5.7603462238255,1.0,1.3196452528144396,Moderate
3.3165124077240677,2.0924981332099324,1.0781189366498252,2.4184236367779635,Moderate
1.6141223108650409,2.8322202707108524,1.0114475522736106,1.4794672798875594,Good
1.4346527550082944,5.898351966176919,1.0304162083171395,1.2447284903320084,Bad
1.518779111331671,3.445200509028953,1.0036499494753206,1.2497221420520372,Good
2.50586157179848,5.598582291261319,1.0304162083171395,1.5843507473629632,Bad
1.8400716611762995,3.7804654880472848,1.0804508356004665,1.4295223720098722,Good
1.05374736565244,6.896195955112901,1.0781189366498252,1.1248616703601186,Bad
1.528874289569724,3.918471230398704,1.1107656338904004,1.0899001149789174,Good
3.214392329138508,2.514466308383202,1.4477263894286825,1.6742508623418806,Moderate
1.4837264843625526,4.50617881219566,1.0314807617567043,1.0,Good
2.923689094240218,4.328702291682004,1.0231163093664983,1.4794672798875594,Moderate
2.9040596024985144,2.411955870134514,1.0693489280994948,3.741953506856981,Moderate
3.1579575726295435,6.84489340891642,1.1982121943256898,2.5632635100227974,Bad
2.1111050937925238,6.04430865664735,1.067413350952196,2.083796230135237,Bad
3.687369379068691,3.989461838604167,1.2553439564710454,1.604328950247678,Moderate
2.045970871195053,2.9955933237276904,1.0255495903614458,1.1648168774613483,Good
2.894595397086664,1.8715753604745329,1.1888845705402251,2.1187565868482388,Good
1.9970140101594172,5.259436492327756,1.39759035211815,1.4944506323840456,Bad
2.418931020796821,2.471114710305733,1.0304162083171395,2.4483903417709363,Good
1.4702896590736587,6.61223352229105,1.377769141080451,1.6243059544641931,Bad
1.556285457016935,5.168757822113311,1.0,1.0,Moderate
1.9281939852416987,7.120999547763533,1.1301813167508743,1.5593788927582195,Bad
2.5640489661055863,3.232228684412566,1.1362645472211426,1.4345172223981009,Good
2.048074049452197,3.267723988515297,1.0559657986785853,1.609322601967707,Good
1.8599581729233607,6.292775785366469,1.0921103863194714,1.5743622452547057,Bad
2.1851298866882534,4.687536152624549,1.018249719393704,1.589345597751192,Moderate
2.149726719260133,2.71163089090584,1.297151751263117,1.034961555381201,Moderate
1.135136281552377,4.626957500289221,1.0213203109211038,1.059933409985945,Good
2.394744696578693,4.723031456727281,1.283326855810338,1.4045505174051285,Bad
2.005076118232126,5.535542631174868,1.012825486202876,1.2846836974332383,Bad
1.950627671661684,6.304607553400713,1.0,1.2397336399437795,Bad
2.4619289520168914,5.385610466644931,1.4104158663039257,1.3695889620239272,Bad
1.8400716611762995,3.7804654880472848,1.0804508356004665,1.4295223720098722,Good
1.894893996070722,5.985149816476131,1.0699572483482316,2.1437296401211823,Moderate
1.3842937966335174,3.181020792360359,1.0,1.274695195324981,Good
3.2097186928403256,1.7927284582943324,1.0571824391760591,2.688123981714716,Good
1.911368752675142,2.9837615556934467,1.026766258841819,1.354605609527441,Good
3.1620470608252087,2.968048967743971,1.0206830003886511,2.018867969761064,Moderate
1.6057096623333302,5.436913012841412,1.0121664889234356,1.4395120727863295,Moderate
1.988951902086708,4.218240905314305,1.0584143023707735,1.3845723145204134,Moderate
2.186181443568393,1.4417508913265251,1.0152634123591138,1.5843507473629632,Good
1.3981980307000346,5.2554610182682495,1.0291995398367664,1.5344058394852758,Moderate
2.814324856818573,2.975905261718709,1.1143649063350174,1.274695195324981,Moderate
1.2579874583266948,5.247604724293511,1.0190792444617178,1.2647054945485237,Good
1.6772170781075737,3.204684328428846,1.5806451612903225,1.0099885021082575,Bad
3.4159450309562382,1.907070664577264,1.0851146614846483,2.35349657507199,Moderate
1.9620782515089203,5.716899971603756,1.0186552755538285,1.4594890770028446,Bad
1.7148402276145949,2.222647581586614,1.125923047026817,2.528301954641596,Good
2.113271994951874,5.14812321866159,1.1553050913330742,1.683945690741207,Bad
1.6987160114691764,6.627946110240527,1.071123211815002,1.5493891919817622,Bad
1.9728276859412897,2.538129844451689,1.1853867081228138,1.0,Moderate
1.599283388237006,5.993006110450869,1.0069957248348231,1.0,Bad
1.6799044689640985,5.961486280407644,1.108433734939759,1.9289678547821465,Bad
2.775065873335167,1.7532576801320952,1.0254390019432569,2.0488346747540365,Good
1.5831591720915876,5.093791739848342,1.1177613587252235,1.589345597751192,Moderate
1.3816064702738573,5.811554115877707,1.0093276237854645,1.11986681997189,Bad
1.7543328832383809,3.5990134934741222,1.0407023863194715,1.4744724294993308,Good
2.160943562470126,5.354090636601706,1.0524679362611735,1.6942290652265954,Bad
2.7252911275597707,4.230072673348548,1.1539059463661097,1.15982202707312,Bad
2.88115857179777,5.050440141770873,1.137582597745822,2.2685901118131016,Bad
1.1904193175505062,4.056003702028754,1.0453056572094832,1.1664818275907582,Good
3.0424007332519545,1.5482368036347192,1.3113097551496309,1.604328950247678,Good
1.980889794013999,5.744538981731751,1.1094982883793238,1.7891228319255417,Bad
2.327560441140495,2.1158777068455983,1.3334628931208703,1.6792457127301093,Moderate
1.4864138752190772,5.267292786302494,1.1119315973571706,1.3046619003179534,Moderate
1.8188297478200544,3.993437312663673,1.241670504469491,1.3396222570309548,Good
2.160943562470126,5.4053931827981865,1.263505644772639,1.469478777779302,Moderate
1.246770615116702,5.898351966176919,1.1240980862806065,1.274695195324981,Moderate
1.6234697124551336,5.807673295962474,1.138748533229693,1.589345597751192,Bad
1.0813221616450948,4.904483451300443,1.0291995398367664,1.2397336399437795,Good
1.9997014010159415,4.679679858649811,1.1364166342790516,1.958934559775119,Moderate
1.171056907325036,4.3720538897594725,1.1643995336183444,1.11986681997189,Good
2.292624682489998,5.070128203779855,1.13291877186164,1.3695889620239272,Bad
1.6637802528186798,6.93954755319037,1.3206373789350951,1.5993340998594494,Bad
1.6674023322367215,4.072284214843873,1.0097331799455889,1.0,Good
1.748724493881817,6.990850099386852,1.1459977271667314,1.4744724294993308,Bad
2.517078415008472,2.1871522774838823,1.058399107656432,3.402331249826026,Good
1.3224843229083685,6.178338924939263,1.036144587640886,1.3596004599156697,Moderate
2.158139367791844,4.695487100743561,1.0437993097551497,1.4594890770028446,Bad
2.298349940165184,5.480264610918881,1.0559657986785853,1.9988897668763488,Moderate
4.10506332850388,1.7295941440636076,1.0906112864360669,3.657048242266293,Moderate
1.370008321600458,3.8356488541589977,1.0305267967353284,1.0649282603741737,Good
1.682591795323758,2.71163089090584,1.247182268169452,1.094894965367146,Good
2.0319498333067787,4.6599917966408295,1.179556946754761,1.644284157348908,Moderate
1.7470886599054318,6.040333182587844,1.0198212110376992,1.4994454827722743,Moderate
2.2283721320313594,3.117886478129634,1.0326467252234746,1.4794672798875594,Good
1.2944421826349544,3.930302998432948,1.024332949863972,1.2197554370590649,Good
1.773962374980084,6.040333182587844,1.122425184609405,2.7530522420888897,Bad
1.5294117419422832,5.957510806348138,1.0268169358725223,1.0,Bad
2.6488763388501013,2.920721895606996,1.0559657986785853,1.409545367793357,Moderate
1.773962374980084,2.2305038755613515,1.0381584889234357,1.4644839273910732,Good
2.346372048142438,2.0885226591504265,1.1061018359891177,1.4045505174051285,Good
2.3404131183268726,2.5421053185111955,1.0089036548775747,1.8140958851984847,Good
3.211321052943993,2.7812016869471936,1.077286109599689,2.8470386169606487,Moderate
2.0265751160905943,2.786596973170808,1.162067634667703,1.804106184422028,Good
2.437742627798764,2.8024042152645583,1.0437993097551497,1.4794672798875594,Good
2.2388772523406937,4.502203338136154,1.059615748153906,1.2247502874472935,Moderate
1.832316687172728,3.354521838814509,1.0559657986785853,1.5743622452547057,Good
1.2069274190339148,4.28137521954503,1.005829761368053,1.204772084562579,Moderate
1.862645563779885,4.525866874204642,1.0034978624174116,1.469478777779302,Good
1.9786698119350976,2.703774596931102,1.0254390019432569,1.589345597751192,Good
3.2654523684312875,1.4851024894039944,1.108433734939759,2.708102184599431,Good
3.25178180650515,3.374209900823491,1.0279828993392923,1.5793558969747346,Moderate
2.6446700468326787,2.4829464783399766,1.4057520404197434,1.6342956552406505,Good
2.3409973309262533,2.502634540348958,1.0023318989506411,2.0088794676528066,Good
1.7793370921962686,3.224372390437828,1.2868247182277497,1.034961555381201,Moderate
2.3488257023617183,3.1888770863350966,1.0535324897007383,1.604328950247678,Good
2.6236384577518344,2.2620237056045767,1.0194663598911775,1.744172774436083,Moderate
2.775065873335167,6.178338924939263,1.0705655685969686,1.4994454827722743,Bad
1.8062108072709209,4.868988147197712,1.2005441212592305,1.544395540261733,Moderate
3.6724135881220334,3.2756749366343088,1.0888152879906725,2.318535019690789,Moderate
1.8833266124017285,6.592450806137795,1.0291995398367664,1.3596004599156697,Bad
3.3976008327319183,5.093791739848342,1.008516539448115,3.052719292018614,Bad
2.466602588315073,5.851024894039943,1.032849489312087,1.5244173373770182,Bad
1.4568527692879003,2.565768854579683,1.024485036921881,1.2497221420520372,Good
2.920884899561935,2.762933437102321,1.1437303567819666,2.158712992617669,Moderate
2.7494774517778984,2.6051449785976466,1.2798289933929266,1.3346286053109258,Good
2.507614209596622,3.4886467612506964,1.0198212110376992,1.4544954252828155,Moderate
2.245069918793503,3.5951326735588904,1.0231163093664983,1.639289306960679,Moderate
1.3359211481972622,3.244060452446809,1.083948698017878,1.3596004599156697,Good
2.1905046039044382,5.11745527591683,1.078057570151574,1.709212417723082,Bad
4.597803378685451,2.2305038755613515,1.158164216090167,2.633185422117,Moderate
1.9842782657885265,5.748514455791256,1.3031480668480373,1.8091010348102567,Moderate
2.5156763176693318,6.75023926464247,1.0279828993392923,1.4544954252828155,Bad
2.5962973983964237,4.762502234889517,1.130586872910999,1.3096555520379822,Moderate
1.7038570565449818,2.660422998853633,1.002068300038865,1.4245287202898431,Good
1.856049275948524,3.6581723336453416,1.058509696074621,1.5943392494712207,Good
2.7526321869151813,3.7094748798418222,1.1235911480761758,1.419533869901615,Moderate
2.93490593745021,6.190170692973507,1.0218996688690245,1.4445057245063584,Bad
1.2982979986902408,3.93825394655196,1.0384764865915277,1.0,Good
1.8496760827717504,3.5990134934741222,1.0,1.8790229469044597,Good
2.2039414936901967,3.3584973128740154,1.0,1.1348501724683762,Good
1.491788592435262,4.454876265999179,1.024485036921881,1.419533869901615,Good
2.072260373670325,5.093791739848342,1.0081616883015934,1.11986681997189,Moderate
2.6930426952689337,4.750670466855274,1.2728332685581034,1.2996670499297247,Moderate
1.4702896590736587,4.790141245017511,1.122425184609405,1.094894965367146,Moderate
2.744102734561713,3.969773776595185,1.1189273221919938,1.4544954252828155,Moderate
4.5445233573137696,3.0272078079151896,1.0279828993392923,2.902885767053752,Moderate
1.6530307538894458,3.236204158472072,1.2063738826272834,1.2447284903320084,Bad
1.143014767051622,3.145525488257628,1.0012166404974738,1.204772084562579,Good
2.400503363629732,4.415405487836942,1.1480761849980567,1.7891228319255417,Moderate
2.601672115612608,6.241473239169988,1.125923047026817,1.0987139222514504,Bad
2.3436846572859134,2.9443854316754834,1.539836775748154,1.0449500574894588,Moderate
2.245069918793503,2.687967354837353,1.020351207151185,1.5344058394852758,Good
1.4224544630099625,5.827361357971456,1.1058483668869024,1.2697003449367523,Bad
2.4553857451050805,6.154675388870776,1.008516539448115,1.419533869901615,Bad
2.1475067371812324,3.4846712871911905,1.0081616883015934,2.383463280064962,Good
1.5916886244450557,3.4413196891137217,1.0121664889234356,1.4594890770028446,Good
1.1149726912750728,5.148975105960056,1.0364994387874078,1.4794672798875594,Good
5.401911007699228,3.244060452446809,1.0693489280994948,2.383463280064962,Bad
5.685837428042193,1.6665544839771569,1.1727639860085504,3.811875418951183,Bad
1.720682353608403,4.064427920869136,1.0231163093664983,1.094894965367146,Good
3.574499866050762,3.0035442718467023,1.3707734162456275,1.9289678547821465,Moderate
1.9253897905634163,6.592450806137795,1.0,1.9039960001774028,Bad
2.5591415931701604,2.569649674494915,1.0669156191216478,1.484462130275788,Good
1.4434159439990064,3.934278472492454,1.0757870097162845,1.0699219120942025,Moderate
2.134069847395474,2.865443875351009,1.041974349008939,1.5493891919817622,Moderate
2.219831973198371,4.939978755403175,1.2056134753206371,1.449500574894587,Moderate
2.775065873335167,1.7532576801320952,1.0254390019432569,2.0488346747540365,Good
2.101821415104637,5.259436492327756,1.1760590843373495,1.1698117278495772,Bad
2.676918479123516,3.5398546533029034,1.041366028760202,1.7192009198313394,Moderate
1.8895192788545376,4.474564328008161,1.130586872910999,1.529412187765247,Moderate
2.502239492380437,1.7217378500888696,1.1527399828993392,2.138734789732954,Moderate
3.7649525284802574,1.6349399997896574,1.116798187329965,3.1076578516163305,Moderate
2.4217352154751026,5.164782348053805,1.0571824391760591,1.5394006898735046,Bad
2.9405143913036387,1.229914916441425,1.026766258841819,2.598223866735798,Good
1.896506417685264,5.070128203779855,1.1147298872910998,1.4794672798875594,Good
2.412788468407792,1.3431212729930693,1.1270890104935871,1.639289306960679,Good
1.8440676934151865,6.079803960750081,1.0340661298095608,1.2796888470450098,Moderate
3.074649165542791,3.181020792360359,1.6272833361834436,2.8079908016866058,Bad
1.855284536625179,4.170913833177329,1.0705655685969686,1.15982202707312,Moderate
1.857270846563701,7.077553295541789,1.1340847353284105,1.2297451378355222,Bad
3.1143754933069565,3.0823911740269025,1.0121664889234356,1.9639294101633475,Moderate
1.4246043369970636,4.84930008518873,1.0,1.0699219120942025,Good
1.214989527106624,4.7111996886930365,1.1628096012436844,1.0,Bad
2.273813075488055,4.865012673138205,1.0687912848814614,1.839067739803229,Bad
1.1794695558567465,5.910183734211162,1.0559657986785853,2.198668199718899,Bad
1.81427291534363,5.113479801857324,1.197046258841819,1.0,Bad
2.130230800524979,6.61223352229105,1.1971522580645162,1.294672199541496,Bad
1.491788592435262,3.062703112017921,1.493198600855033,1.5194224869887896,Bad
2.741415343705189,6.478108599854863,1.0114475522736106,1.6742508623418806,Bad
2.1357056813718587,5.2042531262160425,1.0,1.6642623602336228,Bad
1.9378919272907928,3.8474806221932414,1.1760590843373495,1.094894965367146,Moderate
2.0319498333067787,5.223941188225024,1.0535324897007383,1.9739179122716053,Bad
3.1257091403387065,1.2997696749156,1.0338126607073457,2.718090686707688,Good
1.9338024390951272,4.939978755403175,1.0,1.4894557819958172,Moderate
1.2860295986001085,6.801541810838951,1.0121664889234356,1.5593788927582195,Moderate
1.5132875257968648,3.3623781327892472,1.0139914496696465,2.503330100036852,Good
2.9994028020318835,2.924602715522228,1.0314807617567043,1.6542726594571655,Moderate
1.8384592395617576,5.046464667711368,1.191216469490867,1.3046619003179534,Bad
1.4178275224417378,3.8435998022780096,1.0012166404974738,1.3346286053109258,Good
1.9029561041434315,2.735294426974328,1.0254390019432569,1.4944506323840456,Good
3.5315019348306915,4.640209080487574,1.263505644772639,1.409545367793357,Moderate
3.961247316903561,4.510059632110892,1.026766258841819,2.4983352496486235,Bad
1.5724096731623538,5.653860311517306,1.0408083855421686,1.0,Bad
1.7879834128683587,2.1910330973991146,1.0012166404974738,1.5943392494712207,Good
1.38417699281176,5.578894229252337,1.1776305759813448,1.938956356890404,Moderate
2.346372048142438,4.352365827750491,1.041366028760202,1.5843507473629632,Moderate
1.9755150767978145,4.072284214843873,1.0384764865915277,1.569367394866477,Good
1.4407285531424818,5.089816265788837,1.1189273221919938,1.4544954252828155,Moderate
1.556285457016935,5.168757822113311,1.0,1.0,Moderate
1.0,4.090457810544471,1.0,1.0,Good
3.9528347328687135,2.3843168600065203,1.0948985184609406,3.7968920664546975,Moderate
1.5347865236553324,5.054320961686106,1.0256510003886514,1.4794672798875594,Bad
5.380178337700381,2.163488741415395,1.1192314963078118,2.817980502463063,Bad
1.9029561041434315,5.062271909805117,1.1760590843373495,1.3446171074191833,Moderate
1.8303971314890488,6.604282574172038,1.1597357077341623,1.15982202707312,Bad
1.521349633869574,2.534154370392184,1.0781189366498252,1.059933409985945,Good
4.087436851388626,1.4772461954292564,1.0778654675476098,3.771920211849953,Moderate
3.389188184200208,5.022801131642881,1.164247446560435,2.423418487166193,Bad
1.827242396351765,5.843168600065206,1.0547491581811117,1.0,Bad
2.8166617072160967,2.687967354837353,1.0268169358725223,1.569367394866477,Moderate
1.967452968725105,2.1871522774838823,1.0209871745044694,1.4045505174051285,Good
1.2767990653286376,4.383885657793717,1.005829761368053,1.2097669349508071,Good
3.38907138037845,1.2997696749156,1.6925767586474931,1.484462130275788,Moderate
1.2888337932783904,4.601590189623803,1.0425826692576758,1.2397336399437795,Good
2.1851298866882534,4.73883869882103,1.145744258064516,1.5643725444782484,Moderate
2.475015236846784,2.4001241021002704,1.048665899727944,3.02774743741387,Good
2.08522985467846,5.196302178097031,1.0523158492032647,1.5493891919817622,Moderate
2.255001468486112,4.182745601211574,1.0139914496696465,1.5643725444782484,Moderate
2.7172290194870614,5.425081244807168,1.0437993097551497,1.8140958851984847,Bad
3.6275461507852,1.8266146419444065,1.1630308060629615,2.333518372187275,Moderate
1.81427291534363,4.285256039460261,1.212203643995336,1.4744724294993308,Moderate
1.8384592395617576,5.500047327072137,1.1410804601632336,1.2597118428284946,Moderate
2.3786204804332747,4.707318868777804,1.0991061111542946,1.5593788927582195,Moderate
1.712152901254935,5.006993889549131,1.036144587640886,1.4345172223981009,Bad
2.0212003343775446,5.598582291261319,1.1061018359891177,1.0,Bad
2.555986858032877,1.70593060799512,1.1317528083948698,1.6892342148383668,Good
1.2633621755428792,4.013125374672654,1.0139914496696465,1.1698117278495772,Good
1.861912621410779,4.801973013051755,1.0046638258841818,1.329633754922697,Moderate
1.247237959397461,2.766908911161827,1.2518460940536338,1.4794672798875594,Moderate
1.3359211481972622,3.244060452446809,1.083948698017878,1.3596004599156697,Good
2.0684045576150387,3.618796209627378,1.0194663598911775,1.7341842723278256,Good
2.7161774626069217,1.5284540874814636,1.0496060411970465,2.8879024145572654,Good
1.6898360186567072,3.145525488257628,1.041366028760202,1.3596004599156697,Good
1.25261274111051,2.3843168600065203,1.0011659634667702,1.0099885021082575,Good
2.413556303580636,3.259867694540559,1.488534774970851,1.2846836974332383,Good
2.1169684392547783,4.419380961896448,1.0198212110376992,1.5044391344923034,Good
2.0880340493567418,5.657741131432537,1.1958802953750487,2.4633736942674225,Bad
1.9301127024661389,4.667848090615568,1.0618569265448892,1.8016093585620132,Bad
1.3028548311666652,4.068403394928641,1.0145997699183833,1.214761785339036,Good
2.6151090053983665,1.560068571668963,1.6529343085891957,1.5543840423699908,Bad
2.152881454397417,3.871144158261729,1.0198212110376992,1.3196452528144396,Good
1.8765710173148495,3.737113889969816,1.1373705993004275,1.529412187765247,Good
1.737507650671824,5.724850919722768,1.0340661298095608,1.294672199541496,Moderate
2.842366932595122,4.920290693394192,1.059615748153906,1.589345597751192,Bad
4.191192699453706,1.2642743708128688,1.0888152879906725,3.482241664028486,Moderate
2.4001194137948776,2.072715417056677,1.0466381748931208,1.6193123027441645,Good
2.5909226811802384,4.868988147197712,1.0921103863194714,1.0299667049929724,Moderate
1.5243875651851,4.868988147197712,1.006326569762923,1.389567164908642,Moderate
1.408480120851645,5.30676356446473,1.037310523124757,1.2397336399437795,Moderate
1.8384592395617576,6.115299264852813,1.334462274387874,1.6942290652265954,Bad
2.4269931288695297,1.81639199436282,1.494364564321803,1.8490562419114869,Bad
1.755150767978141,5.247604724293511,1.0069957248348231,1.4794672798875594,Bad
1.6584054711056306,6.817254398788426,1.0384764865915277,1.5493891919817622,Bad
1.8895192788545376,5.160806873994299,1.0186552755538285,1.11986681997189,Bad
1.992690849823372,1.9741804528674949,1.501360289156627,1.8740292951844304,Bad
2.50586157179848,2.1950085714586205,1.0206830003886511,1.5543840423699908,Good
1.9997014010159415,5.969342574382381,1.234356781966576,1.3446171074191833,Bad
1.2551832636484126,5.957510806348138,1.0279828993392923,2.198668199718899,Bad
1.722902335687304,7.073672475626558,1.0594636610959969,1.639289306960679,Bad
2.1179456312500555,5.330427100533218,1.1783909832879906,1.5394006898735046,Bad
1.8814571707818284,2.968048967743971,1.0454722114263506,1.419533869901615,Good
1.8045135077825896,2.912770947487984,1.0023318989506411,1.294672199541496,Good
3.49574822694357,4.360222121725229,1.1058483668869024,2.2635964600930727,Bad
1.6987160114691764,5.748514455791256,1.2261950936649826,1.0,Bad
2.124488838161866,4.178770127152067,1.071123211815002,1.764150977320798,Good
1.8355275345821973,4.5850257143758615,1.0104935872522347,1.419533869901615,Bad
1.1397432280925812,6.320320141350189,1.0279828993392923,1.824084387306743,Bad
3.0330533316618618,2.447451174237245,1.0510992087057909,1.6892342148383668,Good
2.580173182251005,3.070559405992659,1.0314807617567043,1.859045942687944,Good
1.8020045152534976,4.435188203990197,1.143564446171784,1.3645953103038984,Good
1.8384592395617576,6.060021244596825,1.0705655685969686,1.3246389045344684,Bad
5.401911007699228,3.244060452446809,1.0693489280994948,2.383463280064962,Bad
1.3305464309810775,4.360222121725229,1.0944422852701128,1.0,Good
3.03024913698358,4.127562235099861,1.143564446171784,2.223640054323643,Moderate
2.994028084815699,2.443475700177739,1.130586872910999,1.6243059544641931,Moderate
2.4722110421685017,4.813804781085999,1.0255495903614458,1.3845723145204134,Moderate
2.255001468486112,4.83349284309498,1.0652934224640498,1.094894965367146,Bad
2.001851275003043,4.336558585656741,1.047804110376992,1.6293008048524218,Moderate
1.8303971314890488,4.719339945100597,1.1317528083948698,1.03995520710123,Moderate
1.1039116079930449,4.021076322791666,1.002945563933152,1.255715483050632,Good
2.054383519726764,7.448313578662852,1.0401493882627284,1.2846836974332383,Bad
2.163630953326651,1.6586035358581448,1.409249902837155,1.0,Moderate
5.133407787080543,1.1261739743171757,1.1472143956471046,2.867924211672551,Bad
3.724992528575712,3.985581018688935,1.3218033424018656,1.958934559775119,Moderate
3.613525112896925,1.5679248656437008,1.1034150579090556,2.1886796976106413,Moderate
2.442384402645842,5.010969363608637,1.1247570835600469,1.0549385595977163,Moderate
2.0695729828138,3.73313841591031,1.1221071869413135,1.1098783178636322,Good
1.327859040124553,3.681835869713829,1.0559657986785853,1.3596004599156697,Good
1.550910739800751,3.3860416688577346,1.0513019727944035,1.4794672798875594,Good
1.2230516351793332,5.697211909594775,1.037310523124757,1.7192009198313394,Moderate
2.531099452896747,4.600832956469611,1.007786549553051,2.2336297551001,Bad
1.9217677111453744,3.204684328428846,1.0069957248348231,1.1698117278495772,Good
2.1721604056801187,6.446588769811639,1.032849489312087,1.839067739803229,Bad
3.510003001469088,3.737113889969816,1.172561221919938,2.0488346747540365,Moderate
1.4514780520717157,1.8321992364565696,1.2530627345511076,2.1087680847399817,Good
1.6533812943484474,5.638053069423556,1.1348267019043918,1.4395120727863295,Bad
1.948641361723162,5.543398925149606,1.0,1.3096555520379822,Bad
3.049878628725283,4.308919575528749,1.0231163093664983,1.6293008048524218,Moderate
1.378919079417333,6.572762744128813,1.0186552755538285,1.6342956552406505,Bad
4.200656904865555,4.975474059505905,1.0489700738437622,2.103773234351753,Bad
3.4480766594253174,1.5719003397032068,1.691410795180723,1.7192009198313394,Moderate
2.844610327035867,1.2169472986758938,1.1640815359502523,1.6143174523559356,Good
2.738611149026907,2.2423356435955952,1.1021984174115818,2.383463280064962,Moderate
2.7736637759960256,1.9780612727827265,1.053633899727944,1.8690344447962015,Moderate
2.8395627379168404,2.0924981332099324,1.058509696074621,2.9877910316444405,Good
2.5452373591036435,2.0845471850909205,1.0314807617567043,2.6531636250017145,Good
1.693341294252992,4.293206987579272,1.102603973571706,1.374583812412156,Moderate
2.682526932976944,6.178338924939263,1.058399107656432,1.5843507473629632,Bad
3.108767039453528,1.903189844662032,1.0,1.799112532701999,Good
1.0859957979432766,4.308919575528749,1.0011659634667702,1.1897887320660925,Moderate
1.9301127024661389,4.957773734526677,1.057438594636611,1.4345172223981009,Bad
1.5912212801642969,6.0166696465193565,1.1993781577924605,1.484462130275788,Bad
1.1177768859533548,4.123586761040354,1.0291995398367664,1.4794672798875594,Good
1.0510600392927798,4.955785997496924,1.0,1.0,Good
1.330896971440079,4.782190296898499,1.0109498204430625,1.0,Good
1.6361735953749212,6.209953409126763,1.0340661298095608,1.4944506323840456,Bad
2.1582561716136013,3.737113889969816,1.2250291581811117,1.254716992440266,Moderate
2.131382521035814,5.310739038524236,1.032849489312087,1.3096555520379822,Moderate
1.2069274190339148,5.010969363608637,1.0,1.0699219120942025,Good
2.040011941379488,4.088091456937622,1.0151574131364167,2.07380652935878,Good
1.3518010502196454,4.103898699031372,1.0,1.419533869901615,Good
2.1179456312500555,3.287506704668553,1.0314807617567043,1.709212417723082,Good
1.5750970640188784,2.762933437102321,1.324135241352507,1.5194224869887896,Bad
1.8496760827717504,5.882544724083169,1.2225912320248735,1.1947835824543211,Bad
3.347125006038519,4.565337652366879,1.059615748153906,1.7391791227160542,Bad
2.7498279922369,2.325158019835301,1.0450159782355228,2.138734789732954,Moderate
1.244550633037801,2.6722547668878764,1.064127486980179,1.4794672798875594,Good
2.170618092157377,4.229410094338631,1.053167508744656,1.8743229688933611,Bad
2.550856454939728,1.8242482883375577,1.0474492592304705,1.4395120727863295,Good
1.693341294252992,6.4189497596836445,1.1760590843373495,1.1498335249648624,Bad
1.6169265055433228,3.930302998432948,1.024332949863972,1.354605609527441,Good
1.755150767978141,4.64418455454708,1.1119315973571706,1.3096555520379822,Bad
1.8169603062001547,5.776058811774976,1.1760590843373495,1.2697003449367523,Bad
1.4206317171200198,3.725282121935572,1.0165353470656822,1.1098783178636322,Good
5.01002244727376,2.648591230819389,1.1143649063350174,2.8079908016866058,Bad
3.975268419288699,3.0665839319331534,1.1180148278274389,2.368479927568476,Moderate
1.827242396351765,5.843168600065206,1.0547491581811117,1.0,Bad
2.324873114780835,2.8024042152645583,1.0769529731830547,1.7142060694431107,Good
1.634219146887503,2.4316439321434955,1.0151574131364167,1.4594890770028446,Good
2.6180300683952704,2.6524720507346213,1.0050877947920716,1.839067739803229,Good
1.030846334951696,5.507903621046875,1.0,1.0249718546047435,Good
1.370008321600458,3.8356488541589977,1.0305267967353284,1.0649282603741737,Good
2.278210600708962,5.200277652156537,1.0432463116984063,1.3596004599156697,Bad
1.9970140101594172,4.198552843305323,1.1818888457054022,1.294672199541496,Moderate
1.5748633273816344,3.457032277063197,1.1021984174115818,1.604328950247678,Good
1.6533812943484474,3.681835869713829,1.092465237465993,1.958934559775119,Good
1.2888337932783904,4.601590189623803,1.0425826692576758,1.2397336399437795,Good
3.0050112558853126,4.581050240316355,1.0036499494753206,2.4184236367779635,Bad
2.354434156215147,4.687536152624549,1.0693489280994948,1.4045505174051285,Bad
2.5086657664767618,4.151225771168347,1.326061612125923,1.1298553220801475,Moderate
1.7981486991982116,2.8260677513330457,1.1783909832879906,1.034961555381201,Good
1.1693042695268934,3.346665544839772,1.0011659634667702,1.0,Good
3.182143896847671,3.737113889969816,1.163233570151574,2.248613107596586,Moderate
1.8384592395617576,5.993006110450869,1.079284872133696,1.419533869901615,Bad
2.099134088744977,5.535542631174868,1.08348230703459,1.779134329817284,Bad
2.1460596855274776,4.691511626684054,1.014657722502915,1.7591561269325693,Moderate
3.181676552566912,1.453582659360769,1.008516539448115,3.167591261602275,Good
1.9366066337734087,5.342258868567462,1.0620490291488536,1.484462130275788,Bad
1.0673010592599557,5.377754172670193,1.0338126607073457,2.198668199718899,Moderate
3.461630353032833,5.4053931827981865,1.2215312957637,1.8140958851984847,Bad
2.914384196083884,2.246311117655101,1.335794792071512,1.6492790077371366,Bad
3.761638486087457,3.918471230398704,1.349786241741158,2.1187565868482388,Bad
2.0212003343775446,6.4189497596836445,1.1177613587252235,1.6892342148383668,Bad
3.0988354897609187,3.177045318300853,1.1282549459774582,1.7841291802055128,Moderate
1.0364547243082598,4.762502234889517,1.0060832304702685,1.0249718546047435,Good
2.57748579139448,4.592882008350599,1.0046638258841818,1.3695889620239272,Moderate
3.192893395776905,1.5521176235499512,1.280994956859697,1.7391791227160542,Moderate
1.4864138752190772,7.180158387934752,1.0571317621453555,1.0199782028847149,Bad
1.7981486991982116,5.3264516264737125,1.0550330446949088,1.354605609527441,Moderate
2.924156438520976,2.7826214991113023,1.1574038087835212,1.6892342148383668,Moderate
1.6584054711056306,2.9522417256502216,1.102603973571706,1.0,Good
1.002804194678282,4.553505884332635,1.0048665899727944,1.1498335249648624,Good
1.7318991968183957,4.794022064932743,1.0304162083171395,1.4994454827722743,Moderate
2.5237384257420405,4.742814172880536,1.2238631947143412,1.03995520710123,Bad
2.4497773557485165,2.4947782463742203,1.0,1.6342956552406505,Good
2.747023797558618,4.498227864076648,1.048665899727944,1.4045505174051285,Bad
1.827709740632524,3.524142065353428,1.1130975608239408,1.1997784328425498,Good
2.5237384257420405,3.208565148344078,1.095608248736883,1.729189421939597,Moderate
1.7820244830527932,2.908890127572752,1.1492421204819276,1.7591561269325693,Good
1.5496254462833672,2.8772756433852527,1.0038158600855034,1.0,Good
2.93490593745021,1.903189844662032,1.1783909832879906,2.35349657507199,Good
2.6152258092201235,3.6581723336453416,1.0304162083171395,1.918979352673889,Moderate
1.8733950627091192,5.716899971603756,1.0454722114263506,1.0649282603741737,Bad
1.8945434556117209,3.267723988515297,1.10828164788185,1.1997784328425498,Good
1.7067781195418856,5.042489193651862,1.0979401476875243,1.11986681997189,Bad
2.6713100252700865,2.569649674494915,1.4842258282160905,1.1148719695836613,Bad
2.967154369741047,3.7764900139877793,1.1130975608239408,1.484462130275788,Moderate
2.3067625886968948,4.332583111597236,1.0629615235134084,1.204772084562579,Moderate
2.682526932976944,4.999137595574393,1.121259221142635,1.3845723145204134,Moderate
1.7578381588346657,5.038608373736629,1.0174893120870578,1.5194224869887896,Moderate
2.93490593745021,2.3291334938948074,1.0474492592304705,1.899001149789174,Moderate
1.7290950021401137,3.378185374882997,1.0279828993392923,1.4944506323840456,Good
2.142131955468183,2.0608836490224327,1.1364166342790516,1.469478777779302,Good
2.005564746478197,2.5459861384264277,1.047804110376992,1.4944506323840456,Good
2.517078415008472,2.1871522774838823,1.058399107656432,3.402331249826026,Good
1.2215327340184348,4.652040848521818,1.0012166404974738,1.314650402426211,Good
3.8136757173755136,4.218240905314305,1.2425184702681695,2.223640054323643,Moderate
2.6388067013704237,5.4763837910036495,1.0216231418577535,1.3695889620239272,Bad
3.4480766594253174,1.5442613295752132,1.0364994387874078,2.2735849622013298,Good
3.692744096284876,1.9110461386367696,1.0559657986785853,2.1886796976106413,Moderate
1.102608642334766,5.803697821902969,1.033070694131364,1.1398450228566048,Moderate
1.5131707219751074,4.005269080697916,1.1034150579090556,1.6842393644501383,Good
1.4094148739100274,5.878663904167937,1.0048665899727944,1.2996670499297247,Moderate
3.63595879931691,1.5560930976094571,1.1107149568596968,2.3285235217990463,Moderate
1.5132875257968648,3.3623781327892472,1.0139914496696465,2.503330100036852,Good
1.0112168432099926,3.788321782022023,1.0291995398367664,1.3046619003179534,Good
3.3030755179383093,1.5284540874814636,1.7217256214535563,1.7841291802055128,Moderate
1.548223348944226,4.707318868777804,1.0279828993392923,1.2247502874472935,Good
1.7766497658366087,3.5438301273624093,1.1410804601632336,1.2597118428284946,Moderate
1.844322585024013,5.089816265788837,1.0127194869801788,2.598223866735798,Bad
1.2075116316332957,3.117886478129634,1.0,1.0849052645906887,Good
2.209316210906381,2.9600980196249598,1.1289646762534007,1.5543840423699908,Moderate
5.080127765708862,2.873394823470021,1.1240980862806065,2.5682571617428263,Bad
1.1236190119471627,4.9321224614284365,1.0,1.11986681997189,Good
1.7094655103984104,3.713450353901328,1.1094982883793238,1.2647054945485237,Good
1.1626442587933252,4.470683508092929,1.0656989786241742,1.1648168774613483,Good
3.530036114589344,1.3864728710705383,1.2104800652934318,2.628779117814833,Moderate
1.6730107860901504,4.470683508092929,1.0801328379323747,1.5244173373770182,Moderate
2.4357563178602417,4.498227864076648,1.026766258841819,1.5593788927582195,Moderate
1.544017056926803,4.951810523437418,1.020351207151185,1.2697003449367523,Good
1.50791280858068,5.989030636391363,1.1294209094442285,1.5244173373770182,Bad
1.053280021371681,4.913948865727837,1.0012166404974738,1.11986681997189,Good
3.192893395776905,1.8085357003880815,1.480373114652157,2.59323021501577,Moderate
1.7014034023257012,3.0114005658214404,1.4768752522347457,1.4894557819958172,Bad
1.408480120851645,4.328702291682004,1.2961523420132142,1.0749167624824312,Moderate
2.040362481838489,4.868988147197712,1.0126531395258451,2.0088794676528066,Bad
1.824438201673483,4.762502234889517,1.1605974970851147,1.5194224869887896,Bad
1.400418012778936,2.751101669068077,1.072289147298873,1.958934559775119,Good
1.550910739800751,5.4763837910036495,1.0273999315973572,1.3096555520379822,Moderate
1.4299791187101127,3.748945658004059,1.0023318989506411,1.4744724294993308,Good
1.9352045364342685,1.410136407139026,1.0559657986785853,1.0249718546047435,Good
3.621937761428635,3.914590410483472,1.0,1.709212417723082,Bad
2.8408480314342244,1.504790551412976,1.631947134084726,1.6507054228948022,Moderate
2.67105513366126,5.784009759893987,1.092465237465993,1.7391791227160542,Bad
2.682526932976944,5.531567157115362,1.01703307889623,1.3446171074191833,Bad
1.948641361723162,5.168757822113311,1.1095996984065293,1.4894557819958172,Bad
2.2388772523406937,4.774334002923761,1.1422463956471045,1.0249718546047435,Moderate
3.837862041593641,1.149837510385663,1.1958802953750487,2.688123981714716,Moderate
2.2282446217300818,5.263411966387261,1.1170193921492422,1.5493891919817622,Bad
1.550910739800751,3.0784156999673966,1.012825486202876,2.0788013797470093,Good
3.742518842060272,2.3843168600065203,1.0888152879906725,4.845726741208734,Moderate
1.0644968645816737,3.973749250654691,1.0,1.274695195324981,Good
3.843236758809826,1.2721306647876065,1.5538282254178002,2.4633736942674225,Moderate
3.5378114051052583,3.3860416688577346,1.081515389040031,3.112652702004559,Bad
1.5664507433467885,5.764227043740732,1.026710936649825,1.449500574894587,Bad
1.852480277450032,6.229641471135745,1.0547491581811117,1.329633754922697,Bad
1.5528302954844304,2.222647581586614,1.0023318989506411,1.2397336399437795,Good
1.4837264843625526,6.209953409126763,1.036144587640886,1.0,Good
4.071663175702208,1.8045602263285765,2.010882238631947,2.7530522420888897,Bad
2.598984789252948,4.845324611129223,1.0186552755538285,1.5394006898735046,Bad
3.226543925406882,2.0530273550476954,1.0510992087057909,3.3473914915601104,Moderate
1.8492087384909917,5.653860311517306,1.2056134753206371,2.2086567018271563,Bad
3.3629306076729044,1.7414259120978512,1.113203560046638,2.8529408591760648,Moderate
2.7360406264890047,3.0863666480864085,1.0431403124757093,3.067702644515101,Moderate
1.7935918667217872,2.068834597141445,1.0069957248348231,1.254716992440266,Good
1.3547327551992052,2.912770947487984,1.0425826692576758,1.3596004599156697,Good
1.799200256078351,3.867263338346497,1.0,1.604328950247678,Good
2.007763509088651,3.855431570312253,1.0012166404974738,1.6742508623418806,Moderate
1.8438339567779425,3.5911571994993845,1.0011659634667702,1.4944506323840456,Good
1.3505264631817822,6.048189476562582,1.0,1.0249718546047435,Moderate
3.3359081628285265,1.398304639104782,1.1301813167508743,2.842952357067807,Moderate
1.861912621410779,2.644615756759884,1.0206830003886511,1.449500574894587,Good
2.1020551517418813,2.6761355868031087,1.0364994387874078,1.5244173373770182,Good
2.7273943058169143,5.93384727027965,1.015816410415857,1.3795786628003843,Bad
1.982111364629176,2.684086534922121,1.0,1.4245287202898431,Good
2.27112568463153,6.036357708528338,1.4535561507967354,1.4894557819958172,Bad
1.733651834616538,6.6871049504117455,1.1643995336183444,1.469478777779302,Bad
1.5972970782984843,3.5319983593281656,1.0,1.0449500574894588,Good
2.9180806403867887,1.9860122209017383,1.0072998989506412,2.5183134525333384,Moderate
3.907967360028744,1.398304639104782,1.10828164788185,2.0088794676528066,Moderate
2.005076118232126,5.318595332498974,1.0513019727944035,1.214761785339036,Bad
1.614417513014231,6.048189476562582,1.2739992320248736,1.6942290652265954,Bad
1.5643475650896446,7.160375671781496,1.0443062479595802,1.0,Bad
2.57430983678875,4.34441487963148,1.5253153299650215,1.6592675098453944,Moderate
2.284328837780045,4.036788910741142,1.0206830003886511,1.4894557819958172,Moderate
2.0830098725995585,5.472408316944144,1.034978624174116,1.4045505174051285,Bad
3.530036114589344,4.131443055015092,1.06486945355616,1.8690344447962015,Moderate
3.579874583266947,3.819936266209522,1.0,2.293563165086045,Moderate
1.9378919272907928,4.995162121514888,1.2203653322969297,1.589345597751192,Bad
1.7543328832383809,2.5421053185111955,1.0038158600855034,1.5044391344923034,Good
1.9870824604668085,2.873394823470021,1.67037294364555,1.2097669349508071,Bad
1.639360191963308,2.561793380520177,1.0888152879906725,1.0249718546047435,Good
1.5159749166533891,5.673548373526288,1.0608323886513795,1.274695195324981,Moderate
3.3365455208443224,1.828223762397064,1.2725290944422851,2.578246862519284,Good
2.8762724183307915,5.180589590147555,1.241670504469491,1.4994454827722743,Bad
2.758388209594773,4.064427920869136,1.212080910998834,1.7891228319255417,Moderate
2.2282446217300818,2.526298076417446,1.0364994387874078,1.0799116128706598,Good
5.183883549277078,1.5994446956869262,1.0948985184609406,2.728080387484145,Bad
2.7582406407686104,1.9110461386367696,1.3053785837543723,1.529412187765247,Moderate
1.4622275510009497,1.9662295047484828,1.0011659634667702,1.0299667049929724,Good
3.45929350263531,2.6130959267166585,1.12531472677808,2.07380652935878,Moderate
1.599283388237006,4.857156379163468,1.0769529731830547,1.5993340998594494,Moderate
3.202567925464156,4.190412586897763,1.0769529731830547,1.449500574894587,Moderate
1.6180949307420844,4.139394003134104,1.0431403124757093,1.5593788927582195,Moderate
1.1854284856723118,4.254682750859775,1.0034978624174116,1.11986681997189,Good
1.7282771174003533,4.596857482410105,1.0093276237854645,1.414539019513386,Moderate
1.5052254177241555,5.358066110661212,1.1422463956471045,1.0,Bad
2.674231088266991,2.2778309476983267,1.0384764865915277,1.729189421939597,Good
2.4646162783765515,5.247604724293511,1.1189273221919938,1.644284157348908,Bad
2.1125709140338707,3.0784156999673966,1.0909444228527012,1.1448386745766337,Good
1.10375584806508,4.947835049377912,1.0,1.4345172223981009,Good
2.1271594598335994,6.154675388870776,1.018249719393704,1.5094339848805318,Bad
2.8335536940374952,3.241599444695687,1.5489978453167508,1.9922311650269109,Bad
3.69811881350106,2.218672107527108,1.8802953657209485,2.7780240966936334,Bad
2.4699910600896007,4.466708034033423,1.2075398460940536,1.349611957807412,Bad
1.327859040124553,6.2178097031015005,1.0069957248348231,2.758047092477118,Moderate
1.4991496195899685,3.73313841591031,1.0133831294209097,1.6892342148383668,Good
3.899554711497033,1.8203674684223257,1.2080467842984843,2.728080387484145,Moderate
1.914172947353424,5.417224950832431,1.1713952584531675,1.2447284903320084,Bad
3.187284941923476,4.119611286980849,1.0462326187329964,1.7491676248243118,Moderate
2.1721604056801187,3.4768149932164527,1.1532976261173726,1.609322601967707,Good
1.6127202135259,6.060021244596825,1.0174893120870578,1.2896785478214672,Moderate
1.94501928230512,1.654722715942913,1.0228951045472212,2.043839824365808,Good
1.6505770996701652,5.732707213697506,1.0890364928099494,1.5044391344923034,Bad
1.88613080708001,4.28137521954503,1.0571824391760591,1.724195770219568,Good
4.461331754048775,1.5009097314977442,1.2005441212592305,3.502219866913201,Moderate
2.1857500240412064,4.987305827540149,1.024332949863972,1.469478777779302,Moderate
1.6073454963097151,2.63278398872564,1.0944422852701128,1.1997784328425498,Good
1.134368446379532,6.884364187078657,1.0384764865915277,1.2896785478214672,Bad
2.7467900609213736,3.0114005658214404,1.0582976976292269,1.2247502874472935,Moderate
2.383995197649459,3.259867694540559,1.0163233486202876,1.349611957807412,Good
1.967452968725105,3.6581723336453416,1.0081616883015934,1.2896785478214672,Good
2.57748579139448,4.352365827750491,1.0396424500582977,1.9988897668763488,Moderate
1.4795201923451295,3.567493663430897,1.0174893120870578,1.0199782028847149,Good
2.2684383582718706,2.6012641586824143,1.174893120870579,1.7891228319255417,Good
2.072260373670325,4.237928967323287,1.029148862806063,1.569367394866477,Moderate
1.3477222040066357,3.4965030552254346,1.0292548620287605,1.294672199541496,Good
3.529398756573548,3.875119632321235,1.135047906723669,2.6731406292182296,Bad
2.005564746478197,2.5459861384264277,1.047804110376992,1.4944506323840456,Good
2.3684551941034213,2.4395002261182333,1.068132287602021,1.6892342148383668,Good
2.709166911414352,2.979880735778215,1.1271950097162844,1.6642623602336228,Moderate
2.780674327188596,2.0253883449197017,1.0,1.4594890770028446,Good
2.1125709140338707,3.0784156999673966,1.0909444228527012,1.1448386745766337,Good
4.210184833179612,3.425512447019972,1.3090838554216868,4.0316320546784485,Bad
1.5912212801642969,5.038608373736629,1.0081616883015934,1.0,Bad
1.905643494999956,3.997412786723179,1.1235911480761758,1.1947835824543211,Moderate
1.8760823890687792,5.314619858439468,1.030314798289934,1.6193123027441645,Moderate
1.5496254462833672,2.2896627157325704,1.0445182464049747,1.4644839273910732,Good
1.908330821359616,2.8575875813762712,1.0,1.2846836974332383,Good
1.4649148773606095,5.776058811774976,1.012825486202876,1.204772084562579,Moderate
1.6315318205278428,6.198121641092519,1.0163233486202876,1.3596004599156697,Bad
1.9378919272907928,5.010969363608637,1.2110377085114652,1.0099885021082575,Bad
1.773962374980084,3.457032277063197,1.0474492592304705,1.5044391344923034,Good
1.8841444971414885,2.814235983298802,1.9927846062961525,1.729189421939597,Bad
1.5748633273816344,5.890495672202181,1.018249719393704,1.0,Bad
4.090241046066907,1.4219681751732698,1.0291995398367664,3.517203219409688,Moderate
1.5697222823058292,5.231797482199762,1.0209871745044694,1.5344058394852758,Moderate
1.053280021371681,3.5438301273624093,1.0304162083171395,1.3645953103038984,Good
2.522686868861901,3.0114005658214404,1.097331827438787,2.053829525142265,Good
2.0231547828649634,5.874688430108432,1.1294209094442285,1.8690344447962015,Bad
3.656656552626679,2.898383517558344,1.1423478056743102,2.178689996834184,Moderate
4.889441366642123,1.354953041027313,1.0097331799455889,3.1076578516163305,Bad
2.230815144267984,3.4413196891137217,1.3929265542168676,1.1098783178636322,Moderate
2.451179453087658,2.214696633467602,1.0186552755538285,1.529412187765247,Good
2.738611149026907,3.40582438501099,1.018249719393704,2.038846172645779,Moderate
1.6288444296713185,6.04430865664735,1.0408083855421686,1.4594890770028446,Bad
2.260376250199161,6.5175793780171,1.216867469879518,1.0699219120942025,Bad
2.013138226304836,5.618365007414575,1.2541779930042751,1.569367394866477,Moderate
1.7066613157201282,5.622245827329807,1.018249719393704,1.4445057245063584,Bad
3.633154604638628,3.0074250917619345,1.0279828993392923,2.133739939344725,Moderate
1.894893996070722,2.447451174237245,1.0816167990672367,2.158712992617669,Good
2.289937291633473,2.6367594627851454,1.451224251846094,1.0299667049929724,Bad
1.6154076043824244,6.170482630964526,1.1888845705402251,1.5194224869887896,Bad
1.4326664450697726,5.164782348053805,1.0746210742324136,1.5244173373770182,Moderate
1.4749314339207371,5.776058811774976,1.0165353470656822,1.3046619003179534,Moderate
1.9366066337734087,3.413680678985728,1.0610535934706569,1.7591561269325693,Good
2.6853311276552256,3.701618585867085,1.097331827438787,1.5244173373770182,Bad
1.6691549700348642,4.324726817622498,1.174893120870579,1.6942290652265954,Bad
3.804211511963664,3.354521838814509,1.0790821080450836,2.758047092477118,Moderate
1.8693055745134532,5.13326251801058,1.0928523528954528,1.5194224869887896,Bad
1.773962374980084,2.865443875351009,1.0559657986785853,1.6642623602336228,Good
1.518662307509914,4.809829307026492,1.655266235522736,1.589345597751192,Bad
2.9180806403867887,2.91674642154749,1.0608323886513795,1.5394006898735046,Moderate
4.126695834872033,1.5797566336779445,1.20318019432569,3.54716992440266,Moderate
2.457042798549913,4.995162121514888,1.154572219199378,1.349611957807412,Bad
4.642670751525421,2.889107411419497,1.0316328488146134,2.213651552215385,Moderate
2.3759330895767503,4.561362178307373,1.0,1.0849052645906887,Bad
2.768289058779841,3.0942229420611462,1.0023318989506411,1.839067739803229,Moderate
4.266906407245372,1.6862425459861383,1.1107149568596968,2.7130970349876598,Bad
1.214989527106624,6.493915841948613,1.0396424500582977,1.1398450228566048,Moderate
3.78458202022196,1.7808966902600885,1.135047906723669,4.06659241139145,Moderate
4.384683293198727,1.4284046569838982,1.0450159782355228,2.5133186021451097,Moderate
2.459241561160366,4.577169420401123,1.0629615235134084,1.5094339848805318,Bad
1.8465213476344668,3.855431570312253,1.0046638258841818,1.5244173373770182,Good
2.558674248889402,5.590725997286581,1.162067634667703,2.4034402842814773,Bad
1.415023327763456,2.979880735778215,1.015816410415857,1.11986681997189,Good
1.670206526915004,3.71733117381656,1.0255495903614458,1.409545367793357,Good
1.7038570565449818,3.800153550056266,1.0012166404974738,1.329633754922697,Good
2.600694923617331,7.124880367678765,1.31146184220754,2.4034402842814773,Bad
1.6960286851095163,5.736682687757012,1.0163233486202876,1.2097669349508071,Moderate
1.5636464841716418,2.6959183029563643,1.1046316984065294,1.374583812412156,Good
1.5294117419422832,6.142843620836532,1.101438010104936,1.214761785339036,Bad
1.496345424911686,3.046895869924171,1.0089036548775747,1.3596004599156697,Good
2.418931020796821,3.4806958131316845,1.0060832304702685,1.2647054945485237,Moderate
1.4971633096514465,5.653860311517306,1.1842207446560435,1.3645953103038984,Moderate
1.7873992002689778,3.630627977661622,1.0932763218033423,1.2447284903320084,Good
2.6876679780527493,3.973749250654691,1.2553439564710454,1.8740292951844304,Moderate
1.9405792536504527,3.2520114005658214,1.342790516906335,1.1498335249648624,Moderate
2.8181973130649216,3.545155285382245,1.2385209172172562,1.4261936704192528,Moderate
2.408181521867587,4.348390353690985,1.1364166342790516,1.5943392494712207,Moderate
1.4461033348555312,2.518441782442708,1.036144587640886,1.1847950803460634,Good
3.975268419288699,1.1183176803424375,1.1119315973571706,2.2086567018271563,Moderate
2.9461227806602026,2.2903252947424884,1.0012166404974738,2.55327380924634,Good
3.875485191100663,2.2659991796640826,1.15507190983288,2.6381802725052284,Moderate
1.6127202135259,6.651609646309014,1.2448503692188106,1.0,Bad
2.443117345014948,5.582869703311843,1.35445006762534,1.834072889415001,Bad
1.123130383701092,5.081959971814099,1.0012719626894675,1.5993340998594494,Good
2.061510874741091,2.565768854579683,1.0279828993392923,1.0199782028847149,Good
1.443065403540005,5.243629250234005,1.0457902090944422,1.4794672798875594,Moderate
1.3601074724153897,5.003113069633899,1.0279828993392923,1.2996670499297247,Good
2.4269931288695297,1.5837321077374504,1.28799068169452,1.6243059544641931,Good
1.5468212516050852,3.567493663430897,1.0827320575204042,1.2247502874472935,Good
2.488802602594679,4.514035106170399,1.0699572483482316,1.214761785339036,Bad
1.8384592395617576,5.500047327072137,1.1410804601632336,1.2597118428284946,Moderate
2.2442520340537424,5.251580198353017,1.108433734939759,1.294672199541496,Bad
3.622872514487017,2.9640734936844653,1.1364166342790516,1.6492790077371366,Moderate
1.6654903871830626,5.582869703311843,1.133554739214924,2.0688128776387518,Moderate
1.7820244830527932,3.875119632321235,1.0163233486202876,1.3096555520379822,Good
2.814324856818573,5.503928146987369,1.0766487990672369,1.7391791227160542,Bad
1.9970140101594172,6.549099208060325,1.1772250198212204,1.6243059544641931,Bad
1.1766652966815998,5.727974506483809,1.0072998989506412,1.2397336399437795,Good
1.7282771174003533,4.403573719802698,1.1434123591138747,1.234738789555551,Moderate
2.2066288200498567,2.5421053185111955,1.3392926544889234,1.2497221420520372,Moderate
2.048074049452197,5.799722347843463,1.005829761368053,1.7142060694431107,Bad
2.104859346420163,2.502634540348958,1.0060832304702685,2.0638180272505227,Good
4.749230794268783,3.5871817254398786,1.1192314963078118,2.468368544655651,Bad
1.2103158908084422,5.2752437344215055,1.0,1.2397336399437795,Good
1.995495108998519,7.065721527507546,1.0231163093664983,1.4944506323840456,Bad
3.3527334598919483,3.579325431465141,1.041366028760202,2.493340399260395,Moderate
2.3320004697951617,5.4014177087386805,1.1776305759813448,2.11376293512821,Bad
1.4971633096514465,6.095516548699557,1.0069957248348231,1.11986681997189,Moderate
2.55072894463845,5.511879095106381,1.081515389040031,2.19367334933067,Bad
1.3197969320518437,3.023232333855684,1.0314807617567043,1.2397336399437795,Good
1.443065403540005,4.695487100743561,1.0109498204430625,1.2647054945485237,Good
1.9970140101594172,4.452604566536605,1.02215313797124,1.4894557819958172,Moderate
1.4570865059251443,3.204684328428846,1.0127194869801788,1.4245287202898431,Good
1.725589726543829,4.210384611339567,1.0,1.254716992440266,Good
3.882729414433612,4.951810523437418,1.0,2.0288564718693216,Bad
1.161242161454184,4.73883869882103,1.0,1.729189421939597,Moderate
2.1152583048903955,3.5319983593281656,1.0944422852701128,1.0699219120942025,Good
1.0322484322908367,6.781759094685695,1.0,1.0,Moderate
1.1990990475984495,4.545554936213623,1.0194663598911775,1.0,Good
2.040362481838489,4.884795389291462,1.0510992087057909,1.11986681997189,Moderate
2.765601667923317,4.872963621257218,1.0897784593859308,1.839067739803229,Bad
1.3171096056921838,4.758526760830012,1.0174893120870578,1.2297451378355222,Bad
1.386981187490042,5.563086987158588,1.0023318989506411,1.5943392494712207,Bad
2.5815752795901457,6.474133125795357,1.0377160792848814,1.5394006898735046,Bad
1.5939086065239567,3.181020792360359,1.0432568892343568,1.2796888470450098,Good
2.034754027985061,4.632352786512836,1.141131137193937,2.228634904711871,Good
1.3196801282300863,3.3978734368919787,1.0012166404974738,1.0,Good
3.579874583266947,2.104329901244176,1.0912485969685193,3.377358196553083,Moderate
2.0684045576150387,3.567493663430897,1.0,1.7391791227160542,Good
2.383995197649459,2.648591230819389,1.064127486980179,1.639289306960679,Good
1.9943266837997573,3.0272078079151896,1.0944422852701128,1.2397336399437795,Good
1.3305464309810775,7.1012168316102775,1.095608248736883,1.0,Bad
1.1794695558567465,5.440888486900918,1.0060832304702685,1.11986681997189,Good
2.8928427592885217,5.1844704100627865,1.0,1.6243059544641931,Bad
3.708868312430294,2.029363818979208,1.0912485969685193,2.8529408591760648,Moderate
2.528575690585666,5.089816265788837,1.0559657986785853,1.5793558969747346,Moderate
1.9325171455777437,4.28137521954503,1.5503303630003886,1.11986681997189,Moderate
1.1766652966815998,4.293964220733464,1.0,1.354605609527441,Good
2.2173783189790903,4.415405487836942,1.0396424500582977,2.0488346747540365,Moderate
3.38907138037845,1.5994446956869262,1.0693489280994948,1.6342956552406505,Good
1.4066106792317452,3.212540622403584,1.0089036548775747,1.3346286053109258,Good
3.5637503671215285,2.6564475247941277,1.3334628931208703,1.764150977320798,Moderate
2.4323678460857145,3.098198416120652,1.041974349008939,1.6492790077371366,Good
2.4861152762350187,5.290956322370981,1.3707734162456275,1.2247502874472935,Bad
1.720682353608403,4.064427920869136,1.0231163093664983,1.094894965367146,Good
1.7823750235117948,3.894807694330217,1.0437993097551497,1.9322977550409657,Good
2.292624682489998,1.8992143706025264,1.1294209094442285,2.783018947081862,Good
2.5086657664767618,4.54953041027313,1.1017560077730275,1.7866260060655272,Bad
2.2254404270518,1.7020497880798882,1.0255495903614458,1.529412187765247,Good
1.8035234164143965,6.884364187078657,1.271667305091333,1.2996670499297247,Bad
2.33024783199702,6.5057476099828575,1.0209871745044694,1.4794672798875594,Bad
1.765900266907375,7.980743140203821,1.1842207446560435,1.4295223720098722,Bad
2.393693139698553,5.661716605492043,1.0827320575204042,2.298556816806074,Bad
2.082425660000178,3.815960792150016,1.048665899727944,1.4395120727863295,Moderate
1.7632128760508503,5.720875445663262,1.0909444228527012,1.6892342148383668,Moderate
2.510301600453147,3.985581018688935,1.1294209094442285,2.758047092477118,Moderate
1.7417139426892472,4.312895049588255,1.0377160792848814,1.4045505174051285,Good
1.1908032028884965,3.5004785292849405,1.036144587640886,1.2397336399437795,Good
2.317979431906888,4.750670466855274,1.249412785075787,1.7891228319255417,Bad
3.3274955787936804,5.263411966387261,1.0632656976292263,1.9739179122716053,Bad
2.748581654825723,4.5116687525635495,1.099339292654489,1.2506307325474242,Bad
2.370827130795277,2.9562171997097275,1.0513019727944035,1.6892342148383668,Good
2.660794262978097,4.596857482410105,1.1702292949863973,1.3246389045344684,Moderate
1.357664460178765,4.683655332709317,1.106843802565099,1.3795786628003843,Good
2.113271994951874,5.038608373736629,1.1301813167508743,1.374583812412156,Bad
1.914172947353424,2.8772756433852527,1.0305267967353284,1.3845723145204134,Good
1.5106001994372047,3.40582438501099,1.0279828993392923,1.5044391344923034,Good
3.276201867360521,2.226528401501846,1.121259221142635,1.8190895369185145,Moderate
3.0612122757570326,2.435619406203001,1.623785473766032,1.2447284903320084,Moderate
1.3531970848535155,5.122755907996171,1.011193159735717,1.11986681997189,Good
2.2576888593426365,5.081959971814099,1.083948698017878,1.1298553220801475,Bad
2.351629961536865,1.6152519377806758,1.0145997699183833,2.1437296401211823,Good
1.888935066255157,3.73313841591031,1.0364994387874078,1.7841291802055128,Good
2.163630953326651,3.989461838604167,1.099765108433735,1.2297451378355222,Moderate
2.128695130179289,2.940409957615977,1.2949864065293433,1.1448386745766337,Moderate
1.6758149807684326,3.133693720223384,1.0407023863194715,1.589345597751192,Good
2.4527151234333475,5.077984497754594,1.1480761849980567,1.0799116128706598,Bad
2.08522985467846,4.995162121514888,1.0304162083171395,1.5593788927582195,Bad
3.302257633198549,1.504790551412976,1.1399144966964632,2.053829525142265,Moderate
1.3520453643426806,4.49037157010191,1.095608248736883,1.414539019513386,Moderate
2.109883523177346,5.642028543483062,1.2798289933929266,1.1048834674754036,Bad
2.187817277544778,2.755077143127583,1.5025262246404971,1.5543840423699908,Moderate
2.1394446291085227,5.882544724083169,1.2565099199378158,1.414539019513386,Bad
2.1681098735906605,4.048620678775386,1.0687912848814614,1.3596004599156697,Good
2.7817258840687358,4.028932616766404,1.060629624562767,1.5993340998594494,Moderate
2.4357563178602417,4.604713776384843,1.0559657986785853,1.389567164908642,Bad
2.1973982867783857,4.841349137069718,1.0535324897007383,1.349611957807412,Bad
1.6253391540750337,5.902327440236425,1.0109498204430625,1.9289678547821465,Moderate
1.9701403595816296,6.1468190948960375,1.2203653322969297,1.2297451378355222,Bad
4.004967548510081,1.6428909479086693,1.071229211037699,3.2475028744729357,Moderate
2.5049268187400973,3.871144158261729,1.2070734551107656,1.8490562419114869,Moderate
1.8440676934151865,5.239748430318774,1.0364994387874078,1.349611957807412,Moderate
2.537175251030934,3.6581723336453416,1.060629624562767,1.6642623602336228,Moderate
2.845171191770269,3.1928525603946025,1.0523158492032647,1.6992227169466243,Moderate
3.002334507011444,4.995162121514888,1.0279828993392923,1.449500574894587,Bad
1.1205810806316368,3.677955049798597,1.0024333089778468,1.0,Good
2.0431666765167718,4.581050240316355,1.0961151869413135,1.7491676248243118,Bad
3.885533609111894,4.368078415699968,1.087598647493199,2.2635964600930727,Bad
3.988354704118592,4.131443055015092,1.0213203109211038,2.178689996834184,Bad
3.742518842060272,3.074534880052165,1.159380856587641,2.608213567512256,Bad
1.356134852538346,3.6661232817643534,1.0,1.3596004599156697,Good
3.3611461084236587,2.1516569733811512,1.0754321585697628,1.744172774436083,Good
2.4525815504267987,5.578894229252337,1.0644823381267003,1.3795786628003843,Bad
1.4622275510009497,4.379910183734211,1.0279828993392923,1.2697003449367523,Good
1.0644968645816737,4.498227864076648,1.0,1.1398450228566048,Good
1.8169603062001547,4.247867652472051,1.2953750610182666,1.3596004599156697,Good
1.6197307647184696,3.4965030552254346,1.0048665899727944,1.6542726594571655,Good
1.521349633869574,5.164782348053805,1.096774184220754,1.349611957807412,Moderate
1.795461308341687,2.502634540348958,1.283326855810338,1.6243059544641931,Moderate
1.7907876720435052,5.239748430318774,1.0656989786241742,1.544395540261733,Bad
2.2281278179083244,3.019256859796178,1.0781189366498252,1.535875406698131,Good
1.0,3.926422178517716,1.0089036548775747,1.0,Good
2.317979431906888,4.750670466855274,1.249412785075787,1.7891228319255417,Bad
1.825022414272864,6.079803960750081,1.1352506708122814,1.4445057245063584,Bad
4.466005390346957,2.372485091972277,1.1070650073843762,2.857935709564293,Bad
3.305061827876831,3.886951400355479,1.0827320575204042,3.3523863419483386,Bad
1.6505770996701652,6.7620710326767135,1.0097331799455889,1.1448386745766337,Bad
1.9970140101594172,5.3264516264737125,1.0851146614846483,1.484462130275788,Bad
2.5237384257420405,3.2480359265063155,1.1469102215312863,3.342397839840081,Good
3.8098199013202274,3.6424597456958656,1.1070650073843762,2.0887898818552664,Moderate
1.86533295463641,6.308488373315945,1.064127486980179,2.0338513222575503,Bad
3.1166698402707205,2.411955870134514,1.1046316984065294,2.373473579288505,Moderate
3.98368106782041,2.762933437102321,1.1447810866692576,2.4384018396626788,Bad
2.912472251030225,1.9780612727827265,1.0443062479595802,1.6592675098453944,Good
1.647656036673261,5.93384727027965,1.1713952584531675,1.1048834674754036,Bad
2.0749477645268493,4.920290693394192,1.3731053151962689,1.0,Bad
2.5962973983964237,2.4237876381687578,1.0921103863194714,1.8490562419114869,Good
1.765900266907375,5.06615272972035,1.0676253493975905,1.3795786628003843,Good
3.5007193227812023,4.364197595784735,1.9565063723280216,2.4334069892744496,Bad
1.7900865911255024,2.924602715522228,1.4279051783909833,1.1148719695836613,Moderate
2.5936100075398985,5.137143337925812,1.1947143319082782,1.7391791227160542,Moderate
2.3235878212634518,3.255892220481053,1.0635974908666923,1.589345597751192,Good
1.4066106792317452,5.062271909805117,1.0255495903614458,1.154828375353091,Good
2.800537491070678,5.417224950832431,1.122425184609405,1.6992227169466243,Bad
3.683630431332027,1.6665544839771569,1.116798187329965,2.3984466325614484,Moderate
1.9405792536504527,4.514035106170399,1.0233190734551108,1.1098783178636322,Good
1.8922066052141973,3.863287864286991,1.282160892343568,1.5993340998594494,Bad
2.9644669788845226,4.9123397452751805,1.0139914496696465,1.5943392494712207,Bad
1.833084522345573,3.31117024073704,1.0427107469879515,1.918979352673889,Good
2.6124216145418417,4.510059632110892,1.141131137193937,1.908989651897432,Moderate
1.8465213476344668,5.685380141560532,1.0408083855421686,1.1997784328425498,Bad
1.995495108998519,5.109598981942092,1.0535324897007383,1.0,Moderate
2.3488257023617183,3.1888770863350966,1.0535324897007383,1.604328950247678,Good
2.7142587453824816,3.67994278682835,1.044183514963078,1.6367924811006649,Bad
1.693341294252992,4.541674116298392,1.1527399828993392,1.544395540261733,Moderate
3.716930420503003,4.916315219334686,1.3894286917994558,3.022752587025642,Bad
1.2081489896490918,2.8260677513330457,1.0104935872522347,1.0499449078776877,Good
2.660794262978097,2.979880735778215,1.0268169358725223,1.589345597751192,Moderate
1.4299791187101127,4.87684444117245,1.4273751822774972,1.0499449078776877,Moderate
1.0940579060159858,4.616545544419086,1.2401865433346289,1.3446171074191833,Moderate
2.109883523177346,5.811554115877707,1.049882568208317,1.5244173373770182,Bad
1.6234697124551336,2.9877370297529526,1.0151574131364167,1.234738789555551,Good
1.3729601496017674,3.950085714586204,1.0,1.0,Good
1.8216339424983363,4.959666817412156,1.0036499494753206,1.2447284903320084,Moderate
1.2327495772284274,4.918681572941535,1.018249719393704,1.2697003449367523,Good
1.6918754740116442,6.127131032887056,1.2302229521958803,1.544395540261733,Bad
1.0833084715836168,7.3733474963978844,1.030314798289934,1.2397336399437795,Bad
3.3065307439676785,1.5857198447672034,1.0946088394869802,2.2612075143710326,Moderate
1.38417699281176,5.578894229252337,1.1776305759813448,1.938956356890404,Moderate
1.9057602988217133,4.214265431254798,1.0661413882627284,1.5993340998594494,Moderate
1.929829819218084,2.360653323938033,1.064127486980179,1.094894965367146,Good
1.471107543813419,2.699799122871596,1.0,1.5993340998594494,Good
1.633751802606744,5.6893556156200376,1.0194663598911775,1.3845723145204134,Bad
2.107196196817686,1.7769212162005823,1.0629615235134084,1.3596004599156697,Good
3.015527018177302,3.046895869924171,1.0827827345511076,1.9489460576668611,Moderate
1.9534319308368304,3.267723988515297,1.0228951045472212,1.5643725444782484,Good
1.6369065377440275,5.496071853012631,1.0501360373105324,1.7541624752125404,Good
2.0235371847750683,5.389585940704437,1.067488177225029,1.322142078674454,Bad
2.152881454397417,6.994730919302083,1.0652934224640498,1.3596004599156697,Bad
2.045386658595673,2.530273550476952,1.2005441212592305,1.0,Good
3.3611461084236587,4.43906902390543,1.026766258841819,1.9289678547821465,Bad
1.7627455317700913,6.340102857503444,1.0571824391760591,1.0749167624824312,Bad
1.8814571707818284,2.8024042152645583,1.0,1.2397336399437795,Good
2.706479520557828,2.013556576885458,1.3626117279440342,1.7741394794290557,Moderate
2.517078415008472,5.32257080655848,1.3479612809949475,2.0638180272505227,Bad
1.5328002137168106,4.620521018478592,1.031798759424796,1.3845723145204134,Good
2.134069847395474,3.350546364755004,1.5619898857364944,1.6342956552406505,Bad
3.856673648595584,3.125742772104372,1.3859308293820445,1.6942290652265954,Moderate
1.56166017423312,2.770789731077059,1.1690633595025262,1.3596004599156697,Good
1.720682353608403,4.474564328008161,1.073773108433735,1.3046619003179534,Moderate
3.13645863926794,6.801541810838951,1.167897396035756,1.9639294101633475,Bad
2.547924749960168,2.8852265915042645,1.167897396035756,2.058823176862294,Good
1.2748127553901158,3.7962727301410335,1.015816410415857,1.2896785478214672,Good
4.462308946044052,2.4395002261182333,1.0746210742324136,3.007769234529156,Bad
1.7712749841235595,5.531567157115362,1.3287990672366887,1.0,Bad
1.6057096623333302,4.947835049377912,1.0110714900893898,1.7541624752125404,Moderate
1.929829819218084,5.523710863140624,1.092465237465993,1.419533869901615,Moderate
3.265802908890289,2.017532050944964,1.0060832304702685,2.743063739980632,Moderate
1.9478234769834015,5.180589590147555,1.1373705993004275,1.3046619003179534,Moderate
2.303374116922367,3.2401796325315777,1.2949864065293433,1.6842393644501383,Moderate
1.970257163403387,5.1844704100627865,1.0,2.0338513222575503,Bad
2.4527151234333475,3.5398546533029034,1.0852812157015157,1.4328522722686912,Moderate
1.400418012778936,7.893945289904609,1.108433734939759,1.1348501724683762,Bad
1.2720084962149694,3.7962727301410335,1.0,1.2697003449367523,Good
2.0292624424502543,1.9741804528674949,1.280994956859697,1.6842393644501383,Bad
1.9002687132869067,2.52232260235794,1.0652934224640498,1.7491676248243118,Good
1.491788592435262,4.454876265999179,1.024485036921881,1.419533869901615,Good
2.6124216145418417,4.687536152624549,1.0,1.829079237694972,Bad
1.3579575984282888,4.379910183734211,1.0754321585697628,1.0856196708377213,Good
1.5643475650896446,7.160375671781496,1.0443062479595802,1.0,Bad
1.5750970640188784,4.719150636812048,1.0209871745044694,1.0299667049929724,Moderate
2.289937291633473,5.212109420190781,1.0,1.6842393644501383,Bad
2.0319498333067787,3.1612380762071037,1.179556946754761,1.11986681997189,Good
1.674529687251049,6.024525940494094,1.0268169358725223,1.1048834674754036,Moderate
2.814324856818573,5.503928146987369,1.0766487990672369,1.7391791227160542,Bad
2.39254593396824,4.111754993006111,1.037310523124757,1.829079237694972,Moderate
1.5670349559461694,2.715606364965346,1.029148862806063,1.2497221420520372,Good
1.6906539033964674,4.498227864076648,1.1119315973571706,1.6293008048524218,Moderate
1.493541230233404,4.403479065658425,1.0377160792848814,1.4295223720098722,Good
1.171991660383418,3.5004785292849405,1.053633899727944,1.5244173373770182,Good
3.456744199565855,2.0570028291072013,1.035282798289934,2.053829525142265,Moderate
2.346372048142438,4.269543451510785,1.222697231247571,1.389567164908642,Moderate
1.053280021371681,4.568461239127919,1.0024333089778468,1.0099885021082575,Good
3.321887124940252,2.2494347044161414,1.5301204694908668,1.4634854367807075,Bad
2.025807280917749,3.550929188182956,1.0439731395258454,1.5813540768636658,Good
2.780674327188596,4.600832956469611,1.0669156191216478,1.9039960001774028,Bad
1.8303971314890488,5.44476930681615,1.0571317621453555,1.4594890770028446,Moderate
1.8975813869272469,5.551255219124344,1.2110377085114652,1.5593788927582195,Bad
1.5580380948150778,3.81198531809051,1.0012166404974738,1.1897887320660925,Good
3.54762615097611,1.962348684833251,1.9587184764865917,1.5943392494712207,Bad
2.327560441140495,1.512741499531988,1.053633899727944,1.5394006898735046,Good
3.5041608754752804,2.8024042152645583,1.0693489280994948,1.7042175673348532,Moderate
3.2826281414568457,1.918902432611508,1.049882568208317,2.338513222575504,Moderate
1.229945318053281,4.040764384800648,1.0,1.3596004599156697,Good
2.072260373670325,1.560068571668963,1.068132287602021,1.3096555520379822,Good
5.548431050347134,3.863287864286991,1.0206830003886511,2.488346747540366,Bad
2.104859346420163,2.6012641586824143,1.1873637559269334,1.5344058394852758,Good
2.2066288200498567,2.167369561330627,1.0104935872522347,1.484462130275788,Good
2.260376250199161,6.4149742856241385,1.1865526715895842,1.644284157348908,Bad
3.5882872317986574,1.5837321077374504,1.0145997699183833,3.0027743841409267,Moderate
1.7766497658366087,3.957942008560941,1.0932763218033423,1.449500574894587,Moderate
3.535007210426976,2.7432453750933394,1.1313979572483484,1.7591561269325693,Moderate
1.8008360900547362,3.4531514571479653,1.032879906723669,1.329633754922697,Good
2.583104887230565,1.2307668037398904,1.3140303085891956,1.6259709045936028,Moderate
1.356134852538346,3.768633720013041,1.0139914496696465,1.3096555520379822,Good
2.3759330895767503,5.030657425617618,1.1667314325689857,1.764150977320798,Moderate
1.8707076718525943,7.073672475626558,1.0932763218033423,1.484462130275788,Bad
1.0932273153939032,3.3939926169767465,1.0,1.2097669349508071,Good
1.4541654429282402,2.865443875351009,1.0,1.389567164908642,Good
2.0880340493567418,5.657741131432537,1.1958802953750487,2.4633736942674225,Bad
2.8732132675468183,3.0272078079151896,1.143564446171784,2.31354016930256,Moderate
2.507614209596622,3.334833776805528,1.3171395165176836,1.8690344447962015,Bad
1.5664507433467885,3.5833009055246468,1.0496060411970465,1.449500574894587,Good
1.246770615116702,5.432937538781906,1.319978381655655,1.389567164908642,Bad
3.6724135881220334,1.9860122209017383,1.0048665899727944,2.2436182572083574,Moderate
1.7820244830527932,4.9321224614284365,1.1690633595025262,1.0849052645906887,Bad
1.7010528618666996,3.535973833387672,1.3599618313253012,1.6492790077371366,Bad
2.222753036195275,2.8930828854790027,1.0384764865915277,1.3795786628003843,Good
1.7823750235117948,3.894807694330217,1.0437993097551497,1.9322977550409657,Good
1.4622275510009497,5.212109420190781,1.145744258064516,1.1648168774613483,Moderate
5.029651939015464,1.2642743708128688,1.1557309071123203,4.965593561180624,Bad
1.8076129046100615,4.111754993006111,1.0389327197823552,1.5244173373770182,Good
1.898349157603227,5.752395275706488,1.0547491581811117,1.2796888470450098,Bad
1.6420369408371769,5.070128203779855,1.167897396035756,1.5633740538678824,Moderate
2.5129889268128065,2.751101669068077,1.095608248736883,1.7341842723278256,Good
1.4178275224417378,3.1060547100953904,1.073773108433735,1.2397336399437795,Good
2.152881454397417,6.489940367889107,1.1107656338904004,1.3645953103038984,Bad
2.209316210906381,4.982194503749355,1.0046638258841818,1.3845723145204134,Bad
2.6957300861254585,5.314619858439468,1.33113096618733,1.3995556670168998,Bad
1.9001519094651491,2.573625148554421,1.0228951045472212,1.5493891919817622,Good
2.365183655144381,2.8070422683339817,1.1772250198212204,1.0299667049929724,Good
1.2257390260358578,2.325158019835301,1.031798759424796,1.5044391344923034,Good
1.389785382168324,3.8435998022780096,1.0,1.314650402426211,Good
2.864545727406281,2.6722547668878764,1.0432463116984063,2.743063739980632,Moderate
2.424539474650249,4.667848090615568,1.1107149568596968,1.983906414379863,Moderate
3.148026022936934,3.125742772104372,1.1143649063350174,1.7741394794290557,Moderate
1.3816064702738573,4.987305827540149,1.0046638258841818,1.4395120727863295,Bad
2.846222748650409,4.166938359117824,1.271667305091333,2.0788013797470093,Good
2.0695729828138,4.971498585446399,1.1037699090555773,1.414539019513386,Bad
2.0534487666683816,3.5083348232596783,1.0396424500582977,1.8091010348102567,Good
1.5939086065239567,5.050440141770873,1.0909444228527012,1.7192009198313394,Moderate
1.7094655103984104,5.503928146987369,1.1247570835600469,1.0,Bad
1.550910739800751,5.9496545123734,1.0093276237854645,1.0449500574894588,Moderate
1.50791280858068,4.750670466855274,1.0034978624174116,1.2197554370590649,Good
3.5574408968469617,2.0845471850909205,1.1046316984065294,1.2447284903320084,Moderate
2.703792194198168,2.573625148554421,1.315973581033813,1.7691458277090266,Moderate
5.183883549277078,1.5994446956869262,1.0948985184609406,2.728080387484145,Bad
3.0128396273207776,1.8715753604745329,1.2506801305868636,2.0138731193728354,Moderate
2.7494774517778984,5.141118811985318,1.1469102215312863,1.764150977320798,Bad
1.7390265518327226,6.706887666565001,1.247182268169452,1.0699219120942025,Bad
2.1260077393227643,5.653860311517306,1.101438010104936,1.414539019513386,Bad
2.201254102833672,6.691080424471251,1.0209871745044694,1.389567164908642,Bad
1.9110182122161403,6.584594512163057,1.1154294597745822,1.484462130275788,Bad
2.075924956522126,1.3218240905314305,1.3345228293820444,1.669256011953652,Bad
2.2469393604134025,7.578463027039534,1.457054013214147,1.6542726594571655,Bad
2.2979993997061827,4.009244554757423,1.0629615235134084,1.3596004599156697,Moderate
1.4486738573934337,5.026776605702387,1.1143649063350174,1.374583812412156,Good
1.548223348944226,5.768202517800238,1.0198212110376992,1.4994454827722743,Bad
2.131382521035814,4.94395422946268,1.1095996984065293,1.7192009198313394,Bad
1.5912212801642969,6.0166696465193565,1.1993781577924605,1.484462130275788,Bad
3.0078154505635943,3.468864045097441,1.2165632957637,1.6892342148383668,Moderate
1.8833266124017285,2.3409652619290515,1.0046638258841818,1.234738789555551,Good
2.292741486311756,4.813804781085999,1.274962403420132,1.1498335249648624,Bad
1.4219170106374035,2.530273550476952,1.216867469879518,1.1648168774613483,Moderate
2.93490593745021,5.886520198142675,1.0669156191216478,1.4245287202898431,Bad
4.193996894131987,1.4890779634635003,1.1313979572483484,3.8468369743323847,Moderate
1.98147400661338,4.494347044161417,1.0863820069957248,1.0,Good
2.3759330895767503,3.228347864497334,1.3882627283326856,1.1997784328425498,Moderate
1.7363392254730623,3.21651609646309,1.0909444228527012,1.0,Good
2.4497773557485165,4.43906902390543,1.0109498204430625,1.8540510922997155,Moderate
2.0212003343775446,1.9938685148764763,1.3614457924601633,1.094894965367146,Bad
2.2684383582718706,4.865012673138205,1.1737271574038088,1.11986681997189,Bad
3.731301998850279,1.6744107779518946,1.0693489280994948,2.743063739980632,Moderate
3.8098199013202274,2.912770947487984,1.1094982883793238,4.1814655796433104,Bad
3.5265945618952657,1.504790551412976,1.159380856587641,2.103773234351753,Moderate
3.3165124077240677,1.532429561540969,2.059852312475709,2.0488346747540365,Moderate
2.568446491326494,5.409274002713419,1.0445182464049747,1.3446171074191833,Moderate
1.860892925981743,4.521891400145136,1.0072998989506412,1.1448386745766337,Good
1.9898866551450904,7.105192305669783,1.041366028760202,1.449500574894587,Bad
3.549028248315251,1.7730403962853507,1.0523158492032647,2.4783570467639087,Moderate
3.8190504345916985,1.6744107779518946,1.1001493136416634,3.527191721517945,Moderate
1.9970140101594172,5.259436492327756,1.39759035211815,1.4944506323840456,Bad
1.8223350234163396,3.464983225182209,1.6004663723280217,1.2796888470450098,Bad
2.191789897421822,2.9877370297529526,1.0462326187329964,1.4994454827722743,Good
1.880522417723446,3.93825394655196,1.0226296587640886,2.2685901118131016,Good
1.6309476079284622,5.598582291261319,1.0936818779634667,1.669256011953652,Moderate
2.3678709815040406,2.8260677513330457,1.1294209094442285,1.7042175673348532,Good
2.138509876050141,2.1121861952189143,1.048334106490478,1.943951207278633,Good
2.3067625886968948,5.472408316944144,1.059615748153906,1.3795786628003843,Bad
1.2767990653286376,4.143274823049335,1.0524679362611735,1.5643725444782484,Good
2.1525309139384152,3.4846712871911905,1.0863820069957248,1.469478777779302,Good
2.6594505997982667,4.234048147408054,1.0501360373105324,1.529412187765247,Moderate
1.174678986743078,4.151225771168347,1.0046638258841818,1.11986681997189,Good
2.43505523694224,2.8260677513330457,1.305479993781578,1.329633754922697,Moderate
1.988951902086708,4.561362178307373,1.2191993688301594,1.374583812412156,Moderate
2.4028068046514024,3.315051060652272,1.0501360373105324,2.253606759316616,Moderate
1.8008360900547362,3.571469137490403,1.163233570151574,1.6942290652265954,Good
1.5428486317280417,4.0959477509123605,1.1107656338904004,1.0,Good
1.389785382168324,6.695055898530757,1.0559657986785853,1.6742508623418806,Moderate
2.034754027985061,4.632352786512836,1.141131137193937,2.228634904711871,Good
2.41051837226511,4.809829307026492,1.0470621438010106,1.6193123027441645,Moderate
2.01812905818303,2.534154370392184,1.1459977271667314,1.804106184422028,Good
3.7901904740753887,2.514466308383202,1.0121664889234356,1.9039960001774028,Moderate
1.467602268217134,5.705068203569513,1.024485036921881,1.0299667049929724,Moderate
1.6870318239784252,4.151225771168347,1.116798187329965,1.4245287202898431,Good
1.9898866551450904,2.663925202191769,1.058509696074621,2.158712992617669,Good
2.4722110421685017,2.471114710305733,1.087598647493199,1.604328950247678,Good
1.6315318205278428,1.6862425459861383,1.0757870097162845,1.034961555381201,Good
2.8967941596971176,5.093791739848342,1.0788609032258063,2.204661540717493,Bad
3.3165124077240677,1.3667848090615569,1.0396424500582977,3.0826859970115867,Moderate
2.01582561716136,1.812416520303314,1.0524679362611735,1.3995556670168998,Good
1.5320991327988076,3.054752163898909,1.053633899727944,1.6193123027441645,Good
2.396497334376836,3.3978734368919787,1.035282798289934,1.5194224869887896,Good
1.5748633273816344,2.9364344835564715,1.0851653385153517,1.11986681997189,Good
3.263532812747608,5.234731760672255,1.0706235211815005,1.6306037571855163,Bad
1.878769779925304,6.383454455580914,1.0326467252234746,1.409545367793357,Bad
1.583275975913345,2.908890127572752,1.0228951045472212,1.5394006898735046,Good
2.152881454397417,3.63848427163636,1.1609016712009328,1.6193123027441645,Good
3.061095471935275,5.929871796220144,1.0547491581811117,1.529412187765247,Bad
2.7790384932122105,2.234479349620857,1.197046258841819,1.5044391344923034,Good
1.4066106792317452,5.452720254935162,1.0024333089778468,1.4345172223981009,Moderate
2.220065709835615,5.026776605702387,1.0,2.2735849622013298,Good
2.954535429191913,2.1831768034243764,1.1131482378546445,2.9877910316444405,Good
1.7094655103984104,3.7804654880472848,1.0559657986785853,1.1048834674754036,Good
1.8384592395617576,6.766046506736219,1.1107656338904004,1.5493891919817622,Bad
1.4944759832917862,6.84489340891642,1.0081616883015934,1.1448386745766337,Bad
1.2103158908084422,6.367647213487164,1.0291995398367664,1.3845723145204134,Moderate
1.9217677111453744,4.032908090825909,1.2646715802565098,1.484462130275788,Moderate
3.271411298246853,3.2401796325315777,1.0437993097551497,1.6342956552406505,Moderate
2.0992508925667344,2.2936381897920763,1.0432463116984063,1.7741394794290557,Good
1.7417139426892472,4.368078415699968,1.2017100567431014,1.4744724294993308,Bad
5.380178337700381,2.163488741415395,1.1192314963078118,2.817980502463063,Bad
2.906863797176796,3.6029889675336286,1.041366028760202,1.9639294101633475,Moderate
1.7094655103984104,4.695487100743561,1.204041983676642,1.6542726594571655,Bad
1.314422214835659,2.2659991796640826,1.0279828993392923,1.7391791227160542,Good
4.379074839345298,1.650747241883407,1.0279828993392923,3.911765234706559,Moderate
2.012320341565076,4.5298423482641486,1.0620490291488536,1.5394006898735046,Bad
1.8814571707818284,4.7111996886930365,1.0501360373105324,1.569367394866477,Moderate
1.090295610414343,6.848868882975926,1.0705655685969686,1.11986681997189,Moderate
1.8833266124017285,2.6564475247941277,1.0279828993392923,1.5793558969747346,Good
2.3732457632170902,3.074534880052165,1.0501360373105324,1.639289306960679,Good
1.9513287525796867,6.367647213487164,1.2938204430625728,1.4644839273910732,Bad
2.0265751160905943,5.381729646729699,1.162067634667703,1.2796888470450098,Bad
1.3708569713446237,6.317291208733422,1.004197434900894,1.0,Moderate
2.005076118232126,3.6976431118075785,1.0186552755538285,1.2896785478214672,Good
1.0214989333616031,6.592450806137795,1.0,1.3246389045344684,Bad
2.9268438293775008,2.758957963042815,1.0778654675476098,1.8490562419114869,Good
1.443065403540005,3.630627977661622,1.0644823381267003,1.839067739803229,Good
2.7226037367032463,1.5639493915841949,1.318305479984454,1.2996670499297247,Good
2.17169306139936,4.569218472282111,1.0852812157015157,1.389567164908642,Bad
2.005076118232126,5.172638642028543,1.0268169358725223,1.3596004599156697,Moderate
2.160943562470126,2.778740679196071,1.0074215406140692,1.764150977320798,Moderate
1.2714242836155885,5.685380141560532,1.0804508356004665,1.3346286053109258,Moderate
3.587936691339656,1.3707602831210628,2.0645668153905947,2.443396690050907,Bad
3.0238578846847237,3.445200509028953,1.1002720466381657,2.2086567018271563,Moderate
1.9190803202888496,5.4053931827981865,1.215701506412748,1.1248616703601186,Bad
1.4115513970461595,4.49037157010191,1.0121664889234356,1.484462130275788,Good
2.3060615077788915,6.6161143422062825,1.1107656338904004,1.6193123027441645,Bad
1.2334172487705768,3.750270816023895,1.0,1.0,Good
1.2272746963815475,5.986569628640241,1.0213203109211038,1.2996670499297247,Moderate
3.483129286394436,1.6152519377806758,1.0652934224640498,2.1886796976106413,Moderate
1.1289937291633474,4.301063281554011,1.0,1.1448386745766337,Good
2.201254102833672,6.691080424471251,1.0209871745044694,1.389567164908642,Bad
3.2090176119223237,1.5915884017121882,1.41974349008939,1.9889012647680917,Good
1.9590403201933944,3.804129024115772,1.0571824391760591,1.5843507473629632,Good
1.4122190685883091,4.15510659108358,1.083948698017878,1.5094339848805318,Good
3.989289457176974,3.3623781327892472,1.0912485969685193,2.0688128776387518,Moderate
2.267503605213488,3.957942008560941,1.0340661298095608,2.5133186021451097,Moderate
2.4699910600896007,5.077984497754594,1.126739224251846,1.609322601967707,Bad
3.369558692458505,1.7257133241483755,1.0510992087057909,3.4372916065390275,Moderate
1.4944759832917862,5.776058811774976,1.0256510003886514,1.5094339848805318,Moderate
2.1797551694720694,3.748945658004059,1.1667314325689857,1.7391791227160542,Good
1.905643494999956,4.462732559973917,1.0979401476875243,1.0749167624824312,Moderate
1.3708569713446237,3.0823911740269025,1.0256510003886514,1.294672199541496,Good
2.5962973983964237,6.407117991649401,1.1294209094442285,1.7142060694431107,Bad
2.620483722614551,4.880819915231955,1.083948698017878,2.253991531808725,Bad
2.7442195383834718,5.239748430318774,1.116798187329965,1.7841291802055128,Bad
2.346372048142438,2.0885226591504265,1.1061018359891177,1.4045505174051285,Good
2.4804961803989345,2.8772756433852527,1.0364994387874078,1.9739179122716053,Moderate
1.2660495663994038,3.2007088543693403,1.0,1.204772084562579,Good
2.69093951701179,5.44476930681615,1.0291995398367664,1.2996670499297247,Bad
1.443065403540005,3.165213550266609,1.1094982883793238,1.11986681997189,Good
2.744102734561713,4.596857482410105,1.0489700738437622,1.4345172223981009,Moderate
2.201254102833672,6.691080424471251,1.0209871745044694,1.389567164908642,Bad
3.3078660870519774,6.0166696465193565,1.3722942308589197,3.3473914915601104,Bad
3.736910452703708,1.197164582522638,1.205207919160513,2.278579812589559,Moderate
2.0749477645268493,2.904914653513246,1.0384764865915277,1.5394006898735046,Good
3.3487608400149043,3.157357256291871,1.0757870097162845,2.1687014947259264,Moderate
2.418931020796821,5.3264516264737125,1.137582597745822,1.7391791227160542,Bad
2.186181443568393,5.701187383654281,1.0231163093664983,1.3945620152968707,Moderate
3.730367245791897,1.6665544839771569,1.145744258064516,3.2375143723646778,Moderate
1.8765710173148495,3.7449701839445537,1.1459977271667314,1.034961555381201,Good
2.884430110756811,4.762502234889517,1.0425826692576758,1.4744724294993308,Bad
4.303361131553632,1.4417508913265251,1.149647676642052,3.602108484000376,Moderate
2.255001468486112,2.786596973170808,1.0851653385153517,1.6243059544641931,Good
1.995495108998519,3.575349957405635,1.0145997699183833,1.6942290652265954,Good
1.2794863916882977,3.973749250654691,1.041974349008939,1.3096555520379822,Good
2.13009722751843,3.181020792360359,1.0186552755538285,1.5394006898735046,Good
1.7935918667217872,5.152950580019562,1.0559657986785853,1.234738789555551,Bad
1.5356044083950926,4.916315219334686,1.0109498204430625,1.4345172223981009,Moderate
3.1536344122934983,1.6665544839771569,1.2043968348231635,1.6892342148383668,Moderate
2.160943562470126,6.6319215843000325,1.0,2.0338513222575503,Bad
2.152881454397417,3.92244670445821,1.756704245627672,1.3246389045344684,Bad
1.8076129046100615,3.323002008771284,1.125923047026817,1.3795786628003843,Good
1.8465213476344668,2.6130959267166585,1.1037699090555773,1.804106184422028,Good
1.5524296409616491,4.159082065143085,1.018249719393704,2.543285307138082,Moderate
2.4637983936367918,1.1696202265389186,1.1107149568596968,2.213651552215385,Good
4.421138017506987,1.4614389533355068,1.0790821080450836,2.2635964600930727,Moderate
3.3863839895219257,1.863719066499795,1.0,3.177580962378733,Good
2.6853311276552256,3.685811343773335,1.0802987485425573,1.6792457127301093,Moderate
1.3925896413434706,7.006562687336327,1.041366028760202,1.154828375353091,Bad
1.8088981981274452,4.632352786512836,1.029148862806063,1.0,Moderate
1.6127202135259,6.651609646309014,1.2448503692188106,1.0,Bad
1.9366066337734087,2.829948571248278,1.0,1.314650402426211,Good
1.7282771174003533,4.596857482410105,1.0093276237854645,1.414539019513386,Moderate
1.084126356323377,5.409274002713419,1.0454722114263506,2.198668199718899,Bad
2.3490594389989625,4.060452446809629,1.096774184220754,1.5194224869887896,Moderate
2.163747757148408,4.139394003134104,1.0523158492032647,1.5244173373770182,Good
2.918781721304792,2.908890127572752,1.1177613587252235,2.703107334211202,Moderate
2.988185958821891,3.993437312663673,1.081515389040031,1.7841291802055128,Moderate
1.3574201460557298,2.948266251590716,1.1702292949863973,1.0,Good
1.995495108998519,5.397442234679175,1.0060832304702685,1.4994454827722743,Moderate
3.0140611979359546,1.7020497880798882,1.0852206607073456,2.0238628201492928,Good
2.107663541098445,2.6682792928283705,1.058399107656432,1.609322601967707,Good
1.2327495772284274,5.062271909805117,1.0338126607073457,2.198668199718899,Moderate
1.9432666445069773,4.963642291471661,1.2844928192771086,2.003884617264578,Moderate
1.9029561041434315,4.0999232249718665,1.0268169358725223,1.414539019513386,Moderate
1.50791280858068,5.290956322370981,1.036144587640886,1.764150977320798,Moderate
3.174081788774962,2.680111060862614,1.048334106490478,1.7691458277090266,Moderate
1.7497760507619564,5.172638642028543,1.0862805969685192,1.4994454827722743,Moderate
1.8045135077825896,4.797997538992249,1.0044183598911776,1.322142078674454,Bad
1.827709740632524,6.462301357761114,1.1469102215312863,1.4794672798875594,Bad
1.9253897905634163,6.1468190948960375,1.0291995398367664,1.529412187765247,Bad
2.263063576558821,5.093791739848342,1.0431403124757093,1.414539019513386,Moderate
1.5320991327988076,3.054752163898909,1.053633899727944,1.6193123027441645,Good
1.0644968645816737,3.366353606848753,1.0279828993392923,2.198668199718899,Good
1.3305464309810775,4.360222121725229,1.0944422852701128,1.0,Good
1.8384592395617576,6.462301357761114,1.0808006218422077,1.3995556670168998,Bad
1.8814571707818284,6.0166696465193565,1.1539059463661097,1.3995556670168998,Bad
2.4861152762350187,3.685811343773335,1.1106596346677031,1.569367394866477,Moderate
2.088384589815744,4.7151751627525424,1.0489700738437622,1.529412187765247,Moderate
3.483129286394436,1.8440310044908133,1.1058483668869024,2.0887898818552664,Moderate
1.5159749166533891,5.5394234510901,1.15507190983288,1.4445057245063584,Bad
2.096446697888452,2.7471261950085712,1.024485036921881,1.764150977320798,Good
1.88613080708001,4.83349284309498,1.0546938359891178,1.529412187765247,Moderate
1.1209316210906382,5.212109420190781,1.035282798289934,1.2397336399437795,Good
2.4323678460857145,4.403573719802698,1.278663029926156,2.058823176862294,Moderate
1.1289937291633474,3.4806958131316845,1.0104935872522347,1.11986681997189,Good
1.9002687132869067,5.6025577653208245,1.0174893120870578,1.4794672798875594,Bad
1.6449686458167367,3.788321782022023,1.0139914496696465,1.2896785478214672,Good
2.365183655144381,2.648591230819389,1.5514962984842595,1.0699219120942025,Moderate
1.3305464309810775,5.074103677839361,1.0268169358725223,1.2697003449367523,Moderate
2.0151245362433574,2.80628503517979,1.006691550719005,1.3046619003179534,Good
1.5468212516050852,5.010969363608637,1.126531367275554,1.3096555520379822,Moderate
1.6772170781075737,4.904483451300443,1.1492421204819276,1.1997784328425498,Good
1.327859040124553,3.662147807704848,1.0921103863194714,1.6492790077371366,Good
5.29885624055215,2.7432453750933394,1.0340661298095608,3.117647552392788,Bad
1.9394108284516915,3.3860416688577346,1.0693489280994948,1.349611957807412,Good
1.142430554452241,4.226097199289042,1.0069957248348231,1.214761785339036,Moderate
2.137181563124081,6.099492022759063,1.2681694426739214,1.7042175673348532,Bad
1.4541654429282402,5.993006110450869,1.1655654970851146,1.4395120727863295,Bad
2.0695729828138,6.698936718445989,1.0687912848814614,1.389567164908642,Bad
1.830046591030047,5.413249476772925,1.0218996688690245,1.409545367793357,Bad
3.437444028814705,4.975474059505905,1.13291877186164,2.3285235217990463,Bad
1.0729095131133843,4.557386704247867,1.0012166404974738,1.3596004599156697,Good
1.6987160114691764,2.1358497312874016,1.0524679362611735,1.1348501724683762,Good
2.6339205479034447,1.7532576801320952,1.2798289933929266,1.094894965367146,Moderate
2.023887725234069,5.7405635076722445,1.3859308293820445,1.0849052645906887,Bad
1.8062108072709209,5.125311569891568,1.3346288286047416,1.589345597751192,Bad
1.3729601496017674,3.220396916378322,1.0206830003886511,1.4445057245063584,Good
4.889441366642123,3.0902474680016403,1.0851653385153517,2.708102184599431,Bad
2.7145416286305366,2.6012641586824143,1.096774184220754,1.764150977320798,Moderate
1.733651834616538,6.0718530126310695,1.342790516906335,1.5194224869887896,Bad
4.603411768042015,4.648160028606586,1.0291995398367664,2.288568314697816,Bad
2.187817277544778,3.6463405656110974,1.3462883793237466,1.1947835824543211,Moderate
1.5858464984512477,6.801541810838951,1.0466381748931208,1.374583812412156,Bad
1.854583455707176,1.1261739743171757,1.0524679362611735,1.544395540261733,Good
2.8354732497211748,1.7257133241483755,1.1702292949863973,1.3346286053109258,Good
1.9618445148716763,4.048620678775386,1.079284872133696,1.6342956552406505,Moderate
5.242772024502187,1.1853328144883943,1.0133831294209097,4.995560266173596,Bad
3.767990459795783,1.3116014429498437,1.2005441212592305,3.2425080240847066,Moderate
1.4810390935060278,3.255892220481053,1.1340847353284105,1.2497221420520372,Good
2.4296805197260545,6.426806053658383,1.1095996984065293,1.4345172223981009,Bad
2.607046897325657,3.145525488257628,1.0402254178002333,1.958934559775119,Good
1.3589390472166285,3.5319983593281656,1.0097331799455889,1.274695195324981,Good
2.962948077723624,3.6029889675336286,1.0,2.31354016930256,Moderate
1.8868318879980128,3.43336874099471,1.047804110376992,2.528301954641596,Good
1.975865617256816,5.79584152792823,1.0439731395258454,2.038846172645779,Bad
2.5129889268128065,6.458420537845882,1.1824971659541392,1.4944506323840456,Bad
1.4729769854333186,5.3501151625422,1.0132614597745822,1.3596004599156697,Moderate
2.7526321869151813,6.482084073914369,1.0121664889234356,1.5194224869887896,Bad
1.9730614225785337,2.7984287412050524,1.0,1.314650402426211,Good
1.1155569038744535,4.667848090615568,1.0034978624174116,1.0,Good
4.911875053062109,2.814235983298802,1.068132287602021,2.3085465175825317,Bad
2.901255407820232,2.443475700177739,1.0742155180722892,1.569367394866477,Good
2.413322566943392,3.701618585867085,1.0206830003886511,1.3346286053109258,Good
1.583275975913345,3.6976431118075785,1.0060832304702685,1.3196452528144396,Good
2.3513628800206323,3.1375745401386155,1.0979401476875243,1.0849052645906887,Good
3.321887124940252,5.11745527591683,1.138748533229693,1.4045505174051285,Moderate
1.6039251630840845,4.001293606638411,1.0,1.5743622452547057,Good
1.405792794491985,4.683655332709317,1.0,1.2397336399437795,Good
1.634219146887503,3.823817086124754,1.0081616883015934,1.3346286053109258,Good
2.510301600453147,3.0942229420611462,1.3287990672366887,1.4944506323840456,Moderate
3.148026022936934,1.2761061388471124,1.026766258841819,2.038846172645779,Moderate
2.443117345014948,4.103898699031372,1.355616003109211,2.0338513222575503,Bad
1.5748633273816344,3.3978734368919787,1.0060832304702685,1.0,Good
1.5243875651851,3.5438301273624093,1.010175589584143,1.4794672798875594,Good
1.8020045152534976,6.205977935067257,1.0717822090944422,1.2996670499297247,Moderate
1.7497760507619564,2.865443875351009,1.1399144966964632,1.1048834674754036,Good
2.553533203813597,3.90663946236446,1.059615748153906,1.669256011953652,Moderate
3.481727189055296,1.2406108347443812,1.0279828993392923,1.4644839273910732,Moderate
1.1597064911084944,3.255892220481053,1.0443062479595802,1.0749167624824312,Good
3.4284471676836143,2.447451174237245,1.0218996688690245,1.7841291802055128,Moderate
1.4038064845534632,7.542967722936803,1.0401493882627284,1.0,Bad
2.396497334376836,2.1121861952189143,1.041974349008939,1.6193123027441645,Good
1.8833266124017285,8.970636181020794,1.024332949863972,1.4894557819958172,Bad
1.5496254462833672,3.9619174826204473,1.054799835211815,1.0,Good
1.9432666445069773,5.673548373526288,1.2756315584920326,1.484462130275788,Bad
1.639593928600552,5.216084894250287,1.0209871745044694,1.3046619003179534,Moderate
3.4677061511670204,3.1888770863350966,1.0523158492032647,1.9339627051703752,Moderate
2.5563373984918787,3.267723988515297,1.0133831294209097,1.544395540261733,Good
1.8076129046100615,3.323002008771284,1.125923047026817,1.3795786628003843,Good
1.8169603062001547,6.0718530126310695,1.2844928192771086,1.5643725444782484,Bad
8.29352041494531,3.764658245953535,1.0699572483482316,3.007769234529156,Bad
3.913575749385308,1.1261739743171757,1.0961151869413135,2.6531636250017145,Moderate
4.1855842456002765,2.2028648654333582,1.032849489312087,2.2635964600930727,Moderate
2.3087488986354163,4.360222121725229,1.072289147298873,1.4295223720098722,Bad
1.8665013798351715,4.703343394718299,1.0559657986785853,1.2796888470450098,Moderate
2.263063576558821,5.823385883911951,1.1095996984065293,1.644284157348908,Bad
2.389614293485544,3.764658245953535,1.0356145915274,1.4345172223981009,Good
4.084632656710344,1.8755508345340384,1.0717822090944422,4.116537319269137,Moderate
2.1805730542118296,6.541242914085588,1.0991061111542946,1.4594890770028446,Bad
3.1836795671933604,3.1612380762071037,1.1527399828993392,1.4295223720098722,Moderate
2.2496267512699277,5.334402574592724,1.101438010104936,1.5593788927582195,Bad
4.429550666038697,1.3312895049588254,1.2737457629226585,8.057159025845017,Bad
2.040011941379488,5.815529589937213,1.0036499494753206,1.409545367793357,Bad
2.072260373670325,4.237928967323287,1.029148862806063,1.569367394866477,Moderate
1.9338024390951272,4.778309476983267,1.0377160792848814,2.2336297551001,Good
1.4598907006034263,5.977198868357119,1.0571824391760591,1.983906414379863,Moderate
1.174678986743078,4.143274823049335,1.0,1.0849052645906887,Good
1.5858464984512477,5.137143337925812,1.1200932856587642,1.7491676248243118,Moderate
2.0856971989592186,1.6428909479086693,1.0816167990672367,1.5394006898735046,Good
3.1015228161205792,4.450900791939674,1.197046258841819,2.248613107596586,Moderate
2.5365429237705754,4.064427920869136,1.060629624562767,1.6193123027441645,Moderate
2.673986774143956,1.9860122209017383,1.0127194869801788,1.9739179122716053,Moderate
1.90856455799686,4.454876265999179,1.1170193921492422,1.3945620152968707,Good
1.2579874583266948,4.147250297108842,1.0218996688690245,1.3446171074191833,Good
2.0023887918724665,6.269112249297982,1.1585697722502917,1.3795786628003843,Bad
3.218131276875172,4.068403394928641,1.0012166404974738,1.6542726594571655,Bad
4.07341581350035,1.2918187267965882,1.116798187329965,2.578246862519284,Moderate
1.427291727853588,3.756801951978797,1.0431403124757093,1.2996670499297247,Good
3.5770703885886648,1.8203674684223257,1.126531367275554,3.736958656468752,Moderate
1.733651834616538,5.156926054079068,1.0,1.294672199541496,Bad
2.2872499007769487,2.751101669068077,1.2844928192771086,1.3645953103038984,Moderate
2.56727380933467,5.06615272972035,1.1715473455110763,1.1098783178636322,Moderate
2.580173182251005,5.815529589937213,1.2506801305868636,1.99389611515632,Bad
2.69093951701179,5.44476930681615,1.0291995398367664,1.2996670499297247,Bad
2.1394446291085227,4.679679858649811,1.3929265542168676,1.204772084562579,Moderate
2.437742627798764,5.3501151625422,1.0326467252234746,1.4395120727863295,Bad
1.491788592435262,3.618796209627378,1.0746210742324136,1.1847950803460634,Good
1.3439832562699714,3.3703290809082587,1.030314798289934,1.294672199541496,Good
1.8008360900547362,2.644615756759884,1.4838709770695686,2.4084351346697064,Good
1.493541230233404,6.5569555020350645,1.041366028760202,1.2697003449367523,Bad
2.3011541348434656,4.967617765531168,1.0462326187329964,1.4744724294993308,Bad
1.857270846563701,5.55523069318385,1.2028760202098718,1.3695889620239272,Bad
1.058888410728245,4.166938359117824,1.0024333089778468,1.0749167624824312,Good
2.459241561160366,6.8330616408821765,1.191216469490867,1.0499449078776877,Bad
2.354434156215147,5.4566010748503935,1.0109498204430625,1.4744724294993308,Bad
1.3729601496017674,5.60653323938033,1.0408083855421686,2.198668199718899,Bad
2.702156360221782,4.553505884332635,1.0,1.834072889415001,Bad
1.4178275224417378,3.879095106380741,1.0635974908666923,1.374583812412156,Good
1.6625586822035028,3.930302998432948,1.2531786117372716,2.0788013797470093,Good
1.8132213584634904,5.8707129560489255,1.0568985526622618,1.4894557819958172,Bad
3.216346777625926,3.729162941850804,1.121259221142635,2.318535019690789,Moderate
2.186181443568393,6.332151909384432,1.0608323886513795,2.31354016930256,Bad
1.735850597226992,2.707750070990608,1.0034978624174116,1.1098783178636322,Good
2.555986858032877,2.872826898604377,1.1017560077730275,1.6312989847413533,Moderate
3.671245162923273,1.4614389533355068,1.0652934224640498,3.781908713958211,Moderate
1.752463441618481,3.993437312663673,1.0629615235134084,1.0199782028847149,Moderate
2.5264258165985654,3.926422178517716,1.0699572483482316,2.4034402842814773,Moderate
2.7387279528486643,4.868988147197712,1.2215312957637,1.6143174523559356,Moderate
2.566736356962111,6.276968543272719,1.1399144966964632,1.744172774436083,Bad
1.7262908074618315,3.673979575739091,1.0534219012825496,1.4345172223981009,Good
3.087353048462579,5.63407759536405,1.2569338888457051,1.8690344447962015,Bad
2.245069918793503,2.758957963042815,1.192230345899728,2.5482801575263108,Good
3.5630492862035257,1.5639493915841949,1.0291995398367664,2.4184236367779635,Moderate
2.518363708525856,4.983330353480644,1.1527399828993392,1.3446171074191833,Bad
2.7161774626069217,3.800153550056266,1.1615376385542169,1.7891228319255417,Moderate
1.737507650671824,2.561793380520177,1.0547491581811117,1.174805379569606,Good
1.2579874583266948,5.097767213907848,1.0,1.059933409985945,Moderate
1.733651834616538,4.801973013051755,1.1340847353284105,1.389567164908642,Bad
2.4722110421685017,2.471114710305733,1.087598647493199,1.604328950247678,Good
2.0830098725995585,5.472408316944144,1.034978624174116,1.4045505174051285,Bad
1.674529687251049,6.2848248372474576,1.0174893120870578,1.4245287202898431,Bad
1.3518010502196454,2.71163089090584,1.132282804508356,1.529412187765247,Moderate
1.2203643088196732,3.062703112017921,1.0,1.2297451378355222,Good
1.827709740632524,1.6625790099176507,1.0431403124757093,1.2447284903320084,Good
2.6903553044124093,3.62267702954261,1.7240575204041977,1.4994454827722743,Bad
2.393693139698553,1.603420169746432,1.0961151869413135,1.314650402426211,Good
1.658989683705011,3.82779256018426,1.0050877947920716,1.3446171074191833,Good
2.719916410343586,4.746694992795767,1.1399144966964632,1.7741394794290557,Bad
2.5927921228001383,5.780034285834482,1.0279828993392923,1.589345597751192,Bad
3.5180651095417974,2.6012641586824143,1.0746210742324136,1.4544954252828155,Moderate
1.9643816925305904,4.269543451510785,1.0241670392537894,1.3596004599156697,Moderate
1.4221613247604388,6.868556944984908,1.0851146614846483,1.4045505174051285,Bad
2.264699410535206,6.12315555882755,1.1094982883793238,1.918979352673889,Bad
2.284328837780045,2.63278398872564,1.0279828993392923,1.449500574894587,Good
1.9943266837997573,3.628072315766225,1.1301813167508743,1.6492790077371366,Good
3.289638692649415,2.506610014408464,1.191216469490867,1.7341842723278256,Moderate
2.1374901806211044,3.81198531809051,1.0693489280994948,1.4944506323840456,Moderate
1.5132875257968648,6.300632079341207,1.1270890104935871,1.11986681997189,Bad
2.3011541348434656,2.549961612485933,1.0012166404974738,1.3596004599156697,Good
2.144118265406705,5.251580198353017,1.0206830003886511,1.1148719695836613,Bad
3.5602450915252435,2.0253883449197017,1.0608323886513795,2.8379575066795786,Bad
2.1367572382519984,6.478108599854863,1.0513019727944035,1.9339627051703752,Bad
2.4726783864492603,5.216084894250287,1.15507190983288,1.604328950247678,Moderate
1.4991496195899685,4.340534059716248,1.01703307889623,1.154828375353091,Good
1.3601074724153897,5.018825657583375,1.0104935872522347,1.11986681997189,Moderate
1.4622275510009497,5.851024894039943,1.0174893120870578,1.0199782028847149,Bad
1.894893996070722,6.931691259215633,1.12531472677808,1.449500574894587,Bad
2.360042610068576,3.90663946236446,1.1472143956471046,1.484462130275788,Good
1.927142428361559,2.0608836490224327,1.2600077823552274,1.3645953103038984,Good
1.6758149807684326,3.6424597456958656,1.0368865542168677,1.4395120727863295,Good
1.6100328226693752,1.8755508345340384,1.0186552755538285,1.2497221420520372,Good
3.83505784691536,4.939978755403175,1.0121664889234356,2.338513222575504,Bad
2.901255407820232,1.9465414427395011,1.049882568208317,2.708102184599431,Good
2.4694068474902195,2.3409652619290515,1.0231163093664983,2.428413337554421,Bad
1.378919079417333,5.169041784546133,1.0,1.3346286053109258,Good
2.413322566943392,4.277399745485523,1.0669156191216478,1.6492790077371366,Moderate
1.4864138752190772,3.31117024073704,1.064127486980179,1.4744724294993308,Good
2.3786204804332747,3.8909268744149847,1.101438010104936,1.529412187765247,Good
3.5826787779452287,3.4531514571479653,1.0024333089778468,1.9639294101633475,Moderate
2.777246963804725,2.124017963253157,1.0475709288767976,2.223640054323643,Good
1.982111364629176,3.740994709885048,1.0050877947920716,1.389567164908642,Good
1.9782024676543388,4.305038755613516,1.0466381748931208,1.5493891919817622,Moderate
1.3931237398790717,6.511426858639294,1.0426406218422075,1.326303854663878,Moderate
2.1851298866882534,4.73883869882103,1.145744258064516,1.5643725444782484,Moderate
1.7873992002689778,4.999137595574393,1.172561221919938,1.5993340998594494,Moderate
1.2720084962149694,3.6976431118075785,1.0025438973960357,1.3346286053109258,Good
4.294948547518786,2.829948571248278,1.0072998989506412,2.1886796976106413,Moderate
1.9110182122161403,4.589001188435367,1.1643995336183444,1.5943392494712207,Bad
1.7873992002689778,4.407549193862204,1.0256510003886514,1.4744724294993308,Moderate
1.8384592395617576,4.81768560100123,1.036144587640886,1.6892342148383668,Moderate
3.2224544372112174,5.6498848374578,1.3881106412747766,1.7142060694431107,Bad
1.1374063776950578,5.121430749976336,1.121259221142635,1.11986681997189,Good
1.4702896590736587,3.7962727301410335,1.0594636610959969,1.3995556670168998,Good
1.8492087384909917,2.1753205094496386,1.0139914496696465,1.3196452528144396,Good
2.0319498333067787,6.1389628009213,1.0687912848814614,1.3196452528144396,Bad
1.6068568680636446,3.1612380762071037,1.1399144966964632,1.0299667049929724,Good
1.5106001994372047,5.55523069318385,1.08861252390206,1.5993340998594494,Moderate
2.4273436693285317,2.502634540348958,1.077588940536339,2.123751437236468,Good
2.8928427592885217,2.3409652619290515,1.0620490291488536,2.897890916665524,Good
2.6236384577518344,4.64418455454708,1.035282798289934,2.0488346747540365,Bad
2.51427422033019,2.715606364965346,1.0279828993392923,1.3046619003179534,Good
1.8833266124017285,2.3409652619290515,1.0046638258841818,1.234738789555551,Good
2.292741486311756,3.512310297319184,1.0097331799455889,1.3995556670168998,Bad
1.6898360186567072,5.645909363398294,1.0523158492032647,1.0,Moderate
2.040011941379488,2.52232260235794,1.0897784593859308,1.449500574894587,Good
2.298349940165184,2.8970583595385087,1.008516539448115,1.4794672798875594,Good
4.917483442418673,1.3312895049588254,1.116798187329965,3.98168714680076,Bad
2.2406161523066803,5.070128203779855,1.0632656976292263,1.5743622452547057,Bad
1.9001519094651491,3.831768034243766,1.1204481368052857,1.5344058394852758,Moderate
2.637659495640109,2.3369897878695456,1.097331827438787,1.9889012647680917,Good
4.990392955532057,2.364628797997539,1.024332949863972,3.0027743841409267,Bad
2.389614293485544,3.464983225182209,1.1373705993004275,1.899001149789174,Good
1.6557181447459706,4.143274823049335,1.7170617955693743,1.389567164908642,Bad
1.5025380913644957,5.622245827329807,1.1235911480761758,1.4644839273910732,Moderate
1.7900865911255024,3.630627977661622,1.205207919160513,1.4744724294993308,Moderate
2.4028068046514024,3.1375745401386155,1.1595025262339682,2.123751437236468,Moderate
2.220065709835615,5.397442234679175,1.1842207446560435,1.5144288352687607,Moderate
4.35944541210046,3.808104498175278,1.10828164788185,2.283573464309588,Moderate
4.956742425902078,2.975905261718709,1.0255495903614458,1.5643725444782484,Bad
1.8814571707818284,3.677955049798597,1.4605518756315583,1.4794672798875594,Moderate
1.833084522345573,4.683655332709317,1.0,1.2447284903320084,Moderate
2.040744883748594,6.276968543272719,1.031798759424796,1.5094339848805318,Moderate
3.010619645241876,2.1753205094496386,1.0340661298095608,2.298556816806074,Moderate
2.020732990096786,6.083684780665313,1.0,1.4594890770028446,Bad
1.4094148739100274,3.299338472702797,1.0291995398367664,1.5194224869887896,Good
2.1578722862756115,5.342258868567462,1.8248872102603968,1.6243059544641931,Bad
1.8020045152534976,2.4829464783399766,1.0127194869801788,1.609322601967707,Good
1.9301127024661389,4.957773734526677,1.057438594636611,1.4345172223981009,Bad
2.01582561716136,4.001293606638411,1.0279828993392923,1.4994454827722743,Moderate
1.771158180301802,6.793590862719939,1.026766258841819,1.3995556670168998,Bad
1.5524296409616491,5.748514455791256,1.0644823381267003,1.4894557819958172,Bad
3.620609448502576,1.6428909479086693,1.1111154201321414,1.799112532701999,Good
2.769457483978603,2.25416741162984,1.1240980862806065,1.820141967597868,Good
2.547924749960168,3.5398546533029034,1.0571317621453555,1.7591561269325693,Moderate
1.6422812549602122,4.569218472282111,1.071123211815002,1.0,Moderate
2.5871837334435743,3.520166591293922,1.049882568208317,1.4395120727863295,Moderate
2.0426993322360127,5.216084894250287,1.01703307889623,1.4894557819958172,Bad
2.1233204129631047,5.22791666228453,1.2856587547609797,1.0549385595977163,Bad
1.4246043369970636,4.774334002923761,1.0944422852701128,1.234738789555551,Moderate
1.8492087384909917,2.1753205094496386,1.0139914496696465,1.3196452528144396,Good
1.5496254462833672,3.9461102405266977,1.0025438973960357,1.4395120727863295,Good
1.14021057237334,5.444012073661958,1.0340661298095608,1.15982202707312,Good
1.378568538958331,4.021076322791666,1.0635974908666923,1.389567164908642,Good
1.5468212516050852,3.390017142917241,1.0279828993392923,1.3945620152968707,Good
2.107196196817686,4.671823564675073,1.2495141951029929,1.5643725444782484,Bad
2.034637224163303,5.346234342626968,1.06645938593082,1.5993340998594494,Moderate
2.539512101428458,5.468432842884638,1.0790821080450836,1.4045505174051285,Bad
1.6163034013345992,5.6498848374578,1.0699572483482316,1.03995520710123,Moderate
1.954016143436211,2.3803413859470144,1.0036499494753206,1.1947835824543211,Good
1.264130010715724,5.767161322213224,1.037310523124757,1.2397336399437795,Good
2.975216477813756,2.0766908911161828,1.0116595507190052,1.5044391344923034,Moderate
2.292624682489998,3.098198416120652,1.506024087057909,1.3446171074191833,Bad
2.7133732034317752,3.425512447019972,1.0,2.298556816806074,Good
3.81147695476506,1.4417508913265251,1.1310108418188884,3.167591261602275,Moderate
1.982111364629176,3.740994709885048,1.0050877947920716,1.389567164908642,Good
2.3796720373134144,4.939978755403175,1.071229211037699,1.6942290652265954,Bad
2.4469731610702343,2.628808514666134,1.266445863972017,1.3845723145204134,Good
1.548223348944226,3.3703290809082587,1.0,1.3845723145204134,Good
1.020521741366326,4.64418455454708,1.0139914496696465,1.1448386745766337,Good
1.755150767978141,4.766477708949024,1.0,1.0,Bad
1.3028548311666652,5.701187383654281,1.0559657986785853,1.2597118428284946,Moderate
1.1289937291633474,5.105623507882586,1.041366028760202,1.0,Good
2.037558287160208,3.831768034243766,1.1143649063350174,1.978912762659834,Good
3.5013566807969987,3.173069844241347,1.1301813167508743,2.743063739980632,Moderate
2.1394446291085227,6.119180084768044,1.1480761849980567,1.5593788927582195,Bad
2.636607938759969,1.8715753604745329,1.0897784593859308,1.2996670499297247,Good
1.682591795323758,4.435188203990197,1.030314798289934,1.0,Moderate
4.3454243097153205,2.5854569165886647,1.1058483668869024,2.1886796976106413,Moderate
3.1230218139790464,2.214696633467602,1.13291877186164,2.083796230135237,Moderate
1.8760823890687792,2.841780339282521,1.2483482316362222,1.4594890770028446,Good
3.1310839220517552,2.313326251801058,1.1061018359891177,1.7042175673348532,Moderate
2.811520662140292,2.2856872416730645,1.0462326187329964,2.1437296401211823,Good
1.3896685783465663,3.740994709885048,1.0081616883015934,1.214761785339036,Good
1.327859040124553,6.2178097031015005,1.0069957248348231,2.758047092477118,Moderate
1.8438339567779425,3.8514560962527473,1.2258619852312476,1.0,Good
1.2748127553901158,6.075828486690575,1.0279828993392923,2.198668199718899,Bad
3.8602957280136265,3.271699462574803,1.1216647773027597,2.643173924225257,Moderate
2.264699410535206,6.12315555882755,1.1094982883793238,1.918979352673889,Bad
2.009516146886793,5.113479801857324,1.159380856587641,1.6243059544641931,Bad
3.661196744912041,1.7217378500888696,1.083948698017878,2.488346747540366,Moderate
1.5724096731623538,3.934278472492454,1.125923047026817,1.11986681997189,Good
1.5052254177241555,3.7804654880472848,1.1574038087835212,1.1148719695836613,Good
1.8328507857083287,5.744538981731751,1.209871745044695,1.1248616703601186,Bad
1.6533812943484474,3.212540622403584,1.0778654675476098,1.15982202707312,Good
1.5423600034819709,5.582869703311843,1.0,1.5793558969747346,Moderate
2.096446697888452,5.511879095106381,1.205207919160513,1.6243059544641931,Moderate
1.9870824604668085,3.606964441593135,1.0304162083171395,1.349611957807412,Good
1.408480120851645,4.947835049377912,1.0139914496696465,1.0249718546047435,Moderate
1.8132213584634904,1.2602988967533628,1.0216231418577535,1.3995556670168998,Good
2.253482567325213,2.356677849878527,1.1751972949863971,1.9988897668763488,Good
2.284328837780045,4.036788910741142,1.0206830003886511,1.4894557819958172,Moderate
3.535007210426976,2.051134272162216,1.0802987485425573,2.0088794676528066,Moderate
3.607916723540361,2.8536121073167653,1.1995302448503693,1.7691458277090266,Bad
1.9405792536504527,2.8852265915042645,1.0133831294209097,1.4345172223981009,Good
3.211705002778848,1.560068571668963,1.4850369125534395,1.9139845022856603,Bad
3.9528347328687135,2.3843168600065203,1.0948985184609406,3.7968920664546975,Moderate
1.755150767978141,4.403573719802698,1.0932763218033423,1.6542726594571655,Bad
3.17045970935692,4.0447398588601535,1.0206830003886511,1.4644839273910732,Moderate
2.17438038775902,4.975474059505905,1.167897396035756,1.3346286053109258,Moderate
2.27030779989177,2.506610014408464,1.0024333089778468,1.4544954252828155,Good
1.0140210378882746,4.419380961896448,1.0,1.059933409985945,Good
3.4172303244736217,1.7138815561141318,1.122881417800233,2.283573464309588,Good
1.7010528618666996,3.149406308172859,1.0024333089778468,1.0,Good
2.721785851963486,2.644615756759884,1.6156237854644384,1.4794672798875594,Moderate
4.593396759406637,1.3431212729930693,1.0827320575204042,3.557158426510917,Moderate
3.2654523684312875,3.1020792360358844,1.137582597745822,1.4944506323840456,Moderate
2.359808873431332,3.701618585867085,1.0991061111542946,1.0199782028847149,Moderate
2.623171113471076,4.24976073535753,1.4325689762922658,1.7042175673348532,Moderate
1.980889794013999,6.233616945195251,1.0862805969685192,1.5493891919817622,Bad
1.9534319308368304,2.7944532671455464,1.6741334815390596,1.764150977320798,Moderate
1.2159242801650063,4.064427920869136,1.0097331799455889,1.0,Good
2.9461227806602026,1.6586035358581448,1.0790821080450836,2.173696345114155,Good
1.4702896590736587,5.13326251801058,1.0961151869413135,1.7541624752125404,Moderate
2.320783626585169,1.5402858555157073,1.1130975608239408,1.6492790077371366,Good
2.4469731610702343,4.825636549120242,1.4075770011659543,1.1048834674754036,Bad
2.220065709835615,6.036357708528338,1.1900505340069958,1.0499449078776877,Bad
1.4810390935060278,3.315051060652272,1.1270890104935871,1.2597118428284946,Good
1.773962374980084,6.040333182587844,1.122425184609405,2.7530522420888897,Bad
2.901255407820232,2.2383601695360893,1.0042582697240576,2.1836848472224126,Moderate
1.518779111331671,4.825636549120242,1.0,1.349611957807412,Good
2.865034355652352,6.265136775238476,1.1177613587252235,1.529412187765247,Bad
1.5965959973804815,5.807673295962474,1.047804110376992,1.0,Bad
1.9029561041434315,1.5442613295752132,1.0431403124757093,1.938956356890404,Good
2.588235290323714,2.55393708654544,1.1165954232413524,1.834072889415001,Good
4.034040026195187,3.1415500141981214,1.1095996984065293,2.1886796976106413,Bad
2.1152583048903955,3.882975926295973,1.0443062479595802,1.5793558969747346,Good
1.0351801372703968,5.263411966387261,1.0,1.0899001149789174,Good
1.3332338218376023,4.83349284309498,1.096774184220754,1.0299667049929724,Good
3.35583285671942,1.85785050955481,1.2164992708900118,2.8054939758265918,Moderate
1.1800537684561272,3.910614936423966,1.0314807617567043,1.544395540261733,Good
1.9562361255151124,5.141118811985318,1.0,1.4045505174051285,Bad
2.320783626585169,3.2401796325315777,1.0282262386319472,1.938956356890404,Good
1.3981980307000346,5.831336832030962,1.049882568208317,1.034961555381201,Moderate
2.2576888593426365,2.0766908911161828,1.1667314325689857,1.5943392494712207,Good
1.171991660383418,3.283531230609047,1.209871745044695,1.0,Good
2.1367572382519984,5.6498848374578,1.0023318989506411,1.4644839273910732,Bad
3.487736232934641,3.3032192926180284,1.048665899727944,1.8540510922997155,Moderate
1.7040907931822258,5.503928146987369,1.1154294597745822,1.884017797292688,Moderate
2.0776350908865093,5.046464667711368,1.1772250198212204,1.214761785339036,Bad
1.2311137432520425,3.113911004070128,1.377769141080451,1.0,Bad
1.9205461405301976,5.129287043951074,1.0826767353284104,1.4295223720098722,Bad
1.8020045152534976,6.205977935067257,1.0717822090944422,1.2996670499297247,Moderate
2.295312008849658,6.797566336779445,1.1189273221919938,1.529412187765247,Bad
3.3359081628285265,1.398304639104782,1.1301813167508743,2.842952357067807,Moderate
2.703792194198168,1.5284540874814636,1.1072677714729888,1.469478777779302,Good
1.9970140101594172,4.419380961896448,1.0326467252234746,1.2796888470450098,Moderate
2.1125709140338707,3.023232333855684,1.329965030703459,1.561481356780526,Moderate
1.6127202135259,6.892220481053395,1.1865526715895842,1.0,Bad
1.5240370247260986,3.752826477919292,1.0501360373105324,1.4544954252828155,Good
1.773962374980084,6.4149742856241385,1.0377160792848814,1.5194224869887896,Bad
1.9110182122161403,4.888676209206693,1.054799835211815,1.409545367793357,Moderate
1.905643494999956,4.746694992795767,1.095608248736883,1.174805379569606,Bad
1.4346527550082944,6.367647213487164,1.0,1.3446171074191833,Moderate
2.8999701143028487,4.218240905314305,1.0559657986785853,1.4794672798875594,Bad
1.039926655025556,4.15368677891947,1.0026650353672757,1.2397336399437795,Good
3.5315019348306915,1.5837321077374504,1.5853089871745043,1.9889012647680917,Moderate
2.588235290323714,1.5915884017121882,1.0,3.262486226969421,Good
1.2607916530049768,2.778740679196071,1.0024333089778468,1.2647054945485237,Good
1.1397432280925812,6.020645120578863,1.0,1.0,Moderate
1.3757643442800491,3.153381782232365,1.0,1.3446171074191833,Good
1.1738611020033178,3.077847775101753,1.0389327197823552,1.4295223720098722,Good
1.7040907931822258,6.257280481263738,1.1597357077341623,1.484462130275788,Bad
1.6100328226693752,5.642028543483062,1.0746210742324136,1.4295223720098722,Bad
1.81427291534363,5.113479801857324,1.197046258841819,1.0,Bad
1.8868318879980128,6.407117991649401,1.096774184220754,1.4644839273910732,Bad
2.01812905818303,2.534154370392184,1.1459977271667314,1.804106184422028,Good
1.7795708288335126,4.758526760830012,1.0979401476875243,1.5194224869887896,Bad
1.6772170781075737,5.732707213697506,1.3101437916828604,1.3995556670168998,Moderate
1.6691549700348642,4.94395422946268,1.0601632335794793,1.11986681997189,Bad
1.6786191754467146,4.936003281343668,1.0608323886513795,1.234738789555551,Moderate
1.6369065377440275,4.707318868777804,1.0209871745044694,1.2846836974332383,Moderate
1.9137056030726651,5.13326251801058,1.349786241741158,1.4045505174051285,Bad
2.4469731610702343,1.8242482883375577,1.0620490291488536,2.238623406820129,Good
2.201254102833672,5.547374399209112,1.172561221919938,1.4295223720098722,Moderate
3.509769264831845,2.6012641586824143,1.1630308060629615,5.190343848627918,Moderate
2.245069918793503,2.687967354837353,1.020351207151185,1.5344058394852758,Good
3.5574408968469617,1.3746411030362946,1.1983136043528957,1.9639294101633475,Moderate
1.6100328226693752,4.656016322581324,1.0699572483482316,1.0998886170871751,Moderate
4.079024202856916,1.2169472986758938,1.048665899727944,3.402331249826026,Moderate
2.9123320348466244,4.8986148943554575,1.110532452390206,1.726251486182086,Bad
1.8975813869272469,4.955785997496924,1.0790821080450836,1.0699219120942025,Good
1.4971633096514465,5.653860311517306,1.1842207446560435,1.3645953103038984,Moderate
3.4060134812636287,2.912770947487984,1.1484310361445784,3.112652702004559,Moderate
5.2511846085370335,1.8715753604745329,1.1399144966964632,4.795783031999246,Bad
1.995495108998519,3.575349957405635,1.0145997699183833,1.6942290652265954,Good
1.7014034023257012,3.117886478129634,1.0268169358725223,1.9739179122716053,Good
1.518779111331671,6.170482630964526,1.026766258841819,1.484462130275788,Bad
2.6581068721215724,4.762502234889517,1.0256510003886514,1.4544954252828155,Bad
2.2469393604134025,7.578463027039534,1.457054013214147,1.6542726594571655,Bad
1.888935066255157,3.73313841591031,1.0364994387874078,1.7841291802055128,Good
3.305061827876831,1.5009097314977442,1.2883455328410416,2.198668199718899,Bad
2.5506121408166926,3.729162941850804,1.3462883793237466,1.5144288352687607,Moderate
2.017928795418504,1.4141118811985318,1.0445182464049747,1.9889012647680917,Good
1.4998507005079709,3.804129024115772,1.2670035071900505,1.1847950803460634,Bad
2.2361899259810336,4.178770127152067,1.053633899727944,1.3737027912853623,Moderate
1.7040907931822258,6.706887666565001,1.1247570835600469,1.5793558969747346,Bad
2.604008966010131,3.015376039880946,1.0048665899727944,1.8440625901914576,Good
1.438041226782822,4.6599917966408295,1.0268169358725223,1.0799116128706598,Good
2.466602588315073,4.24976073535753,1.099765108433735,1.389567164908642,Good
2.2872499007769487,1.7020497880798882,1.0699572483482316,1.2846836974332383,Good
3.2808436422076,2.7984287412050524,1.0915803902059853,2.248613107596586,Moderate
1.3515079119701214,3.7855768118380784,1.0027982899339292,1.655742226670021,Good
1.4795201923451295,4.94395422946268,1.0,1.3096555520379822,Good
3.148918272561557,1.6192274118401817,1.180722882238632,2.5882353646275407,Good
2.2254404270518,2.699799122871596,1.1484310361445784,1.3845723145204134,Moderate
2.370558372360565,1.6428909479086693,1.005829761368053,1.5593788927582195,Good
1.7067781195418856,5.523710863140624,1.0163233486202876,1.214761785339036,Bad
1.720682353608403,7.99655038229757,1.0437993097551497,1.609322601967707,Bad
2.7267569478011184,4.241904441382792,1.1373705993004275,1.9039960001774028,Bad
1.3332338218376023,4.036788910741142,1.2844928192771086,1.2397336399437795,Good
3.921988397917018,1.7769212162005823,1.0888152879906725,3.617091836496863,Moderate
2.4440131419671234,3.0902474680016403,1.2798289933929266,1.6642623602336228,Moderate
1.693341294252992,6.257280481263738,1.1154294597745822,1.0249718546047435,Bad
1.967452968725105,4.22221637937381,1.666925758258842,1.409545367793357,Bad
1.285144056649402,4.111754993006111,1.0765847741935484,1.2697003449367523,Good
1.9432666445069773,5.673548373526288,1.2756315584920326,1.3596004599156697,Bad
2.634855300961827,5.492096378953125,1.068132287602021,1.4744724294993308,Bad
2.182442495831729,3.748945658004059,1.0023318989506411,1.2597118428284946,Good
1.4622275510009497,4.379910183734211,1.0279828993392923,1.2697003449367523,Good
1.8922066052141973,2.459282942271489,1.0676253493975905,1.4045505174051285,Good
1.857270846563701,5.176614116088049,1.2751651675087443,1.03995520710123,Bad
1.7234865482866848,2.356677849878527,1.0012166404974738,1.609322601967707,Good
1.4998507005079709,3.074534880052165,1.0687912848814614,1.5394006898735046,Good
2.354434156215147,2.317301725860564,1.0408083855421686,1.5643725444782484,Good
1.7793370921962686,2.096378953125164,1.054799835211815,1.0,Good
1.0564347565089645,3.5596373694561594,1.0046638258841818,1.1698117278495772,Good
1.6533812943484474,4.092066930997129,1.015816410415857,1.3795786628003843,Good
3.010619645241876,3.035064101889928,1.0766487990672369,1.8940062994009452,Moderate
2.780674327188596,3.914590410483472,1.0,2.31354016930256,Moderate
2.12168457898672,2.4908027723147144,1.0279828993392923,1.469478777779302,Good
4.788489713255325,2.3409652619290515,1.0717822090944422,3.0027743841409267,Moderate
1.684227629300143,5.484240084978387,1.103027942479596,1.469478777779302,Bad
1.3505264631817822,3.157357256291871,1.0279828993392923,1.3196452528144396,Good
1.2606748491832194,1.903189844662032,1.0279828993392923,1.2397336399437795,Good
1.3171096056921838,4.178770127152067,1.0,1.034961555381201,Moderate
2.544993044980608,1.709906082054626,1.010175589584143,1.5144288352687607,Good
1.5159749166533891,4.3720538897594725,1.0291995398367664,1.2397336399437795,Moderate
1.8355275345821973,3.620405330080035,1.0,1.5194224869887896,Good
1.9432666445069773,5.673548373526288,1.2756315584920326,1.484462130275788,Bad
1.123130383701092,5.081959971814099,1.0012719626894675,1.5993340998594494,Good
2.4646162783765515,3.7094748798418222,1.072289147298873,1.978912762659834,Bad
3.308450299651358,1.5521176235499512,1.1119315973571706,2.4134299850579346,Good
3.829449393061931,1.157788458504675,1.2214298857364945,2.628190571728771,Moderate
2.6124216145418417,4.687536152624549,1.0,1.829079237694972,Bad
2.7709763851395013,2.684086534922121,1.2506801305868636,1.5593788927582195,Moderate
1.4907370355551222,5.006993889549131,1.1450022914885347,1.3596004599156697,Bad
1.2633621755428792,4.013125374672654,1.0139914496696465,1.1698117278495772,Good
3.5691250843377134,5.503928146987369,1.3413913719393704,1.8091010348102567,Bad
2.7226037367032463,5.062271909805117,1.0827827345511076,1.644284157348908,Moderate
1.2131200854867243,5.13326251801058,1.0,1.214761785339036,Good
1.3140716743766578,3.823817086124754,1.1058483668869024,1.4245287202898431,Good
2.292741486311756,5.038608373736629,1.1155815468324912,1.4644839273910732,Moderate
1.6530307538894458,4.048620678775386,1.0198212110376992,1.2197554370590649,Good
2.132901422196712,4.525866874204642,1.159380856587641,1.2497221420520372,Moderate
3.1368091797269417,2.013556576885458,1.0474492592304705,2.7380688895924035,Moderate
2.456554170303842,2.755077143127583,1.2725290944422851,2.1087680847399817,Good
2.1179456312500555,5.330427100533218,1.1783909832879906,1.5394006898735046,Bad
1.4165422289243543,5.720875445663262,1.005829761368053,1.0,Bad
1.6664675791783397,6.5609309760945695,1.1422463956471045,1.094894965367146,Bad
1.5535980661604107,4.553505884332635,1.0046638258841818,1.0,Moderate
2.091071980672268,2.5459861384264277,1.1702292949863973,1.469478777779302,Good
1.6505770996701652,2.703774596931102,1.015816410415857,1.354605609527441,Good
2.1475067371812324,3.784440962106791,2.178779634667703,1.2846836974332383,Bad
2.3194983330677856,5.089816265788837,1.2518460940536338,1.1348501724683762,Bad
4.087436851388626,1.4772461954292564,1.0778654675476098,3.771920211849953,Moderate
2.458190004280227,2.6130959267166585,1.0699572483482316,2.278579812589559,Good
2.9797733102901804,3.737113889969816,1.0863820069957248,1.908989651897432,Moderate
4.006114754240395,3.2756749366343088,1.0729988775748154,2.5632635100227974,Moderate
2.64607214417182,4.005269080697916,1.1192314963078118,2.083796230135237,Moderate
1.8693055745134532,2.680111060862614,1.0535324897007383,1.6892342148383668,Good
1.284372545155276,2.301494483766814,1.0025438973960357,1.4395120727863295,Good
3.1541952770279003,2.5854569165886647,1.3955764508356006,1.3096555520379822,Good
1.6097885085463397,5.452720254935162,1.220047334628838,1.034961555381201,Bad
1.9513287525796867,4.28137521954503,1.012825486202876,1.4295223720098722,Moderate
2.037813178769034,6.45046958972687,1.1348267019043918,1.2397336399437795,Bad
1.8733950627091192,5.645909363398294,1.095608248736883,1.6342956552406505,Moderate
4.379074839345298,2.8852265915042645,1.0437993097551497,3.2425080240847066,Bad
2.2684383582718706,4.54953041027313,1.1702292949863973,1.1648168774613483,Moderate
2.064198265597615,2.6959183029563643,1.0620490291488536,1.7341842723278256,Good
3.1536344122934983,3.575349957405635,1.018979709288768,4.416204369198862,Bad
1.356134852538346,4.234048147408054,1.0389327197823552,1.0,Good
1.5580380948150778,4.8611318532229735,1.041366028760202,1.409545367793357,Bad
1.5885338893077725,3.567493663430897,1.0279828993392923,1.4544954252828155,Good
1.8465213476344668,4.691511626684054,1.2164992708900118,2.0338513222575503,Moderate
1.959390860652396,7.527160480843053,1.377769141080451,1.7741394794290557,Bad
2.5049268187400973,4.383885657793717,1.3766031776136805,1.449500574894587,Moderate
1.693341294252992,6.935572079130864,1.5036921881072678,1.0249718546047435,Bad
2.547924749960168,1.7138815561141318,1.1399144966964632,1.5244173373770182,Good
2.5030573771201974,5.070128203779855,1.0291995398367664,1.9339627051703752,Bad
1.3757643442800491,4.596857482410105,1.0291995398367664,1.4794672798875594,Good
1.988951902086708,5.409274002713419,1.101438010104936,1.1148719695836613,Bad
2.4357563178602417,4.652040848521818,1.0364994387874078,1.5743622452547057,Bad
1.5858464984512477,2.033339293038713,1.0851146614846483,1.5860156974923727,Good
1.3449180093283537,3.950085714586204,1.041366028760202,1.7391791227160542,Good
3.38907138037845,3.173069844241347,1.037310523124757,2.0088794676528066,Moderate
3.0397133423954297,1.4614389533355068,1.2681694426739214,1.938956356890404,Good
1.1794695558567465,3.6424597456958656,1.0279828993392923,1.3396222570309548,Good
1.5743292288460335,2.1121861952189143,1.058509696074621,1.0,Good
2.231048880905228,6.592450806137795,1.0206830003886511,1.2796888470450098,Bad
1.5047580734433967,4.0447398588601535,1.097331827438787,1.214761785339036,Good
2.7358068898517605,1.9110461386367696,1.0437993097551497,2.578246862519284,Good
1.249574809794984,5.054320961686106,1.0851653385153517,1.5144288352687607,Bad
1.86533295463641,4.872963621257218,1.0139914496696465,1.3645953103038984,Moderate
2.529113142958225,3.977630070569923,1.2739992320248736,1.864039594407973,Bad
1.5019538787651148,3.0823911740269025,1.0305267967353284,1.4345172223981009,Good
2.357121547071672,5.531567157115362,1.2623396813058687,2.7330740392041744,Bad
2.7582406407686104,2.447451174237245,1.0364994387874078,2.31354016930256,Good
2.2039414936901967,5.452720254935162,1.1154294597745822,1.4644839273910732,Bad
1.6926402133349892,2.530273550476952,1.058509696074621,1.5843507473629632,Good
2.547924749960168,3.2019393582449016,1.007786549553051,5.300222166491549,Moderate
2.107196196817686,4.53372316817938,1.060629624562767,1.5055251278812487,Moderate
1.55897284787346,5.5710379352776,1.1247570835600469,1.5993340998594494,Bad
2.924156438520976,2.9443854316754834,1.2320248830159346,1.4944506323840456,Moderate
1.2418632421812763,2.526298076417446,1.0396424500582977,1.2397336399437795,Good
1.6503433630329214,5.294931796430487,1.0652934224640498,1.0,Bad
1.959390860652396,3.5911571994993845,1.0489700738437622,1.6842393644501383,Good
2.8535837758051152,4.947835049377912,1.0,1.99389611515632,Bad
2.1693562110018365,1.2366353606848752,1.0291995398367664,2.5682571617428263,Good
2.521051034885516,2.7984287412050524,1.0174893120870578,1.469478777779302,Good
2.0856971989592186,2.02150752500447,1.8383210167120088,1.7691458277090266,Bad
2.636607938759969,1.8715753604745329,1.0897784593859308,1.2996670499297247,Good
2.7118543022708765,5.251580198353017,1.030314798289934,1.5993340998594494,Bad
2.0803224817430337,2.301494483766814,1.2739992320248736,1.5493891919817622,Moderate
4.07341581350035,4.356246647665724,1.0559657986785853,1.7891228319255417,Bad
5.157360374661427,2.4829464783399766,1.2448503692188106,2.7530522420888897,Bad
2.990990153500173,1.8715753604745329,1.192230345899728,2.2036630501071275,Good
2.64607214417182,4.210384611339567,1.0,1.6293008048524218,Moderate
2.8112869255030475,3.914590410483472,1.0501360373105324,1.5643725444782484,Moderate
3.3527334598919483,2.3369897878695456,1.1107149568596968,2.053829525142265,Moderate
1.6977388194738996,4.904483451300443,1.0,1.3346286053109258,Moderate
2.107663541098445,5.314619858439468,1.0,1.0849052645906887,Moderate
2.1188803843084374,2.971929787659203,1.015816410415857,1.409545367793357,Good
1.550910739800751,6.178338924939263,1.0932763218033423,1.4644839273910732,Bad
2.3436846572859134,6.620089816265788,1.1877186070734551,1.2197554370590649,Bad
1.5916886244450557,3.740994709885048,1.0012719626894675,1.449500574894587,Good
2.5855478994671897,3.0823911740269025,1.629615235134085,1.6143174523559356,Bad
1.6288444296713185,1.9898930408169704,1.2611737178390985,2.288568314697816,Good
1.833084522345573,2.703774596931102,1.1434123591138747,1.3695889620239272,Moderate
1.9943266837997573,1.9662295047484828,1.0081616883015934,1.3196452528144396,Good
1.8328507857083287,6.229641471135745,1.0582976976292269,1.0899001149789174,Moderate
1.725589726543829,5.764227043740732,1.0582976976292269,1.274695195324981,Bad
1.970257163403387,1.1893082885479005,1.033070694131364,1.6942290652265954,Good
1.740311845350106,3.748945658004059,1.0025438973960357,1.469478777779302,Good
1.4851285817016937,6.604282574172038,1.0194663598911775,1.174805379569606,Bad
1.14796341798038,5.799722347843463,1.0,1.0899001149789174,Good
2.007763509088651,4.892651683266199,1.409249902837155,1.5643725444782484,Bad
2.394360811240703,4.364197595784735,1.335794792071512,1.4944506323840456,Moderate
2.500253182441916,4.565337652366879,1.041366028760202,1.8690344447962015,Bad
2.632051106283545,5.070128203779855,1.0,2.0088794676528066,Bad
1.227141123374999,3.942134766467192,1.006359757481539,1.3596004599156697,Good
3.1401232221197417,3.299338472702797,1.2028760202098718,1.9489460576668611,Moderate
1.599283388237006,1.9741804528674949,1.0314807617567043,1.419533869901615,Good
2.3796720373134144,5.058296435745612,1.2518460940536338,1.5493891919817622,Bad
1.6530307538894458,4.147250297108842,1.1713952584531675,1.3046619003179534,Moderate
4.479898982430818,2.971929787659203,1.0644823381267003,2.7330740392041744,Bad
1.9405792536504527,4.021076322791666,1.0,1.724195770219568,Good
2.413067675334565,2.845755813342027,1.0921103863194714,2.3085465175825317,Good
1.3359211481972622,4.939978755403175,1.0011659634667702,1.2647054945485237,Good
2.584379474268428,2.778740679196071,1.0656989786241742,1.9689230618833768,Good
3.633154604638628,3.0074250917619345,1.0279828993392923,2.133739939344725,Moderate
3.631472074932285,3.571469137490403,1.1385153517294986,1.8190895369185145,Bad
2.010450899945176,5.701187383654281,1.228527020598523,1.938956356890404,Bad
3.286951301792891,5.594701471346087,1.3113097551496309,2.0238628201492928,Bad
3.0919418068869717,2.739269901033833,1.083948698017878,1.3945620152968707,Moderate
2.606813160688413,1.1222931544019437,1.1958802953750487,1.419533869901615,Good
3.375167146311933,5.874688430108432,1.0754321585697628,1.7391791227160542,Bad
1.7159151968565776,4.581050240316355,1.0432463116984063,1.274695195324981,Moderate
3.141833356484125,3.7804654880472848,1.2331908184998055,1.419533869901615,Moderate
2.2066288200498567,4.541674116298392,1.349786241741158,1.4594890770028446,Bad
3.223739730728601,3.21651609646309,1.0705655685969686,1.958934559775119,Moderate
2.765601667923317,3.29536299864329,1.1585697722502917,1.6143174523559356,Moderate
2.222753036195275,6.158650862930282,1.8371550812281383,1.0749167624824312,Bad
2.160943562470126,6.0718530126310695,1.2308589195491644,2.07380652935878,Bad
2.8730964637250613,6.087660254724819,1.3253012048192772,1.2896785478214672,Bad
1.5939086065239567,5.267292786302494,1.0069957248348231,1.0699219120942025,Good
2.915060768193346,3.466592345634866,1.0,1.4160085867262413,Good
3.010619645241876,2.849731287401533,1.0083948698017875,2.528301954641596,Moderate
1.8062108072709209,7.1761829138752455,1.150408083948698,1.0549385595977163,Bad
1.7793370921962686,5.811554115877707,1.0,1.9539397093868904,Moderate
1.8841444971414885,4.226097199289042,1.3591138655266226,1.4345172223981009,Bad
2.98865330310265,2.9522417256502216,1.2378546443839875,1.6193123027441645,Moderate
1.5347865236553324,2.1831768034243764,1.3567819665759813,1.2447284903320084,Moderate
2.9405143913036387,2.861563055435777,1.0559657986785853,1.834072889415001,Moderate
1.2635959121801232,7.365491202423146,1.024332949863972,1.7541624752125404,Bad
2.894595397086664,1.8715753604745329,1.1888845705402251,2.1187565868482388,Good
2.475015236846784,5.874688430108432,1.018249719393704,1.8091010348102567,Bad
1.9002687132869067,4.553505884332635,1.150408083948698,1.529412187765247,Moderate
1.8513586124780923,1.5318616366753257,1.0250373354061406,1.4935696112572523,Good
3.2842639754332303,4.545554936213623,1.2005441212592305,1.9289678547821465,Moderate
1.0245702095561178,5.853201939358245,1.0279828993392923,1.3329636551815165,Good
2.3993015290551174,4.340534059716248,1.0194663598911775,1.254716992440266,Moderate
1.4165422289243543,3.5911571994993845,1.0408083855421686,1.1448386745766337,Good
1.601970714596666,3.9816055446294287,1.4314030408083949,1.314650402426211,Bad
1.8945434556117209,2.829948571248278,1.048665899727944,1.4994454827722743,Good
2.418931020796821,4.999137595574393,1.0048665899727944,1.2297451378355222,Moderate
2.289937291633473,4.399692899887466,1.1574038087835212,1.6492790077371366,Bad
2.0235371847750683,6.4347570017773945,1.0072998989506412,1.2397336399437795,Bad
2.2173783189790903,4.084115982878117,1.095608248736883,1.414539019513386,Moderate
1.9405792536504527,2.648591230819389,1.0139914496696465,1.4744724294993308,Good
3.1536344122934983,1.9820367468422329,1.257929324523902,1.8190895369185145,Moderate
2.9769691156118983,2.829948571248278,1.049882568208317,1.7941176823137703,Good
2.045386658595673,4.916315219334686,1.2378546443839875,1.589345597751192,Bad
2.2173783189790903,5.243629250234005,1.2436844057520404,1.669256011953652,Bad
2.394744696578693,5.141118811985318,1.0589972701127088,1.7591561269325693,Bad
2.2791877927042394,4.376029363818979,1.6634278958414304,1.4245287202898431,Bad
2.0803224817430337,2.155537793296383,1.3626117279440342,1.4245287202898431,Moderate
2.5640489661055863,2.3803413859470144,1.02215313797124,1.764150977320798,Good
1.4810390935060278,3.224372390437828,1.030314798289934,2.0088794676528066,Good
2.295312008849658,2.0253883449197017,1.2541779930042751,2.198668199718899,Good
1.5951301771391335,5.673548373526288,1.108433734939759,1.0,Bad
3.585483037120375,3.33871459672076,1.0450159782355228,1.7341842723278256,Moderate
2.211419389163525,4.592882008350599,1.100981776914108,1.864039594407973,Good
1.9835771848705237,5.385610466644931,1.1410804601632336,1.6992227169466243,Moderate
2.6151090053983665,2.6682792928283705,1.106843802565099,1.639289306960679,Good
2.698417412485118,3.7804654880472848,1.1818888457054022,1.529412187765247,Moderate
1.0504758266933991,5.097767213907848,1.0279828993392923,1.3596004599156697,Good
2.7161774626069217,1.6389154738491634,1.0746210742324136,2.298556816806074,Good
1.8868318879980128,6.710768486480233,1.0233190734551108,1.4395120727863295,Bad
1.6180949307420844,6.198121641092519,1.150408083948698,1.529412187765247,Bad
1.8760823890687792,4.723031456727281,1.2751651675087443,1.1448386745766337,Bad
2.7360406264890047,2.246311117655101,1.1072677714729888,2.123751437236468,Moderate
2.3436846572859134,1.9938685148764763,1.3987563155849203,1.414539019513386,Moderate
1.2551832636484126,6.021402353733054,1.0304162083171395,1.174805379569606,Good
1.601970714596666,5.598582291261319,1.234356781966576,1.5394006898735046,Bad
2.023887725234069,6.501772135923352,1.0804508356004665,1.3596004599156697,Bad
2.212003601762906,5.756370749765994,1.1189273221919938,1.5493891919817622,Bad
2.107196196817686,5.038608373736629,1.0994558973960358,1.7341842723278256,Bad
3.823841003705367,2.163488741415395,1.0072998989506412,2.758047092477118,Moderate
1.5247699670952048,5.819505063996719,1.0151574131364167,1.2996670499297247,Bad
3.192893395776905,5.290956322370981,1.0523158492032647,1.839067739803229,Bad
3.905163100853597,3.1967333803098343,1.1131482378546445,1.99389611515632,Moderate
2.8300985325049903,1.7808966902600885,1.2506801305868636,2.0283314551978444,Good
3.4428187460308903,3.228347864497334,1.0489700738437622,2.468368544655651,Moderate
3.787386214900242,2.538129844451689,1.1021984174115818,2.4334069892744496,Moderate
2.623171113471076,2.55393708654544,1.494364564321803,1.5493891919817622,Bad
2.8059122082868626,5.251580198353017,1.0206830003886511,1.5493891919817622,Bad
1.142430554452241,4.226097199289042,1.0069957248348231,1.214761785339036,Moderate
2.1905046039044382,4.9123397452751805,1.1923824329576371,1.154828375353091,Bad
1.580471781235063,3.350546364755004,1.0151574131364167,1.7891228319255417,Good
1.9730614225785337,2.7984287412050524,1.0,1.314650402426211,Good
4.168408472574718,1.7769212162005823,1.305479993781578,3.776915062238182,Moderate
2.093759307031928,4.868988147197712,1.0804508356004665,1.644284157348908,Moderate
1.6503433630329214,2.6722547668878764,1.0198212110376992,1.1048834674754036,Good
2.0185130080178846,2.4395002261182333,1.2728332685581034,1.3246389045344684,Moderate
2.0749477645268493,5.511879095106381,1.0396424500582977,1.3845723145204134,Bad
1.6533812943484474,4.936003281343668,1.1755290882238632,1.4794672798875594,Moderate
1.327859040124553,6.2178097031015005,1.0069957248348231,2.758047092477118,Moderate
2.149726719260133,5.44476930681615,1.0827320575204042,1.3246389045344684,Moderate
2.0185130080178846,3.902758642449229,1.1049358725223477,1.0,Good
2.9590922616683377,5.334402574592724,1.335794792071512,1.4594890770028446,Bad
2.3678709815040406,4.924171513309425,1.5666537116206762,1.1448386745766337,Bad
2.878821721400247,4.391741951768454,1.0450159782355228,1.5244173373770182,Bad
4.370662255310451,1.903189844662032,1.0742155180722892,2.0088794676528066,Moderate
2.329863946659029,6.473281238496892,1.4286471449669649,1.0899001149789174,Bad
2.109883523177346,3.685811343773335,1.241352506801399,1.204772084562579,Moderate
3.4428187460308903,1.2761061388471124,1.6634278958414304,1.9139845022856603,Moderate
1.1658491079943885,3.153381782232365,1.0152634123591138,1.0,Good
1.7470886599054318,3.930302998432948,1.054799835211815,1.5194224869887896,Good
4.847378188480436,3.914590410483472,1.1557309071123203,1.5493891919817622,Bad
3.579874583266947,1.3576033570669837,1.167897396035756,2.8479472074560355,Good
1.386981187490042,6.848868882975926,1.0,1.1947835824543211,Moderate
1.4739117384917009,5.267292786302494,1.2541779930042751,1.0049948503882289,Moderate
1.9352045364342685,5.661716605492043,1.0116595507190052,1.4994454827722743,Bad
1.7390265518327226,2.680111060862614,1.0897784593859308,1.0998886170871751,Good
1.9378919272907928,6.288800311306964,1.1982121943256898,1.1398450228566048,Bad
1.8088981981274452,3.957942008560941,1.048334106490478,1.569367394866477,Moderate
2.803108013608581,4.068403394928641,1.024332949863972,1.839067739803229,Bad
1.9970140101594172,4.419380961896448,1.0326467252234746,1.2796888470450098,Moderate
2.163875267449686,3.3978734368919787,1.5927286809172174,1.449500574894587,Moderate
1.9943266837997573,4.896627157325705,1.1131482378546445,1.604328950247678,Moderate
1.3009853895467651,4.853180905103962,1.2670035071900505,1.469478777779302,Moderate
2.932101742771928,3.9461102405266977,1.0072998989506412,2.0488346747540365,Bad
1.56166017423312,4.368078415699968,1.0023318989506411,1.409545367793357,Good
3.0397133423954297,1.3707602831210628,1.1690633595025262,2.383463280064962,Good
1.4094148739100274,2.4001241021002704,1.0089036548775747,1.2846836974332383,Good
2.494644728588487,3.879095106380741,1.1119315973571706,2.058823176862294,Moderate
2.5318005338147493,4.983330353480644,1.3532841041585697,1.4944506323840456,Bad
1.7497760507619564,2.865443875351009,1.1399144966964632,1.1048834674754036,Good
1.2355537719067096,4.648160028606586,1.0279828993392923,1.7192009198313394,Good
1.4971633096514465,5.141118811985318,1.13291877186164,1.2397336399437795,Moderate
1.954016143436211,2.3803413859470144,1.0036499494753206,1.1947835824543211,Good
2.354434156215147,5.373778698610687,1.024332949863972,1.7741394794290557,Moderate
1.8303971314890488,6.604282574172038,1.1597357077341623,1.15982202707312,Bad
1.620782321598609,5.618365007414575,1.037310523124757,1.1098783178636322,Moderate
2.240796808024373,6.083684780665313,1.228527020598523,1.639289306960679,Bad
2.096446697888452,4.285256039460261,1.026766258841819,1.5394006898735046,Good
2.4001194137948776,4.237928967323287,1.137582597745822,1.7341842723278256,Moderate
2.967154369741047,2.0253883449197017,1.493516598523125,1.7841291802055128,Moderate
1.9352045364342685,5.145094286044824,1.0979401476875243,1.9039960001774028,Moderate
2.5365429237705754,4.064427920869136,1.060629624562767,1.6193123027441645,Moderate
1.5892668316768783,4.379910183734211,1.1971522580645162,1.2497221420520372,Moderate
2.5198826096867544,5.330427100533218,1.0012166404974738,1.8540510922997155,Bad
2.197798941301168,4.683655332709317,1.0443062479595802,1.6742508623418806,Moderate
1.415023327763456,3.0429203958646656,1.0254390019432569,1.2846836974332383,Good
1.4246043369970636,4.750670466855274,1.004197434900894,1.274695195324981,Good
2.0803224817430337,5.626221301389313,1.0932763218033423,2.648168774613486,Bad
1.8518960648506515,5.523710863140624,1.0874465604352896,1.419533869901615,Moderate
2.985381764143609,2.1437060252621394,1.0316328488146134,1.7541624752125404,Moderate
1.8733950627091192,6.482084073914369,1.1235911480761758,1.9139845022856603,Bad
3.0134238399201583,5.819505063996719,1.024332949863972,1.4644839273910732,Bad
1.50791280858068,4.190601895186311,1.012825486202876,1.1048834674754036,Good
2.298349940165184,1.903189844662032,1.0750450431403031,1.7142060694431107,Good
1.833084522345573,4.983330353480644,1.1830548091721729,1.5194224869887896,Moderate
1.0644968645816737,4.244081486701092,1.0026650353672757,1.006659800517638,Good
1.440261208861723,6.442613295752133,1.0,1.3845723145204134,Moderate
2.534487924671274,4.28137521954503,1.239020607850758,1.4245287202898431,Moderate
2.43505523694224,5.874688430108432,1.1492421204819276,1.0,Bad
1.34593770475739,3.346665544839772,1.0,1.0199782028847149,Good
2.385280491166843,4.557386704247867,1.266445863972017,1.2397336399437795,Bad
3.1396133744052235,1.8400555304313075,1.0012166404974738,1.7142060694431107,Moderate
2.0023887918724665,3.5516864213371475,1.2984842689467548,1.034961555381201,Moderate
1.9281939852416987,4.955785997496924,1.0457902090944422,1.5344058394852758,Moderate
1.6449686458167367,5.22791666228453,1.0734551107656432,1.4794672798875594,Bad
1.1906863990667391,4.900507977240936,1.0,1.0,Good
1.6073454963097151,2.63278398872564,1.0944422852701128,1.1997784328425498,Good
1.496345424911686,3.464983225182209,1.0279828993392923,1.0,Good
4.280927445133647,4.013125374672654,1.0,2.098779582631724,Moderate
2.488802602594679,6.336127383443938,1.3043140303148075,1.4744724294993308,Bad
1.2982979986902408,5.3501151625422,1.0,1.0,Moderate
1.002804194678282,5.630196775448819,1.0,1.234738789555551,Good
1.3950432955627512,4.032908090825909,1.0944422852701128,1.3596004599156697,Good
1.938136241413828,3.882975926295973,1.0163233486202876,1.5643725444782484,Good
4.923091896272101,2.561793380520177,1.0012166404974738,3.052719292018614,Bad
1.2215327340184348,4.040764384800648,1.018249719393704,1.2397336399437795,Good
3.530036114589344,2.459282942271489,1.1447810866692576,3.0876808473998154,Moderate
1.204240092674255,6.572762744128813,1.012825486202876,1.0,Bad
2.6180300683952704,2.6524720507346213,1.0050877947920716,1.839067739803229,Good
2.588235290323714,3.6556166717499448,1.051968245627672,1.447923127543757,Moderate
2.187817277544778,3.464983225182209,1.036144587640886,1.1448386745766337,Good
1.9244550375050344,4.54953041027313,1.179556946754761,1.6942290652265954,Moderate
1.0026873908565246,5.289347201918324,1.0081616883015934,1.484462130275788,Good
1.5468212516050852,6.024525940494094,1.0291995398367664,1.3945620152968707,Moderate
3.125592336516949,1.341796114973234,1.0644823381267003,2.0138731193728354,Good
1.9378919272907928,5.267292786302494,1.0233190734551108,1.0749167624824312,Bad
2.3432173130051543,3.046895869924171,1.1034150579090556,2.1437296401211823,Good
1.5374738500149925,4.592882008350599,1.0652934224640498,1.1847950803460634,Good
2.194594092100104,5.484240084978387,1.0778654675476098,1.5493891919817622,Bad
2.1973982867783857,4.841349137069718,1.0535324897007383,1.349611957807412,Bad
1.4346527550082944,3.425512447019972,1.0,1.0549385595977163,Good
2.3404131183268726,3.382160848942503,1.0292548620287605,1.764150977320798,Good
2.757539559850607,3.729162941850804,1.2518460940536338,1.4794672798875594,Moderate
2.578771084911864,4.54953041027313,1.2360296836377769,1.3795786628003843,Bad
1.3547327551992052,4.797997538992249,1.041366028760202,1.544395540261733,Good
2.385280491166843,5.480264610918881,1.0669156191216478,1.5344058394852758,Bad
1.556285457016935,4.419380961896448,1.036144587640886,1.744172774436083,Moderate
1.4461033348555312,5.2554610182682495,1.06645938593082,1.0049948503882289,Moderate
1.9137056030726651,7.37732297045739,1.150408083948698,1.908989651897432,Bad
2.1889857027435395,5.097767213907848,1.041366028760202,1.4894557819958172,Bad
1.7712749841235595,4.608689250444348,1.145744258064516,1.8540510922997155,Bad
1.4864138752190772,3.855431570312253,1.15507190983288,1.4744724294993308,Good
3.3370628501951325,1.4530147344951252,1.0032921041585698,1.779134329817284,Good
2.421618411653345,1.7848721643195944,1.6890788962300816,1.8490562419114869,Bad
1.663396302983825,5.203779855494673,1.1772250198212204,1.294672199541496,Bad
2.2657509674153458,5.393561414763943,1.289156617178391,1.5344058394852758,Moderate
2.2254404270518,2.699799122871596,1.1484310361445784,1.3845723145204134,Moderate
2.093759307031928,4.182745601211574,1.239020607850758,1.709212417723082,Good
2.1413140707284226,6.063996718656331,1.1690633595025262,1.2597118428284946,Bad
2.0227360047232343,2.2399692899887467,1.0055965798678586,1.6063846662101962,Good
1.0925390048550874,5.235772956259268,1.0,1.11986681997189,Good
2.760226950707132,4.277399745485523,1.1737271574038088,1.4894557819958172,Moderate
2.825541700028566,5.4053931827981865,1.0024333089778468,1.983906414379863,Bad
2.3732457632170902,4.648160028606586,1.631947134084726,1.7941176823137703,Bad
3.047775450468139,5.661716605492043,1.2681694426739214,2.623196920008742,Bad
2.9268438293775008,4.22221637937381,1.2355227454333464,1.6492790077371366,Moderate
2.048074049452197,4.0447398588601535,1.2191993688301594,1.8190895369185145,Bad
1.143014767051622,3.145525488257628,1.0012166404974738,1.204772084562579,Good
3.0988354897609187,4.734863224761524,1.2903225806451613,1.2647054945485237,Moderate
1.9432666445069773,2.620952220691396,1.0279828993392923,1.5593788927582195,Good
2.510301600453147,3.279555756549541,1.034978624174116,1.764150977320798,Good
2.107196196817686,5.677523847585793,1.1270890104935871,1.034961555381201,Bad
1.8665013798351715,2.443475700177739,1.0254390019432569,1.644284157348908,Good
2.1578722862756115,3.271699462574803,1.0106601414691023,1.8009285150245733,Good
2.160943562470126,6.0718530126310695,1.2308589195491644,2.07380652935878,Bad
1.297246441810101,5.791866053868725,1.0206830003886511,1.3845723145204134,Moderate
1.2687369572559284,2.912770947487984,1.0034978624174116,1.2996670499297247,Good
1.8379217871891984,4.770358528864255,1.053633899727944,1.6792457127301093,Moderate
3.5630492862035257,3.957942008560941,1.068132287602021,2.3435068742955325,Moderate
2.879204123310352,2.4276684580839896,1.0254390019432569,1.724195770219568,Good
2.295312008849658,2.0253883449197017,1.2541779930042751,2.198668199718899,Good
1.6906539033964674,5.989030636391363,1.1527399828993392,1.6942290652265954,Bad
2.263063576558821,3.4965030552254346,1.079284872133696,1.3596004599156697,Good
2.660794262978097,4.596857482410105,1.1702292949863973,1.3246389045344684,Moderate
2.57748579139448,7.830905629818158,1.3392926544889234,1.779134329817284,Bad
3.655588291058613,3.8435998022780096,1.0,1.7891228319255417,Bad
3.2788891937201816,4.979449533565411,1.1717450446949087,1.9889012647680917,Bad
1.658989683705011,4.553505884332635,1.116798187329965,1.6492790077371366,Good
1.4864138752190772,3.062703112017921,1.0151574131364167,1.0,Good
4.525828618630449,2.557817906460671,1.0599633517294986,3.097669349508073,Moderate
5.649382703733933,1.2602988967533628,1.083948698017878,4.705882917020329,Bad
1.5267244155826232,6.182314398998769,1.0582976976292269,1.5793558969747346,Bad
2.657288987381812,2.8812511174447586,1.0060832304702685,1.908989651897432,Good
2.099134088744977,4.628377312453329,1.2739992320248736,1.354605609527441,Bad
1.5643475650896446,2.581481442529159,1.1539059463661097,1.0,Good
3.1396133744052235,2.502634540348958,1.0060832304702685,2.4783570467639087,Moderate
2.6937437761869365,3.2913875245837847,1.0523158492032647,1.7341842723278256,Moderate
3.5882872317986574,1.7257133241483755,1.079284872133696,1.9689230618833768,Moderate
2.31925401894475,5.290956322370981,1.020351207151185,1.204772084562579,Moderate
2.1125709140338707,3.670004101679585,1.048503682860474,1.349611957807412,Good
1.7766497658366087,3.5516864213371475,1.0011659634667702,1.3046619003179534,Good
1.1904193175505062,5.173395875182735,1.0026650353672757,1.2397336399437795,Good
2.394744696578693,2.9600980196249598,1.283326855810338,1.3995556670168998,Good
2.209316210906381,5.598582291261319,1.1177613587252235,1.0749167624824312,Bad
5.767159525190423,1.81639199436282,1.1569475755926937,3.407324901546055,Bad
1.2355537719067096,3.681835869713829,1.0,1.11986681997189,Good
2.547924749960168,4.663872616556061,1.0173227578701904,1.604328950247678,Moderate
2.4323678460857145,2.565768854579683,1.0909444228527012,2.283573464309588,Moderate
1.633751802606744,4.159082065143085,1.0571824391760591,1.3995556670168998,Good
3.456489307957028,3.6581723336453416,1.0863820069957248,2.458380042547393,Bad
1.7094655103984104,3.713450353901328,1.1094982883793238,1.2647054945485237,Good
2.131382521035814,5.046464667711368,1.0326467252234746,1.5194224869887896,Moderate
1.8636971206600248,4.241904441382792,1.0152634123591138,1.569367394866477,Good
1.9618445148716763,5.862856662074187,1.0510992087057909,1.5593788927582195,Bad
2.5425500327439834,5.63407759536405,1.1772250198212204,1.6143174523559356,Bad
2.12063302210658,3.40582438501099,1.0011659634667702,1.4744724294993308,Good
1.823102858589184,2.8024042152645583,1.122425184609405,1.4944506323840456,Good
3.03024913698358,6.379478981521408,1.0145997699183833,1.6792457127301093,Bad
3.1257091403387065,3.5004785292849405,1.4978624267392149,2.578246862519284,Moderate
1.8814571707818284,4.028932616766404,1.0594636610959969,1.2597118428284946,Good
2.320783626585169,3.2401796325315777,1.0282262386319472,1.938956356890404,Good
3.2742155574219995,2.029363818979208,1.3029453027594249,2.423418487166193,Moderate
1.2230516351793332,3.93825394655196,1.0209871745044694,1.1298553220801475,Good
1.7571370779166626,6.42292523374315,1.035282798289934,1.3845723145204134,Bad
1.3386085390537867,2.171345035390133,1.0279828993392923,1.569367394866477,Good
1.670206526915004,5.397442234679175,1.041366028760202,1.0,Bad
1.3056590258449472,4.332583111597236,1.0030416292265838,1.2497221420520372,Good
2.4834278853784943,5.716899971603756,1.5012588791294208,1.709212417723082,Bad
1.2720084962149694,3.6976431118075785,1.0025438973960357,1.3346286053109258,Good
2.0788566615016864,2.83789951936729,1.0439731395258454,1.6642623602336228,Good
2.3786204804332747,1.9938685148764763,1.4652157015157403,1.2397336399437795,Good
1.9366066337734087,5.5394234510901,1.0547491581811117,1.4644839273910732,Bad
1.214989527106624,4.7111996886930365,1.1628096012436844,1.0,Bad
1.7178781589301209,5.32257080655848,1.0316328488146134,1.0,Moderate
1.2633621755428792,4.107779518946605,1.036144587640886,1.3246389045344684,Good
2.475365777305785,2.4789710042804707,1.2250291581811117,1.2247502874472935,Good
2.1169684392547783,4.419380961896448,1.0198212110376992,1.5044391344923034,Good
1.86533295463641,5.038608373736629,1.02215313797124,1.0749167624824312,Moderate
1.5580380948150778,4.750670466855274,1.0364994387874078,1.2397336399437795,Moderate
2.1582561716136013,4.975474059505905,1.0571317621453555,1.589345597751192,Moderate
1.7593039790760132,5.890495672202181,1.1399144966964632,1.4245287202898431,Bad
1.7159151968565776,4.581050240316355,1.0432463116984063,1.274695195324981,Moderate
1.5052254177241555,6.134987326861794,1.0114475522736106,1.2397336399437795,Bad
3.389188184200208,1.6467717678239011,1.0632656976292263,2.6681469774982007,Good
3.1660196807022527,1.2129718246163876,1.3905946272833267,1.6992227169466243,Good
1.4165422289243543,5.811554115877707,1.0186552755538285,1.03995520710123,Moderate
1.6799044689640985,4.49037157010191,1.141131137193937,1.3795786628003843,Good
2.393693139698553,5.385610466644931,1.068132287602021,2.2036630501071275,Bad
1.6503433630329214,8.655153918155715,1.1165954232413524,1.03995520710123,Bad
2.12063302210658,6.056140424681594,1.1364166342790516,1.5943392494712207,Bad
2.131382521035814,3.863287864286991,1.0629615235134084,1.899001149789174,Good
1.9567034697958712,3.070559405992659,1.0104935872522347,1.4045505174051285,Good
1.9029561041434315,4.0999232249718665,1.0268169358725223,1.414539019513386,Moderate
3.0961480989043944,2.3882923340660263,1.0676253493975905,1.859045942687944,Moderate
1.6169265055433228,5.515759915021612,1.041366028760202,1.0,Moderate
1.6814233701249963,5.338283394507956,1.0571824391760591,1.6293008048524218,Bad
1.8975813869272469,2.644615756759884,1.072289147298873,2.388456931784991,Good
2.752164842634423,3.5871817254398786,1.1923824329576371,1.6992227169466243,Moderate
2.0534487666683816,6.667416888402763,1.1192314963078118,1.1798002299578347,Bad
2.3759330895767503,5.030657425617618,1.1667314325689857,1.764150977320798,Moderate
1.2490140095574465,3.177045318300853,1.0096115102992615,1.2247502874472935,Good
1.7278931675654987,2.492979817633015,1.0026650353672757,1.4594890770028446,Good
1.6234697124551336,5.669572899466782,1.047804110376992,1.0699219120942025,Bad
3.797551501230096,1.958373210773745,1.3194714434512242,1.6792457127301093,Moderate
2.703792194198168,3.261760777426038,1.0652934224640498,2.128746287624696,Moderate
1.550910739800751,4.22221637937381,1.1628096012436844,1.0249718546047435,Moderate
1.3953938360217526,5.484240084978387,1.0676253493975905,1.1098783178636322,Moderate
1.3386085390537867,2.356677849878527,1.0151574131364167,1.0,Good
1.4739117384917009,5.267292786302494,1.2541779930042751,1.0049948503882289,Moderate
1.4998507005079709,5.271268260362,1.0326467252234746,1.374583812412156,Bad
5.102561452128848,5.365922404635949,1.0,2.977802529536183,Bad
3.5518324429935326,2.810260509239296,1.0279828993392923,2.528301954641596,Moderate
1.1374063776950578,5.121430749976336,1.121259221142635,1.11986681997189,Good
1.4094148739100274,4.226097199289042,1.01703307889623,1.214761785339036,Good
2.7267569478011184,4.241904441382792,1.1373705993004275,1.9039960001774028,Bad
1.7981486991982116,5.058296435745612,1.197046258841819,1.449500574894587,Moderate
2.3194983330677856,4.829517369035474,1.3574179339292654,1.0849052645906887,Bad
2.7834785218668774,3.934278472492454,1.032849489312087,1.5244173373770182,Moderate
1.9253897905634163,6.541242914085588,1.1484310361445784,1.6992227169466243,Bad
1.6315318205278428,6.198121641092519,1.0163233486202876,1.3596004599156697,Bad
1.2825576678828123,3.878337873226549,1.0013325176836378,1.1065484176048133,Good
2.045970871195053,2.1989840455181264,1.0178073097551497,1.589345597751192,Good
4.238864266971958,1.354953041027313,1.0425826692576758,3.2974477823506225,Moderate
1.8841444971414885,3.630627977661622,1.0979401476875243,1.5194224869887896,Moderate
2.459241561160366,3.4965030552254346,1.228527020598523,1.804106184422028,Bad
2.578771084911864,2.861563055435777,1.0559657986785853,1.669256011953652,Moderate
2.096446697888452,6.134987326861794,1.0206830003886511,1.2397336399437795,Bad
1.9309982444168448,2.5933132105634025,1.0279828993392923,1.569367394866477,Good
5.38578679155381,1.1735010464541509,1.1727639860085504,4.900666499474649,Bad
1.6561854890267294,6.083684780665313,1.1569475755926937,1.1348501724683762,Bad
1.7014034023257012,4.845324611129223,1.3416245534395648,1.2097669349508071,Moderate
2.9461227806602026,2.250191937570333,1.0,2.488346747540366,Moderate
1.8599581729233607,3.81198531809051,1.0396424500582977,1.0499449078776877,Good
2.324873114780835,3.5990134934741222,1.3661095903614455,1.2247502874472935,Bad
2.2791877927042394,4.7309824048462925,1.0862805969685192,2.493340399260395,Moderate
1.661092861962155,3.81198531809051,1.0116595507190052,1.4994454827722743,Good
2.5506121408166926,2.404004922015502,1.1317528083948698,1.7541624752125404,Good
1.6617939428801578,3.894807694330217,1.0597816587640887,1.6193123027441645,Good
2.458190004280227,2.9364344835564715,1.0888152879906725,1.6342956552406505,Good
2.682526932976944,2.751101669068077,1.0255495903614458,2.1687014947259264,Moderate
2.5936100075398985,6.324295615409695,1.263505644772639,1.529412187765247,Bad
2.093375421693937,5.586750523227075,1.1399144966964632,1.0849052645906887,Bad
1.1374063776950578,3.626652503602116,1.0279828993392923,1.2647054945485237,Good
1.4542822467499978,5.9456790383138935,1.0441896712009329,1.2397336399437795,Bad
1.5831591720915876,3.315051060652272,1.1562378453167508,1.9889012647680917,Good
1.9459540353635016,3.977630070569923,1.102603973571706,1.1048834674754036,Good
1.927142428361559,3.1849016122755907,1.0226528286047416,2.038846172645779,Good
2.2039414936901967,4.170913833177329,1.1352506708122814,1.3695889620239272,Good
1.6960286851095163,5.736682687757012,1.0163233486202876,1.2097669349508071,Moderate
2.511470025651908,4.5850257143758615,1.049882568208317,1.4994454827722743,Bad
2.568446491326494,6.119180084768044,1.1551779090555772,1.899001149789174,Bad
1.9058878091229916,5.030657425617618,1.0687912848814614,1.8690344447962015,Moderate
2.245069918793503,6.45046958972687,1.1094982883793238,1.484462130275788,Bad
2.2400988229558703,6.600401754256807,1.0012719626894675,1.3945620152968707,Bad
1.2579874583266948,3.165213550266609,1.0023318989506411,1.0,Good
2.4861152762350187,5.290956322370981,1.3707734162456275,1.2247502874472935,Bad
2.23385307558351,2.6919428288968583,1.0241670392537894,1.5394006898735046,Good
1.4568527692879003,4.245879915442298,1.06645938593082,1.938956356890404,Good
2.5244713681111466,4.723031456727281,1.0443062479595802,1.5743622452547057,Bad
3.141833356484125,1.3391457989335631,1.0676253493975905,2.058823176862294,Moderate
1.20155270181773,3.914590410483472,1.083948698017878,1.8890126476809168,Good
1.8665013798351715,4.502203338136154,1.0012719626894675,1.469478777779302,Good
2.918781721304792,3.378185374882997,1.064127486980179,1.5793558969747346,Moderate
2.48074049452197,4.813804781085999,1.1469102215312863,2.128746287624696,Bad
2.8181973130649216,1.5245732675662316,1.0804508356004665,1.864039594407973,Good
2.0212003343775446,6.308488373315945,1.0897784593859308,2.0338513222575503,Bad
3.403209286585347,1.8440310044908133,1.100981776914108,2.248613107596586,Moderate
3.7957988634319526,4.241904441382792,1.0766487990672369,1.7042175673348532,Bad
1.8169603062001547,6.067972192715837,1.1484310361445784,1.1997784328425498,Bad
2.800303754433434,3.81198531809051,1.0559657986785853,1.2796888470450098,Moderate
1.529995954541664,5.397442234679175,1.0,1.1448386745766337,Moderate
1.5328002137168106,3.098198416120652,1.005829761368053,1.214761785339036,Good
2.424794366259076,5.397442234679175,1.1993781577924605,1.9539397093868904,Bad
1.7795708288335126,6.714743960539739,1.026766258841819,1.1997784328425498,Bad
2.6253209874581764,2.0801930944543185,1.0706936463272445,1.7333032512010322,Good
1.2767990653286376,3.40582438501099,1.029148862806063,1.0,Good
2.2066288200498567,2.1516569733811512,1.0326467252234746,1.5044391344923034,Good
5.374569948343817,3.0784156999673966,1.0218996688690245,2.648168774613486,Bad
1.2916379879566726,3.1060547100953904,1.048334106490478,1.3196452528144396,Good
3.658392485736895,1.7020497880798882,1.032849489312087,3.677025246482808,Moderate
1.521349633869574,5.13326251801058,1.0069957248348231,1.0099885021082575,Moderate
2.0695729828138,5.511879095106381,1.2017100567431014,1.899001149789174,Bad
2.219831973198371,2.356677849878527,1.0948985184609406,1.6243059544641931,Good
3.0128396273207776,1.5626242335643594,1.6074620971628448,1.544395540261733,Moderate
3.5770703885886648,3.33871459672076,1.0340661298095608,1.908989651897432,Moderate
3.021836488451869,3.4965030552254346,1.0669156191216478,1.6542726594571655,Moderate
1.8411466304182824,6.134987326861794,1.0081616883015934,2.0488346747540365,Bad
2.688135322333508,5.141118811985318,1.0669156191216478,1.4544954252828155,Bad
3.260077651215102,2.167369561330627,1.1247570835600469,1.8190895369185145,Good
2.7118543022708765,3.6581723336453416,1.0443062479595802,1.3396222570309548,Moderate
1.6906539033964674,3.208565148344078,1.1002720466381657,1.11986681997189,Good
2.459241561160366,4.825636549120242,1.0746210742324136,1.2846836974332383,Bad
1.5428486317280417,5.361946930576443,1.0104935872522347,1.0,Moderate
3.882729414433612,1.761208628251107,1.0,2.648168774613486,Moderate
1.693341294252992,2.6919428288968583,1.096774184220754,1.0749167624824312,Good
3.961247316903561,4.064427920869136,1.1192314963078118,2.453385192159165,Moderate
2.142131955468183,2.569649674494915,1.1704412934317916,1.174805379569606,Good
1.639360191963308,3.930302998432948,1.0725011457442677,1.2697003449367523,Good
1.2848611734013469,6.0285014145536,1.0,1.9289678547821465,Bad
2.1233204129631047,2.0885226591504265,1.2320248830159346,1.0,Good
1.3627948632719145,3.8514560962527473,1.2658375437232805,1.2397336399437795,Bad
2.1958793856174874,3.031088627830422,1.197046258841819,1.2896785478214672,Good
1.2334172487705768,5.960729047253452,1.0333129700738437,1.4794672798875594,Moderate
1.297246441810101,4.308919575528749,1.2421129141080451,1.0,Good
1.2411621612632735,7.511447892893577,1.0316328488146134,1.1847950803460634,Bad
3.605673329099616,2.1358497312874016,1.1734939759036145,3.001775893530561,Moderate
1.0351801372703968,5.263411966387261,1.0,1.0899001149789174,Good
2.786282716545159,1.6349399997896574,1.005839919160513,5.619867419305989,Moderate
2.7666532248034565,4.5731939463416165,1.0166680699572483,2.6731406292182296,Bad
2.029018128327219,4.211899077647949,1.041847166731442,1.6742508623418806,Good
1.1572111074178295,4.750670466855274,1.0012166404974738,1.2397336399437795,Good
1.8707076718525943,4.888676209206693,1.0862805969685192,1.918979352673889,Moderate
1.6369065377440275,5.578894229252337,1.047804110376992,1.1448386745766337,Moderate
3.8701104738844783,3.1928525603946025,1.3381266910221532,1.8440625901914576,Moderate
1.4299791187101127,5.30676356446473,1.077286109599689,1.2846836974332383,Good
2.451179453087658,2.317301725860564,1.005829761368053,1.3246389045344684,Good
2.0292624424502543,4.557386704247867,1.0912485969685193,1.729189421939597,Moderate
2.0684045576150387,6.86070065101017,1.2518460940536338,1.864039594407973,Bad
2.0830098725995585,2.7274381329995894,1.0314807617567043,1.4295223720098722,Good
1.8465213476344668,4.636706877149438,1.0163233486202876,1.5194224869887896,Moderate
1.599283388237006,1.6980743140203822,1.137582597745822,2.1637066443376973,Good
2.034637224163303,3.7764900139877793,1.0046638258841818,1.3945620152968707,Good
1.3393096199717895,4.376029363818979,1.0546938359891178,1.3596004599156697,Good
2.5828605731075296,3.2007088543693403,1.0408083855421686,1.4994454827722743,Good
2.7387279528486643,1.757233154191601,1.280994956859697,1.5643725444782484,Good
1.6479003507962968,4.013125374672654,1.005829761368053,1.2896785478214672,Good
1.2902358906175315,3.520166591293922,1.0233190734551108,1.204772084562579,Good
2.451179453087658,5.4053931827981865,1.10828164788185,1.8790229469044597,Bad
3.3065307439676785,1.5857198447672034,1.0946088394869802,2.2612075143710326,Moderate
1.5524296409616491,5.768202517800238,1.0608323886513795,1.2697003449367523,Bad
2.88115857179777,4.987305827540149,1.2868247182277497,1.958934559775119,Bad
2.0992508925667344,3.149406308172859,1.0377160792848814,1.2297451378355222,Good
4.570780933841073,1.7166265262980764,1.1984241927710844,4.664500096093233,Bad
2.594831578155076,1.2169472986758938,1.1437303567819666,3.811875418951183,Moderate
1.405792794491985,3.224372390437828,1.030314798289934,1.1398450228566048,Good
2.2496267512699277,5.768202517800238,1.1165954232413524,1.3396222570309548,Bad
1.9728276859412897,4.628377312453329,1.1574038087835212,1.9489460576668611,Moderate
2.096446697888452,3.9816055446294287,1.0089036548775747,1.4894557819958172,Moderate
2.0291456386284965,5.089816265788837,1.0206830003886511,1.669256011953652,Bad
1.878769779925304,5.748514455791256,1.2448503692188106,1.1148719695836613,Bad
2.3490594389989625,2.3409652619290515,1.1877186070734551,1.484462130275788,Good
2.06688565645414,3.0863666480864085,1.7520404197434902,1.0,Bad
3.871512571223619,1.922877906671013,1.048665899727944,3.2075476673717054,Moderate
2.357121547071672,1.5364050356004753,1.535172949863972,2.0138731193728354,Bad
1.400418012778936,6.407117991649401,1.0314807617567043,1.3596004599156697,Bad
1.6029054676550485,4.995162121514888,1.005961560823941,1.7591561269325693,Moderate
1.94501928230512,1.3391457989335631,1.032849489312087,1.6193123027441645,Good
2.1501940635408925,4.794022064932743,1.5316750874465606,1.5793558969747346,Bad
2.06688565645414,3.0863666480864085,1.7520404197434902,1.0,Bad
2.1582561716136013,3.670004101679585,1.0781189366498252,1.314650402426211,Good
1.9169771420317057,2.90093917945374,1.0024333089778468,1.4994454827722743,Good
2.012320341565076,2.8772756433852527,1.0450159782355228,1.604328950247678,Good
1.3332338218376023,2.3369897878695456,1.0513019727944035,1.469478777779302,Good
1.988951902086708,6.651609646309014,1.313641654100272,1.0849052645906887,Bad
2.5030573771201974,3.670004101679585,1.0559657986785853,1.5743622452547057,Moderate
2.518363708525856,1.4417508913265251,1.1107656338904004,2.123751437236468,Good
2.682526932976944,6.584594512163057,1.0024333089778468,1.5593788927582195,Bad
1.448790661215191,6.805422630754183,1.08861252390206,1.1298553220801475,Bad
1.7014034023257012,3.4806958131316845,1.2355227454333464,1.6342956552406505,Good
1.914172947353424,5.32257080655848,1.0121664889234356,1.4594890770028446,Moderate
2.7890869112234418,1.855862772525057,1.6830371364166343,1.943951207278633,Moderate
2.160943562470126,4.561362178307373,1.0121664889234356,1.2896785478214672,Moderate
2.882135763793048,1.4456317112417572,1.0254390019432569,2.0788013797470093,Good
1.489101201578737,4.604713776384843,1.2868247182277497,1.1947835824543211,Moderate
2.980975144864796,3.520166591293922,1.1411864593859309,1.744172774436083,Moderate
2.295545745486902,5.074103677839361,1.0036499494753206,2.2635964600930727,Bad
2.0936425032101704,6.1389628009213,1.0291995398367664,1.5144288352687607,Bad
2.4323678460857145,5.878663904167937,1.1445783225806452,1.6293008048524218,Bad
2.201254102833672,4.9123397452751805,1.0,1.349611957807412,Moderate
2.064198265597615,5.586750523227075,1.1034150579090556,1.0249718546047435,Moderate
1.878769779925304,6.229641471135745,1.1655654970851146,1.0499449078776877,Bad
3.9870110409387616,2.1431381003964955,1.4075009716284492,2.601077895719329,Moderate
3.742518842060272,3.031088627830422,1.0535324897007383,3.672031594762778,Moderate
2.6177963317580266,5.397442234679175,1.1154294597745822,1.4445057245063584,Bad
3.865904181867056,1.761208628251107,1.1180148278274389,3.657048242266293,Bad
1.2211320794956535,5.5476583616419335,1.0173227578701904,1.2597118428284946,Moderate
1.2499253502539855,3.1928525603946025,1.0,1.0199782028847149,Good
3.248977611826868,2.0411955870134517,1.2019635258453167,2.603218717124027,Moderate
2.769457483978603,4.50617881219566,1.1070650073843762,1.604328950247678,Bad
3.8862346900298967,5.298907270489993,1.215701506412748,1.8740292951844304,Bad
1.634219146887503,6.375598161606176,1.150408083948698,1.409545367793357,Bad
1.6281433487533157,5.855000368099449,1.0559657986785853,1.2846836974332383,Bad
1.9478234769834015,3.768633720013041,1.0304162083171395,1.4744724294993308,Good
3.3541355572310887,1.8767813384096,1.560823950252623,1.6542726594571655,Moderate
3.002334507011444,4.825636549120242,1.10048404508356,1.6592675098453944,Bad
2.3759330895767503,5.756370749765994,1.377769141080451,1.4045505174051285,Bad
1.2607916530049768,5.164782348053805,1.0027982899339292,1.3396222570309548,Good
2.0523172336761606,3.6029889675336286,1.2798289933929266,1.5144288352687607,Good
1.894893996070722,5.985149816476131,1.0699572483482316,2.1437296401211823,Moderate
2.518363708525856,2.246311117655101,1.1445783225806452,1.918979352673889,Moderate
2.7267569478011184,4.241904441382792,1.1373705993004275,1.9039960001774028,Bad
1.784711873909318,4.01710084873216,1.0687912848814614,1.839067739803229,Good
1.712152901254935,4.801973013051755,1.0338126607073457,1.0449500574894588,Moderate
2.4143240742566165,3.421536972960466,1.1094982883793238,1.256857813844964,Good
1.682591795323758,2.530273550476952,1.037310523124757,1.804106184422028,Good
1.9567034697958712,6.142843620836532,1.1469102215312863,1.314650402426211,Bad
2.4862320800567765,6.26116130117897,1.0425826692576758,1.604328950247678,Bad
2.2496267512699277,4.632352786512836,1.4628838025650992,1.469478777779302,Bad
1.193490593745021,6.363766393571932,1.0340661298095608,1.3096555520379822,Moderate
1.468303349135137,3.689786817832841,1.0216231418577535,1.4594890770028446,Good
1.2243369286967167,3.831768034243766,1.068132287602021,1.4345172223981009,Good
1.193490593745021,4.880819915231955,1.015816410415857,1.1847950803460634,Good
2.12168457898672,3.62267702954261,1.1897970649047804,1.5344058394852758,Good
1.8088981981274452,7.23931722810597,1.1480761849980567,1.4445057245063584,Bad
2.187817277544778,3.299338472702797,1.0431403124757093,1.544395540261733,Good
2.9510301535956285,2.680111060862614,1.5386708122813837,1.7741394794290557,Good
1.6533812943484474,5.831336832030962,1.1204481368052857,1.6492790077371366,Moderate
1.6480399220112514,5.835217651946195,1.0025438973960357,1.4944506323840456,Moderate
1.496345424911686,3.271699462574803,1.0,1.0299667049929724,Good
2.3786204804332747,4.707318868777804,1.0991061111542946,1.5593788927582195,Moderate
2.56727380933467,5.06615272972035,1.1715473455110763,1.1098783178636322,Moderate
2.754852168994083,5.148975105960056,1.2751651675087443,1.174805379569606,Bad
2.163875267449686,3.3978734368919787,1.5927286809172174,1.449500574894587,Moderate
2.1394446291085227,4.679679858649811,1.3929265542168676,1.204772084562579,Moderate
2.1985667119771475,2.2659991796640826,1.0396424500582977,1.804106184422028,Good
2.2791877927042394,3.342690070780266,1.102603973571706,1.8790229469044597,Good
1.8814571707818284,4.87684444117245,1.216867469879518,1.15982202707312,Bad
5.509172066863728,3.169189024326115,1.059615748153906,2.603218717124027,Bad
2.30752732802024,6.604282574172038,1.010175589584143,1.2796888470450098,Bad
2.2254404270518,5.290956322370981,1.138748533229693,1.4045505174051285,Bad
2.3060615077788915,5.397442234679175,1.0854214939759037,1.4644839273910732,Moderate
2.2928689966130333,4.821661075060737,1.220047334628838,1.804106184422028,Bad
2.182442495831729,2.467139236246227,1.060629624562767,1.644284157348908,Good
1.5025380913644957,6.797566336779445,1.0909444228527012,1.4544954252828155,Bad
2.194889294249294,5.488215559037893,1.1818888457054022,1.1348501724683762,Moderate
1.712152901254935,2.017532050944964,1.0023318989506411,1.0749167624824312,Good
2.3320004697951617,2.1082107211594083,1.0,1.5394006898735046,Good
4.679125475833681,2.0372201129539453,1.0608323886513795,2.4833518971521373,Bad
3.849078884803634,2.5421053185111955,1.159380856587641,2.773030444973604,Moderate
1.6691549700348642,4.085725103330773,1.0,1.1298553220801475,Good
1.6369065377440275,5.496071853012631,1.0501360373105324,1.7541624752125404,Good
1.1766652966815998,3.965798302535679,1.0,1.0,Good
1.143014767051622,4.391741951768454,1.0,1.2397336399437795,Good
3.389188184200208,1.6467717678239011,1.0632656976292263,2.6681469774982007,Good
1.765900266907375,3.969773776595185,1.3334628931208703,1.0899001149789174,Bad
3.055837558540848,1.8242482883375577,1.0466381748931208,1.834072889415001,Moderate
2.386682588505984,2.715606364965346,1.0314807617567043,1.3645953103038984,Good
1.529995954541664,5.397442234679175,1.0,1.1448386745766337,Moderate
1.9618445148716763,5.874688430108432,1.1615376385542169,1.2397336399437795,Bad
2.448492062231133,4.904483451300443,1.2903225806451613,1.5194224869887896,Moderate
3.168707071558777,2.829948571248278,1.415079664205208,1.9689230618833768,Bad
1.1101821221614043,4.28137521954503,1.0279828993392923,1.4794672798875594,Good
1.3493580379830206,3.863287864286991,1.0827827345511076,1.0,Good
1.5524296409616491,4.24976073535753,1.122881417800233,1.0,Good
4.586586535475458,3.630627977661622,1.0778654675476098,3.716981652252237,Bad
1.1990990475984495,3.654291513730109,1.0048665899727944,1.3596004599156697,Good
3.5123064424907584,1.8005847522690703,1.1155815468324912,3.332408139063624,Moderate
3.0128396273207776,4.5850257143758615,1.138748533229693,1.5593788927582195,Bad
1.6422812549602122,7.550824016911541,1.4209094535561602,1.6193123027441645,Bad
1.9728276859412897,5.957510806348138,1.1609016712009328,1.0,Bad
3.0397133423954297,3.3978734368919787,1.3789351045472211,3.4622646598119715,Good
1.4626948952817085,3.677955049798597,1.0165353470656822,1.449500574894587,Good
2.346372048142438,5.523710863140624,1.0338126607073457,1.7042175673348532,Bad
1.1478053361652902,3.823817086124754,1.0256510003886514,1.1648168774613483,Good
3.4696924611055424,1.0354953041027313,1.9362611643995336,2.0088794676528066,Moderate
2.52949709279308,1.6152519377806758,1.7823045410027205,2.053829525142265,Moderate
2.0880340493567418,5.657741131432537,1.1958802953750487,2.4633736942674225,Bad
1.3673516957483387,3.8474806221932414,1.0121664889234356,1.3596004599156697,Good
2.3602975016774024,2.447451174237245,1.2919954823163622,1.094894965367146,Good
1.938136241413828,5.693236435535269,1.0470621438010106,1.2896785478214672,Moderate
3.4670050702490176,5.645909363398294,1.5864749226583754,1.5743622452547057,Bad
2.314123615851601,3.756801951978797,1.2739992320248736,2.0488346747540365,Moderate
2.3114362249950764,4.663872616556061,1.1410804601632336,1.4994454827722743,Bad
3.020901735393487,4.707318868777804,1.071123211815002,1.374583812412156,Moderate
2.8395627379168404,5.523710863140624,1.0389327197823552,2.2685901118131016,Bad
1.8465213476344668,5.685380141560532,1.0408083855421686,1.1997784328425498,Bad
1.9217677111453744,4.147250297108842,1.0450159782355228,1.4544954252828155,Moderate
1.7234865482866848,4.592882008350599,1.0,1.4445057245063584,Good
2.9510301535956285,4.303429635160859,1.0979401476875243,2.443396690050907,Moderate
1.8973476502900024,4.458851740058686,1.0340661298095608,1.0,Moderate
2.400503363629732,3.0264505747609984,1.0612958694131365,1.5194224869887896,Good
1.7963960614000691,5.145094286044824,1.0754321585697628,1.644284157348908,Bad
1.684227629300143,4.589001188435367,1.0863820069957248,1.6592675098453944,Good
1.4111675117081697,5.547374399209112,1.0233190734551108,1.0,Moderate
2.138509876050141,6.746263790582964,1.0389327197823552,1.4594890770028446,Bad
4.5445233573137696,3.0272078079151896,1.0279828993392923,2.902885767053752,Moderate
2.158139367791844,4.620521018478592,1.0036499494753206,1.4594890770028446,Moderate
1.4221613247604388,4.967617765531168,1.215701506412748,1.469478777779302,Bad
1.9469312273587789,4.407549193862204,1.1551779090555772,1.569367394866477,Moderate
2.850779581126833,2.538129844451689,1.0141131193159736,3.996670499297247,Moderate
1.4739117384917009,3.1060547100953904,1.0305267967353284,1.2697003449367523,Good
2.090838244035024,4.581050240316355,1.0304162083171395,2.2036630501071275,Moderate
2.3011541348434656,7.322139604345677,1.0291995398367664,1.349611957807412,Bad
4.342620115037038,2.30546995782632,1.0,1.4794672798875594,Bad
1.0644968645816737,3.973749250654691,1.0,1.274695195324981,Good
1.8303971314890488,2.6682792928283705,1.0186552755538285,1.5543840423699908,Good
2.163630953326651,3.989461838604167,1.099765108433735,1.2297451378355222,Moderate
2.107663541098445,4.971498585446399,1.0389327197823552,1.389567164908642,Moderate
2.247874113471785,2.2028648654333582,1.0,2.338513222575504,Good
2.0067119522085117,4.41152466792171,1.1094982883793238,1.779134329817284,Good
2.124488838161866,5.7603462238255,1.0754321585697628,1.3096555520379822,Bad
1.2334172487705768,5.960729047253452,1.0333129700738437,1.4794672798875594,Moderate
1.284372545155276,2.301494483766814,1.0025438973960357,1.4395120727863295,Good
2.441364707216806,5.645909363398294,1.0304162083171395,1.2447284903320084,Moderate
1.1289937291633474,4.205367941693047,1.0279828993392923,1.3063268504473629,Good
1.7879834128683587,6.0166696465193565,1.0364994387874078,1.0249718546047435,Bad
2.4323678460857145,5.267292786302494,1.1294209094442285,1.5643725444782484,Bad
1.4739117384917009,4.5298423482641486,1.0510992087057909,1.3596004599156697,Moderate
5.422241515862069,1.0828223762397065,1.1046316984065294,6.0543846417040905,Bad
1.857270846563701,4.667848090615568,1.1655654970851146,1.1398450228566048,Moderate
2.0656003629367565,3.21651609646309,1.0961151869413135,1.7491676248243118,Good
2.040011941379488,3.3032192926180284,1.2751651675087443,1.2796888470450098,Good
2.27650046634458,4.687536152624549,1.0781189366498252,1.899001149789174,Bad
1.5267244155826232,5.831336832030962,1.0781189366498252,1.7192009198313394,Moderate
2.1020551517418813,5.547374399209112,1.0717822090944422,1.2697003449367523,Bad
1.8468718880934685,6.438637821692627,1.0304162083171395,1.374583812412156,Bad
1.6234697124551336,5.669572899466782,1.047804110376992,1.0699219120942025,Bad
1.857270846563701,2.411955870134514,1.036144587640886,1.5743622452547057,Good
1.5294117419422832,3.7213066478760655,1.047804110376992,1.6143174523559356,Good
2.7736637759960256,3.934278472492454,1.1271950097162844,1.6992227169466243,Good
1.8076129046100615,3.0863666480864085,1.0145997699183833,1.449500574894587,Good
2.1663182796863105,5.728731739638,1.054799835211815,2.4134299850579346,Bad
1.7879834128683587,4.648160028606586,1.3812670034978625,1.11986681997189,Good
2.475015236846784,2.0806663651756887,1.1812805254566654,1.6992227169466243,Moderate
2.091071980672268,5.196302178097031,1.0139914496696465,2.003884617264578,Bad
3.671245162923273,1.4614389533355068,1.0652934224640498,3.781908713958211,Moderate
2.98596597674299,4.234048147408054,1.318305479984454,1.5244173373770182,Bad
3.7901904740753887,4.419380961896448,1.048665899727944,4.481132629573036,Bad
1.7014034023257012,5.030657425617618,1.39759035211815,1.1148719695836613,Bad
1.7014034023257012,5.026776605702387,1.212203643995336,1.1798002299578347,Bad
1.7094655103984104,2.6919428288968583,1.0314807617567043,1.3396222570309548,Good
1.0953431995333696,4.900507977240936,1.0279828993392923,2.198668199718899,Good
2.0515793250484817,7.065721527507546,1.0036499494753206,1.2896785478214672,Bad
3.1368091797269417,2.63278398872564,1.1070650073843762,2.4384018396626788,Moderate
1.4622275510009497,3.1888770863350966,1.0,1.2697003449367523,Good
2.448492062231133,4.904483451300443,1.2903225806451613,1.5194224869887896,Moderate
2.555986858032877,5.756370749765994,1.204041983676642,1.644284157348908,Bad
2.8972827879431886,5.2042531262160425,1.2774970944422852,1.5144288352687607,Bad
1.6879665770368073,3.879095106380741,1.0023318989506411,1.5593788927582195,Good
5.708271114462177,1.5719003397032068,1.087598647493199,4.146504024262109,Moderate
1.5535980661604107,3.208565148344078,1.0163233486202876,1.3945620152968707,Good
3.2090176119223237,2.463163762186721,1.4034201414691023,2.098779582631724,Moderate
2.876017526721965,2.7432453750933394,1.090031928488146,1.329633754922697,Good
1.7309644437600131,4.336558585656741,1.114263496307812,1.297061145263536,Moderate
4.07341581350035,4.356246647665724,1.0559657986785853,1.7891228319255417,Bad
1.8438339567779425,6.464667711367962,1.1317528083948698,2.0238628201492928,Bad
3.515377718685273,2.751101669068077,1.0048665899727944,1.8690344447962015,Moderate
2.75607373960926,2.1437060252621394,1.0992121103769918,1.7741394794290557,Good
3.1900892010986226,4.431212729930692,1.0766487990672369,1.9339627051703752,Bad
2.444168901895088,5.4014177087386805,1.0559657986785853,1.5244173373770182,Bad
1.8465213476344668,5.713019151688525,1.0687912848814614,1.3096555520379822,Bad
1.2418632421812763,3.259867694540559,1.0023318989506411,1.4445057245063584,Good
1.835771848705233,5.764227043740732,1.1947143319082782,1.419533869901615,Bad
1.954016143436211,4.7151751627525424,1.030314798289934,1.2796888470450098,Bad
1.2635959121801232,4.786165770958005,1.008516539448115,1.254716992440266,Good
2.099134088744977,5.535542631174868,1.08348230703459,1.414539019513386,Bad
2.78710060128492,3.5951326735588904,1.036144587640886,1.609322601967707,Moderate
2.0212003343775446,1.9938685148764763,1.3614457924601633,1.094894965367146,Bad
1.86533295463641,5.13326251801058,1.174893120870579,1.4345172223981009,Bad
2.2759162537451987,2.569649674494915,1.0385677388262728,1.983906414379863,Good
2.475365777305785,4.8611318532229735,1.0676253493975905,1.6342956552406505,Bad
2.187328649298707,4.687536152624549,1.0023318989506411,1.3945620152968707,Moderate
3.1518499130442525,1.453582659360769,1.125923047026817,2.0288564718693216,Good
2.107196196817686,5.089816265788837,1.2296929560823942,1.9639294101633475,Moderate
2.814324856818573,2.975905261718709,1.1143649063350174,1.274695195324981,Moderate
1.658989683705011,4.616545544419086,1.0547491581811117,1.6742508623418806,Bad
2.440429954158424,5.543398925149606,1.079284872133696,1.4994454827722743,Bad
2.054383519726764,4.415405487836942,1.100981776914108,1.9639294101633475,Moderate
1.583403486214623,6.237497765110482,1.071229211037699,1.3645953103038984,Bad
2.1805730542118296,3.914590410483472,1.097331827438787,2.0088794676528066,Good
1.9898866551450904,7.105192305669783,1.041366028760202,1.449500574894587,Bad
1.378919079417333,6.572762744128813,1.0186552755538285,1.6342956552406505,Bad
2.7590053800919554,6.521460197932333,1.1983136043528957,1.9139845022856603,Bad
4.698754967575384,3.255892220481053,1.0863820069957248,2.248613107596586,Bad
1.556285457016935,3.792297256081529,1.0594636610959969,1.5843507473629632,Good
1.5831591720915876,5.614389533355069,1.0909444228527012,1.11986681997189,Bad
1.9217677111453744,5.563086987158588,1.1107656338904004,2.15371814222944,Bad
2.817129051496855,1.9860122209017383,1.3710775903614458,2.603218717124027,Bad
1.314422214835659,5.823385883911951,1.0268169358725223,1.3596004599156697,Good
1.795461308341687,4.999137595574393,1.191216469490867,1.4794672798875594,Moderate
1.3579575984282888,4.379910183734211,1.0754321585697628,1.0856196708377213,Good
1.9844258346146888,3.283531230609047,1.0389327197823552,1.3046619003179534,Good
1.1904193175505062,4.056003702028754,1.0453056572094832,1.1664818275907582,Good
1.9782024676543388,2.93255366364124,1.0235522829382044,1.4994454827722743,Good
1.356134852538346,3.6661232817643534,1.0,1.3596004599156697,Good
1.7347033914966776,6.280944017332225,1.1119315973571706,1.2647054945485237,Moderate
2.8967941596971176,3.815960792150016,1.0190792444617178,1.484462130275788,Moderate
1.3359211481972622,3.0823911740269025,1.0279828993392923,1.529412187765247,Good
2.704960619396929,4.892651683266199,1.0,2.2336297551001,Bad
3.4284471676836143,3.8514560962527473,1.0535324897007383,1.9289678547821465,Moderate
1.5912212801642969,2.644615756759884,1.0862805969685192,1.0,Good
5.044874811478353,2.5421053185111955,1.0279828993392923,2.4134299850579346,Bad
2.278720448423481,4.7111996886930365,1.0036499494753206,1.5593788927582195,Bad
1.521349633869574,1.9702049788079887,1.0888152879906725,1.884017797292688,Good
2.636607938759969,4.486396096042405,1.06645938593082,1.824084387306743,Bad
1.5916886244450557,5.736682687757012,1.1034150579090556,1.5593788927582195,Moderate
3.1498954645568342,4.7151751627525424,1.3521181406917997,1.484462130275788,Bad
1.9432666445069773,5.831336832030962,1.0676253493975905,1.1448386745766337,Bad
1.5159749166533891,5.180589590147555,1.0279828993392923,1.419533869901615,Bad
2.394744696578693,3.2401796325315777,1.034978624174116,1.7891228319255417,Moderate
2.5955963174784205,5.263411966387261,1.0316328488146134,1.529412187765247,Bad
2.3409973309262533,3.894807694330217,1.3043140303148075,1.0849052645906887,Moderate
1.3617433063917748,5.866832136133693,1.0454722114263506,2.198668199718899,Bad
3.8701104738844783,3.1928525603946025,1.3381266910221532,1.8440625901914576,Moderate
1.4031054036354604,4.28137521954503,1.0081616883015934,1.094894965367146,Moderate
1.0064496864581671,4.790141245017511,1.0,1.11986681997189,Good
2.0847200069639413,3.5398546533029034,1.1386425340069957,1.5743622452547057,Good
1.6860121285493888,6.063996718656331,1.0445182464049747,1.1798002299578347,Moderate
2.1475067371812324,3.4846712871911905,1.0081616883015934,2.383463280064962,Good
2.404909982908546,3.279555756549541,1.305479993781578,1.6342956552406505,Moderate
2.27030779989177,2.506610014408464,1.0024333089778468,1.4544954252828155,Good
1.216064496348607,4.537698642238886,1.0133831294209097,1.0,Good
2.747023797558618,4.289231513519767,1.0571824391760591,1.4594890770028446,Moderate
2.4323678460857145,5.752395275706488,1.209871745044695,1.5094339848805318,Bad
1.4514780520717157,6.127131032887056,1.132614597745822,1.1448386745766337,Moderate
1.5320991327988076,3.054752163898909,1.053633899727944,1.6193123027441645,Good
2.876017526721965,5.223941188225024,1.0729988775748154,1.4894557819958172,Bad
2.421618411653345,3.0035442718467023,1.0163233486202876,1.349611957807412,Good
2.2254404270518,3.1158040869556074,1.0447726389428682,1.394855689005802,Good
2.365183655144381,2.1082107211594083,1.0384764865915277,1.4794672798875594,Good
1.7632128760508503,5.720875445663262,1.0909444228527012,1.6892342148383668,Moderate
2.539512101428458,5.468432842884638,1.0790821080450836,1.4045505174051285,Bad
2.4497773557485165,4.620521018478592,1.132282804508356,2.11376293512821,Moderate
1.5412127977516563,4.545554936213623,1.0915803902059853,1.2497221420520372,Good
1.967452968725105,6.509628429898089,1.1061018359891177,1.9239730043939176,Bad
2.13009722751843,2.459282942271489,1.0546938359891178,1.7941176823137703,Good
1.249574809794984,5.231797482199762,1.1691140365332298,1.1048834674754036,Good
1.0813221616450948,3.713450353901328,1.0340661298095608,1.3596004599156697,Good
2.741415343705189,3.2007088543693403,1.1690633595025262,1.2497221420520372,Moderate
3.31908293026197,2.0608836490224327,1.008516539448115,1.958934559775119,Good
3.164851255503491,2.474616913643869,1.1374811877186164,4.655938009142641,Bad
1.682591795323758,5.3264516264737125,1.0431403124757093,1.0149833524964862,Moderate
2.0151245362433574,5.488215559037893,1.150864317139526,1.2896785478214672,Bad
1.405792794491985,6.829086166822671,1.0,1.4445057245063584,Bad
2.418931020796821,5.172638642028543,1.426739214924213,1.2097669349508071,Bad
1.7470886599054318,6.73443202254872,1.1947143319082782,1.0,Bad
1.8975813869272469,1.8715753604745329,1.0769529731830547,1.2197554370590649,Good
2.394744696578693,4.723031456727281,1.283326855810338,1.4045505174051285,Bad
2.706479520557828,4.581050240316355,1.15507190983288,1.3096555520379822,Moderate
1.722902335687304,4.257711683476542,1.0991061111542946,1.1798002299578347,Moderate
1.752463441618481,3.1415500141981214,1.3211950221531286,1.4544954252828155,Moderate
1.4837264843625526,5.764227043740732,1.035282798289934,1.4295223720098722,Bad
4.101712845382592,1.347096747052575,1.1310108418188884,3.502219866913201,Moderate
1.5159749166533891,5.5394234510901,1.15507190983288,1.4445057245063584,Bad
1.6879665770368073,6.840917934856914,1.2658375437232805,1.419533869901615,Bad
1.9730614225785337,2.9522417256502216,1.0,1.1498335249648624,Good
1.3923559047062266,4.53372316817938,1.215701506412748,1.0,Moderate
2.9107196132320823,3.5951326735588904,1.1200932856587642,2.293563165086045,Moderate
2.0426993322360127,2.4868272982552084,1.4232413525068015,1.4295223720098722,Moderate
2.768289058779841,5.231797482199762,1.068132287602021,1.779134329817284,Bad
1.6288444296713185,4.797997538992249,1.1130975608239408,1.294672199541496,Moderate
1.5831591720915876,3.046895869924171,1.114263496307812,1.7691458277090266,Good
1.5294117419422832,5.7603462238255,1.1853867081228138,1.3196452528144396,Moderate
2.0151245362433574,6.793590862719939,1.0656989786241742,1.254716992440266,Bad
2.60961741986356,1.2602988967533628,1.0852206607073456,3.022752587025642,Good
1.4767159331699828,3.950085714586204,1.0194663598911775,1.1398450228566048,Good
3.142908325726108,3.6503160396706034,1.1130975608239408,2.4084351346697064,Moderate
2.278720448423481,2.045171061072957,1.026766258841819,1.5344058394852758,Good
1.6288444296713185,6.714743960539739,1.0093276237854645,1.7192009198313394,Bad
1.5468212516050852,6.324295615409695,1.049882568208317,1.2397336399437795,Bad
2.394744696578693,5.421105770747662,1.2203653322969297,1.764150977320798,Bad
1.056084216049963,4.64418455454708,1.0,1.15982202707312,Good
1.7262908074618315,3.823817086124754,1.0218996688690245,1.234738789555551,Good
3.3919924433753543,1.8045602263285765,1.159380856587641,2.683130329994687,Moderate
1.5189066216329494,4.032908090825909,1.0069957248348231,1.349611957807412,Good
1.8496760827717504,4.801973013051755,1.0462326187329964,1.4345172223981009,Moderate
1.9970140101594172,5.862856662074187,1.3532841041585697,1.0249718546047435,Bad
1.5777843903785382,5.365922404635949,1.1667314325689857,2.0887898818552664,Moderate
2.158139367791844,4.486396096042405,1.068132287602021,1.4544954252828155,Moderate
2.51427422033019,1.6129802383181011,1.0190792444617178,1.938956356890404,Good
1.6479003507962968,4.064427920869136,1.0053300707345512,1.059933409985945,Good
1.4954531752870632,4.675704384590305,1.0213203109211038,1.3346286053109258,Good
1.56166017423312,3.2520114005658214,1.0069957248348231,1.294672199541496,Good
1.7444013335457718,5.208133946131275,1.1021984174115818,1.4894557819958172,Bad
1.970257163403387,2.2778309476983267,1.0546938359891178,1.5094339848805318,Good
2.2496267512699277,1.6704353038923887,1.0816167990672367,1.1897887320660925,Good
1.880522417723446,3.93825394655196,1.0226296587640886,2.2685901118131016,Good
2.8730964637250613,3.4097052049262224,1.1667314325689857,1.7941176823137703,Moderate
1.914172947353424,5.618365007414575,1.1958802953750487,1.314650402426211,Moderate
2.1553351086166974,4.648160028606586,1.0364994387874078,1.4644839273910732,Bad
2.50586157179848,2.1950085714586205,1.0206830003886511,1.5543840423699908,Good
2.813974316359572,3.1415500141981214,1.3101437916828604,1.329633754922697,Bad
1.9916392929432325,4.443044497964936,1.0734551107656432,1.1398450228566048,Bad
2.6236384577518344,5.145094286044824,1.1094982883793238,1.804106184422028,Bad
3.002334507011444,1.8873826025682825,1.083948698017878,2.2186464026036137,Moderate
2.497448923266769,5.452720254935162,1.1739806265060242,2.348501724683761,Bad
1.633751802606744,3.3703290809082587,1.0228951045472212,1.11986681997189,Good
1.3197969320518437,4.127562235099861,1.0652934224640498,1.2097669349508071,Moderate
4.679125475833681,2.3488215559037893,1.0778654675476098,2.3285235217990463,Moderate
2.241564643197218,2.912770947487984,1.06645938593082,1.2497221420520372,Good
2.397432087435217,2.096378953125164,1.0186552755538285,1.3196452528144396,Good
3.1900892010986226,2.226528401501846,1.0632656976292263,2.083796230135237,Moderate
2.5198826096867544,5.330427100533218,1.0012166404974738,1.8540510922997155,Bad
3.3380113410856707,1.354953041027313,1.61912164788185,1.7524975250831307,Moderate
4.738013951058791,2.719581839024852,1.0036499494753206,2.728080387484145,Bad
2.158011857490566,4.348390353690985,1.1055718398756316,1.7142060694431107,Moderate
1.7186793389819544,4.151225771168347,1.1017560077730275,1.8690344447962015,Moderate
2.06688565645414,2.530273550476952,1.047804110376992,1.409545367793357,Good
2.142131955468183,5.397442234679175,1.0746210742324136,1.839067739803229,Bad
2.9495643333542807,4.632352786512836,1.0152634123591138,2.2186464026036137,Bad
2.6258584398307354,1.4851024894039944,1.095608248736883,1.9539397093868904,Good
2.134069847395474,3.3978734368919787,1.0314807617567043,1.2647054945485237,Good
1.4598907006034263,6.576738218188319,1.0632656976292263,1.5743622452547057,Moderate
2.467303669233076,1.6310591798744256,1.4684093898173338,1.4794672798875594,Moderate
1.647656036673261,6.198121641092519,1.0431403124757093,2.0288564718693216,Bad
1.825022414272864,3.606964441593135,1.0,1.4045505174051285,Good
1.911368752675142,2.9837615556934467,1.026766258841819,1.354605609527441,Good
2.193191994760963,2.045171061072957,1.6715895841430235,2.333518372187275,Bad
1.6046581054531908,3.93825394655196,1.0093276237854645,1.8190895369185145,Good
1.9618445148716763,4.127562235099861,1.0985484679362612,1.1248616703601186,Moderate
4.01172314359696,1.5009097314977442,1.0474492592304705,2.8479472074560355,Moderate
1.7038570565449818,3.673979575739091,1.006359757481539,1.3645953103038984,Good
3.4200345191519035,4.786165770958005,1.0851653385153517,3.482241664028486,Bad
2.651680598025248,6.131011852802288,1.0401493882627284,1.958934559775119,Bad
2.682526932976944,2.751101669068077,1.0255495903614458,2.1687014947259264,Moderate
2.005564746478197,5.618365007414575,1.0023318989506411,1.414539019513386,Bad
2.6151090053983665,2.3488215559037893,1.329965030703459,1.9889012647680917,Good
3.978072613966981,1.9898930408169704,1.0,3.701998299755751,Moderate
2.003907693033365,6.272993069213213,1.0437993097551497,1.204772084562579,Bad
1.438041226782822,4.312895049588255,1.2355227454333464,1.0,Good
3.233203936140451,2.4789710042804707,1.1574038087835212,2.623196920008742,Moderate
2.007763509088651,4.383885657793717,1.030314798289934,1.4445057245063584,Good
1.4944759832917862,6.509628429898089,1.0279828993392923,1.449500574894587,Bad
2.682526932976944,5.377754172670193,1.192230345899728,2.213651552215385,Bad
2.424539474650249,4.545554936213623,1.116798187329965,1.8890126476809168,Bad
3.349929265213666,1.4141118811985318,1.0754321585697628,2.5832405142393124,Good
2.096446697888452,5.247604724293511,1.1340847353284105,1.644284157348908,Bad
1.0859957979432766,4.604713776384843,1.0,1.1798002299578347,Moderate
1.7363392254730623,2.979880735778215,1.205207919160513,1.2447284903320084,Good
3.883547299173373,1.2681551907281006,1.172561221919938,2.8129856520748344,Moderate
1.4326664450697726,3.867263338346497,1.121259221142635,1.0649282603741737,Good
1.9557262778005944,5.468432842884638,1.13609863661096,1.5094339848805318,Bad
2.017928795418504,3.1888770863350966,1.0194663598911775,1.4744724294993308,Good
1.7766497658366087,5.93384727027965,1.029148862806063,1.449500574894587,Moderate
3.4200345191519035,2.1831768034243764,1.132614597745822,2.6681469774982007,Moderate
1.38417699281176,5.6025577653208245,1.0462326187329964,1.0,Moderate
2.845171191770269,4.5298423482641486,1.041366028760202,1.938956356890404,Bad
1.7823750235117948,4.301063281554011,1.0656989786241742,1.569367394866477,Moderate
3.776296881991528,1.6665544839771569,1.1144754947532065,3.432297954818999,Bad
1.7605255496911902,5.421105770747662,1.2308589195491644,1.2447284903320084,Bad
1.9728276859412897,3.378185374882997,1.7123979696851923,1.3945620152968707,Bad
2.281524643101763,3.342690070780266,1.0534219012825496,1.859045942687944,Good
1.9190803202888496,6.399261697674663,1.1900505340069958,1.5244173373770182,Bad
2.547924749960168,4.7309824048462925,1.2495141951029929,1.7491676248243118,Bad
1.5106001994372047,4.166938359117824,1.0851146614846483,1.0,Good
2.0599919735801926,4.131443055015092,1.0474492592304705,1.544395540261733,Moderate
1.1542316102616146,2.7274381329995894,1.0024333089778468,1.174805379569606,Good
1.914172947353424,2.833924045307784,1.0381584889234357,1.469478777779302,Good
5.318485732293854,2.218672107527108,1.1861471154294598,3.312431134847109,Bad
3.475067178321727,3.236204158472072,1.0408083855421686,1.764150977320798,Moderate
1.6561854890267294,2.55393708654544,1.052149938593082,1.5643725444782484,Good
1.6906539033964674,4.435188203990197,1.095608248736883,1.5643725444782484,Moderate
1.7067781195418856,4.237928967323287,1.1609016712009328,1.414539019513386,Moderate
1.755150767978141,5.247604724293511,1.0069957248348231,1.4794672798875594,Bad
3.0238578846847237,3.445200509028953,1.1002720466381657,2.2086567018271563,Moderate
2.7189816572852035,3.6936676377480726,1.0693489280994948,2.538290456749854,Moderate
1.7578381588346657,2.841780339282521,1.0011659634667702,1.3346286053109258,Good
1.6127202135259,6.797566336779445,1.2145355709288768,1.3596004599156697,Bad
2.913407004088607,4.569218472282111,1.4034201414691023,1.544395540261733,Bad
2.466602588315073,5.851024894039943,1.032849489312087,1.5244173373770182,Bad
3.2321523792603117,3.1967333803098343,1.1751972949863971,1.204772084562579,Moderate
1.639360191963308,2.6091204526571525,1.031798759424796,1.4395120727863295,Good
1.2411621612632735,4.770358528864255,1.0231163093664983,1.1648168774613483,Good
2.854284856723118,2.755077143127583,1.0816167990672367,1.529412187765247,Moderate
2.47805316816231,1.9268533807305197,1.0314807617567043,1.5643725444782484,Good
3.1216073977387704,4.383885657793717,1.0944422852701128,1.6942290652265954,Moderate
2.107196196817686,5.089816265788837,1.2296929560823942,1.9639294101633475,Moderate
1.7766497658366087,5.937822744339156,1.0921103863194714,2.59323021501577,Bad
2.0319498333067787,6.056140424681594,1.0766487990672369,1.0,Bad
1.7067781195418856,5.957510806348138,1.0060832304702685,1.419533869901615,Bad
2.676918479123516,2.8852265915042645,1.2299464251846093,1.8091010348102567,Good
1.3601074724153897,5.034632899677124,1.0,1.1698117278495772,Good
3.363950303101941,1.7808966902600885,1.0474492592304705,2.338513222575504,Moderate
2.2684383582718706,4.54953041027313,1.1702292949863973,1.1648168774613483,Moderate
1.5912212801642969,4.419380961896448,1.2087057815779243,1.2297451378355222,Moderate
3.5041608754752804,2.8024042152645583,1.0693489280994948,1.7042175673348532,Moderate
1.8814571707818284,4.557386704247867,1.1702292949863973,1.1498335249648624,Bad
1.8895192788545376,2.1121861952189143,1.3008161678973962,1.449500574894587,Bad
5.616900534805851,2.869419349410515,1.1282549459774582,3.327414487343596,Bad
1.0644968645816737,4.0959477509123605,1.0279828993392923,2.198668199718899,Good
1.8975813869272469,5.2042531262160425,1.0781189366498252,1.8190895369185145,Bad
2.3404131183268726,4.742814172880536,1.0,1.7192009198313394,Bad
1.7793370921962686,2.447451174237245,1.0443062479595802,1.9489460576668611,Good
2.4269931288695297,6.391310749555651,1.2646715802565098,1.5743622452547057,Bad
2.915276445708507,2.940409957615977,1.3663215888068403,2.528301954641596,Moderate
1.7497760507619564,3.153381782232365,1.0389327197823552,1.389567164908642,Good
2.0291456386284965,2.435619406203001,1.0394304516129032,1.6243059544641931,Good
1.9169771420317057,5.385610466644931,1.035282798289934,1.3046619003179534,Bad
1.7150739642518391,3.808104498175278,1.0025438973960357,1.3795786628003843,Good
8.103450154425918,2.920721895606996,1.099765108433735,3.1825746140987614,Bad
2.555986858032877,2.872826898604377,1.1017560077730275,1.6312989847413533,Moderate
1.5831591720915876,4.600832956469611,1.2028760202098718,1.034961555381201,Moderate
1.1205810806316368,3.819936266209522,1.0,1.1997784328425498,Good
3.072312315145268,1.5915884017121882,1.0,2.6531636250017145,Good
1.8468718880934685,4.379910183734211,1.0425826692576758,1.4445057245063584,Good
1.051597491665339,2.63278398872564,1.083948698017878,1.829079237694972,Good
1.810417099288344,6.698936718445989,1.0012166404974738,1.2996670499297247,Bad
1.17442196673772,4.368078415699968,1.0227513004275166,1.2397336399437795,Good
4.292027484521881,1.402280113164288,1.2323797341624565,1.4594890770028446,Moderate
4.63425810299371,1.7887529842348264,1.018249719393704,4.176470729255081,Moderate
2.4312161255748794,2.6524720507346213,1.0139914496696465,1.724195770219568,Good
1.5243875651851,4.868988147197712,1.006326569762923,1.389567164908642,Moderate
1.7067781195418856,4.237928967323287,1.1609016712009328,1.414539019513386,Moderate
1.634219146887503,3.823817086124754,1.0081616883015934,1.3346286053109258,Good
1.7804120614382517,4.41152466792171,1.1585697722502917,1.11986681997189,Moderate
2.1475067371812324,4.596857482410105,1.0209871745044694,1.2846836974332383,Good
1.419229619780879,4.013125374672654,1.0186552755538285,1.314650402426211,Good
1.2956106078337162,5.271268260362,1.0396424500582977,1.0,Moderate
1.2902358906175315,3.054752163898909,1.2658375437232805,1.2796888470450098,Good
2.7273943058169143,5.93384727027965,1.015816410415857,1.3795786628003843,Bad
2.0319498333067787,3.354521838814509,1.005829761368053,1.274695195324981,Good
1.4837264843625526,4.865012673138205,1.0987563249125534,1.274695195324981,Moderate
3.3101604340157413,4.951810523437418,1.0766487990672369,2.19367334933067,Bad
2.3482916038261177,1.320782894944417,1.0391760590750097,1.779134329817284,Good
2.0803224817430337,3.614820735567872,1.037310523124757,1.3995556670168998,Good
3.7032598585768657,1.157788458504675,1.081515389040031,2.783018947081862,Moderate
2.491489993451204,2.045171061072957,1.0599633517294986,1.349611957807412,Moderate
2.6554195457619123,4.399692899887466,1.2215312957637,1.7192009198313394,Bad
1.959390860652396,5.559206167243356,1.1434123591138747,1.1448386745766337,Bad
2.962948077723624,3.82779256018426,1.0,1.918979352673889,Moderate
2.048074049452197,4.936003281343668,1.3171395165176836,1.4994454827722743,Bad
1.8088981981274452,4.443044497964936,1.0163233486202876,1.3695889620239272,Good
1.693341294252992,5.081959971814099,1.1923824329576371,1.5194224869887896,Good
2.359808873431332,1.757233154191601,1.0431403124757093,1.6642623602336228,Good
1.765900266907375,2.833924045307784,1.0163233486202876,1.0449500574894588,Good
2.104508805961162,4.056571626894398,1.1760590843373495,1.4544954252828155,Good
2.040362481838489,4.84930008518873,1.0316328488146134,1.4295223720098722,Moderate
1.9366066337734087,3.413680678985728,1.0610535934706569,1.7591561269325693,Good
1.7282771174003533,4.427237255871185,1.1154294597745822,1.3346286053109258,Moderate
1.8531176354658283,3.914590410483472,1.6144071449669646,1.0,Moderate
3.571461934735236,3.875119632321235,1.008516539448115,2.213651552215385,Bad
1.6695388553728543,4.557386704247867,1.2124156424407306,1.0899001149789174,Moderate
2.0431666765167718,4.64418455454708,1.1399144966964632,1.329633754922697,Bad
3.5691250843377134,1.4969342574382385,1.2028760202098718,2.0338513222575503,Moderate
1.9615896232628496,2.6367594627851454,1.0470621438010106,1.5593788927582195,Good
2.962948077723624,4.214265431254798,1.0608323886513795,1.4944506323840456,Bad
1.4864138752190772,3.886951400355479,1.064127486980179,1.0049948503882289,Good
1.102120014088695,6.12315555882755,1.0186552755538285,1.0,Moderate
1.9701403595816296,5.093791739848342,1.0617955600466382,1.669256011953652,Bad
1.872109769191736,3.046895869924171,1.068685285658764,1.4594890770028446,Good
3.219767110851557,3.0403647339692688,1.115929150408084,1.5460604903911426,Moderate
1.9728276859412897,4.908458925359948,1.0897784593859308,1.3096555520379822,Moderate
2.914384196083884,1.6586035358581448,1.6097940240963855,2.443396690050907,Moderate
2.2058109353100965,6.73443202254872,1.0544930027205597,1.2297451378355222,Bad
2.076817206146749,5.724850919722768,1.0559657986785853,1.314650402426211,Bad
1.2187284748432885,4.364197595784735,1.0,1.3196452528144396,Good
2.292624682489998,6.541242914085588,1.335794792071512,1.1398450228566048,Bad
1.3981980307000346,3.764658245953535,1.0343426568208318,1.2397336399437795,Good
1.9701403595816296,6.020645120578863,1.1853867081228138,1.2996670499297247,Bad
2.0684045576150387,3.606964441593135,1.067413350952196,1.6842393644501383,Good
1.274111674472113,2.715606364965346,1.0314807617567043,1.5144288352687607,Good
1.8975813869272469,4.691511626684054,1.1189273221919938,1.389567164908642,Moderate
2.604008966010131,3.6661232817643534,1.176413935483871,1.3659090506507905,Bad
1.56084228949336,4.231776447945479,1.0340661298095608,1.4544954252828155,Good
2.177768859533548,5.145094286044824,1.0510992087057909,1.2647054945485237,Bad
1.9766667973086487,4.569218472282111,1.1947143319082782,1.0,Bad
2.609734223685317,3.4097052049262224,1.0443062479595802,1.8091010348102567,Moderate
1.0859957979432766,5.298907270489993,1.0438398849591917,1.0,Good
1.684227629300143,5.776058811774976,1.0466381748931208,1.0799116128706598,Bad
1.3140716743766578,5.787890579809219,1.0279828993392923,2.198668199718899,Bad
1.5697222823058292,5.231797482199762,1.0209871745044694,1.5344058394852758,Moderate
2.0265751160905943,4.3720538897594725,1.1838876362223083,1.9889012647680917,Moderate
2.017291437402708,5.050440141770873,1.2391266070734552,1.5044391344923034,Bad
1.917614500047502,5.55523069318385,1.1410804601632336,1.3596004599156697,Moderate
1.1781342127724477,4.604713776384843,1.0093276237854645,1.2397336399437795,Good
1.94501928230512,6.604282574172038,1.0012166404974738,1.0998886170871751,Bad
2.6822931963397,5.361946930576443,1.1364166342790516,1.764150977320798,Bad
4.273215877519938,1.6902180200456445,1.2261950936649826,3.951720441807788,Moderate
2.634855300961827,5.180589590147555,1.0304162083171395,1.4744724294993308,Bad
2.034637224163303,5.346234342626968,1.06645938593082,1.5993340998594494,Moderate
2.5237384257420405,3.208565148344078,1.095608248736883,1.729189421939597,Moderate
2.569423683321771,3.0074250917619345,1.1539059463661097,2.0488346747540365,Good
2.0088384783306337,5.381729646729699,1.0932763218033423,1.7691458277090266,Bad
2.500253182441916,2.8575875813762712,1.0389327197823552,1.4045505174051285,Good
2.6180300683952704,2.6524720507346213,1.0050877947920716,1.839067739803229,Good
1.9405792536504527,6.099492022759063,1.0279828993392923,1.4395120727863295,Bad
3.03024913698358,4.127562235099861,1.143564446171784,2.223640054323643,Moderate
1.550910739800751,2.6682792928283705,1.0489700738437622,1.0899001149789174,Good
1.611318116186759,6.036357708528338,1.0961151869413135,1.2247502874472935,Moderate
1.4178275224417378,3.1060547100953904,1.073773108433735,1.2397336399437795,Good
3.128396531195231,1.5383927726302282,1.020618975514963,1.951442883526876,Moderate
1.2902358906175315,4.28137521954503,1.0034978624174116,1.4944506323840456,Good
2.5675542417018717,2.4001241021002704,1.0304162083171395,1.5543840423699908,Good
1.548223348944226,3.831768034243766,1.0223863194714342,1.2197554370590649,Moderate
2.7638490301251744,1.2602988967533628,1.310245201710066,2.4983352496486235,Bad
1.7309644437600131,2.3843168600065203,1.0012166404974738,1.3645953103038984,Good
2.241564643197218,5.642028543483062,1.1690633595025262,1.409545367793357,Bad
3.0638996666135574,2.5894323906481707,1.1095996984065293,2.148723291841211,Moderate
1.3359211481972622,2.63278398872564,1.0023318989506411,1.204772084562579,Good
1.8580887313034609,1.8045602263285765,1.0,1.5344058394852758,Good
2.040362481838489,6.2848248372474576,1.143564446171784,1.4744724294993308,Bad
2.327560441140495,3.804129024115772,1.1445783225806452,1.7691458277090266,Good
2.5156763176693318,3.7804654880472848,1.2670035071900505,1.9289678547821465,Moderate
2.397432087435217,1.508766025472482,1.289156617178391,1.5244173373770182,Moderate
3.487335578411859,4.486396096042405,1.0012166404974738,2.258601609704844,Bad
1.5159749166533891,4.178770127152067,1.0610535934706569,1.3346286053109258,Moderate
2.901255407820232,5.547374399209112,1.0364994387874078,1.5743622452547057,Bad
3.286951301792891,3.3308583027460217,1.114263496307812,1.9689230618833768,Moderate
2.51427422033019,5.097767213907848,1.0644823381267003,1.7941176823137703,Bad
2.2166453766099843,3.43336874099471,1.0852206607073456,2.1187565868482388,Good
1.8868318879980128,5.973318048441887,1.0,1.3196452528144396,Moderate
3.9107715547070256,1.2879379068813563,1.068132287602021,2.8529408591760648,Moderate
2.1020551517418813,3.417656153045234,1.0632656976292263,1.4594890770028446,Good
2.08522985467846,5.705068203569513,1.352827870967742,1.314650402426211,Bad
1.9352045364342685,4.790141245017511,1.2425184702681695,1.3795786628003843,Bad
2.937710132128492,3.579325431465141,1.0012166404974738,1.4644839273910732,Moderate
1.9728276859412897,2.538129844451689,1.1853867081228138,1.0,Moderate
1.5328002137168106,4.620521018478592,1.031798759424796,1.3845723145204134,Good
1.9110182122161403,2.687967354837353,1.0459386024096389,1.824084387306743,Good
1.8707076718525943,4.518010580229904,1.13291877186164,1.2597118428284946,Moderate
2.913407004088607,3.204684328428846,1.2926544795958026,1.983906414379863,Moderate
3.585483037120375,1.4141118811985318,1.0802987485425573,2.942840974154982,Moderate
1.6664675791783397,6.280944017332225,1.383244051301982,1.4544954252828155,Bad
1.880522417723446,3.4491759830884594,1.0888152879906725,2.493340399260395,Moderate
2.681879771437732,5.11385841843442,1.0854214939759037,1.569367394866477,Bad
4.076220008178633,1.508766025472482,1.165464087057909,3.1825746140987614,Moderate
1.6449686458167367,5.251580198353017,1.204041983676642,1.669256011953652,Bad
1.4626948952817085,5.105623507882586,1.0474492592304705,1.5244173373770182,Good
3.145221828258652,3.0863666480864085,1.159380856587641,1.5244173373770182,Moderate
1.6530307538894458,4.198552843305323,1.0233190734551108,1.414539019513386,Moderate
3.59062408219618,1.6349399997896574,1.2273610571317528,1.6792457127301093,Moderate
2.26189515136006,7.219534511952715,1.0109498204430625,1.349611957807412,Bad
1.0058633454622554,5.582869703311843,1.0012719626894675,1.11986681997189,Good
4.9735677229655,1.1341249224361871,1.0450159782355228,5.34017737359278,Moderate
1.9378919272907928,5.267292786302494,1.0233190734551108,1.0749167624824312,Bad
2.57748579139448,4.352365827750491,1.0396424500582977,1.9988897668763488,Moderate
3.3359081628285265,3.31117024073704,1.0766487990672369,2.133739939344725,Moderate
4.342620115037038,1.3707602831210628,1.0888152879906725,3.552164774790888,Moderate
2.8872343699319574,6.773902800710958,1.081515389040031,1.6842393644501383,Bad
5.158645668178811,1.157788458504675,1.097331827438787,5.310210668599807,Moderate
5.0745193118554335,1.149837510385663,1.1204481368052857,4.2014425838598255,Moderate
1.9844258346146888,3.283531230609047,1.0389327197823552,1.3046619003179534,Good
1.1370558372360566,2.6682792928283705,1.0279828993392923,1.2846836974332383,Good
1.5972970782984843,4.068403394928641,1.0742155180722892,1.5943392494712207,Good
1.9459540353635016,4.119611286980849,1.030314798289934,1.4794672798875594,Good
2.0515793250484817,5.685380141560532,1.041366028760202,1.449500574894587,Bad
1.053280021371681,3.5438301273624093,1.0304162083171395,1.3645953103038984,Good
1.7067781195418856,6.245448713229494,1.191216469490867,1.3346286053109258,Bad
4.053786321758647,1.5205977935067256,1.2311630936649824,5.025526971166569,Bad
2.0431666765167718,7.207702743918471,1.0291995398367664,1.449500574894587,Bad
2.819933246175137,1.7020497880798882,1.1970969358725223,2.128746287624696,Good
1.3009853895467651,3.918471230398704,1.2425184702681695,1.4944506323840456,Good
2.5425500327439834,5.582869703311843,1.167897396035756,1.03995520710123,Bad
1.752463441618481,3.993437312663673,1.0629615235134084,1.0199782028847149,Moderate
1.9432666445069773,3.8474806221932414,1.278663029926156,1.2896785478214672,Moderate
2.3851469181602942,1.7730403962853507,1.245183505635445,1.3596004599156697,Good
1.81388903000564,5.673548373526288,1.234356781966576,1.8740292951844304,Bad
1.056084216049963,4.085725103330773,1.0,1.0,Good
2.7498279922369,2.2383601695360893,1.0,2.4833518971521373,Good
1.5535980661604107,5.819505063996719,1.0932763218033423,1.1698117278495772,Bad
1.7282771174003533,6.134987326861794,1.0559657986785853,1.374583812412156,Moderate
3.2385786533566354,2.786596973170808,1.06645938593082,1.8940062994009452,Moderate
1.5131707219751074,3.555661895396653,1.0432463116984063,1.3845723145204134,Good
2.074013011468467,3.4925275811659287,1.0218996688690245,1.8790229469044597,Good
2.688135322333508,5.310739038524236,1.274962403420132,1.374583812412156,Moderate
1.967452968725105,2.1910330973991146,1.0076316921881072,1.569367394866477,Good
2.3087488986354163,4.360222121725229,1.072289147298873,1.4295223720098722,Bad
2.0235371847750683,6.012694172459851,1.1301813167508743,1.5943392494712207,Bad
3.622872514487017,3.4846712871911905,1.13291877186164,1.6892342148383668,Moderate
2.466602588315073,4.24976073535753,1.099765108433735,1.389567164908642,Good
1.7571370779166626,4.301063281554011,1.1885803964244073,1.0,Moderate
2.0319498333067787,6.379478981521408,1.0025438973960357,1.5643725444782484,Bad
1.8665013798351715,2.573625148554421,1.0072998989506412,1.389567164908642,Good
2.5955963174784205,5.263411966387261,1.0316328488146134,1.529412187765247,Bad
2.07747700907142,5.855000368099449,1.0024333089778468,1.1048834674754036,Bad
2.948342762739104,2.033339293038713,1.2699183738826272,1.799112532701999,Bad
2.4028068046514024,3.315051060652272,1.0501360373105324,2.253606759316616,Moderate
1.878769779925304,4.399692899887466,1.053633899727944,1.3596004599156697,Moderate
1.2825576678828123,3.878337873226549,1.0013325176836378,1.1065484176048133,Good
1.8814571707818284,4.87684444117245,1.216867469879518,1.15982202707312,Bad
2.601204771331849,4.032908090825909,1.1386978561989896,2.882907564169037,Moderate
3.4105703137400534,3.3308583027460217,1.1655654970851146,1.824084387306743,Moderate
2.8354732497211748,2.5854569165886647,1.4185775266226195,1.8140958851984847,Moderate
1.229945318053281,4.269543451510785,1.0304162083171395,1.8091010348102567,Good
2.2254404270518,5.716899971603756,1.1713952584531675,1.5244173373770182,Bad
1.5075622681216787,4.904483451300443,1.1450022914885347,1.4794672798875594,Bad
3.8994272011957554,1.3589285150868189,1.307811892732219,1.5993340998594494,Moderate
2.780674327188596,3.914590410483472,1.0,2.31354016930256,Moderate
1.6503433630329214,6.746263790582964,1.197046258841819,1.3945620152968707,Bad
3.5770703885886648,4.872963621257218,1.0401493882627284,1.6243059544641931,Bad
1.7766497658366087,5.925990976304912,1.1410804601632336,1.669256011953652,Bad
1.6197307647184696,2.6249276947509017,1.0,1.449500574894587,Good
3.1794565704880107,2.10035442718467,1.047804110376992,1.779134329817284,Moderate
1.0785179024699485,4.336558585656741,1.0279828993392923,2.198668199718899,Moderate
2.665701635913523,3.8474806221932414,1.0377160792848814,1.5843507473629632,Moderate
2.1157957572629544,5.690680773639873,1.199877848425962,1.1398450228566048,Bad
2.3602975016774024,5.941703564254388,1.0356145915274,1.3346286053109258,Bad
2.392057305722169,5.642028543483062,1.053633899727944,1.484462130275788,Bad
1.8636971206600248,4.241904441382792,1.0152634123591138,1.569367394866477,Good
1.9439995868760835,5.996981584510375,1.0025438973960357,1.2796888470450098,Bad
2.547924749960168,3.2019393582449016,1.007786549553051,5.300222166491549,Moderate
1.7935918667217872,5.152950580019562,1.0559657986785853,1.234738789555551,Bad
2.932101742771928,2.4553074682119838,1.0620490291488536,2.4633736942674225,Bad
2.575966890233582,6.710768486480233,1.0097331799455889,1.5943392494712207,Bad
3.105962844775246,3.62267702954261,1.1447810866692576,2.0638180272505227,Moderate
1.5374738500149925,2.214696633467602,1.0408083855421686,1.0,Good
1.3998805604063769,3.149216999884312,1.0397651830547998,1.2326830735930332,Good
1.1504926625249503,6.0718530126310695,1.0127194869801788,1.7192009198313394,Bad
1.7309644437600131,4.581050240316355,1.2774970944422852,1.3845723145204134,Moderate
2.110467735776727,4.620521018478592,1.094124287602021,1.609322601967707,Moderate
1.6421644511384548,3.626652503602116,1.0750450431403031,1.3995556670168998,Good
3.5329677550720398,1.8085357003880815,1.0508780038865138,2.093784732243495,Moderate
2.6488763388501013,2.63278398872564,1.0389327197823552,1.7391791227160542,Good
1.8303971314890488,4.218240905314305,1.0384764865915277,1.2497221420520372,Moderate
1.740311845350106,3.748945658004059,1.0291995398367664,1.3596004599156697,Good
4.771664480688768,3.153381782232365,1.0133831294209097,2.488346747540366,Moderate
1.6503433630329214,5.701187383654281,1.0559657986785853,1.4794672798875594,Bad
1.8384592395617576,5.511879095106381,1.0069957248348231,1.3795786628003843,Bad
2.9994028020318835,2.924602715522228,1.0314807617567043,1.6542726594571655,Moderate
1.0932273153939032,3.3939926169767465,1.0,1.2097669349508071,Good
2.4726783864492603,2.751101669068077,1.535172949863972,1.3446171074191833,Moderate
2.0231547828649634,4.510059632110892,1.1180148278274389,1.2447284903320084,Good
2.023887725234069,4.758526760830012,1.1888845705402251,1.7591561269325693,Moderate
1.2848611734013469,6.0285014145536,1.0,1.9289678547821465,Bad
1.0,4.821661075060737,1.130586872910999,1.5943392494712207,Bad
1.995495108998519,3.894807694330217,1.0559657986785853,1.6492790077371366,Good
2.012320341565076,4.151225771168347,1.0304162083171395,1.0649282603741737,Moderate
1.3493580379830206,5.425081244807168,1.0338126607073457,1.3596004599156697,Moderate
2.390888880523407,3.737113889969816,1.0863820069957248,1.7491676248243118,Moderate
2.0561361575249064,2.0570028291072013,1.041974349008939,1.4245287202898431,Good
2.155568845253941,4.841349137069718,1.0571317621453555,1.669256011953652,Moderate
3.1836795671933604,3.1612380762071037,1.1527399828993392,1.4295223720098722,Moderate
1.1289937291633474,6.205977935067257,1.0389327197823552,2.198668199718899,Bad
3.3555376545702296,3.71733117381656,1.058399107656432,1.8790229469044597,Moderate
1.8853660677566653,4.486396096042405,1.053633899727944,1.2447284903320084,Good
1.722902335687304,5.148975105960056,1.145744258064516,1.1798002299578347,Moderate
1.086930551001659,5.129287043951074,1.0,1.2397336399437795,Good
2.2371671179763104,2.565768854579683,1.0305267967353284,1.4395120727863295,Good
3.1680869342058244,1.5521176235499512,1.0790821080450836,2.083796230135237,Good
3.2770197521002813,1.4969342574382385,1.0377160792848814,2.1437296401211823,Moderate
2.2281278179083244,2.6919428288968583,1.3516112024873688,1.7042175673348532,Bad
2.994028084815699,6.052164950622088,1.3894286917994558,1.6592675098453944,Bad
1.967452968725105,3.654291513730109,1.3722942308589197,1.8740292951844304,Moderate
2.676918479123516,4.001293606638411,1.1155815468324912,1.639289306960679,Moderate
2.4525815504267987,6.679248656437007,1.158164216090167,2.0138731193728354,Bad
2.253482567325213,4.553505884332635,1.0734551107656432,1.5993340998594494,Bad
1.5132875257968648,4.013125374672654,1.0093276237854645,1.3096555520379822,Good
3.5933114085558406,2.02150752500447,1.1643995336183444,2.058823176862294,Moderate
1.1908032028884965,5.594701471346087,1.047804110376992,1.1997784328425498,Good
1.9439995868760835,5.996981584510375,1.0025438973960357,1.2796888470450098,Bad
2.06688565645414,5.780034285834482,1.041974349008939,1.5543840423699908,Bad
2.0487751303702,3.3978734368919787,1.018249719393704,1.409545367793357,Good
1.88613080708001,2.6367594627851454,1.0610535934706569,1.5194224869887896,Good
2.0561361575249064,5.2752437344215055,1.216867469879518,1.604328950247678,Bad
1.700670459956595,3.839624328218504,1.0,1.1498335249648624,Good
2.096446697888452,5.22791666228453,1.2565099199378158,1.0149833524964862,Moderate
2.4028068046514024,2.5421053185111955,1.0046638258841818,1.4794672798875594,Good
5.324094121650417,1.1217252295362998,1.2554960435289546,2.9728076791479543,Bad
2.0856971989592186,4.43906902390543,1.0314807617567043,1.0799116128706598,Bad
1.8411466304182824,5.338283394507956,1.0816167990672367,1.3396222570309548,Bad
4.126695834872033,1.5797566336779445,1.20318019432569,3.54716992440266,Moderate
4.322990623295334,1.6862425459861383,1.024332949863972,1.839067739803229,Moderate
1.073291915023489,5.425081244807168,1.0165353470656822,1.0,Good
2.5927921228001383,5.042489193651862,1.0693489280994948,1.6342956552406505,Bad
1.9094057906015989,3.0140508818611105,1.069290975514963,1.6792457127301093,Good
1.992690849823372,2.845755813342027,1.0097331799455889,1.419533869901615,Good
1.337142718812439,3.673979575739091,1.0256510003886514,1.2497221420520372,Good
2.634855300961827,5.180589590147555,1.0304162083171395,1.4744724294993308,Bad
2.2282446217300818,2.715606364965346,1.0474492592304705,1.5244173373770182,Good
1.386981187490042,2.8772756433852527,1.02215313797124,1.1248616703601186,Good
1.4234359117983018,3.5871817254398786,1.0190792444617178,1.3196452528144396,Good
1.292923281474056,5.594701471346087,1.0,1.0,Good
1.1585547705976595,2.155537793296383,1.012825486202876,1.2647054945485237,Good
1.034935823147361,4.94395422946268,1.0,1.1897887320660925,Good
2.0292624424502543,1.9741804528674949,1.280994956859697,1.6842393644501383,Bad
1.518662307509914,2.561793380520177,1.0,1.3945620152968707,Good
1.4851285817016937,5.121430749976336,1.0012166404974738,1.3246389045344684,Good
1.980889794013999,4.20640913728006,1.0888152879906725,1.6992227169466243,Good
2.7387279528486643,4.868988147197712,1.2215312957637,1.6143174523559356,Moderate
1.327859040124553,3.662147807704848,1.0921103863194714,1.6492790077371366,Good
2.005076118232126,5.164782348053805,1.1853867081228138,1.0,Bad
1.521349633869574,2.790572447230314,1.1527399828993392,1.0,Good
2.0992508925667344,3.149406308172859,1.0377160792848814,1.2297451378355222,Good
1.6421644511384548,4.3720538897594725,1.0292548620287605,1.4894557819958172,Moderate
1.8169603062001547,5.925990976304912,1.08861252390206,1.5044391344923034,Bad
1.914172947353424,5.417224950832431,1.1713952584531675,1.2447284903320084,Bad
3.249328152285869,5.594701471346087,1.2495141951029929,1.864039594407973,Bad
2.41051837226511,2.6722547668878764,1.0021899696851924,1.978912762659834,Good
2.281875183560764,6.336127383443938,1.174893120870579,1.7341842723278256,Bad
2.3114362249950764,5.855000368099449,1.06645938593082,1.824084387306743,Bad
1.7014034023257012,5.030657425617618,1.39759035211815,1.1148719695836613,Bad
3.024640683130151,2.628808514666134,1.097331827438787,1.834072889415001,Bad
1.56166017423312,5.4566010748503935,1.0291276517683638,1.409545367793357,Moderate
2.1582561716136013,5.496071853012631,1.3602798289933928,1.529412187765247,Bad
1.5670349559461694,4.423356435955954,1.0396424500582977,1.0249718546047435,Moderate
1.856049275948524,3.6581723336453416,1.058509696074621,1.5943392494712207,Good
2.3490594389989625,3.3860416688577346,1.4279051783909833,1.2247502874472935,Moderate
1.84126343424004,5.9180400281859,1.0401493882627284,1.15982202707312,Moderate
1.3196801282300863,5.169515055267503,1.0401493882627284,1.3645953103038984,Good
1.346670647126496,5.705068203569513,1.2856587547609797,1.1798002299578347,Bad
2.187328649298707,4.687536152624549,1.0023318989506411,1.3945620152968707,Moderate
1.2767990653286376,4.088091456937622,1.012825486202876,1.0199782028847149,Good
2.9268438293775008,4.22221637937381,1.2355227454333464,1.6492790077371366,Moderate
2.814324856818573,4.675704384590305,1.0462326187329964,1.724195770219568,Bad
3.24126604421316,1.8597435924402888,1.0381584889234357,2.15371814222944,Moderate
1.6584054711056306,2.1831768034243764,1.0279828993392923,1.274695195324981,Good
1.725589726543829,3.4965030552254346,1.047804110376992,1.5244173373770182,Good
2.9292974835967813,2.561793380520177,1.0425826692576758,1.5244173373770182,Good
1.9169771420317057,1.0315198300432251,1.0457902090944422,1.7391791227160542,Good
2.001103498355083,6.884364187078657,1.0,2.003884617264578,Bad
1.1693042695268934,3.228347864497334,1.1107656338904004,1.0199782028847149,Bad
1.857270846563701,5.551255219124344,1.0944422852701128,1.2447284903320084,Bad
1.86610072531239,5.141118811985318,1.0661413882627284,1.6992227169466243,Bad
1.8411466304182824,6.134987326861794,1.0081616883015934,2.0488346747540365,Bad
1.5401612408715168,2.2581428856893453,1.2080467842984843,1.0,Moderate
1.7094655103984104,3.7804654880472848,1.0559657986785853,1.1048834674754036,Good
1.8008360900547362,5.022801131642881,1.064127486980179,1.5743622452547057,Moderate
1.6197307647184696,5.535542631174868,1.0317139432568985,1.3046619003179534,Bad
3.403209286585347,2.2383601695360893,1.0827827345511076,2.123751437236468,Moderate
3.591091426476939,2.364628797997539,1.0389327197823552,1.9639294101633475,Moderate
4.662300243267124,1.89523889654302,1.0535324897007383,4.206437434248054,Moderate
2.626442652430116,2.91674642154749,1.049882568208317,1.419533869901615,Good
2.5532994671763527,4.159082065143085,1.0384764865915277,2.0238628201492928,Bad
2.456554170303842,2.755077143127583,1.2725290944422851,2.1087680847399817,Good
2.8999701143028487,2.755077143127583,1.0474492592304705,1.6892342148383668,Good
2.977903868670281,5.6025577653208245,1.180722882238632,1.7042175673348532,Bad
2.1721604056801187,7.006562687336327,1.0072998989506412,1.569367394866477,Bad
2.458190004280227,5.890495672202181,1.026766258841819,1.1798002299578347,Bad
2.32919627511688,5.799722347843463,1.0474492592304705,1.15982202707312,Bad
2.370558372360565,3.579325431465141,1.0437993097551497,1.4744724294993308,Good
1.448790661215191,6.391310749555651,1.1690633595025262,1.0,Bad
4.77446867536705,1.4180873552580378,1.1094982883793238,2.5882353646275407,Moderate
1.8833266124017285,2.6564475247941277,1.0279828993392923,1.5793558969747346,Good
3.622872514487017,2.9640734936844653,1.1605518849591916,1.6492790077371366,Moderate
1.1654484534716072,5.941703564254388,1.0769529731830547,2.198668199718899,Bad
1.6617939428801578,3.468864045097441,1.0038158600855034,1.5593788927582195,Good
2.786282716545159,1.6349399997896574,1.005839919160513,5.619867419305989,Moderate
1.599283388237006,2.8536121073167653,1.2495141951029929,1.5993340998594494,Moderate
1.8076129046100615,4.111754993006111,1.0389327197823552,1.5244173373770182,Good
2.913407004088607,4.9123397452751805,1.4605518756315583,1.7591561269325693,Bad
3.265802908890289,3.9461102405266977,1.0863820069957248,1.938956356890404,Moderate
2.8212685892594367,1.2799869587623445,1.0795303381267003,3.422308254042542,Good
1.90856455799686,4.454876265999179,1.1170193921492422,1.3945620152968707,Good
1.0678914635583363,3.19805853832967,1.004123783909833,1.2293100212790242,Good
3.9163799440635896,1.89523889654302,1.0,4.471142928796578,Moderate
3.823841003705367,1.4456317112417572,1.0091248596968518,5.8246395038685685,Bad
1.6369065377440275,5.393561414763943,1.138748533229693,2.4334069892744496,Moderate
3.4772659409321807,2.344846081844284,1.1017560077730275,2.8129856520748344,Moderate
3.167655514678638,2.4316439321434955,1.0279828993392923,1.8940062994009452,Moderate
1.7712749841235595,5.780034285834482,1.1713952584531675,1.6592675098453944,Bad
1.6449686458167367,5.200277652156537,1.197046258841819,1.0,Moderate
2.8704090728685365,4.462732559973917,1.197046258841819,2.003884617264578,Moderate
3.5378114051052583,4.285256039460261,1.0705655685969686,2.0788013797470093,Bad
1.9870824604668085,3.606964441593135,1.0304162083171395,1.349611957807412,Good
1.9352045364342685,5.298907270489993,1.1294209094442285,1.2697003449367523,Bad
2.918781721304792,4.423356435955954,1.1317528083948698,1.804106184422028,Moderate
1.4434159439990064,5.5710379352776,1.0151574131364167,1.0799116128706598,Bad
1.9217677111453744,4.0249571427068975,1.3322969296541003,1.2097669349508071,Moderate
1.4514780520717157,2.7234626589400834,1.0024333089778468,1.3596004599156697,Good
1.6180949307420844,3.299338472702797,1.1399144966964632,1.0,Good
5.697054271252186,1.1853328144883943,1.3211950221531286,4.316315752111686,Bad
1.7851792181900763,4.608689250444348,1.0231163093664983,2.083796230135237,Bad
1.6739922348784897,3.2575013409337106,1.0069957248348231,1.4653649485178666,Good
3.6107209182186426,3.299338472702797,1.165464087057909,1.0099885021082575,Bad
1.3393096199717895,4.553505884332635,1.006359757481539,1.409545367793357,Good
4.429083321757938,2.00570028291072,1.2681694426739214,3.6071033343886048,Moderate
2.007763509088651,5.5710379352776,1.0198212110376992,1.254716992440266,Moderate
2.1501940635408925,2.407980396075008,1.2250291581811117,1.5543840423699908,Good
1.5013165207493189,5.334402574592724,1.1643995336183444,1.4994454827722743,Good
1.7309644437600131,2.8852265915042645,1.008516539448115,1.5044391344923034,Good
2.267503605213488,6.6358970583595385,1.008516539448115,1.779134329817284,Bad
1.6449686458167367,2.778740679196071,1.0256510003886514,1.6492790077371366,Good
2.2657509674153458,5.63407759536405,1.0699572483482316,1.7591561269325693,Bad
3.5691250843377134,5.503928146987369,1.3413913719393704,1.8091010348102567,Bad
1.550910739800751,3.4018489109514847,1.1515740474154683,1.0449500574894588,Good
1.4944759832917862,3.6108452615083664,1.3229693058686358,1.2597118428284946,Bad
2.003907693033365,3.153381782232365,1.0437993097551497,1.7891228319255417,Good
1.8328507857083287,7.073672475626558,1.0462326187329964,1.6193123027441645,Bad
2.088384589815744,4.50617881219566,1.1061018359891177,1.5593788927582195,Moderate
1.9137056030726651,4.600832956469611,1.3206373789350951,1.4245287202898431,Bad
4.303361131553632,1.4417508913265251,1.149647676642052,3.602108484000376,Moderate
1.4122190685883091,3.563518189371391,1.026766258841819,1.1698117278495772,Good
2.8166617072160967,2.5894323906481707,1.2180334333462883,2.453385192159165,Good
1.9618445148716763,2.6959183029563643,1.0279828993392923,1.729189421939597,Good
1.8062108072709209,1.7835470062997592,1.0426406218422075,1.286348647562648,Good
2.182442495831729,2.9640734936844653,1.053633899727944,1.6892342148383668,Good
1.4739117384917009,4.5298423482641486,1.0510992087057909,1.3596004599156697,Moderate
2.2066288200498567,4.245879915442298,1.1072677714729888,1.484462130275788,Moderate
2.7145416286305366,5.519735389081118,1.1364166342790516,1.2597118428284946,Bad
2.842366932595122,2.25416741162984,1.3297115616012438,1.8540510922997155,Moderate
1.6870318239784252,4.305038755613516,1.024332949863972,1.4445057245063584,Moderate
1.6517577792731974,4.040764384800648,1.059615748153906,1.1298553220801475,Good
2.2388772523406937,4.774334002923761,1.1422463956471045,1.0249718546047435,Moderate
1.4219170106374035,4.687536152624549,1.0,1.3096555520379822,Good
1.9405792536504527,6.099492022759063,1.0279828993392923,1.4395120727863295,Bad
1.051597491665339,2.63278398872564,1.083948698017878,1.829079237694972,Good
1.9782024676543388,5.484240084978387,1.1279218375437232,1.3945620152968707,Moderate
1.9352045364342685,4.790141245017511,1.2425184702681695,1.3795786628003843,Bad
2.620834263073552,1.7532576801320952,1.3613443824329576,1.729189421939597,Moderate
1.1822737505350285,5.511879095106381,1.0012166404974738,1.4295223720098722,Moderate
1.878769779925304,6.6871049504117455,1.0093276237854645,1.2796888470450098,Moderate
1.80480870993178,2.4316439321434955,1.0048665899727944,1.2846836974332383,Good
2.005076118232126,5.172638642028543,1.1037699090555773,1.0,Bad
2.717961961856168,3.5398546533029034,1.1399144966964632,1.648690461651075,Bad
1.608513921508477,3.4531514571479653,1.0060832304702685,1.1847950803460634,Good
3.2702896332749134,5.330427100533218,1.0024333089778468,1.6243059544641931,Bad
2.2281278179083244,2.6919428288968583,1.3516112024873688,1.7042175673348532,Bad
3.5503135418326344,5.507903621046875,1.1760590843373495,1.8091010348102567,Bad
3.31067028173026,4.135418529074598,1.041366028760202,1.5394006898735046,Moderate
1.4654990899599902,2.6761355868031087,1.0368865542168677,1.5094339848805318,Good
1.327859040124553,4.94395422946268,1.0932763218033423,1.0899001149789174,Good
1.948641361723162,4.49037157010191,1.0338126607073457,1.3995556670168998,Moderate
1.5892668316768783,6.8330616408821765,1.003997553050913,2.1836848472224126,Bad
3.823841003705367,1.4456317112417572,1.0091248596968518,5.8246395038685685,Bad
1.5912212801642969,6.190170692973507,1.0693489280994948,1.744172774436083,Moderate
2.4243057380130053,5.586750523227075,1.0023318989506411,1.1048834674754036,Bad
3.526127217614506,1.5797566336779445,1.4337349397590362,1.9988897668763488,Good
2.607046897325657,1.8321992364565696,1.0,1.7841291802055128,Good
2.048074049452197,6.923740311096621,1.150408083948698,1.9889012647680917,Bad
1.9001519094651491,6.272993069213213,1.0109498204430625,1.3845723145204134,Moderate
2.502239492380437,1.7217378500888696,1.1527399828993392,2.138734789732954,Moderate
1.599283388237006,4.896627157325705,1.0746210742324136,1.7042175673348532,Moderate
2.761044835446892,5.259436492327756,1.0462326187329964,1.5593788927582195,Bad
2.27650046634458,4.687536152624549,1.0781189366498252,1.899001149789174,Bad
3.055837558540848,1.8242482883375577,1.0466381748931208,1.834072889415001,Moderate
1.720682353608403,4.474564328008161,1.073773108433735,1.3046619003179534,Moderate
3.678021977478598,2.167369561330627,1.0048665899727944,2.0238628201492928,Moderate
2.3006867905627075,3.5833009055246468,1.1655654970851146,1.4395120727863295,Good
1.346670647126496,5.200277652156537,1.1539059463661097,1.4744724294993308,Good
3.730367245791897,3.0114005658214404,1.1002720466381657,2.333518372187275,Moderate
3.040446284764536,5.922015502245406,1.041974349008939,1.6243059544641931,Bad
3.851883079481916,1.9780612727827265,1.0802987485425573,4.061598759671421,Moderate
2.332935222853544,6.584594512163057,1.278663029926156,1.0,Bad
4.095849499920336,3.457032277063197,1.1094982883793238,2.55327380924634,Bad
2.1152583048903955,5.263411966387261,1.0279828993392923,1.4794672798875594,Moderate
1.2383579665849915,5.2554610182682495,1.036144587640886,2.198668199718899,Bad
4.582263375139413,4.762502234889517,1.0279828993392923,2.288568314697816,Bad
1.918312485116005,3.8474806221932414,1.0356145915274,1.6342956552406505,Bad
1.6637802528186798,1.7138815561141318,1.2600077823552274,1.5194224869887896,Bad
1.84126343424004,3.326882828686516,1.0304162083171395,1.5643725444782484,Good
2.7709763851395013,1.9386851487647636,1.0921103863194714,2.0638180272505227,Good
1.0,4.999137595574393,1.0024333089778468,1.11986681997189,Good
5.848481686835518,2.52232260235794,1.1058483668869024,2.633185422117,Bad
1.6261570388147937,7.353659434388902,1.1037699090555773,1.4744724294993308,Bad
1.653763696258552,5.413249476772925,1.2734692359113875,1.414539019513386,Moderate
2.163747757148408,2.833924045307784,1.0305267967353284,1.5993340998594494,Good
2.6339205479034447,2.534154370392184,1.029148862806063,1.839067739803229,Good
1.795461308341687,7.211678217977977,1.2224640497473769,1.4245287202898431,Bad
2.1985667119771475,4.521891400145136,1.1185941857753594,1.0449500574894588,Moderate
3.706064117752012,1.2642743708128688,1.0644823381267003,3.0826859970115867,Moderate
3.2708270856474724,4.391741951768454,1.324135241352507,1.3945620152968707,Bad
2.6797226738017974,3.875119632321235,1.0316328488146134,1.3695889620239272,Moderate
2.9429680455229192,3.768633720013041,1.1247570835600469,1.908989651897432,Moderate
1.8062108072709209,6.304607553400713,1.1200932856587642,1.3246389045344684,Bad
1.950627671661684,4.537698642238886,1.0012166404974738,1.2247502874472935,Good
1.6691549700348642,4.15510659108358,1.0233190734551108,1.3995556670168998,Good
1.9459540353635016,4.979449533565411,1.0474492592304705,1.03995520710123,Moderate
2.55072894463845,4.695487100743561,1.058399107656432,1.6892342148383668,Bad
1.3729601496017674,5.148975105960056,1.0304162083171395,1.3845723145204134,Bad
2.2039414936901967,5.452720254935162,1.1154294597745822,1.4644839273910732,Bad
1.3393096199717895,6.714743960539739,1.0474492592304705,1.3096555520379822,Bad
2.5984005766535674,4.415405487836942,1.0133831294209097,1.4445057245063584,Moderate
2.424539474650249,2.4276684580839896,1.058509696074621,1.6293008048524218,Good
1.5944928191233376,4.821661075060737,1.0474492592304705,1.3196452528144396,Bad
1.4391929472936569,4.214265431254798,1.0851146614846483,1.1448386745766337,Good
1.1876272482827657,4.312895049588255,1.031798759424796,1.314650402426211,Good
2.1690056705428358,4.794022064932743,1.02215313797124,1.449500574894587,Good
3.4105703137400534,4.435188203990197,1.0629615235134084,1.6792457127301093,Bad
1.25530006747017,4.65090499879053,1.0,1.3396222570309548,Good
1.346670647126496,5.705068203569513,1.2856587547609797,1.1798002299578347,Bad
1.5720591327033524,4.111754993006111,1.1131482378546445,1.9988897668763488,Good
5.318485732293854,1.4456317112417572,1.058399107656432,4.6809098637473845,Bad
1.4568527692879003,2.565768854579683,1.024485036921881,1.2497221420520372,Good
2.393693139698553,6.052164950622088,1.0060832304702685,1.2697003449367523,Bad
2.1985667119771475,4.947835049377912,1.1935483964244074,2.148723291841211,Moderate
2.421618411653345,3.0035442718467023,1.0163233486202876,1.349611957807412,Good
2.163630953326651,4.656016322581324,1.0046638258841818,2.103773234351753,Moderate
3.8701104738844783,3.1928525603946025,1.3381266910221532,1.8440625901914576,Moderate
1.854583455707176,2.8930828854790027,1.02215313797124,1.829079237694972,Good
4.280927445133647,2.8812511174447586,1.0961151869413135,2.0638180272505227,Moderate
1.967452968725105,4.967617765531168,1.0535324897007383,1.414539019513386,Moderate
2.9292974835967813,2.561793380520177,1.0425826692576758,1.5244173373770182,Good
2.7252911275597707,4.577169420401123,1.0874465604352896,1.7941176823137703,Bad
1.9137056030726651,5.6498848374578,1.2250291581811117,1.3995556670168998,Bad
2.7360406264890047,2.845755813342027,1.037310523124757,1.7841291802055128,Good
1.3359211481972622,5.957510806348138,1.0,1.4445057245063584,Moderate
2.003907693033365,3.421536972960466,1.073773108433735,1.5743622452547057,Good
1.6965661374820755,3.1612380762071037,1.0489700738437622,1.0149833524964862,Good
2.3060615077788915,3.5871817254398786,1.3287990672366887,1.2697003449367523,Moderate
3.160644963486068,2.971929787659203,1.1095996984065293,2.2735849622013298,Moderate
1.911368752675142,2.3803413859470144,1.0048665899727944,1.349611957807412,Good
4.491243335942089,1.2444916546596132,1.100981776914108,4.471142928796578,Bad
1.6960286851095163,1.8873826025682825,1.101438010104936,1.254716992440266,Good
1.7123972153779703,5.4763837910036495,1.0023318989506411,1.3346286053109258,Bad
2.138509876050141,6.746263790582964,1.0389327197823552,1.4594890770028446,Bad
1.3574201460557298,4.194577369245817,1.0011659634667702,1.0299667049929724,Good
5.080127765708862,2.873394823470021,1.1240980862806065,2.5682571617428263,Bad
1.7766497658366087,2.6406402827003777,1.180722882238632,1.484462130275788,Good
2.5425500327439834,1.6665544839771569,1.1294209094442285,2.59323021501577,Good
1.9110182122161403,4.888676209206693,1.054799835211815,1.409545367793357,Moderate
3.4696924611055424,1.0354953041027313,1.9362611643995336,2.0088794676528066,Moderate
2.629246911605263,4.419380961896448,1.1920644352895453,2.07380652935878,Moderate
2.660794262978097,2.00570028291072,1.919937815779246,1.644284157348908,Bad
2.048074049452197,1.9505169167990075,1.1246510843373494,1.0249718546047435,Good
2.211419389163525,5.638053069423556,1.0705655685969686,1.9139845022856603,Moderate
1.5944928191233376,5.148975105960056,1.0072998989506412,1.5194224869887896,Bad
1.2982979986902408,5.3501151625422,1.0,1.0,Moderate
1.4461033348555312,5.003113069633899,1.0652934224640498,1.6243059544641931,Moderate
1.8814571707818284,5.957510806348138,1.222697231247571,1.0,Bad
2.264699410535206,4.900507977240936,1.058509696074621,1.4944506323840456,Bad
2.088384589815744,2.83789951936729,1.5724834729887291,1.544395540261733,Bad
1.88613080708001,4.83349284309498,1.0546938359891178,1.529412187765247,Moderate
1.795461308341687,2.8260677513330457,1.003997553050913,1.5993340998594494,Good
1.7309644437600131,3.299338472702797,1.012825486202876,1.0899001149789174,Good
1.2848611734013469,3.989461838604167,1.0,1.0049948503882289,Moderate
1.5159749166533891,5.180589590147555,1.0279828993392923,1.419533869901615,Bad
3.8911420629653226,3.354521838814509,1.041366028760202,2.977802529536183,Moderate
2.1673932489282937,4.285256039460261,1.0717822090944422,1.7841291802055128,Good
2.1188803843084374,5.093791739848342,1.0231163093664983,1.2796888470450098,Bad
1.0813221616450948,3.713450353901328,1.0340661298095608,1.3596004599156697,Good
1.1572111074178295,4.750670466855274,1.0012166404974738,1.2397336399437795,Good
3.683630431332027,2.2936381897920763,1.116798187329965,3.122641204112817,Moderate
3.462097697313592,2.758957963042815,1.0890364928099494,1.799112532701999,Moderate
2.3114362249950764,5.32257080655848,1.2215312957637,1.419533869901615,Bad
1.8665013798351715,2.443475700177739,1.0254390019432569,1.644284157348908,Good
3.884768869788549,1.954397736714239,1.0936818779634667,3.726970154360495,Moderate
2.0426993322360127,3.2007088543693403,1.0011659634667702,1.6742508623418806,Good
1.823800843657687,4.312895049588255,1.099765108433735,1.1348501724683762,Good
1.6879665770368073,6.840917934856914,1.2658375437232805,1.419533869901615,Bad
1.4786346503944232,4.129171355552517,1.0014727959580256,1.3313969958444836,Good
2.4637983936367918,4.699367920658792,1.0401493882627284,1.589345597751192,Bad
1.196294788423303,3.3939926169767465,1.0,1.0,Good
1.6691549700348642,5.5394234510901,1.005829761368053,1.11986681997189,Bad
1.7927739819820272,5.618365007414575,1.1247570835600469,1.6342956552406505,Moderate
1.8492087384909917,5.081959971814099,1.1340847353284105,1.5094339848805318,Bad
1.214989527106624,4.805853832966987,1.0,1.1947835824543211,Good
1.55897284787346,5.5710379352776,1.1247570835600469,1.5993340998594494,Bad
3.3779713409902152,3.831768034243766,1.059615748153906,1.6342956552406505,Moderate
1.7363392254730623,2.979880735778215,1.205207919160513,1.2447284903320084,Good
1.967452968725105,2.1871522774838823,1.0209871745044694,1.4045505174051285,Good
2.0487751303702,4.021076322791666,1.0024333089778468,1.374583812412156,Moderate
1.755150767978141,4.766477708949024,1.0,1.0,Bad
1.6584054711056306,2.1831768034243764,1.0279828993392923,1.274695195324981,Good
3.07511650982355,2.9285781895817338,1.0316328488146134,1.604328950247678,Moderate
1.6503433630329214,6.742382970667732,1.1713952584531675,1.8790229469044597,Bad
1.529995954541664,3.520166591293922,1.1643995336183444,1.0,Good
1.4162979148013188,2.2383601695360893,1.0381584889234357,1.4644839273910732,Good
1.1474213863304357,4.6700251359338685,1.003997553050913,1.2397336399437795,Good
1.5496254462833672,2.8772756433852527,1.0038158600855034,1.0,Good
1.4262401709734485,3.9461102405266977,1.00462325068014,2.0887898818552664,Good
1.3393096199717895,4.553505884332635,1.006359757481539,1.409545367793357,Good
2.5198826096867544,5.172638642028543,1.2567126840264282,1.409545367793357,Bad
2.2400988229558703,4.868988147197712,1.156449843762145,1.8790229469044597,Moderate
1.86802028099607,5.669572899466782,1.1340847353284105,1.2697003449367523,Bad
1.5888844297667737,5.070128203779855,1.01703307889623,1.0899001149789174,Moderate
1.824438201673483,4.553505884332635,1.0985484679362612,1.0,Moderate
1.9325171455777437,4.407549193862204,1.2191993688301594,1.0,Moderate
1.8492087384909917,5.081959971814099,1.1340847353284105,1.5094339848805318,Bad
3.0692743838297423,1.2918187267965882,1.3416245534395648,2.2086567018271563,Bad
2.182442495831729,4.778309476983267,1.3416245534395648,1.0899001149789174,Bad
1.4971633096514465,3.31117024073704,1.0408083855421686,1.3995556670168998,Good
3.061095471935275,2.948266251590716,1.0985484679362612,1.9539397093868904,Moderate
3.0726947170553727,5.105623507882586,1.5001943256898562,1.884017797292688,Bad
1.1059591254560546,3.505211236498638,1.0427107469879515,1.4794672798875594,Good
2.2791877927042394,2.0017248088512143,1.2378546443839875,2.11376293512821,Good
1.5294117419422832,6.438637821692627,1.053633899727944,1.544395540261733,Bad
2.091071980672268,3.236204158472072,1.270501369607462,1.0449500574894588,Good
2.107196196817686,4.632352786512836,1.1574038087835212,1.1448386745766337,Bad
4.3454243097153205,1.3786165770958003,1.0025549506412748,5.519977603550615,Bad
1.8188297478200544,5.7405635076722445,1.1313979572483484,1.864039594407973,Moderate
2.1582561716136013,4.565337652366879,1.0489700738437622,1.4744724294993308,Moderate
1.2687369572559284,2.912770947487984,1.0034978624174116,1.2996670499297247,Good
1.670206526915004,6.292775785366469,1.179556946754761,1.4345172223981009,Bad
2.641982655976154,5.030657425617618,1.036144587640886,1.449500574894587,Bad
1.6533812943484474,4.092066930997129,1.015816410415857,1.3795786628003843,Good
2.324873114780835,2.8024042152645583,1.0769529731830547,1.7142060694431107,Good
2.211419389163525,5.638053069423556,1.0705655685969686,1.9139845022856603,Moderate
1.8693055745134532,5.13326251801058,1.0928523528954528,1.5194224869887896,Bad
2.5237384257420405,6.194146167033013,1.3381266910221532,1.7341842723278256,Bad
2.12168457898672,2.4908027723147144,1.0279828993392923,1.469478777779302,Good
3.103158650096964,2.55393708654544,1.1277480077730275,1.918979352673889,Moderate
1.5328002137168106,4.151225771168347,1.0176413991449669,2.058823176862294,Moderate
2.113271994951874,5.6025577653208245,1.166680755538282,1.4794672798875594,Moderate
1.8922066052141973,5.803697821902969,1.1317528083948698,1.11986681997189,Moderate
2.797850100214154,1.5100911834923172,1.1760590843373495,1.7192009198313394,Good
1.5243875651851,3.12186195218914,1.0,1.274695195324981,Good
2.5425500327439834,4.462732559973917,1.036144587640886,1.609322601967707,Bad
1.5748633273816344,5.263411966387261,1.0523158492032647,1.609322601967707,Bad
3.023589126250011,3.204684328428846,1.0268169358725223,2.0238628201492928,Good
1.5267244155826232,2.7826214991113023,1.1410804601632336,2.7230855370959173,Good
1.4851285817016937,4.675704384590305,1.0729988775748154,1.983906414379863,Good
1.6261570388147937,5.488215559037893,1.060629624562767,1.604328950247678,Moderate
1.0820869009684395,4.179527360306259,1.0279828993392923,1.2397336399437795,Good
3.2977008007221245,2.814235983298802,1.114263496307812,1.529412187765247,Moderate
2.054383519726764,4.415405487836942,1.100981776914108,1.9639294101633475,Moderate
3.461630353032833,2.565768854579683,1.108433734939759,2.8479472074560355,Moderate
3.668557772066748,1.3154822628650755,1.380101040031092,2.0887898818552664,Moderate
3.5574408968469617,1.9860122209017383,1.0316328488146134,3.7918984147346686,Bad
4.26410221256709,1.0,1.2542794030314808,3.552164774790888,Bad
2.012320341565076,1.7808966902600885,1.052149938593082,1.7391791227160542,Good
2.9429680455229192,4.064427920869136,1.1562378453167508,1.859045942687944,Bad
2.78441327492526,2.82209227727354,1.263505644772639,1.4994454827722743,Moderate
3.851883079481916,1.3173753457505548,1.1042999051690634,2.523307104253368,Moderate
1.5720591327033524,5.614389533355069,1.0024333089778468,1.5943392494712207,Moderate
2.1833772488901118,6.265136775238476,1.058399107656432,1.449500574894587,Bad
1.0146583959040707,4.628377312453329,1.0,1.11986681997189,Good
1.548223348944226,4.514035106170399,1.167897396035756,1.0,Moderate
1.8468718880934685,5.906208260151656,1.2180334333462883,1.1947835824543211,Bad
1.8814571707818284,4.762502234889517,1.1287213369607465,1.5394006898735046,Moderate
1.9217677111453744,4.7111996886930365,1.1853867081228138,1.0,Moderate
1.6449686458167367,5.685380141560532,1.1853867081228138,1.0649282603741737,Bad
2.67105513366126,1.7454013861573572,1.0852812157015157,2.2635964600930727,Good
3.7200851556402874,2.948266251590716,1.1399144966964632,6.988346148206266,Bad
3.574499866050762,2.908890127572752,1.6764561741158182,2.083796230135237,Bad
1.5912212801642969,3.425512447019972,1.1270890104935871,1.2447284903320084,Good
2.017928795418504,1.4141118811985318,1.0445182464049747,1.9889012647680917,Good
1.346670647126496,5.705068203569513,1.2856587547609797,1.1798002299578347,Bad
3.010619645241876,3.035064101889928,1.0766487990672369,1.8940062994009452,Moderate
1.5628817448482968,4.514035106170399,1.0209871745044694,1.2397336399437795,Moderate
3.248977611826868,2.2028648654333582,1.300511993781578,1.644284157348908,Good
2.1152583048903955,1.3746411030362946,1.3416245534395648,1.5094339848805318,Bad
2.4525815504267987,5.089816265788837,1.0194663598911775,1.9289678547821465,Bad
3.07511650982355,5.5710379352776,1.0109498204430625,1.6243059544641931,Bad
2.5452373591036435,3.323002008771284,1.1702292949863973,1.6293008048524218,Moderate
2.17438038775902,3.145525488257628,1.0069957248348231,1.374583812412156,Good
2.48074049452197,3.3071947666775343,1.2215312957637,1.449500574894587,Good
2.73335323563248,3.2913875245837847,1.0,1.5094339848805318,Moderate
1.905643494999956,3.074534880052165,1.030314798289934,1.2896785478214672,Good
3.403209286585347,3.054752163898909,1.0109498204430625,1.8690344447962015,Moderate
1.491788592435262,5.271268260362,1.0046638258841818,1.1148719695836613,Moderate
1.7038570565449818,5.279124554336737,1.0356145915274,1.4644839273910732,Bad
1.419229619780879,6.789710042804707,1.064127486980179,1.4794672798875594,Bad
1.6664675791783397,4.624496492538098,1.0314807617567043,1.7042175673348532,Moderate
1.5750970640188784,5.176614116088049,1.2215312957637,1.11986681997189,Moderate
3.17045970935692,2.758957963042815,1.0340661298095608,1.938956356890404,Moderate
1.5106001994372047,3.40582438501099,1.0279828993392923,1.5044391344923034,Good
4.074350566558733,2.628808514666134,1.3509522052079286,2.748057391700661,Moderate
2.128695130179289,3.82779256018426,1.0408083855421686,1.7491676248243118,Good
2.0749477645268493,4.525866874204642,1.1958802953750487,1.419533869901615,Moderate
1.6369065377440275,5.488215559037893,1.0326467252234746,1.5743622452547057,Bad
1.7685876577638997,4.805853832966987,1.1585697722502917,1.0099885021082575,Moderate
1.4461033348555312,5.44476930681615,1.005829761368053,1.4794672798875594,Bad
2.243030463438566,6.651609646309014,1.010175589584143,1.3046619003179534,Bad
1.8223350234163396,4.379910183734211,1.0559657986785853,1.7741394794290557,Good
2.533903712071893,1.863719066499795,1.0534219012825496,1.8190895369185145,Good
1.6664675791783397,4.419380961896448,1.0594636610959969,1.0549385595977163,Moderate
1.636555997285026,3.685811343773335,1.0121664889234356,1.3945620152968707,Good
2.607046897325657,2.3764605660317826,1.3462883793237466,1.15982202707312,Moderate
2.1394446291085227,3.926422178517716,1.1900505340069958,1.3645953103038984,Moderate
2.281875183560764,5.744538981731751,1.1947143319082782,1.409545367793357,Bad
2.0749477645268493,1.8597435924402888,1.101438010104936,1.709212417723082,Moderate
2.01582561716136,2.4947782463742203,1.349786241741158,1.409545367793357,Moderate
2.1985667119771475,5.79584152792823,1.0769529731830547,1.639289306960679,Bad
1.92138376131052,3.145525488257628,1.270501369607462,1.204772084562579,Good
2.2872499007769487,3.867263338346497,1.0489700738437622,1.484462130275788,Moderate
2.2791877927042394,4.7309824048462925,1.0862805969685192,2.493340399260395,Moderate
1.6977388194738996,5.4053931827981865,1.2531180567431015,1.859045942687944,Bad
1.8223350234163396,3.113911004070128,1.0408083855421686,1.204772084562579,Good
2.4986036106333747,4.95020140298476,1.0312750034978624,1.5907720129088574,Moderate
2.9601438185484774,4.324726817622498,1.1107149568596968,1.3795786628003843,Moderate
1.9301127024661389,4.957773734526677,1.057438594636611,1.4345172223981009,Bad
1.6073454963097151,3.977630070569923,1.12531472677808,1.6243059544641931,Good
2.467303669233076,3.4097052049262224,1.0279828993392923,1.484462130275788,Moderate
1.9432666445069773,6.813373578873195,1.13291877186164,2.018867969761064,Bad
5.04647717158202,2.4001241021002704,1.100981776914108,2.8329638549595493,Moderate
2.0588235483814312,2.514466308383202,1.0944422852701128,2.872919062060779,Good
1.86802028099607,5.993006110450869,1.1340847353284105,1.4794672798875594,Bad
2.466602588315073,4.959666817412156,1.1094982883793238,2.4184236367779635,Bad
2.54231629610674,5.3264516264737125,1.0060832304702685,1.8140958851984847,Bad
2.0212003343775446,4.884795389291462,1.121259221142635,1.4794672798875594,Bad
1.491788592435262,6.158650862930282,1.0093276237854645,1.1348501724683762,Bad
2.660794262978097,2.534154370392184,1.2448503692188106,1.6243059544641931,Moderate
1.5888844297667737,2.810260509239296,1.0292548620287605,1.4744724294993308,Good
3.289638692649415,1.3786165770958003,1.2087057815779243,1.5843507473629632,Good
2.534487924671274,4.746694992795767,1.1399144966964632,1.804106184422028,Bad
2.5318005338147493,2.577600622613927,1.369607452778857,1.409545367793357,Moderate
3.978072613966981,2.684086534922121,1.1289646762534007,3.3673696944448253,Bad
4.180713764871392,1.3200256617902253,1.209135347065682,6.2313308426783935,Moderate
1.7712749841235595,5.137143337925812,1.138748533229693,1.5144288352687607,Moderate
2.090838244035024,4.596857482410105,1.0705655685969686,1.9139845022856603,Moderate
1.6422812549602122,3.153381782232365,1.0186552755538285,1.5593788927582195,Good
3.0182144090338268,3.7449701839445537,1.0571317621453555,2.2036630501071275,Moderate
1.5328002137168106,4.048620678775386,1.094124287602021,1.414539019513386,Good
2.1394446291085227,6.174458105024032,1.1049358725223477,1.2397336399437795,Bad
2.200202545953532,3.934278472492454,1.194608332685581,1.5344058394852758,Moderate
2.2066288200498567,2.1516569733811512,1.0326467252234746,1.5044391344923034,Good
2.1260077393227643,2.518441782442708,1.0742155180722892,1.7591561269325693,Good
2.817129051496855,4.478539802067667,1.0194663598911775,1.5144288352687607,Moderate
1.7309644437600131,7.138321256165666,1.0279828993392923,1.8091010348102567,Bad
2.4778194315250657,4.391741951768454,1.0279828993392923,1.374583812412156,Moderate
1.9835771848705237,6.9632110892588575,1.1002720466381657,1.5793558969747346,Bad
2.3602975016774024,2.447451174237245,1.2919954823163622,1.094894965367146,Good
1.3421138146500715,6.103467496818569,1.0055965798678586,1.5244173373770182,Bad
3.613525112896925,1.5679248656437008,1.1034150579090556,2.1886796976106413,Moderate
2.1985667119771475,4.218240905314305,1.342790516906335,1.2996670499297247,Bad
1.6561854890267294,2.55393708654544,1.052149938593082,1.5643725444782484,Good
2.3267926704645143,4.930418686831505,1.2709253385153518,1.7192009198313394,Bad
2.101821415104637,3.3623781327892472,1.15507190983288,1.1698117278495772,Good
1.6691549700348642,3.918471230398704,1.0559657986785853,1.839067739803229,Good
2.323883023412641,2.1155937444127764,1.186749027594248,1.525130544955851,Good
1.795461308341687,7.412818274560121,1.1492421204819276,1.0,Bad
2.06688565645414,3.074534880052165,1.0396424500582977,1.4744724294993308,Good
2.091071980672268,3.792297256081529,1.029148862806063,1.354605609527441,Good
1.5374738500149925,2.10035442718467,1.0,1.5244173373770182,Good
1.6561854890267294,5.60653323938033,1.0788609032258063,1.4295223720098722,Moderate
3.38907138037845,1.5994446956869262,1.0693489280994948,1.6342956552406505,Good
2.6124216145418417,4.510059632110892,1.141131137193937,1.908989651897432,Moderate
1.81427291534363,3.468864045097441,1.4827050136027982,1.0,Moderate
1.4622275510009497,3.618796209627378,1.0011659634667702,1.3396222570309548,Good
3.506965070153562,1.6586035358581448,1.0559657986785853,3.4572698094237424,Good
1.6261570388147937,6.134987326861794,1.3905439502526231,2.038846172645779,Moderate
2.7918911703985883,2.3211825457757955,1.442859799455888,1.4045505174051285,Moderate
2.9107196132320823,3.5951326735588904,1.1200932856587642,2.293563165086045,Moderate
3.4772659409321807,2.0530273550476954,1.0432463116984063,2.428413337554421,Moderate
2.2388772523406937,4.425533481274255,1.0617955600466382,1.2247502874472935,Moderate
3.574499866050762,2.908890127572752,1.6764561741158182,2.083796230135237,Bad
4.695950772897103,2.6406402827003777,1.0206830003886511,2.288568314697816,Bad
2.555986858032877,2.707750070990608,1.0116595507190052,1.639289306960679,Moderate
1.1904193175505062,5.173395875182735,1.0026650353672757,1.2397336399437795,Good
2.263063576558821,4.032908090825909,1.029148862806063,1.5344058394852758,Moderate
2.636607938759969,5.8707129560489255,1.3381266910221532,1.9739179122716053,Bad
2.289937291633473,4.908458925359948,1.1768010509133306,1.03995520710123,Bad
2.351746765358622,3.914590410483472,1.2005441212592305,1.779134329817284,Good
2.703792194198168,6.119180084768044,1.054799835211815,1.3645953103038984,Bad
3.565853545378672,2.7314136070590957,1.1107149568596968,3.342397839840081,Moderate
1.862645563779885,4.892651683266199,1.2261950936649826,1.1698117278495772,Moderate
2.134069847395474,3.5438301273624093,1.0513019727944035,1.7042175673348532,Good
2.453866843944182,3.93825394655196,1.1527399828993392,1.983906414379863,Good
2.1179456312500555,3.4728395191569468,1.4337349397590362,1.3995556670168998,Moderate
2.230815144267984,4.553505884332635,1.1469102215312863,1.3695889620239272,Moderate
5.10536564680713,1.252442602778625,1.0802987485425573,3.632075188993349,Bad
1.799200256078351,3.3071947666775343,1.3893272817722502,1.1498335249648624,Bad
1.1504926625249503,6.0718530126310695,1.0127194869801788,1.7192009198313394,Bad
2.0319498333067787,5.212109420190781,1.0233190734551108,1.3346286053109258,Bad
2.67960586998004,6.332151909384432,1.4279051783909833,1.3446171074191833,Bad
2.904193175505063,6.512184091793485,1.0359780054411194,1.3396222570309548,Bad
3.052682823403565,3.157357256291871,1.035282798289934,1.639289306960679,Good
3.3629306076729044,1.7414259120978512,1.113203560046638,2.8529408591760648,Moderate
1.7879834128683587,4.648160028606586,1.3812670034978625,1.11986681997189,Good
1.2888337932783904,4.023064059821419,1.0291995398367664,1.5344058394852758,Good
2.0936425032101704,4.7309824048462925,1.1119315973571706,1.5793558969747346,Bad
4.25568956403538,4.127562235099861,1.0437993097551497,1.8540510922997155,Moderate
2.096446697888452,5.511879095106381,1.205207919160513,1.6243059544641931,Moderate
4.398704331087002,4.356246647665724,1.0450159782355228,2.608213567512256,Bad
1.6100328226693752,4.431212729930692,1.096774184220754,2.198668199718899,Moderate
2.037558287160208,1.5402858555157073,1.0060832304702685,1.8690344447962015,Good
1.7390265518327226,4.186721075271079,1.1270890104935871,1.2796888470450098,Good
1.4598907006034263,2.948266251590716,1.0,1.4345172223981009,Good
3.125592336516949,4.719150636812048,1.0425826692576758,1.414539019513386,Moderate
1.835387963367243,4.151225771168347,1.15507190983288,1.3046619003179534,Good
3.047775450468139,2.628808514666134,1.8010104935872522,1.7042175673348532,Bad
2.3006867905627075,3.267723988515297,1.2320248830159346,1.8140958851984847,Moderate
3.1900892010986226,2.226528401501846,1.0632656976292263,2.083796230135237,Moderate
1.2257390260358578,2.1476814993216453,1.029148862806063,1.8540510922997155,Good
2.131382521035814,3.973749250654691,1.036144587640886,1.3995556670168998,Good
3.792994668753671,3.177045318300853,1.0340661298095608,2.912874269162009,Moderate
1.3493580379830206,5.929871796220144,1.0186552755538285,1.0749167624824312,Moderate
1.1289937291633474,6.738407496608226,1.005829761368053,1.7941176823137703,Bad
2.7790384932122105,5.164782348053805,1.2133696074621063,1.8890126476809168,Bad
1.6906539033964674,4.498227864076648,1.1119315973571706,1.6293008048524218,Moderate
1.8008360900547362,5.070128203779855,1.1609016712009328,1.1348501724683762,Bad
2.5452373591036435,4.947835049377912,1.1609016712009328,1.154828375353091,Bad
2.096446697888452,5.890495672202181,1.079284872133696,1.0,Bad
1.6422812549602122,5.7603462238255,1.1095996984065293,1.5993340998594494,Bad
2.913407004088607,3.1415500141981214,1.1130975608239408,1.9489460576668611,Moderate
2.017928795418504,4.376029363818979,1.0508780038865138,1.3795786628003843,Good
1.7578381588346657,6.119180084768044,1.315973581033813,1.1298553220801475,Bad
2.23385307558351,4.103898699031372,1.1301813167508743,1.639289306960679,Good
1.824438201673483,2.841780339282521,1.026710936649825,1.419533869901615,Good
1.917614500047502,5.55523069318385,1.1410804601632336,1.3596004599156697,Moderate
2.091071980672268,2.0411955870134517,1.222697231247571,1.4794672798875594,Good
1.1693042695268934,6.343983677418676,1.0292654395647105,1.154828375353091,Moderate
3.4172303244736217,1.252442602778625,1.094124287602021,1.938956356890404,Good
2.2598387333297376,2.4908027723147144,1.1165954232413524,1.7891228319255417,Good
1.9309982444168448,4.845324611129223,1.0888152879906725,1.884017797292688,Moderate
3.883547299173373,3.942134766467192,1.2110377085114652,2.0788013797470093,Moderate
1.8496760827717504,2.8852265915042645,1.0047449203264671,1.5643725444782484,Good
1.5611227218605608,5.06615272972035,1.1702292949863973,1.1698117278495772,Moderate
1.0938135918929506,6.35269185869188,1.0050877947920716,1.094894965367146,Moderate
1.9137056030726651,4.214265431254798,1.2670035071900505,1.4544954252828155,Moderate
2.8732132675468183,3.989461838604167,1.035282798289934,2.138734789732954,Moderate
2.4646162783765515,4.758526760830012,1.2576758554216867,1.4644839273910732,Moderate
1.3757643442800491,7.791434851655921,1.0,1.3596004599156697,Bad
2.284073946171218,3.819936266209522,1.1505746381655657,1.834072889415001,Moderate
3.047074369550136,4.28137521954503,1.0656989786241742,1.8890126476809168,Bad
1.2579874583266948,5.247604724293511,1.0190792444617178,1.2647054945485237,Good
2.3409973309262533,3.070559405992659,1.072289147298873,1.9988897668763488,Moderate
2.292624682489998,5.070128203779855,1.13291877186164,1.3695889620239272,Bad
1.9002687132869067,4.5731939463416165,1.121259221142635,1.0,Bad
1.2796818816848448,3.71733117381656,1.0499876439953362,1.2597118428284946,Good
1.720215009327644,3.228347864497334,1.2017100567431014,1.3995556670168998,Good
1.7935918667217872,3.2913875245837847,1.0109498204430625,1.0199782028847149,Good
4.373466449988734,2.2383601695360893,1.122881417800233,2.598223866735798,Moderate
1.986264575727048,4.230072673348548,1.191216469490867,2.1637066443376973,Good
2.4329520586850952,3.516191117234416,1.0255495903614458,2.3584902267920187,Good
1.7900865911255024,4.727006930786786,1.222697231247571,1.094894965367146,Bad
1.8733950627091192,3.90663946236446,1.2075398460940536,1.4544954252828155,Moderate
2.9725290869572314,3.800153550056266,1.1177613587252235,1.544395540261733,Moderate
2.819933246175137,5.4053931827981865,1.1070650073843762,1.9039960001774028,Bad
1.7770336511745983,5.981174342416625,1.1971522580645162,1.3795786628003843,Bad
1.5524296409616491,4.896627157325705,1.044073066459386,1.3196452528144396,Bad
1.8076129046100615,4.111754993006111,1.0389327197823552,1.5244173373770182,Good
2.109883523177346,3.524142065353428,1.0279828993392923,1.5394006898735046,Good
4.140716872760306,1.5719003397032068,1.0,2.278579812589559,Moderate
2.0847200069639413,3.5398546533029034,1.1386425340069957,1.5743622452547057,Good
1.7793370921962686,2.9364344835564715,1.1061018359891177,2.0688128776387518,Good
1.647656036673261,4.43906902390543,1.0326467252234746,1.5244173373770182,Moderate
2.160943562470126,6.253305007204232,1.1982121943256898,1.0749167624824312,Bad
1.196294788423303,4.293206987579272,1.0928523528954528,1.2447284903320084,Good
1.6421644511384548,3.035064101889928,1.026766258841819,1.5993340998594494,Good
2.609734223685317,1.9307342006457515,1.2366886809172173,1.7691458277090266,Moderate
2.792475382997969,4.652040848521818,1.0991061111542946,1.9889012647680917,Bad
6.016097041466476,3.677955049798597,1.0729988775748154,2.523307104253368,Bad
1.5159749166533891,5.310739038524236,1.0394304516129032,1.3096555520379822,Bad
2.163747757148408,4.139394003134104,1.0523158492032647,1.5244173373770182,Good
1.7122697050766924,5.716899971603756,1.012409800233191,1.2197554370590649,Bad
1.2767990653286376,3.40582438501099,1.029148862806063,1.0,Good
2.076817206146749,6.091635728784325,1.008516539448115,1.6892342148383668,Bad
1.954016143436211,6.572762744128813,1.2075398460940536,1.0,Bad
2.113271994951874,5.6025577653208245,1.166680755538282,1.4794672798875594,Moderate
1.518779111331671,3.461007751122703,1.0571824391760591,1.2097669349508071,Good
3.543419858958687,1.958373210773745,1.068132287602021,2.508323751756881,Moderate
2.5899879281218565,2.313326251801058,1.0377160792848814,1.4445057245063584,Good
1.833084522345573,5.129287043951074,1.041974349008939,1.4644839273910732,Bad
3.216346777625926,3.729162941850804,1.121259221142635,2.318535019690789,Moderate
2.2281278179083244,3.019256859796178,1.0781189366498252,1.535875406698131,Good
1.346670647126496,6.304607553400713,1.037310523124757,1.174805379569606,Bad
1.6674023322367215,4.494347044161417,1.0559657986785853,1.2497221420520372,Moderate
3.17045970935692,2.2108158135523697,1.1119315973571706,2.897890916665524,Moderate
1.6234697124551336,2.3409652619290515,1.0443062479595802,1.0,Good
1.548223348944226,3.831768034243766,1.0223863194714342,1.2197554370590649,Moderate
3.3810092723057408,2.104329901244176,1.3731053151962689,2.303551667194302,Moderate
1.8841444971414885,5.287075502455749,1.0,1.4544954252828155,Bad
2.60961741986356,2.971929787659203,1.01703307889623,1.9039960001774028,Moderate
3.1660196807022527,5.563086987158588,1.1364166342790516,1.5194224869887896,Bad
2.902657505159373,3.804129024115772,1.205207919160513,1.8890126476809168,Moderate
3.204620086701416,2.61697674663189,1.0795303381267003,1.4869589561358023,Bad
3.5007193227812023,4.364197595784735,1.9565063723280216,2.4334069892744496,Bad
2.193191994760963,4.312895049588255,1.1755290882238632,1.03995520710123,Good
1.784711873909318,6.292775785366469,1.1539059463661097,1.0,Bad
1.4038064845534632,4.770358528864255,1.0693489280994948,1.0,Good
1.810417099288344,3.259867694540559,1.0597816587640887,1.5344058394852758,Good
1.835655044883476,6.442613295752133,1.026766258841819,1.15982202707312,Moderate
1.5019538787651148,1.7138815561141318,1.035282798289934,1.2796888470450098,Good
2.2282446217300818,3.626652503602116,1.026766258841819,1.3995556670168998,Moderate
1.8492087384909917,1.7375450921826194,1.209871745044695,1.4594890770028446,Moderate
3.052682823403565,1.3238118275611834,1.143564446171784,2.323529870079017,Moderate
2.32218572392431,3.8435998022780096,1.0466381748931208,1.669256011953652,Good
3.4428187460308903,1.2761061388471124,1.6634278958414304,1.9139845022856603,Moderate
1.5132875257968648,5.310739038524236,1.1352506708122814,1.409545367793357,Moderate
1.927142428361559,5.010969363608637,1.1562378453167508,1.234738789555551,Bad
3.829449393061931,3.277000094654144,1.018249719393704,2.4384018396626788,Bad
3.49656611168333,1.9662295047484828,1.0781189366498252,2.1637066443376973,Moderate
1.5320991327988076,6.825205346907438,1.1177613587252235,1.374583812412156,Bad
2.6853311276552256,3.685811343773335,1.0802987485425573,1.6792457127301093,Moderate
1.7234865482866848,6.994730919302083,1.0909444228527012,1.0,Bad
1.8438339567779425,5.318595332498974,1.083948698017878,1.2297451378355222,Bad
3.206914433665179,4.26556797745128,1.0,1.7841291802055128,Moderate
2.013138226304836,4.237928967323287,1.0338126607073457,1.1398450228566048,Moderate
1.25261274111051,3.046895869924171,1.0268169358725223,1.214761785339036,Good
3.5686577400569544,4.557386704247867,1.0255495903614458,2.148723291841211,Bad
1.8169603062001547,4.036788910741142,1.0151574131364167,1.3396222570309548,Moderate
2.090838244035024,2.4001241021002704,1.31146184220754,1.11986681997189,Good
1.4038064845534632,3.784440962106791,1.0152634123591138,1.274695195324981,Good
2.303958329521748,4.723031456727281,1.008516539448115,1.374583812412156,Moderate
2.636607938759969,4.486396096042405,1.06645938593082,1.824084387306743,Bad
2.6930426952689337,3.768633720013041,1.047804110376992,1.4245287202898431,Moderate
2.0212003343775446,3.8435998022780096,1.1352506708122814,1.6243059544641931,Moderate
1.894893996070722,6.04430865664735,1.1049358725223477,1.0449500574894588,Bad
1.550910739800751,4.494347044161417,1.3905946272833267,1.9739179122716053,Good
2.382476296488561,2.573625148554421,1.0048665899727944,1.779134329817284,Good
1.4864138752190772,3.855431570312253,1.15507190983288,1.4744724294993308,Good
1.3036727159064254,4.159082065143085,1.0632656976292263,1.7491676248243118,Good
1.6449686458167367,1.757233154191601,1.0279828993392923,1.1558268659634567,Good
1.6073454963097151,6.150794568955543,1.0944422852701128,1.2247502874472935,Moderate
2.4694068474902195,5.44476930681615,1.0340661298095608,1.7448871806831154,Bad
1.6965661374820755,3.1612380762071037,1.0489700738437622,1.0149833524964862,Good
2.539862641887459,6.198121641092519,1.114263496307812,1.5244173373770182,Bad
1.964648774046823,3.784440962106791,1.1615376385542169,1.3645953103038984,Good
1.6561854890267294,5.60653323938033,1.0788609032258063,1.4295223720098722,Moderate
1.5697222823058292,5.9496545123734,1.024485036921881,1.5347906119773855,Bad
2.06688565645414,5.784009759893987,1.1842207446560435,1.0,Bad
1.2230516351793332,2.865443875351009,1.0384764865915277,1.0,Good
2.252314142126452,3.4531514571479653,1.083948698017878,1.839067739803229,Good
1.5580380948150778,4.750670466855274,1.0364994387874078,1.2397336399437795,Moderate
4.080673774665456,2.139825205346908,1.1277480077730275,3.152607909105789,Bad
1.5831591720915876,3.729162941850804,1.35445006762534,1.354605609527441,Bad
1.9701403595816296,5.492096378953125,1.0617955600466382,1.5493891919817622,Bad
2.057187714405046,6.012694172459851,1.2311630936649824,1.4245287202898431,Bad
1.314422214835659,3.212540622403584,1.0979401476875243,1.2697003449367523,Good
1.1585547705976595,2.155537793296383,1.012825486202876,1.2647054945485237,Good
1.9253897905634163,6.1468190948960375,1.0291995398367664,1.529412187765247,Bad
2.4619289520168914,4.581050240316355,1.0804508356004665,2.388456931784991,Bad
2.107663541098445,2.6682792928283705,1.058399107656432,1.609322601967707,Good
1.5320991327988076,5.074103677839361,1.2565099199378158,1.4445057245063584,Bad
1.1542316102616146,2.7274381329995894,1.0024333089778468,1.174805379569606,Good
3.17887235788863,1.9702049788079887,1.0364994387874078,2.503330100036852,Good
1.5892668316768783,6.8330616408821765,1.003997553050913,2.1836848472224126,Bad
3.915795731464209,2.139825205346908,1.205207919160513,2.867924211672551,Moderate
1.8303971314890488,4.218240905314305,1.0384764865915277,1.2497221420520372,Moderate
2.3095667833751765,2.510490834323696,1.0,1.5394006898735046,Good
2.9322185465936856,1.9860122209017383,1.2442144018655266,2.2186464026036137,Good
1.5888844297667737,5.772177991859743,1.2944287633113098,1.449500574894587,Bad
2.7467900609213736,5.63407759536405,1.174893120870579,1.4544954252828155,Bad
2.418931020796821,6.012694172459851,1.0559657986785853,1.5244173373770182,Bad
2.953717544452153,2.530273550476952,1.0629615235134084,1.409545367793357,Good
4.627948632719144,3.208565148344078,1.0209871745044694,1.7391791227160542,Bad
1.7014034023257012,3.334833776805528,1.1340847353284105,1.469478777779302,Good
1.0886831887998012,7.633646393151247,1.0,1.0,Bad
1.3950432955627512,6.213834229041995,1.2798289933929266,1.2097669349508071,Moderate
2.284073946171218,6.801541810838951,1.0279828993392923,1.374583812412156,Bad
1.982111364629176,6.42292523374315,1.0572377613680528,1.9039960001774028,Bad
1.860892925981743,2.818116803214034,1.0127194869801788,1.449500574894587,Good
2.822036424432281,3.145525488257628,1.1399144966964632,1.6492790077371366,Moderate
1.8169603062001547,4.6599917966408295,1.060629624562767,1.0549385595977163,Good
1.1031949833306778,5.780034285834482,1.0,1.0,Moderate
1.720215009327644,3.354521838814509,1.0629615235134084,1.0,Good
1.6557181447459706,4.537698642238886,1.1422463956471045,1.0199782028847149,Moderate
2.8300985325049903,1.7808966902600885,1.2506801305868636,2.0283314551978444,Good
1.8216339424983363,5.247604724293511,1.0571824391760591,1.2896785478214672,Bad
1.404571223876808,2.3369897878695456,1.0559657986785853,2.038846172645779,Good
2.1525309139384152,3.882975926295973,1.092465237465993,1.544395540261733,Good
2.8085995991433874,2.83789951936729,1.1037699090555773,1.5743622452547057,Moderate
1.3305464309810775,5.461333782064092,1.0011659634667702,1.0,Moderate
3.349929265213666,2.2818064217578327,1.0364994387874078,2.7230855370959173,Moderate
3.4714025954699257,2.2620237056045767,1.109387699961135,1.4944506323840456,Moderate
1.6073454963097151,3.614820735567872,1.1072677714729888,1.2796888470450098,Good
2.252314142126452,4.813804781085999,1.0897784593859308,1.983906414379863,Moderate
2.264699410535206,4.900507977240936,1.058509696074621,1.4944506323840456,Bad
2.12063302210658,5.160806873994299,1.1480761849980567,1.5244173373770182,Moderate
1.580471781235063,6.3051754782663565,1.0652934224640498,1.0,Bad
3.0612122757570326,2.8852265915042645,1.054799835211815,2.7880137974700907,Moderate
5.559647893557127,3.062703112017921,1.026766258841819,2.917869119550238,Bad
2.1272930328401483,3.882975926295973,1.0450159782355228,1.8490562419114869,Moderate
2.424794366259076,5.397442234679175,1.1993781577924605,1.9539397093868904,Bad
1.6730107860901504,3.4531514571479653,1.102603973571706,1.11986681997189,Good
2.289937291633473,2.3921731539812585,1.1492421204819276,1.6992227169466243,Good
2.3684551941034213,2.0766908911161828,1.052149938593082,1.7341842723278256,Good
2.413556303580636,1.6665544839771569,1.2658375437232805,1.804106184422028,Good
3.434756637958181,5.070128203779855,1.4547221142635056,2.093784732243495,Bad
4.090241046066907,1.4219681751732698,1.0291995398367664,3.517203219409688,Moderate
1.8020045152534976,4.600832956469611,1.0450159782355228,1.1298553220801475,Moderate
1.7515286885600987,3.512310297319184,1.012825486202876,1.274695195324981,Good
3.024640683130151,2.628808514666134,1.097331827438787,1.834072889415001,Bad
4.956742425902078,3.074534880052165,1.0012166404974738,2.743063739980632,Bad
1.9057602988217133,5.290956322370981,1.024332949863972,1.409545367793357,Bad
3.724992528575712,3.985581018688935,1.3218033424018656,1.958934559775119,Moderate
1.8476730681453015,5.148975105960056,1.0165353470656822,1.4894557819958172,Moderate
1.5944928191233376,3.930302998432948,1.001338310143801,1.4245287202898431,Good
1.550910739800751,3.4018489109514847,1.1515740474154683,1.0449500574894588,Good
1.8665013798351715,4.608689250444348,1.0623255561601244,1.5793558969747346,Moderate
2.064198265597615,6.280944017332225,1.1399144966964632,1.5394006898735046,Bad
1.4998507005079709,3.1612380762071037,1.0,1.4794672798875594,Good
1.4702896590736587,4.754645940914779,1.0151574131364167,1.059933409985945,Good
1.3729601496017674,2.755077143127583,1.0216231418577535,1.4045505174051285,Good
3.17045970935692,1.5994446956869262,1.0754321585697628,2.937847322434953,Good
2.273813075488055,3.2401796325315777,1.0431403124757093,1.3645953103038984,Moderate
1.9378919272907928,5.010969363608637,1.2110377085114652,1.0099885021082575,Bad
3.4858166772509604,4.498227864076648,1.1037699090555773,2.3584902267920187,Bad
1.6100328226693752,5.563086987158588,1.02215313797124,1.354605609527441,Moderate
1.4823243870234115,4.052596152834892,1.032849489312087,1.0199782028847149,Good
2.01582561716136,4.955785997496924,1.0571317621453555,1.5943392494712207,Bad
2.4243057380130053,4.395717425827961,1.0524679362611735,1.7341842723278256,Moderate
3.602308269686932,1.3786165770958003,1.0559657986785853,2.39345178217322,Moderate
3.829799933520932,2.163488741415395,1.150408083948698,3.222531019868191,Moderate
2.4329520586850952,4.963642291471661,1.0523158492032647,2.1687014947259264,Bad
1.4434159439990064,3.934278472492454,1.0757870097162845,1.0699219120942025,Moderate
1.489101201578737,2.93255366364124,1.1737271574038088,1.3196452528144396,Good
1.862645563779885,6.340102857503444,1.271667305091333,1.4744724294993308,Bad
2.289937291633473,2.3921731539812585,1.1492421204819276,1.6992227169466243,Good
2.3409973309262533,4.5731939463416165,1.0501360373105324,2.0887898818552664,Moderate
2.5855478994671897,4.920290693394192,1.0069957248348231,1.4045505174051285,Moderate
1.7851792181900763,3.989461838604167,1.0693489280994948,1.389567164908642,Good
2.295545745486902,4.159082065143085,1.087598647493199,1.958934559775119,Moderate
1.445869598218287,3.823817086124754,1.0407023863194715,1.3396222570309548,Good
1.0448673728399704,4.951810523437418,1.0,1.0799116128706598,Good
1.654643175503988,5.551255219124344,1.0025438973960357,1.059933409985945,Bad
3.1498954645568342,4.7151751627525424,1.3521181406917997,1.484462130275788,Bad
1.8115855244871053,6.797566336779445,1.1434123591138747,1.2097669349508071,Bad
1.737507650671824,5.365922404635949,1.0,1.5793558969747346,Bad
2.7475578960942184,5.070128203779855,1.077286109599689,1.6211282850667383,Bad
1.936740206779958,5.653860311517306,1.159380856587641,1.5943392494712207,Moderate
1.10375584806508,4.947835049377912,1.0,1.4345172223981009,Good
2.813974316359572,2.3291334938948074,1.02215313797124,1.7391791227160542,Good
1.647656036673261,6.399261697674663,1.0769529731830547,1.4045505174051285,Moderate
2.1693562110018365,1.504790551412976,1.0496060411970465,1.8740292951844304,Good
3.251526914896323,2.0530273550476954,1.1106596346677031,2.598223866735798,Moderate
3.910421014248025,3.429487921079477,1.5934706474931986,1.5244173373770182,Bad
1.5777843903785382,1.812416520303314,1.2844928192771086,1.0,Good
3.3611461084236587,2.1516569733811512,1.0754321585697628,1.744172774436083,Good
2.8327859233615147,3.149406308172859,1.1119315973571706,1.6143174523559356,Moderate
2.1905046039044382,6.864581470925402,1.3276331037699185,1.744172774436083,Bad
1.4864138752190772,3.82779256018426,1.0594636610959969,1.5993340998594494,Good
1.720215009327644,2.1476814993216453,1.005829761368053,1.349611957807412,Good
1.3477222040066357,6.363766393571932,1.0571824391760591,1.2647054945485237,Moderate
4.080673774665456,2.139825205346908,1.1277480077730275,3.152607909105789,Bad
3.3802414371328964,1.4890779634635003,1.1172616680917218,3.557158426510917,Moderate
1.6561854890267294,5.594701471346087,1.081515389040031,1.7541624752125404,Bad
1.7309644437600131,4.9123397452751805,1.0023318989506411,1.034961555381201,Moderate
2.007763509088651,4.383885657793717,1.030314798289934,1.4445057245063584,Good
1.7094655103984104,4.691511626684054,1.289156617178391,1.15982202707312,Moderate
4.076220008178633,1.508766025472482,1.165464087057909,3.1825746140987614,Moderate
1.5496254462833672,5.318595332498974,1.0944422852701128,1.234738789555551,Bad
1.9900268713286908,5.675062839834671,1.2887326482705013,1.617314122855233,Bad
1.929829819218084,4.352365827750491,1.1618141655654877,1.2297451378355222,Moderate
2.828345894706848,1.6349399997896574,1.0255495903614458,1.609322601967707,Good
2.89003856461024,6.036357708528338,1.0145997699183833,1.829079237694972,Bad
3.2321523792603117,1.3589285150868189,1.0,2.018867969761064,Good
1.8188297478200544,4.868988147197712,1.0279828993392923,1.2896785478214672,Moderate
3.9528347328687135,1.385337021339251,1.049882568208317,2.003884617264578,Moderate
3.913575749385308,3.3703290809082587,1.0632656976292263,1.8440625901914576,Moderate
1.9567034697958712,6.142843620836532,1.1469102215312863,1.314650402426211,Bad
1.878769779925304,1.5757811596184386,1.053633899727944,1.4994454827722743,Good
3.532203015748694,1.7414259120978512,1.026766258841819,2.3584902267920187,Moderate
1.9647655778685804,5.003113069633899,1.037310523124757,1.4744724294993308,Bad
3.7761693716902496,4.577169420401123,1.1715473455110763,3.14761425738576,Bad
2.5030573771201974,5.618365007414575,1.0729988775748154,1.274695195324981,Bad
1.8384592395617576,3.555661895396653,1.0081616883015934,1.0,Moderate
4.7940981671087535,1.5797566336779445,1.0194663598911775,5.370144078585752,Moderate
2.252314142126452,3.3308583027460217,1.0,1.3645953103038984,Moderate
6.145728128645619,2.096378953125164,1.0048665899727944,2.9528306749314392,Bad
3.0137354242729524,4.131443055015092,1.1796796797512632,1.609322601967707,Moderate
2.437742627798764,4.308919575528749,1.053633899727944,1.7491676248243118,Moderate
3.375167146311933,2.7234626589400834,1.0340661298095608,2.0488346747540365,Moderate
1.5347865236553324,3.117886478129634,1.4477263894286825,1.2397336399437795,Bad
1.2916379879566726,3.993437312663673,1.0304162083171395,1.5543840423699908,Good
1.7148402276145949,6.328271089469201,1.0408083855421686,1.4345172223981009,Bad
1.5858464984512477,5.858881188014681,1.030314798289934,1.094894965367146,Bad
2.2282446217300818,7.641597341270257,1.1002720466381657,1.4644839273910732,Bad
1.7444013335457718,7.23931722810597,1.1189273221919938,1.1148719695836613,Bad
3.530036114589344,2.459282942271489,1.1447810866692576,3.0876808473998154,Moderate
1.1658491079943885,3.153381782232365,1.0152634123591138,1.0,Good
1.636555997285026,3.685811343773335,1.0121664889234356,1.3945620152968707,Good
2.948342762739104,5.578894229252337,1.266573941702293,1.11986681997189,Bad
2.561361575249062,4.407549193862204,1.1772250198212204,1.409545367793357,Moderate
1.8760823890687792,4.656016322581324,1.0874465604352896,1.3596004599156697,Moderate
1.7065338054188504,3.839624328218504,1.2989082378546444,1.6642623602336228,Bad
2.7666532248034565,5.081959971814099,1.0944422852701128,1.314650402426211,Bad
2.7736637759960256,4.332583111597236,1.318305479984454,2.2685901118131016,Moderate
3.218154689237015,3.437344215054216,1.060629624562767,2.018867969761064,Moderate
2.3168110067081256,6.442613295752133,1.1130975608239408,1.5493891919817622,Bad
3.429381920741996,2.6406402827003777,1.041366028760202,2.0423199130885643,Moderate
1.6675425484203226,4.703343394718299,1.0944422852701128,1.6892342148383668,Moderate
1.9432666445069773,7.117024073704027,1.1772250198212204,1.234738789555551,Bad
2.0588235483814312,5.172638642028543,1.1618141655654877,1.2996670499297247,Bad
1.4541654429282402,4.0249571427068975,1.1935483964244074,1.7192009198313394,Good
1.682591795323758,6.040333182587844,1.1177613587252235,1.0249718546047435,Moderate
2.0291456386284965,5.578894229252337,1.0407023863194715,2.0338513222575503,Moderate
2.2226362323735174,3.673979575739091,1.2226465542168674,1.389567164908642,Good
3.024640683130151,2.104329901244176,1.087598647493199,4.221420786744541,Moderate
3.7761693716902496,1.8242482883375577,1.3637776914108044,3.9866819971889895,Bad
2.107196196817686,5.176614116088049,1.0699572483482316,1.2097669349508071,Moderate
2.1357056813718587,1.4259436492327755,1.0610535934706569,1.7741394794290557,Good
5.349332067245549,2.6012641586824143,1.035282798289934,3.0876808473998154,Bad
1.8496760827717504,5.882544724083169,1.2225912320248735,1.1947835824543211,Bad
2.1357056813718587,6.198121641092519,1.026766258841819,1.3695889620239272,Bad
1.9029561041434315,3.950085714586204,1.0936818779634667,1.4395120727863295,Good
2.536707906750175,1.7848721643195944,1.0608323886513795,1.9239730043939176,Good
1.6960286851095163,1.8873826025682825,1.101438010104936,1.254716992440266,Good
1.7627455317700913,5.977198868357119,1.0255495903614458,1.0,Bad
1.468303349135137,3.689786817832841,1.0216231418577535,1.4594890770028446,Good
1.7122697050766924,4.478539802067667,1.083948698017878,1.9489460576668611,Good
2.187328649298707,6.233616945195251,1.2973183054799844,1.1148719695836613,Bad
1.3168758690549398,4.884795389291462,1.0394304516129032,1.3845723145204134,Good
2.354434156215147,6.856725176950664,1.1399144966964632,1.1897887320660925,Bad
1.3418333822828703,2.848500783525972,1.2308589195491644,1.0,Bad
2.037324550522963,4.048620678775386,1.4337349397590362,1.449500574894587,Bad
2.062500966109284,7.105192305669783,1.0377160792848814,1.7841291802055128,Bad
1.3923559047062266,5.701187383654281,1.0582976976292269,1.294672199541496,Moderate
2.9292974835967813,4.226097199289042,1.2810456338904004,1.3695889620239272,Bad
2.0695729828138,6.596426280197301,1.137582597745822,1.1648168774613483,Bad
2.5506121408166926,3.1612380762071037,1.0081616883015934,1.4544954252828155,Good
2.369790537187721,4.26556797745128,1.7520404197434902,1.294672199541496,Bad
1.3196801282300863,3.3978734368919787,1.0012166404974738,1.0,Good
3.17045970935692,1.9465414427395011,1.0620490291488536,3.582131479783861,Moderate
1.773962374980084,2.7984287412050524,1.0377160792848814,1.5194224869887896,Bad
1.6637802528186798,2.2423356435955952,1.1352506708122814,1.094894965367146,Good
1.25261274111051,3.255892220481053,1.0023318989506411,1.9139845022856603,Good
1.5052254177241555,5.977198868357119,1.0011659634667702,1.274695195324981,Bad
1.6288444296713185,4.797997538992249,1.1130975608239408,1.294672199541496,Moderate
3.1445207473406493,2.0017248088512143,1.31146184220754,2.198668199718899,Good
1.722902335687304,6.115299264852813,1.1270890104935871,1.4395120727863295,Bad
2.0880340493567418,2.364628797997539,1.5304584469490865,1.0649282603741737,Bad
1.936740206779958,4.352365827750491,1.1386425340069957,1.354605609527441,Good
2.719916410343586,4.746694992795767,1.1399144966964632,1.7741394794290557,Bad
1.894893996070722,4.482515276127173,1.1235911480761758,1.414539019513386,Moderate
1.7038570565449818,3.374209900823491,1.1119315973571706,1.5194224869887896,Good
2.792475382997969,3.989461838604167,1.0501360373105324,1.9489460576668611,Moderate
1.468303349135137,3.6108452615083664,1.0024333089778468,1.11986681997189,Good
3.3365455208443224,1.828223762397064,1.2725290944422851,2.578246862519284,Good
2.568446491326494,5.409274002713419,1.0445182464049747,1.3446171074191833,Moderate
1.4290443656517304,5.6893556156200376,1.018249719393704,1.389567164908642,Bad
2.013138226304836,5.480264610918881,1.1667314325689857,1.529412187765247,Bad
1.8518960648506515,3.7764900139877793,1.0279828993392923,1.2297451378355222,Moderate
2.701104803341643,2.415836690049746,1.0489700738437622,1.8890126476809168,Good
1.4907370355551222,6.257280481263738,1.0173227578701904,2.1187565868482388,Bad
2.009516146886793,5.685380141560532,1.0194663598911775,1.1498335249648624,Bad
2.1152583048903955,3.5319983593281656,1.0944422852701128,1.0699219120942025,Good
2.3114362249950764,5.855000368099449,1.06645938593082,1.824084387306743,Bad
1.6557181447459706,3.993437312663673,1.745044694908667,1.4295223720098722,Bad
3.851883079481916,2.049051880988189,1.1143649063350174,2.0088794676528066,Moderate
2.54231629610674,1.6744107779518946,1.0343426568208318,2.453385192159165,Good
2.02634137945335,6.383454455580914,1.1289646762534007,1.1698117278495772,Bad
1.894893996070722,4.482515276127173,1.1235911480761758,1.414539019513386,Moderate
1.4795201923451295,3.567493663430897,1.0174893120870578,1.0199782028847149,Good
2.088384589815744,2.411955870134514,1.0851146614846483,1.3645953103038984,Good
3.7144767662837226,4.123586761040354,1.0,2.093784732243495,Bad
2.5452373591036435,5.168757822113311,1.0991061111542946,1.6342956552406505,Bad
2.822036424432281,2.9364344835564715,1.0338126607073457,1.4045505174051285,Moderate
2.41051837226511,2.6722547668878764,1.0021899696851924,1.978912762659834,Good
1.8895192788545376,2.1121861952189143,1.3008161678973962,1.449500574894587,Bad
4.7940981671087535,1.8676945405593008,1.152080985619899,4.316315752111686,Bad
4.488439141263807,3.788321782022023,1.0754321585697628,2.443396690050907,Bad
2.0067119522085117,4.537698642238886,1.2398534349008938,2.138734789732954,Bad
3.4172303244736217,1.252442602778625,1.094124287602021,1.938956356890404,Good
1.301962581542042,4.186721075271079,1.010175589584143,1.0,Good
1.6799044689640985,4.762502234889517,1.005829761368053,1.4944506323840456,Moderate
3.429381920741996,2.6406402827003777,1.041366028760202,2.0423199130885643,Moderate
2.010450899945176,4.9281469873689305,1.125923047026817,1.2297451378355222,Bad
1.4729769854333186,5.874688430108432,1.1923824329576371,1.3945620152968707,Bad
2.2979993997061827,3.342690070780266,1.205207919160513,1.0,Good
1.3493580379830206,5.929871796220144,1.0186552755538285,1.0749167624824312,Moderate
1.518779111331671,5.910183734211162,1.0356145915274,1.389567164908642,Bad
1.81427291534363,6.182314398998769,1.3346288286047416,1.0,Bad
3.163332354342592,1.915021612696276,1.0431403124757093,1.724195770219568,Moderate
2.683061031512545,3.357740079719824,1.0173227578701904,1.6429224702740273,Moderate
2.6957300861254585,1.6625790099176507,1.0256510003886514,1.7491676248243118,Good
3.944422084337004,2.6564475247941277,1.0474492592304705,1.829079237694972,Moderate
3.5630492862035257,2.1437060252621394,1.2469795040808394,3.552164774790888,Moderate
1.8088981981274452,3.957942008560941,1.048334106490478,1.569367394866477,Moderate
1.9281939852416987,4.955785997496924,1.0457902090944422,1.5344058394852758,Moderate
2.27030779989177,5.705068203569513,1.0145997699183833,1.389567164908642,Bad
2.259090956681778,4.967617765531168,1.0571824391760591,1.3695889620239272,Bad
2.533903712071893,5.156926054079068,1.0133831294209097,1.7391791227160542,Bad
1.4622275510009497,4.5298423482641486,1.0069957248348231,1.6143174523559356,Good
2.264855170463171,5.55523069318385,1.0359113781577924,1.892341349271536,Bad
1.378919079417333,6.572762744128813,1.0186552755538285,1.6342956552406505,Bad
1.8076129046100615,2.9640734936844653,1.126531367275554,1.4045505174051285,Good
3.010619645241876,2.849731287401533,1.0083948698017875,2.528301954641596,Moderate
1.9029561041434315,4.261592503391773,1.247182268169452,1.2647054945485237,Moderate
2.7666532248034565,5.156926054079068,1.0145997699183833,1.824084387306743,Bad
2.0231547828649634,5.034632899677124,1.0763170058297706,2.2635964600930727,Bad
1.7981486991982116,4.447019972024441,1.2331908184998055,1.449500574894587,Good
1.6617939428801578,3.894807694330217,1.0597816587640887,1.6193123027441645,Good
2.209316210906381,5.2042531262160425,1.0381584889234357,1.4245287202898431,Moderate
1.4998507005079709,1.8834071285087768,1.0,1.0449500574894588,Good
2.06688565645414,3.0863666480864085,1.7520404197434902,1.0,Bad
2.1455871814975525,5.050440141770873,1.0432463116984063,1.5743622452547057,Bad
1.4541654429282402,5.192421358181798,1.2372463241352507,1.5044391344923034,Moderate
1.3505264631817822,4.770358528864255,1.0186552755538285,1.15982202707312,Moderate
2.0032845888246413,4.364197595784735,1.0186552755538285,1.4120421936533716,Bad
2.8408480314342244,4.5298423482641486,1.1119315973571706,1.6143174523559356,Bad
2.5837563700597044,3.019256859796178,1.0139914496696465,2.134739628623291,Good
1.6422812549602122,4.210384611339567,1.1235911480761758,1.4245287202898431,Good
1.7685876577638997,3.685811343773335,1.4768752522347457,1.0,Bad
1.8196476325598143,5.5710379352776,1.1760590843373495,1.8490562419114869,Bad
2.744486619899704,3.1297182461638777,1.7784333867081228,1.6492790077371366,Bad
2.104508805961162,4.742814172880536,1.0594636610959969,1.569367394866477,Moderate
2.023887725234069,6.501772135923352,1.0804508356004665,1.3596004599156697,Bad
2.518608022648891,5.468432842884638,1.3812670034978625,1.1798002299578347,Bad
1.9788347949146976,3.92244670445821,1.3272782526233968,1.709212417723082,Moderate
1.854583455707176,1.1261739743171757,1.0524679362611735,1.544395540261733,Good
2.048074049452197,4.245879915442298,1.0326467252234746,1.8140958851984847,Moderate
3.54762615097611,1.962348684833251,1.9587184764865917,1.5943392494712207,Bad
2.354434156215147,3.4965030552254346,1.0754321585697628,2.373473579288505,Moderate
2.128695130179289,4.305038755613516,1.2973183054799844,1.1348501724683762,Moderate
2.438560512538524,6.091635728784325,1.0316328488146134,1.589345597751192,Bad
2.023887725234069,4.758526760830012,1.1888845705402251,1.7591561269325693,Moderate
1.0,5.874688430108432,1.0046638258841818,1.0,Moderate
1.8132213584634904,6.115299264852813,1.0609039689078896,2.126748107735765,Bad
2.012320341565076,2.8772756433852527,1.0450159782355228,1.604328950247678,Good
1.1059591254560546,3.505211236498638,1.0427107469879515,1.4794672798875594,Good
2.316322378462055,1.410136407139026,1.097331827438787,1.0249718546047435,Good
3.851883079481916,1.8203674684223257,1.0,2.4633736942674225,Moderate
2.2496267512699277,5.440888486900918,1.4955304998056742,1.5643725444782484,Bad
1.0762235555061843,5.5710379352776,1.0,1.11986681997189,Moderate
2.0319498333067787,5.488215559037893,1.0151574131364167,1.4644839273910732,Bad
1.8196476325598143,4.021076322791666,1.022852710454722,1.5843507473629632,Good
1.7156080627874395,6.162626336989788,1.037310523124757,1.419533869901615,Bad
3.845924149666351,3.9619174826204473,1.3999222790516908,1.6492790077371366,Moderate
2.131382521035814,6.746263790582964,1.1049358725223477,1.4395120727863295,Bad
2.082425660000178,5.791866053868725,1.0778654675476098,1.0,Bad
1.7332275097444552,5.454707991964915,1.0730664562767198,1.2247502874472935,Moderate
1.4138549025646945,6.257280481263738,1.041974349008939,1.1847950803460634,Bad
1.633751802606744,7.60998285708276,1.0510992087057909,1.569367394866477,Bad
2.744102734561713,4.596857482410105,1.0489700738437622,1.4345172223981009,Moderate
1.4318485603300124,4.036788910741142,1.0279828993392923,1.419533869901615,Good
3.108767039453528,3.220396916378322,1.0705655685969686,1.7691458277090266,Moderate
2.67960586998004,4.766477708949024,1.0862805969685192,1.7142060694431107,Moderate
1.7040907931822258,5.993006110450869,1.0852312382432958,1.1847950803460634,Bad
1.5858464984512477,3.5398546533029034,1.1527399828993392,1.1048834674754036,Good
1.3036727159064254,4.521891400145136,1.0093276237854645,1.2397336399437795,Moderate
2.757539559850607,3.729162941850804,1.2518460940536338,1.4794672798875594,Moderate
2.3114362249950764,3.555661895396653,1.2438509879518072,1.3446171074191833,Moderate
1.6281433487533157,5.003113069633899,1.0,1.2497221420520372,Good
2.134069847395474,4.427237255871185,1.1107656338904004,1.0,Bad
3.1020114443666498,2.3369897878695456,1.0915803902059853,2.148723291841211,Moderate
1.0759304172566606,4.758526760830012,1.0136098748542557,1.2397336399437795,Good
1.3305464309810775,3.823817086124754,1.0620490291488536,1.639289306960679,Good
1.4864138752190772,7.180158387934752,1.0571317621453555,1.0199782028847149,Bad
2.0265751160905943,5.129287043951074,1.0326467252234746,1.4794672798875594,Good
2.3114362249950764,5.496071853012631,1.2261950936649826,1.0449500574894588,Bad
2.754852168994083,2.557817906460671,1.6949086575981345,1.7591561269325693,Bad
2.1271594598335994,6.154675388870776,1.018249719393704,1.5094339848805318,Bad
1.8599581729233607,6.292775785366469,1.0921103863194714,1.5743622452547057,Bad
1.6449686458167367,5.034632899677124,1.0279828993392923,1.2297451378355222,Good
1.927142428361559,2.301494483766814,1.072289147298873,1.6293008048524218,Good
1.9352045364342685,3.263843168600065,1.3579479300427515,1.5993340998594494,Bad
2.724590046641768,5.180589590147555,1.0255495903614458,2.0138731193728354,Bad
1.1374063776950578,4.487626599917967,1.0,1.2070423621328463,Good
2.2759162537451987,5.208133946131275,1.0510992087057909,2.2436182572083574,Bad
2.1663182796863105,3.3860416688577346,1.3859308293820445,1.03995520710123,Moderate
1.6926402133349892,4.9123397452751805,1.0617955600466382,1.274695195324981,Bad
4.149129521292018,4.723031456727281,1.1070650073843762,2.2685901118131016,Bad
3.4340555570401783,2.00570028291072,1.0790821080450836,2.912874269162009,Moderate
2.093759307031928,3.63848427163636,1.0454722114263506,1.6792457127301093,Good
2.518363708525856,4.328702291682004,1.15507190983288,1.589345597751192,Good
2.7526321869151813,5.519735389081118,1.0194663598911775,1.3446171074191833,Bad
1.9898866551450904,7.105192305669783,1.041366028760202,1.449500574894587,Bad
1.2230516351793332,3.93825394655196,1.0209871745044694,1.1298553220801475,Good
3.2036428947061384,1.098629618333456,1.122425184609405,2.038846172645779,Good
2.6957300861254585,6.549099208060325,1.1002720466381657,1.4894557819958172,Bad
2.392057305722169,1.8834071285087768,1.1585697722502917,2.937847322434953,Moderate
1.7309644437600131,3.614820735567872,1.1853867081228138,1.0,Good
2.0695729828138,3.677955049798597,1.0443062479595802,1.469478777779302,Good
1.9728276859412897,5.30676356446473,1.0163233486202876,1.3795786628003843,Moderate
2.1394446291085227,2.534154370392184,1.1830548091721729,1.943951207278633,Good
3.106897597833628,4.170913833177329,1.581811124757093,2.128746287624696,Moderate
2.359808873431332,7.629765573236014,1.3381266910221532,1.3695889620239272,Bad
2.1394446291085227,2.9995687977871963,1.6202876113486204,1.0549385595977163,Bad
1.440261208861723,4.182745601211574,1.0218996688690245,1.354605609527441,Moderate
2.4357563178602417,4.652040848521818,1.0364994387874078,1.5743622452547057,Bad
2.9107196132320823,2.904914653513246,1.047804110376992,1.7826596129926575,Moderate
1.722902335687304,6.115299264852813,1.1270890104935871,1.4395120727863295,Bad
2.6043595064691325,1.303650494830832,1.0011659634667702,1.4794672798875594,Good
3.832253587740213,1.2563234226938569,1.0340661298095608,3.062707794126872,Moderate
2.116076189630156,1.8795263085935443,1.0279828993392923,2.1087680847399817,Good
1.86802028099607,5.993006110450869,1.1340847353284105,1.4794672798875594,Bad
1.1370558372360566,2.6682792928283705,1.0279828993392923,1.2846836974332383,Good
1.8062108072709209,6.304607553400713,1.1200932856587642,1.3246389045344684,Bad
1.6503433630329214,5.200277652156537,1.1352506708122814,1.4794672798875594,Moderate
2.182442495831729,5.630196775448819,1.0,1.4295223720098722,Bad
2.709166911414352,2.549961612485933,1.1597357077341623,1.7541624752125404,Good
1.0813221616450948,4.904483451300443,1.0291995398367664,1.2397336399437795,Good
1.1059591254560546,3.505211236498638,1.0427107469879515,1.4794672798875594,Good
1.2794863916882977,4.103898699031372,1.0,1.0,Good
2.0830098725995585,5.5394234510901,1.0466381748931208,1.2996670499297247,Moderate
1.2355537719067096,4.683655332709317,1.0,1.3096555520379822,Good
1.8610331421653437,4.332583111597236,1.2590750003886515,1.3396222570309548,Bad
2.561361575249062,2.1792013293648704,1.2670035071900505,1.4744724294993308,Moderate
3.8911420629653226,1.102510438248688,1.0024333089778468,1.709212417723082,Moderate
1.9394108284516915,5.014944837668143,1.0534219012825496,1.5843507473629632,Bad
2.1271594598335994,6.154675388870776,1.018249719393704,1.5094339848805318,Bad
2.4028068046514024,2.5421053185111955,1.0046638258841818,1.4794672798875594,Good
2.536707906750175,5.156926054079068,1.0304162083171395,1.5344058394852758,Bad
2.4834278853784943,6.312463847375451,1.0364994387874078,1.4944506323840456,Bad
1.2075116316332957,5.5339335107222105,1.0097331799455889,1.2397336399437795,Moderate
1.4256793062390465,4.356246647665724,1.0,1.2597118428284946,Good
3.689519253055792,2.3466445105854885,1.1625673253012048,1.8009285150245733,Moderate
2.6554195457619123,3.145525488257628,1.0769529731830547,1.5144288352687607,Moderate
2.761044835446892,5.259436492327756,1.0462326187329964,1.5593788927582195,Bad
1.9225855958851343,4.87684444117245,1.0,1.4794672798875594,Bad
3.131200725873513,3.1415500141981214,1.0377160792848814,1.884017797292688,Moderate
3.2601944550368605,3.0035442718467023,1.0340661298095608,1.7541624752125404,Moderate
3.797551501230096,4.916315219334686,1.3229693058686358,1.8440625901914576,Bad
1.6664675791783397,3.5990134934741222,1.0174893120870578,1.3196452528144396,Good
2.0067119522085117,4.916315219334686,1.015816410415857,1.6542726594571655,Moderate
1.6674023322367215,6.280944017332225,1.0024333089778468,1.1947835824543211,Moderate
3.015527018177302,5.302788090405224,1.2320248830159346,1.5743622452547057,Bad
2.5506121408166926,5.196302178097031,1.1574038087835212,1.6642623602336228,Bad
2.7498279922369,3.0902474680016403,1.035282798289934,1.6992227169466243,Good
2.0023887918724665,2.90093917945374,1.43677656898562,1.7042175673348532,Moderate
2.604008966010131,2.506610014408464,1.0291995398367664,2.1187565868482388,Moderate
1.2633621755428792,4.107779518946605,1.036144587640886,1.3246389045344684,Good
2.4060316478804857,4.005269080697916,1.0559657986785853,1.6592675098453944,Moderate
3.735253399258876,3.63848427163636,1.077588940536339,2.338513222575504,Moderate
1.959390860652396,3.8435998022780096,1.5122087275553828,1.7691458277090266,Bad
4.398704331087002,4.065942387177518,1.026766258841819,2.817980502463063,Bad
3.5574408968469617,1.5679248656437008,1.0,2.8379575066795786,Moderate
1.4326664450697726,5.164782348053805,1.0746210742324136,1.5244173373770182,Moderate
1.2687369572559284,6.186289873058275,1.0,1.274695195324981,Bad
1.833084522345573,5.373778698610687,1.041974349008939,1.314650402426211,Moderate
1.4010022253783163,3.973749250654691,1.0012166404974738,1.0099885021082575,Moderate
3.759344139123693,1.6744107779518946,1.0072998989506412,3.612098184776834,Moderate
1.1074947958017445,4.202433663220555,1.0034978624174116,1.3196452528144396,Good
3.285031746109211,3.1888770863350966,1.0510992087057909,1.3695889620239272,Moderate
1.4851285817016937,2.755077143127583,1.0279828993392923,1.2397336399437795,Good
2.9287633850611807,1.911708717646688,1.0159902401865526,1.7691458277090266,Good
2.47421405679495,4.853180905103962,1.0279828993392923,1.2896785478214672,Moderate
1.2551832636484126,4.290367363251054,1.0669156191216478,1.2796888470450098,Good
1.66459813755844,5.886520198142675,1.13291877186164,1.1448386745766337,Bad
2.3114362249950764,4.663872616556061,1.1410804601632336,1.4994454827722743,Bad
4.903462404530398,1.8005847522690703,1.0851653385153517,2.5582686596345683,Bad
1.8062108072709209,1.2208281185911256,1.0,1.5094339848805318,Good
1.658989683705011,5.893240642386125,1.0906112864360669,1.4445057245063584,Bad
2.071208816790185,1.7335696181231135,1.058509696074621,1.839067739803229,Good
1.9029561041434315,5.819505063996719,1.130586872910999,1.0,Bad
1.773962374980084,3.457032277063197,1.0474492592304705,1.5044391344923034,Good
1.0483726484362552,2.9562171997097275,1.1772250198212204,1.0,Good
1.168252712646754,3.677955049798597,1.008516539448115,1.2796888470450098,Good
1.7685876577638997,5.1884458841222925,1.1702292949863973,1.4594890770028446,Moderate
1.6557181447459706,5.965367100322875,1.2378546443839875,1.4445057245063584,Bad
2.397432087435217,3.315051060652272,1.059615748153906,1.859045942687944,Good
2.814707258728678,6.336127383443938,1.0508780038865138,1.374583812412156,Bad
2.854284856723118,2.7944532671455464,1.096774184220754,1.8940062994009452,Moderate
1.0644968645816737,4.340534059716248,1.0116595507190052,1.1248616703601186,Good
2.382476296488561,2.573625148554421,1.0048665899727944,1.779134329817284,Good
1.8733950627091192,5.941703564254388,1.179556946754761,1.7042175673348532,Bad
2.0426993322360127,2.7471261950085712,1.4955304998056742,1.4395120727863295,Bad
1.445869598218287,3.378185374882997,1.0216231418577535,1.3596004599156697,Good
1.7651673245382686,4.53372316817938,1.10048404508356,1.8940062994009452,Good
1.7974157568291056,5.55523069318385,1.0750450431403031,1.2097669349508071,Bad
3.437444028814705,4.458851740058686,1.3218033424018656,1.639289306960679,Moderate
2.5855478994671897,4.920290693394192,1.0069957248348231,1.4045505174051285,Moderate
1.7515286885600987,5.511879095106381,1.1119315973571706,1.4295223720098722,Bad
3.5234398267579823,2.155537793296383,1.1877186070734551,1.2996670499297247,Moderate
1.825022414272864,4.829517369035474,1.029148862806063,1.354605609527441,Moderate
1.1800537684561272,4.032908090825909,1.0,1.1897887320660925,Good
3.17887235788863,1.8479118244060453,1.083948698017878,2.35349657507199,Moderate
1.8035234164143965,6.884364187078657,1.271667305091333,1.2996670499297247,Bad
2.803108013608581,2.82209227727354,1.0036499494753206,1.7341842723278256,Good
3.779814863470136,1.5837321077374504,1.0725011457442677,2.103773234351753,Moderate
2.295545745486902,4.159082065143085,1.087598647493199,1.958934559775119,Moderate
1.4326664450697726,2.9917125038124586,1.0209871745044694,1.154828375353091,Good
2.2142235838418074,5.231797482199762,1.0036499494753206,1.374583812412156,Bad
1.518779111331671,3.891684107569176,1.301728662261951,1.2996670499297247,Bad
1.6422812549602122,4.387861131853223,1.1783909832879906,1.899001149789174,Bad
1.3140716743766578,3.823817086124754,1.1058483668869024,1.4245287202898431,Good
2.6152258092201235,2.687967354837353,1.2944287633113098,1.154828375353091,Moderate
2.233502535124509,5.160806873994299,1.1107656338904004,1.374583812412156,Moderate
3.68082617215688,2.715606364965346,1.0109498204430625,1.9489460576668611,Moderate
1.654643175503988,5.551255219124344,1.0025438973960357,1.059933409985945,Bad
2.545120555281886,5.957510806348138,1.1459977271667314,1.7341842723278256,Bad
2.295545745486902,1.654722715942913,1.0076316921881072,1.7691458277090266,Good
1.1205810806316368,3.819936266209522,1.0,1.1997784328425498,Good
1.55897284787346,6.777878274770464,1.1061018359891177,1.449500574894587,Bad
2.0627961682584743,3.7213066478760655,1.0255495903614458,1.9889012647680917,Moderate
3.512573524006991,1.7887529842348264,1.0644823381267003,2.633185422117,Moderate
2.1179456312500555,3.1849016122755907,1.853478429848426,1.469478777779302,Bad
2.1749646003584004,3.149406308172859,1.0948985184609406,2.3984466325614484,Good
2.701104803341643,3.271699462574803,1.08861252390206,1.7691458277090266,Moderate
2.444168901895088,5.673548373526288,1.0705655685969686,1.4644839273910732,Bad
1.2714242836155885,2.4868272982552084,1.0011659634667702,2.123751437236468,Good
2.187817277544778,4.634719140119684,1.1154294597745822,1.839067739803229,Moderate
2.236657270261792,5.922015502245406,1.2287297846871357,1.03995520710123,Bad
1.7963960614000691,5.145094286044824,1.0754321585697628,1.644284157348908,Bad
2.0319498333067787,3.1967333803098343,1.071123211815002,1.3596004599156697,Good
2.8479753864485517,4.060452446809629,1.2299464251846093,2.4334069892744496,Moderate
2.3235878212634518,4.703343394718299,1.0966681849980566,1.709212417723082,Bad
2.267503605213488,4.277399745485523,1.00644823940925,1.6492790077371366,Bad
1.892772371710308,2.715606364965346,1.4404264904780413,1.2996670499297247,Bad
2.072260373670325,2.71163089090584,1.041974349008939,1.4245287202898431,Good
2.0561361575249064,2.0253883449197017,1.096774184220754,1.449500574894587,Good
2.651680598025248,5.4763837910036495,1.0316328488146134,1.3396222570309548,Moderate
4.342620115037038,2.30546995782632,1.0,1.4794672798875594,Bad
2.0265751160905943,4.896627157325705,1.0338126607073457,1.0449500574894588,Moderate
2.6177963317580266,5.432937538781906,1.1061018359891177,2.003884617264578,Bad
1.9394108284516915,4.028932616766404,1.1472143956471046,1.8540510922997155,Good
1.4486738573934337,4.671823564675073,1.0826767353284104,1.3695889620239272,Moderate
1.6246012454473546,2.013556576885458,1.0069957248348231,1.094894965367146,Good
3.5215202710743028,2.5523279660927822,1.073954801399145,2.150721471730143,Moderate
2.354434156215147,4.687536152624549,1.0693489280994948,1.4045505174051285,Bad
3.5556882590488192,2.61697674663189,1.1723157559269335,3.0477244416303857,Moderate
2.7709763851395013,2.222647581586614,1.018249719393704,1.8490562419114869,Good
3.24126604421316,1.6689208375840057,1.413913728721337,1.8740292951844304,Moderate
1.3090474976194746,2.214696633467602,1.0279828993392923,1.449500574894587,Good
1.5916886244450557,2.5933132105634025,1.1788472164788184,1.11986681997189,Moderate
2.723825307318423,5.638053069423556,1.1755290882238632,1.7192009198313394,Bad
2.17438038775902,3.1100301841548963,1.588806849591916,1.5244173373770182,Bad
4.052851568700266,3.4491759830884594,1.096774184220754,2.0238628201492928,Moderate
3.5602450915252435,1.915021612696276,1.1289646762534007,2.2086567018271563,Moderate
3.4284471676836143,4.064427920869136,1.0304162083171395,2.258601609704844,Bad
2.3095667833751765,2.510490834323696,1.0,1.5394006898735046,Good
4.488439141263807,3.788321782022023,1.0754321585697628,2.443396690050907,Bad
1.852480277450032,5.744538981731751,1.0594636610959969,1.0998886170871751,Bad
2.362496264287856,3.9619174826204473,1.0652934224640498,1.5044391344923034,Good
3.1199838826635204,1.8597435924402888,1.0669156191216478,1.978912762659834,Moderate
2.212003601762906,4.013125374672654,2.6388245720948307,1.5593788927582195,Bad
1.9469312273587789,4.616545544419086,1.4290711138748542,1.0049948503882289,Bad
2.8327859233615147,3.271699462574803,1.1702292949863973,2.8279690045713206,Moderate
2.2469393604134025,6.087660254724819,1.0174893120870578,1.214761785339036,Bad
1.9786698119350976,4.841349137069718,1.0546938359891178,1.4445057245063584,Bad
1.1486232209050506,4.746694992795767,1.0206830003886511,1.254716992440266,Good
2.547924749960168,6.462301357761114,1.3287990672366887,1.0699219120942025,Bad
2.547924749960168,2.8852265915042645,1.167897396035756,2.058823176862294,Good
2.741415343705189,3.382160848942503,1.3940924897007383,1.6942290652265954,Moderate
3.421319812669287,4.884795389291462,1.239020607850758,1.918979352673889,Bad
1.4729769854333186,6.134987326861794,1.005829761368053,1.589345597751192,Bad
2.0830098725995585,3.0863666480864085,1.0408083855421686,2.3435068742955325,Good
1.0813221616450948,3.713450353901328,1.0340661298095608,1.3596004599156697,Good
1.8411466304182824,4.766477708949024,1.0233190734551108,1.0998886170871751,Bad
3.211321052943993,2.7812016869471936,1.077286109599689,2.8470386169606487,Moderate
2.263063576558821,5.247604724293511,1.0279828993392923,1.7941176823137703,Moderate
2.295545745486902,5.074103677839361,1.0036499494753206,2.2635964600930727,Bad
5.826048000415533,1.4456317112417572,1.1313979572483484,4.426192871307119,Bad
2.4269931288695297,2.573625148554421,1.0279828993392923,2.07380652935878,Good
1.6557181447459706,4.415405487836942,1.0699572483482316,1.5094339848805318,Moderate
1.9190803202888496,3.819936266209522,1.1935483964244074,1.4894557819958172,Moderate
2.138509876050141,4.853180905103962,1.0093276237854645,1.274695195324981,Bad
2.009516146886793,4.407549193862204,1.0048665899727944,1.4794672798875594,Moderate
2.443117345014948,1.9347096747052572,1.130586872910999,1.5493891919817622,Good
2.1179456312500555,2.9364344835564715,1.0314807617567043,1.7142060694431107,Good
1.2081489896490918,6.951379321224614,1.0036499494753206,1.0799116128706598,Bad
2.1958793856174874,5.44476930681615,1.0163233486202876,1.3396222570309548,Bad
2.12063302210658,3.40582438501099,1.0011659634667702,1.4744724294993308,Good
1.8733950627091192,5.941703564254388,1.179556946754761,1.7042175673348532,Bad
1.518662307509914,5.535542631174868,1.0,1.529412187765247,Bad
1.8216339424983363,2.8970583595385087,1.067413350952196,1.5843507473629632,Good
1.6533812943484474,2.810260509239296,1.0127194869801788,1.5793558969747346,Good
6.316785035970654,2.7984287412050524,1.1021984174115818,3.4622646598119715,Bad
1.1289937291633474,4.205367941693047,1.0279828993392923,1.3063268504473629,Good
2.5815752795901457,4.458851740058686,1.1301813167508743,1.8140958851984847,Bad
1.8492087384909917,7.432506336569103,1.180722882238632,1.1997784328425498,Bad
1.7282771174003533,4.261592503391773,1.2320248830159346,1.569367394866477,Good
1.8882977082393608,5.30676356446473,1.0046638258841818,1.254716992440266,Moderate
1.9786698119350976,2.9522417256502216,1.1800638849591916,1.1298553220801475,Good
2.8059122082868626,6.142843620836532,1.0450159782355228,1.5593788927582195,Bad
2.5828605731075296,4.24976073535753,1.138748533229693,1.3995556670168998,Bad
1.2257390260358578,2.1476814993216453,1.029148862806063,1.8540510922997155,Good
2.402105723733399,2.250191937570333,1.0316328488146134,1.294672199541496,Good
1.878769779925304,5.251580198353017,1.228900116595414,1.3928970651674613,Bad
1.7094655103984104,3.654291513730109,1.0089036548775747,1.2247502874472935,Good
4.052851568700266,3.1100301841548963,1.3229693058686358,1.7341842723278256,Moderate
2.335622549213204,5.821776763459293,1.197046258841819,1.484462130275788,Bad
1.5524296409616491,4.24976073535753,1.115747457442674,1.314650402426211,Moderate
1.9943266837997573,4.754645940914779,1.102603973571706,2.07380652935878,Moderate
2.698417412485118,3.232228684412566,1.0617955600466382,1.8140958851984847,Moderate
4.502460179152081,2.301494483766814,1.149647676642052,2.053829525142265,Bad
1.8355275345821973,2.33301431381004,1.032849489312087,1.0149833524964862,Good
2.3732457632170902,5.314619858439468,1.1609016712009328,1.1098783178636322,Bad
1.674529687251049,5.196302178097031,1.029148862806063,1.5493891919817622,Moderate
1.7459202347066702,5.192421358181798,1.032849489312087,1.3596004599156697,Moderate
1.6169265055433228,4.916315219334686,1.0279828993392923,1.3795786628003843,Bad
2.8354732497211748,3.145525488257628,1.1095996984065293,1.6342956552406505,Moderate
2.1357056813718587,5.2042531262160425,1.0,1.6642623602336228,Bad
2.803108013608581,2.0608836490224327,1.1459977271667314,1.6892342148383668,Good
1.9997014010159415,5.969342574382381,1.234356781966576,1.3446171074191833,Bad
2.640463754815255,1.9307342006457515,1.176413935483871,2.59323021501577,Good
2.537175251030934,4.474564328008161,1.0559657986785853,2.0088794676528066,Moderate
2.9180806403867887,3.5083348232596783,1.0608323886513795,1.589345597751192,Moderate
1.6479003507962968,4.064427920869136,1.0053300707345512,1.059933409985945,Good
1.4122190685883091,7.629765573236014,1.054799835211815,2.198668199718899,Bad
1.0673010592599557,4.961275937864812,1.0012166404974738,1.094894965367146,Good
2.2254404270518,4.936003281343668,1.4582199766809172,1.2397336399437795,Bad
2.383995197649459,2.3882923340660263,1.1049358725223477,1.908989651897432,Good
2.076817206146749,6.738407496608226,1.0024333089778468,1.274695195324981,Bad
2.533903712071893,5.716899971603756,1.0450159782355228,1.4794672798875594,Bad
6.984187368207376,1.09465414427395,1.1143649063350174,5.764706093882623,Bad
2.0684045576150387,3.618796209627378,1.0194663598911775,1.7341842723278256,Good
1.518779111331671,6.079803960750081,1.1310108418188884,1.4594890770028446,Bad
1.0566450807843653,2.6051449785976466,1.0002433392926544,1.11986681997189,Good
1.274111674472113,2.715606364965346,1.0314807617567043,1.5144288352687607,Good
2.8112869255030475,3.914590410483472,1.0501360373105324,1.5643725444782484,Moderate
3.1171796879852387,2.9285781895817338,1.0535324897007383,2.1687014947259264,Moderate
1.9002687132869067,4.226097199289042,1.3264671682860474,1.5743622452547057,Moderate
2.867477367888976,4.328702291682004,1.0279828993392923,1.4794672798875594,Moderate
1.510366462799961,5.713019151688525,1.0,1.5643725444782484,Bad
1.7014034023257012,2.317301725860564,1.0559657986785853,1.3945620152968707,Good
4.656691789413696,1.3589285150868189,1.0790821080450836,2.8529408591760648,Bad
1.3305464309810775,4.383885657793717,1.6424407213369607,1.4245287202898431,Bad
2.7526321869151813,5.219965714165518,1.0024333089778468,2.003884617264578,Bad
1.6505770996701652,1.398304639104782,1.1107656338904004,1.0,Good
1.7571370779166626,6.312463847375451,1.1297389071123205,1.5493891919817622,Bad
1.5580380948150778,4.8611318532229735,1.041366028760202,1.409545367793357,Bad
1.8875997231708577,6.163951495009623,1.2238631947143412,1.1928297532887793,Bad
5.7952016654638365,1.2444916546596132,1.135047906723669,3.9367370893113023,Bad
3.4508808541036,2.975905261718709,1.015816410415857,1.4894557819958172,Moderate
4.623041259783718,3.705499405782316,1.0109498204430625,3.062707794126872,Bad
1.8465213476344668,2.6130959267166585,1.1037699090555773,1.804106184422028,Good
2.5936100075398985,1.7532576801320952,1.4349009032258064,1.8190895369185145,Moderate
4.424476375217735,2.0411955870134517,1.1691693587252234,2.7130970349876598,Moderate
3.764151348428424,2.869419349410515,1.1107149568596968,1.799112532701999,Moderate
1.5320991327988076,3.054752163898909,1.053633899727944,1.6193123027441645,Good
1.7793370921962686,6.38742992964042,1.0,1.9539397093868904,Bad
2.6853311276552256,2.206840339492864,1.008516539448115,2.07380652935878,Moderate
2.131382521035814,4.94395422946268,1.1095996984065293,1.7192009198313394,Bad
1.975865617256816,5.101648033823081,1.0852206607073456,1.6992227169466243,Moderate
1.620782321598609,5.898351966176919,1.0139914496696465,1.3246389045344684,Bad
1.980889794013999,4.403573719802698,1.037310523124757,1.779134329817284,Good
1.4010022253783163,6.024525940494094,1.0766487990672369,1.6542726594571655,Moderate
1.988951902086708,6.131011852802288,1.3917605907500972,1.6193123027441645,Moderate
2.193191994760963,4.447019972024441,1.083948698017878,1.829079237694972,Bad
1.986264575727048,4.320751343562993,1.0396424500582977,1.2697003449367523,Good
2.110467735776727,3.204684328428846,1.0470621438010106,1.8091010348102567,Good
2.394744696578693,5.038608373736629,1.4418966280606296,1.4395120727863295,Bad
1.0925390048550874,5.235772956259268,1.0,1.11986681997189,Good
1.5858464984512477,2.6130959267166585,1.0279828993392923,1.2647054945485237,Good
1.7094655103984104,6.048189476562582,1.2063738826272834,1.094894965367146,Bad
1.8814571707818284,3.6463405656110974,1.1294209094442285,1.1298553220801475,Good
3.565853545378672,3.346665544839772,1.1070650073843762,1.7491676248243118,Moderate
1.7974157568291056,2.814235983298802,1.0,1.3096555520379822,Good
3.2742155574219995,2.707750070990608,1.0985484679362612,2.348501724683761,Moderate
1.6730107860901504,6.553074682119831,1.1034150579090556,1.419533869901615,Bad
2.3114362249950764,4.080235162962885,1.0851146614846483,1.484462130275788,Moderate
2.1958793856174874,4.305038755613516,1.4675476004663817,1.5094339848805318,Moderate
4.1855842456002765,3.1928525603946025,1.0425826692576758,2.338513222575504,Moderate
3.2097186928403256,1.7927284582943324,1.0571824391760591,2.688123981714716,Good
1.2327495772284274,6.584594512163057,1.0559657986785853,1.5993340998594494,Moderate
3.276201867360521,1.9702049788079887,1.034978624174116,1.884017797292688,Good
3.3078660870519774,2.814235983298802,1.0279828993392923,2.248613107596586,Good
2.4357563178602417,1.4062555872237938,1.0133831294209097,1.9539397093868904,Good
3.856673648595584,3.125742772104372,1.3859308293820445,1.6942290652265954,Moderate
1.6530307538894458,4.147250297108842,1.1713952584531675,1.3046619003179534,Moderate
1.4138549025646945,4.596857482410105,1.1049358725223477,1.0,Moderate
1.8882977082393608,5.30676356446473,1.0046638258841818,1.254716992440266,Moderate
2.2066288200498567,2.1516569733811512,1.0326467252234746,1.5044391344923034,Good
3.509769264831845,2.6564475247941277,1.0377160792848814,1.9039960001774028,Moderate
6.098056496630502,1.9425659686799956,1.008516539448115,3.881798529713586,Bad
1.5328002137168106,3.165213550266609,1.0021899696851924,1.3645953103038984,Good
4.095849499920336,2.6682792928283705,1.2822623023707735,1.5543840423699908,Moderate
3.3810092723057408,2.222647581586614,1.0827827345511076,2.293563165086045,Moderate
1.8438339567779425,2.072715417056677,1.072289147298873,1.5993340998594494,Good
1.6799044689640985,5.302788090405224,1.1888845705402251,1.5094339848805318,Bad
2.67960586998004,3.859312390227485,1.054799835211815,1.5743622452547057,Good
3.4696924611055424,4.896627157325705,1.1562378453167508,1.9139845022856603,Bad
1.3393096199717895,4.553505884332635,1.006359757481539,1.409545367793357,Good
3.5630492862035257,2.163488741415395,1.0,1.3446171074191833,Good
1.8411466304182824,5.484240084978387,1.0256510003886514,1.6143174523559356,Moderate
2.52949709279308,5.547374399209112,1.0364994387874078,1.2447284903320084,Bad
3.1253252550007167,1.962348684833251,1.276331130975515,1.5244173373770182,Good
2.0265751160905943,3.1888770863350966,1.0699572483482316,1.094894965367146,Good
5.807703802191213,3.0863666480864085,1.0326467252234746,2.238623406820129,Bad
1.5912212801642969,4.8611318532229735,1.060629624562767,1.3196452528144396,Moderate
3.874316765901901,2.4829464783399766,1.0036499494753206,2.173696345114155,Moderate
2.06688565645414,2.530273550476952,1.047804110376992,1.409545367793357,Good
1.826732548637247,2.9285781895817338,1.3828569358725225,1.059933409985945,Moderate
4.0257441814852335,1.4062555872237938,1.1800638849591916,2.957824326651468,Bad
1.5944928191233376,5.543398925149606,1.026766258841819,1.419533869901615,Bad
2.0880340493567418,6.16650715690502,1.0450159782355228,2.198668199718899,Bad
1.620782321598609,4.94395422946268,1.0384764865915277,1.5194224869887896,Moderate
2.170618092157377,2.849731287401533,1.0,1.589345597751192,Good
1.6870318239784252,5.4014177087386805,1.0304162083171395,1.4295223720098722,Bad
2.5129889268128065,1.727322444601033,1.510687912942091,1.6342956552406505,Bad
1.369391151103276,3.973749250654691,1.0,1.03995520710123,Good
1.8814571707818284,5.827361357971456,1.180722882238632,1.6293008048524218,Bad
3.669609328946888,3.346665544839772,1.0705655685969686,2.4384018396626788,Moderate
1.469905709238804,4.356246647665724,1.0,1.0332966052517916,Moderate
1.9728276859412897,5.957510806348138,1.1609016712009328,1.0,Bad
1.8223350234163396,6.312463847375451,1.1422463956471045,1.0998886170871751,Bad
1.7067781195418856,2.849731287401533,1.1873637559269334,1.7891228319255417,Good
2.314123615851601,2.699231198005952,1.0513019727944035,1.3795786628003843,Good
3.961247316903561,4.064427920869136,1.1192314963078118,2.453385192159165,Moderate
1.4879327763799757,3.82779256018426,1.0012166404974738,1.4994454827722743,Good
1.550910739800751,6.178338924939263,1.0932763218033423,1.4644839273910732,Bad
2.3409973309262533,3.035064101889928,1.0314807617567043,1.5094339848805318,Good
1.334211013832879,3.808104498175278,1.041974349008939,1.409545367793357,Good
1.4702896590736587,4.403573719802698,1.1200932856587642,1.1298553220801475,Good
1.5750970640188784,5.050440141770873,1.0023318989506411,1.3795786628003843,Good
1.2607916530049768,3.7094748798418222,1.0152634123591138,1.3995556670168998,Good
3.596699880330368,1.7927284582943324,1.0279828993392923,1.908989651897432,Moderate
2.007763509088651,4.324726817622498,1.1294209094442285,1.094894965367146,Moderate
2.3194983330677856,5.429056718866674,1.1072677714729888,1.6992227169466243,Bad
1.8492087384909917,5.503928146987369,1.0186552755538285,1.2297451378355222,Moderate
1.548223348944226,5.263411966387261,1.2087057815779243,1.4395120727863295,Moderate
2.230815144267984,5.468432842884638,1.3637776914108044,1.9639294101633475,Bad
2.8339543485602765,5.4566010748503935,1.018249719393704,1.9239730043939176,Bad
1.8580887313034609,3.4846712871911905,1.0015816494364556,1.4944506323840456,Good
1.4971633096514465,3.1888770863350966,1.0474543241352507,1.354605609527441,Good
1.4654990899599902,4.364197595784735,1.0255495903614458,1.3046619003179534,Moderate
2.315175172731741,4.794022064932743,1.0816167990672367,1.0499449078776877,Bad
1.833084522345573,5.409274002713419,1.2495141951029929,1.1398450228566048,Bad
1.7873992002689778,3.630627977661622,1.0932763218033423,1.2447284903320084,Good
2.1973982867783857,4.139394003134104,1.0133831294209097,1.414539019513386,Good
3.214392329138508,4.790141245017511,1.222697231247571,1.604328950247678,Bad
1.356134852538346,3.520166591293922,1.0209871745044694,1.349611957807412,Good
1.733651834616538,3.323002008771284,1.0367275553828217,1.3596004599156697,Good
1.6477728404950187,3.0429203958646656,1.005353240575204,1.7042175673348532,Good
3.114959705906337,2.766908911161827,1.0338126607073457,2.058823176862294,Moderate
2.332935222853544,3.40582438501099,1.0314807617567043,1.5044391344923034,Moderate
2.601672115612608,1.828223762397064,1.0571317621453555,1.9639294101633475,Good
1.378919079417333,6.572762744128813,1.0186552755538285,1.6342956552406505,Bad
2.430147864006813,3.725282121935572,1.1751972949863971,1.6642623602336228,Good
2.0627961682584743,3.415763070159755,1.0620490291488536,1.3845723145204134,Good
3.052682823403565,5.06615272972035,1.1204481368052857,2.038846172645779,Bad
2.3409973309262533,6.040333182587844,1.3381266910221532,1.1298553220801475,Bad
1.918312485116005,3.8474806221932414,1.0356145915274,1.6342956552406505,Bad
1.4837264843625526,5.764227043740732,1.035282798289934,1.4295223720098722,Bad
4.135108483403743,2.0096757569702257,1.1046316984065294,3.037735939522128,Moderate
2.601204771331849,4.032908090825909,1.1386978561989896,2.882907564169037,Moderate
2.948342762739104,3.015376039880946,1.4966964632724449,1.544395540261733,Moderate
2.034637224163303,3.993437312663673,1.745044694908667,1.0,Bad
2.488802602594679,6.237497765110482,1.150408083948698,1.7042175673348532,Bad
1.670206526915004,5.397442234679175,1.041366028760202,1.0,Bad
2.530334713573402,3.3860416688577346,1.0304162083171395,1.4594890770028446,Bad
1.988951902086708,6.651609646309014,1.313641654100272,1.0849052645906887,Bad
1.8868318879980128,1.9741804528674949,1.0116595507190052,1.254716992440266,Good
2.5675542417018717,2.4001241021002704,1.0304162083171395,1.5543840423699908,Good
2.33024783199702,3.926422178517716,1.3591138655266226,1.8140958851984847,Moderate
2.50586157179848,6.170482630964526,1.1189273221919938,1.0699219120942025,Bad
2.553533203813597,2.2305038755613515,1.319978381655655,1.254716992440266,Good
2.1357056813718587,4.494347044161417,1.032849489312087,1.5493891919817622,Bad
1.6637802528186798,6.067972192715837,1.1095996984065293,1.3945620152968707,Bad
1.4622275510009497,5.018825657583375,1.02215313797124,1.4395120727863295,Moderate
1.4461033348555312,3.1967333803098343,1.047804110376992,1.644284157348908,Good
1.3589390472166285,4.241904441382792,1.0534219012825496,1.314650402426211,Good
2.5647500470235896,3.973749250654691,1.0060832304702685,1.469478777779302,Moderate
3.17887235788863,4.151225771168347,1.0656989786241742,2.4134299850579346,Bad
2.30752732802024,6.604282574172038,1.010175589584143,1.2796888470450098,Bad
1.249574809794984,3.40582438501099,1.0241670392537894,1.2197554370590649,Good
1.7793370921962686,2.9364344835564715,1.1061018359891177,2.0688128776387518,Good
2.1690056705428358,2.829948571248278,1.475709288767975,2.683130329994687,Good
2.093375421693937,5.586750523227075,1.1399144966964632,1.0849052645906887,Bad
1.967452968725105,4.805853832966987,1.0024333089778468,1.5194224869887896,Moderate
3.286951301792891,1.1814519945731623,1.2751651675087443,2.083796230135237,Good
1.835771848705233,4.237928967323287,1.1200932856587642,1.0,Moderate
4.61451180743025,4.28137521954503,1.1760590843373495,2.2685901118131016,Bad
5.0745193118554335,1.149837510385663,1.1204481368052857,4.2014425838598255,Moderate
2.3436846572859134,7.010538161395833,1.180722882238632,1.8890126476809168,Bad
1.857270846563701,6.758095558617208,1.3451224158569763,1.0,Bad
1.995495108998519,2.948266251590716,1.1788472164788184,1.0,Good
2.760226950707132,2.30546995782632,1.9630781282549552,1.744172774436083,Bad
2.620834263073552,3.630627977661622,1.01703307889623,1.4395120727863295,Moderate
2.023887725234069,4.269543451510785,1.406918003886514,1.4395120727863295,Moderate
1.80480870993178,4.147250297108842,1.0048665899727944,1.2896785478214672,Good
2.7442195383834718,1.7138815561141318,1.0496060411970465,2.2086567018271563,Good
1.229945318053281,4.040764384800648,1.0,1.3596004599156697,Good
1.5912212801642969,3.662147807704848,1.3043140303148075,1.2197554370590649,Moderate
1.7390265518327226,6.087660254724819,1.0687912848814614,1.0799116128706598,Bad
1.911368752675142,3.342690070780266,1.026336833268558,1.2497221420520372,Good
2.005076118232126,5.535542631174868,1.012825486202876,1.2846836974332383,Bad
1.6758149807684326,4.360222121725229,1.0620490291488536,1.4794672798875594,Good
2.071208816790185,5.688976999042941,1.0961151869413135,1.4954491229944116,Bad
1.7309644437600131,6.186289873058275,1.2576758554216867,1.4794672798875594,Bad
2.5984005766535674,6.892220481053395,1.0340661298095608,1.5793558969747346,Bad
2.753700448483248,3.821640040806453,1.0,1.8447757977702903,Moderate
3.745323036738554,1.7532576801320952,1.1910137054022545,2.628190571728771,Moderate
2.6043595064691325,1.303650494830832,1.0011659634667702,1.4794672798875594,Good
2.101821415104637,3.3623781327892472,1.15507190983288,1.1698117278495772,Good
1.7820244830527932,4.092066930997129,1.0081616883015934,1.349611957807412,Good
1.8076129046100615,2.9640734936844653,1.126531367275554,1.4045505174051285,Good
1.4122190685883091,7.629765573236014,1.054799835211815,2.198668199718899,Bad
1.862645563779885,3.606964441593135,1.2436844057520404,1.4445057245063584,Good
1.5294117419422832,5.957510806348138,1.0268169358725223,1.0,Bad
1.878769779925304,5.251580198353017,1.228900116595414,1.3928970651674613,Bad
1.1149726912750728,4.813804781085999,1.0036499494753206,1.2397336399437795,Good
2.709166911414352,2.549961612485933,1.1597357077341623,1.7541624752125404,Good
1.5075622681216787,2.790572447230314,1.0394304516129032,1.374583812412156,Good
1.3950432955627512,6.213834229041995,1.2798289933929266,1.2097669349508071,Moderate
1.8895192788545376,2.869419349410515,1.138748533229693,1.5194224869887896,Moderate
1.911368752675142,5.902327440236425,1.0669156191216478,1.0,Bad
1.682591795323758,4.868988147197712,1.3940924897007383,1.4794672798875594,Bad
2.6713100252700865,2.569649674494915,1.4842258282160905,1.1148719695836613,Bad
2.3011541348434656,6.98289915126784,1.0194663598911775,1.349611957807412,Bad
1.8496760827717504,5.60653323938033,1.0194663598911775,1.1448386745766337,Bad
2.389614293485544,3.464983225182209,1.1373705993004275,1.899001149789174,Good
1.5687450903105522,5.026776605702387,1.2175034372328022,1.544395540261733,Bad
2.27650046634458,1.9741804528674949,1.564321812670035,1.204772084562579,Bad
2.028555234330116,2.419812164109252,1.0736392102603964,2.303551667194302,Good
2.2979993997061827,4.73883869882103,1.1818888457054022,1.3995556670168998,Moderate
3.341516616681955,4.005269080697916,1.132614597745822,1.0998886170871751,Good
3.815428355173657,2.368509617912771,1.0462326187329964,2.743063739980632,Moderate
1.8917392609334387,2.9285781895817338,1.0109498204430625,1.4944506323840456,Moderate
2.5675542417018717,5.559206167243356,1.01703307889623,1.2597118428284946,Bad
1.5750970640188784,5.050440141770873,1.0023318989506411,1.3795786628003843,Good
1.5131707219751074,3.740994709885048,1.0462326187329964,1.0,Good
1.8975813869272469,3.756801951978797,1.380101040031092,1.918979352673889,Moderate
1.795461308341687,7.057865233532808,1.122425184609405,1.569367394866477,Bad
2.558674248889402,5.862856662074187,1.222697231247571,1.3196452528144396,Bad
1.2257390260358578,4.383885657793717,1.0104935872522347,1.0,Good
2.057187714405046,6.2848248372474576,1.018249719393704,1.6193123027441645,Bad
5.205733023097682,1.5679248656437008,1.2926544795958026,3.377358196553083,Bad
1.518779111331671,5.393561414763943,1.0401493882627284,1.0,Moderate
1.6879665770368073,5.287075502455749,1.1539059463661097,1.4944506323840456,Good
1.8438339567779425,6.464667711367962,1.1317528083948698,2.0238628201492928,Bad
1.56166017423312,7.976767666144315,1.1072677714729888,1.0,Bad
1.7347033914966776,7.337852192295153,1.095471076564322,1.4395120727863295,Bad
2.9495643333542807,4.632352786512836,1.0152634123591138,2.2186464026036137,Bad
1.964648774046823,3.784440962106791,1.1615376385542169,1.3645953103038984,Good
1.8518960648506515,4.600832956469611,1.0961151869413135,1.3596004599156697,Good
1.738782237709687,4.825636549120242,1.0597816587640887,1.724195770219568,Good
1.1908032028884965,2.90093917945374,1.0163233486202876,1.1448386745766337,Good
2.2868660154389584,3.3584973128740154,1.0,1.3596004599156697,Good
2.061510874741091,6.553074682119831,1.2565099199378158,1.0549385595977163,Bad
2.17438038775902,6.2848248372474576,1.071123211815002,1.349611957807412,Bad
1.5972970782984843,4.332583111597236,1.0097331799455889,1.5793558969747346,Good
2.7490032063326293,4.837468317154486,1.0912485969685193,1.983906414379863,Bad
1.835771848705233,4.237928967323287,1.1200932856587642,1.0,Moderate
1.959390860652396,4.604713776384843,1.3591138655266226,1.234738789555551,Bad
3.128396531195231,4.01710084873216,1.0644823381267003,1.5793558969747346,Bad
2.572111074178296,5.764227043740732,1.1107656338904004,1.4994454827722743,Bad
3.1472081381971737,3.0823911740269025,1.0097273874854256,1.7691458277090266,Moderate
1.693341294252992,4.553505884332635,1.0279828993392923,1.274695195324981,Moderate
2.828345894706848,2.234479349620857,1.276179043917606,1.5493891919817622,Moderate
1.6530307538894458,3.417656153045234,1.005829761368053,1.0,Good
2.177067778615545,5.200277652156537,1.0827827345511076,1.8140958851984847,Bad
2.394744696578693,3.224372390437828,1.1200932856587642,1.724195770219568,Good
1.8945434556117209,4.336558585656741,1.0827320575204042,1.5144288352687607,Good
2.178533598856892,5.503928146987369,1.2111437077341625,1.644284157348908,Bad
2.104859346420163,2.502634540348958,1.0060832304702685,2.0638180272505227,Good
1.81427291534363,3.575349957405635,1.2133696074621063,1.5593788927582195,Bad
3.5718124751942377,1.9938685148764763,1.0851146614846483,3.0926744991198443,Moderate
1.6315318205278428,1.6862425459861383,1.0757870097162845,1.034961555381201,Good
1.894893996070722,5.054320961686106,1.054799835211815,1.0699219120942025,Moderate
3.9107715547070256,2.841780339282521,1.0389327197823552,2.31354016930256,Moderate
1.3084632850200937,4.092066930997129,1.0620490291488536,1.2397336399437795,Good
1.7823750235117948,4.301063281554011,1.0656989786241742,1.569367394866477,Moderate
1.7014034023257012,5.492096378953125,1.2448503692188106,1.2297451378355222,Moderate
3.1525828554133586,2.404004922015502,1.1609016712009328,1.6742508623418806,Moderate
1.0806210807270922,4.064427920869136,1.0,1.3596004599156697,Good
3.5574408968469617,3.6029889675336286,1.083948698017878,2.368479927568476,Bad
2.217027778520089,2.948266251590716,1.0316328488146134,1.6243059544641931,Good
4.656691789413696,3.5004785292849405,1.0425826692576758,2.4334069892744496,Bad
2.1260077393227643,6.592450806137795,1.197046258841819,1.5943392494712207,Bad
2.32218572392431,7.010538161395833,1.1958802953750487,1.2896785478214672,Bad
1.6870318239784252,6.430781527717889,1.2299464251846093,1.5543840423699908,Bad
2.529113142958225,3.977630070569923,1.2739992320248736,1.864039594407973,Bad
1.6449686458167367,4.766477708949024,1.0114475522736106,1.3596004599156697,Moderate
2.421618411653345,2.790572447230314,1.0,1.449500574894587,Good
3.0612122757570326,2.435619406203001,1.623785473766032,1.2447284903320084,Moderate
2.1152583048903955,2.9522417256502216,1.2296929560823942,1.3995556670168998,Moderate
1.929829819218084,3.3071947666775343,1.0206830003886511,1.8490562419114869,Good
2.7494774517778984,4.470683508092929,1.2203653322969297,1.4944506323840456,Moderate
2.219831973198371,2.356677849878527,1.0948985184609406,1.6243059544641931,Good
3.0450880596116146,2.810260509239296,1.1130975608239408,1.938956356890404,Moderate
2.510301600453147,3.0942229420611462,1.3287990672366887,1.4944506323840456,Moderate
2.408181521867587,5.267292786302494,1.0186552755538285,1.0998886170871751,Bad
2.0830098725995585,2.620952220691396,1.1049358725223477,1.2896785478214672,Good
1.2327495772284274,3.831768034243766,1.0081616883015934,1.2397336399437795,Good
1.4219170106374035,4.683655332709317,1.2611737178390985,1.4894557819958172,Bad
2.62854583068726,4.675704384590305,1.2903225806451613,2.228634904711871,Bad
2.390265776314683,6.036357708528338,1.0608628060629617,1.3695889620239272,Bad
1.6637802528186798,2.045171061072957,1.0932763218033423,1.4345172223981009,Good
4.679125475833681,2.3488215559037893,1.0778654675476098,2.3285235217990463,Moderate
2.233502535124509,5.977198868357119,1.1935483964244074,1.2846836974332383,Bad
2.1475067371812324,4.9321224614284365,1.137582597745822,1.1398450228566048,Moderate
2.124488838161866,5.965367100322875,1.1192314963078118,1.5743622452547057,Bad
1.4944759832917862,4.809829307026492,1.0116595507190052,1.6293008048524218,Bad
2.1233204129631047,3.740994709885048,1.2713124539448115,1.0820140768929667,Good
1.684227629300143,5.776058811774976,1.0466381748931208,1.0799116128706598,Bad
2.057187714405046,6.738407496608226,1.0145997699183833,1.4395120727863295,Bad
2.1394446291085227,6.553074682119831,1.060629624562767,1.5843507473629632,Bad
2.7722616786568848,3.4806958131316845,1.0778654675476098,1.5144288352687607,Moderate
3.235891326996976,4.797997538992249,1.3536021018266615,1.3346286053109258,Moderate
2.034637224163303,3.7764900139877793,1.0046638258841818,1.3945620152968707,Good
3.7032598585768657,4.6599917966408295,1.1107149568596968,3.7519420089652384,Bad
1.0196294917417033,3.989461838604167,1.0012166404974738,1.034961555381201,Good
1.356134852538346,4.234048147408054,1.0389327197823552,1.0,Good
2.394744696578693,5.141118811985318,1.0589972701127088,1.4994454827722743,Bad
2.386682588505984,5.484240084978387,1.1270890104935871,1.5993340998594494,Bad
2.172670253394637,5.409274002713419,1.0011659634667702,1.6792457127301093,Bad
2.580173182251005,4.600832956469611,1.0746210742324136,1.6842393644501383,Bad
2.604008966010131,6.225665997076239,1.0340661298095608,1.4894557819958172,Bad
1.5636464841716418,4.009244554757423,1.0608323886513795,1.3995556670168998,Good
3.088085990831685,2.167369561330627,1.095608248736883,2.523307104253368,Moderate
1.5524296409616491,3.157357256291871,1.0254390019432569,1.3845723145204134,Good
2.2576888593426365,4.060452446809629,1.3710775903614458,1.589345597751192,Moderate
2.057187714405046,4.54953041027313,1.106843802565099,1.7192009198313394,Moderate
1.8384592395617576,5.890495672202181,1.041366028760202,1.3346286053109258,Bad
2.273111994570052,2.131874257227896,1.0457902090944422,1.799112532701999,Good
2.233502535124509,3.058727637958415,1.02215313797124,1.3446171074191833,Good
2.0515793250484817,5.460576548909899,1.0291995398367664,2.198668199718899,Bad
3.770677786155444,1.4377754172670194,1.1037699090555773,2.07380652935878,Moderate
1.6637802528186798,6.304607553400713,1.0198212110376992,1.569367394866477,Bad
2.757539559850607,5.6498848374578,1.23658268169452,1.779134329817284,Bad
1.4823243870234115,3.626652503602116,1.041974349008939,1.2846836974332383,Good
3.5041608754752804,2.8024042152645583,1.0693489280994948,1.7042175673348532,Moderate
1.9728276859412897,3.985581018688935,1.216867469879518,1.2097669349508071,Moderate
2.924156438520976,5.669572899466782,1.031798759424796,1.5144288352687607,Bad
1.265153769447229,6.131011852802288,1.0524679362611735,2.198668199718899,Bad
2.604008966010131,5.661716605492043,1.01703307889623,1.484462130275788,Bad
2.359808873431332,2.463163762186721,1.0396424500582977,1.3795786628003843,Good
2.994028084815699,2.443475700177739,1.130586872910999,1.6243059544641931,Moderate
3.1579575726295435,4.6599917966408295,1.2737457629226585,2.173696345114155,Bad
2.539512101428458,3.752826477919292,1.2518460940536338,1.0749167624824312,Good
1.5013165207493189,5.334402574592724,1.1643995336183444,1.4994454827722743,Good
3.930401046448729,1.5521176235499512,1.1796796797512632,4.486126281293064,Bad
1.5858464984512477,5.089816265788837,1.08861252390206,1.4994454827722743,Moderate
1.6664675791783397,3.5990134934741222,1.0174893120870578,1.3196452528144396,Good
1.8169603062001547,4.6599917966408295,1.060629624562767,1.0549385595977163,Good
2.3796720373134144,4.005269080697916,1.0729988775748154,1.3246389045344684,Moderate
1.3708569713446237,4.884795389291462,1.037310523124757,1.3246389045344684,Moderate
1.4810390935060278,3.997412786723179,1.0862805969685192,1.5194224869887896,Good
1.855284536625179,3.165213550266609,1.0693489280994948,1.409545367793357,Good
1.2821737825448225,3.21651609646309,1.0617955600466382,1.11986681997189,Good
2.128695130179289,4.525866874204642,1.1877186070734551,1.1798002299578347,Moderate
1.9728276859412897,2.5933132105634025,1.1154294597745822,1.569367394866477,Good
1.8062108072709209,7.416793748619627,1.239020607850758,1.2497221420520372,Bad
1.0276414857506324,4.381708612475416,1.0013325176836378,1.0,Good
1.3488694097369498,3.0733990303208776,1.0,1.484462130275788,Good
3.160644963486068,1.9741804528674949,1.094124287602021,2.0088794676528066,Moderate
2.2684383582718706,5.13326251801058,1.174893120870579,1.6892342148383668,Bad
2.278720448423481,4.7111996886930365,1.0036499494753206,1.5593788927582195,Bad
2.475015236846784,2.0806663651756887,1.1812805254566654,1.6992227169466243,Moderate
1.896813551754402,2.2041900234531937,1.0,1.4328522722686912,Good
1.3493580379830206,2.7826214991113023,1.0011659634667702,1.1148719695836613,Good
2.813974316359572,2.3291334938948074,1.02215313797124,1.7391791227160542,Good
2.155568845253941,4.924171513309425,1.3404586179556937,1.204772084562579,Bad
2.570358436380153,3.33871459672076,1.097331827438787,1.8140958851984847,Moderate
2.284328837780045,4.048620678775386,1.0254390019432569,1.609322601967707,Good
3.211705002778848,2.9364344835564715,1.4244073159735715,2.1886796976106413,Moderate
2.418931020796821,2.8772756433852527,1.0121664889234356,2.453385192159165,Good
1.8975813869272469,5.279124554336737,1.1574038087835212,1.0,Moderate
1.5455359580877015,6.269112249297982,1.2798289933929266,1.4445057245063584,Bad
1.489101201578737,4.604713776384843,1.2868247182277497,1.1947835824543211,Moderate
1.5129036404588745,4.707318868777804,1.0106601414691023,1.2663704446779331,Good
2.2078503906650333,7.47197711473134,1.1857047057909056,1.349611957807412,Bad
2.8059122082868626,5.251580198353017,1.0206830003886511,1.5493891919817622,Bad
1.8303971314890488,3.1297182461638777,1.1690633595025262,1.0199782028847149,Good
3.2321523792603117,3.1967333803098343,1.1751972949863971,1.204772084562579,Moderate
1.5047580734433967,4.979449533565411,1.0571824391760591,1.1298553220801475,Moderate
3.321887124940252,2.2494347044161414,1.5301204694908668,1.4634854367807075,Bad
1.7094655103984104,5.239748430318774,1.2914885441119317,1.639289306960679,Bad
1.471107543813419,5.160806873994299,1.0218996688690245,1.6952275558369614,Bad
3.4428187460308903,3.228347864497334,1.0489700738437622,2.468368544655651,Moderate
3.218131276875172,4.762502234889517,1.2976363031480762,1.544395540261733,Bad
2.9517312345136317,5.042489193651862,1.0790821080450836,2.4783570467639087,Bad
1.6730107860901504,5.334402574592724,1.0109498204430625,1.4245287202898431,Bad
1.7981486991982116,7.535111428962065,1.0620490291488536,1.2796888470450098,Bad
2.5506121408166926,3.729162941850804,1.3462883793237466,1.5144288352687607,Moderate
1.227141123374999,6.150794568955543,1.0437993097551497,1.3196452528144396,Moderate
2.842366932595122,5.271268260362,1.1119315973571706,1.8440625901914576,Bad
2.5955963174784205,2.510490834323696,1.047804110376992,1.4594890770028446,Moderate
2.741415343705189,1.812416520303314,1.0255495903614458,1.824084387306743,Good
2.631233221543785,4.0959477509123605,1.172561221919938,1.2597118428284946,Moderate
1.6361735953749212,2.762933437102321,1.0314807617567043,2.298556816806074,Good
2.8085995991433874,5.310739038524236,1.2751651675087443,1.978912762659834,Moderate
1.844322585024013,5.054320961686106,1.054799835211815,1.6892342148383668,Moderate
1.8246384644380087,4.135418529074598,1.2398534349008938,1.466148877520483,Good
1.4622275510009497,3.1888770863350966,1.0,1.2697003449367523,Good
1.3036727159064254,2.8260677513330457,1.024485036921881,1.349611957807412,Good
1.6073454963097151,2.63278398872564,1.0944422852701128,1.1997784328425498,Good
3.0020901928884083,4.770358528864255,1.1515740474154683,1.529412187765247,Moderate
3.0335482161037968,3.3978734368919787,1.0206830003886511,1.6642623602336228,Moderate
3.778973630865396,1.6389154738491634,1.1119315973571706,3.2025528169834763,Moderate
2.2039414936901967,6.265136775238476,1.1002720466381657,1.9639294101633475,Bad
1.3767974550569186,6.12315555882755,1.1502239844539448,1.2921753736814816,Bad
1.6369065377440275,4.226097199289042,1.0559657986785853,1.0998886170871751,Good
1.7309644437600131,2.7314136070590957,1.030314798289934,1.3346286053109258,Good
1.661092861962155,5.701187383654281,1.0559657986785853,1.4794672798875594,Bad
2.912472251030225,2.849731287401533,1.0,1.5743622452547057,Good
1.7262908074618315,4.596857482410105,1.0036499494753206,1.449500574894587,Good
2.1460596855274776,4.691511626684054,1.0510687912942092,1.9489460576668611,Good
1.7468057766573766,3.760777426038303,1.024485036921881,1.4445057245063584,Moderate
2.01582561716136,4.001293606638411,1.0279828993392923,1.4994454827722743,Moderate
1.6420369408371769,5.070128203779855,1.167897396035756,1.5633740538678824,Moderate
2.27650046634458,2.090983666901549,1.216867469879518,1.2697003449367523,Good
1.7094655103984104,3.6581723336453416,1.0705655685969686,1.609322601967707,Good
2.0627961682584743,4.305038755613516,1.073773108433735,1.4295223720098722,Moderate
3.8266451983836487,3.914590410483472,1.1034150579090556,2.488346747540366,Bad
1.8062108072709209,3.326882828686516,1.1422463956471045,1.6892342148383668,Moderate
1.2902358906175315,4.415405487836942,1.0034978624174116,1.2397336399437795,Good
2.201254102833672,2.829948571248278,1.4535561507967354,1.2996670499297247,Moderate
1.5939086065239567,4.178770127152067,1.0,1.1048834674754036,Good
2.386682588505984,7.389154738491634,1.2273610571317528,1.254716992440266,Bad
1.14021057237334,5.413249476772925,1.0443062479595802,2.198668199718899,Bad
2.172670253394637,4.545554936213623,1.0151574131364167,1.3196452528144396,Moderate
3.695290045517373,4.83349284309498,1.072755538282161,2.5732520121310545,Bad
2.4892912308407498,1.4929587833787323,1.1577218064516128,1.6742508623418806,Moderate
1.825022414272864,5.1884458841222925,1.216867469879518,1.4445057245063584,Bad
2.9601438185484774,2.1516569733811512,1.217779964244073,2.633185422117,Moderate
3.832253587740213,3.334833776805528,1.099765108433735,2.253606759316616,Moderate
2.0235371847750683,4.920290693394192,1.0559657986785853,1.7891228319255417,Moderate
3.429381920741996,2.6406402827003777,1.041366028760202,2.0423199130885643,Moderate
2.278720448423481,3.3623781327892472,1.0474492592304705,1.4544954252828155,Moderate
1.9432666445069773,5.831336832030962,1.0676253493975905,1.1448386745766337,Bad
2.317979431906888,4.750670466855274,1.249412785075787,1.7891228319255417,Bad
1.5939086065239567,5.586750523227075,1.037310523124757,1.8091010348102567,Bad
1.693341294252992,5.440888486900918,1.247182268169452,1.274695195324981,Moderate
1.2355537719067096,4.648160028606586,1.0279828993392923,1.7192009198313394,Good
1.9163929294323248,2.71163089090584,1.0046638258841818,1.4445057245063584,Good
3.304914259050668,1.1361126594659403,1.0404197310532453,2.648168774613486,Good
2.4834278853784943,5.3264516264737125,1.0699572483482316,1.5194224869887896,Moderate
1.880522417723446,6.4347570017773945,1.0474492592304705,1.0,Bad
1.9647655778685804,6.529411146051344,1.209871745044695,1.5094339848805318,Bad
1.4115513970461595,4.49037157010191,1.0121664889234356,1.484462130275788,Good
1.929829819218084,4.7309824048462925,1.1107656338904004,1.0,Bad
3.047775450468139,4.174889307236835,1.071123211815002,1.7391791227160542,Moderate
1.314422214835659,4.202433663220555,1.0617955600466382,1.4794672798875594,Good
1.1289937291633474,4.205367941693047,1.0279828993392923,1.3063268504473629,Good
4.034040026195187,3.1415500141981214,1.1095996984065293,2.1886796976106413,Bad
1.4702896590736587,4.963642291471661,1.0377160792848814,1.5194224869887896,Moderate
1.6480399220112514,5.835217651946195,1.0025438973960357,1.4944506323840456,Moderate
2.789787992141444,5.014944837668143,1.1690633595025262,1.6143174523559356,Bad
1.9110182122161403,4.687536152624549,1.0384764865915277,1.1248616703601186,Good
5.181079354598796,3.5478056014219157,1.1204481368052857,2.648168774613486,Bad
2.263063576558821,4.758526760830012,1.1469102215312863,1.0699219120942025,Moderate
1.3305464309810775,4.383885657793717,1.6424407213369607,1.4245287202898431,Bad
1.880522417723446,5.046464667711368,1.0184930586863583,1.859045942687944,Bad
1.1794695558567465,6.6871049504117455,1.0218996688690245,1.3096555520379822,Moderate
3.3274955787936804,5.263411966387261,1.0632656976292263,1.9739179122716053,Bad
2.01582561716136,6.884364187078657,1.1877186070734551,1.094894965367146,Bad
3.4705103458453026,1.5994446956869262,1.1021984174115818,2.4983352496486235,Moderate
1.7963960614000691,2.971929787659203,1.0445182464049747,1.529412187765247,Good
2.3759330895767503,2.620952220691396,1.0734551107656432,1.4445057245063584,Good
1.911368752675142,4.26556797745128,1.0705655685969686,1.7591561269325693,Moderate
2.0260864878445237,3.2520114005658214,1.0279828993392923,1.419533869901615,Good
2.096446697888452,2.7471261950085712,1.024485036921881,1.764150977320798,Good
2.620834263073552,1.7532576801320952,1.3613443824329576,1.729189421939597,Moderate
4.0257441814852335,2.6959183029563643,1.008516539448115,1.9489460576668611,Moderate
1.053280021371681,2.93255366364124,1.0012166404974738,1.11986681997189,Good
1.7309644437600131,6.338493737050787,1.025317863972017,1.4914539618847484,Bad
2.445804735871473,5.1884458841222925,1.0851146614846483,1.4794672798875594,Moderate
1.8895192788545376,5.720875445663262,1.191216469490867,1.3196452528144396,Bad
1.3520453643426806,4.49037157010191,1.095608248736883,1.414539019513386,Moderate
2.116076189630156,6.048189476562582,1.0279828993392923,1.1847950803460634,Bad
1.6303102499126658,3.421536972960466,1.006359757481539,1.274695195324981,Good
1.5858464984512477,3.125742772104372,1.064127486980179,1.3046619003179534,Good
1.9309982444168448,4.991281301599655,1.1423478056743102,1.234738789555551,Moderate
1.862645563779885,4.092066930997129,1.0746210742324136,1.0699219120942025,Good
2.17438038775902,3.0429203958646656,1.0206830003886511,1.3795786628003843,Good
2.2442520340537424,1.8321992364565696,1.3416245534395648,1.414539019513386,Bad
1.2257390260358578,4.383885657793717,1.0104935872522347,1.0,Good
2.236657270261792,2.8024042152645583,1.0437993097551497,1.11986681997189,Good
1.9916392929432325,4.443044497964936,1.0734551107656432,1.1398450228566048,Bad
2.0292624424502543,3.3703290809082587,1.0279828993392923,1.4794672798875594,Good
1.5423600034819709,5.582869703311843,1.0,1.5793558969747346,Moderate
1.2257390260358578,5.101648033823081,1.064127486980179,1.958934559775119,Moderate
1.4622275510009497,5.160806873994299,1.0,1.204772084562579,Moderate
2.093759307031928,4.868988147197712,1.0804508356004665,1.644284157348908,Moderate
2.314123615851601,7.223509986012221,1.179556946754761,1.5144288352687607,Bad
3.692744096284876,3.334833776805528,1.1340847353284105,1.744172774436083,Moderate
1.6691549700348642,4.085725103330773,1.0,1.1298553220801475,Good
5.807703802191213,3.0863666480864085,1.0326467252234746,2.238623406820129,Bad
2.255001468486112,4.170913833177329,1.0256510003886514,1.2796888470450098,Bad
1.7683539211266557,4.478539802067667,1.0450159782355228,1.4644839273910732,Good
3.2041102389868974,5.085935445873605,1.0401493882627284,1.744172774436083,Bad
1.2418632421812763,5.141118811985318,1.0629615235134084,1.4045505174051285,Good
2.43505523694224,5.046464667711368,1.1947143319082782,2.053829525142265,Bad
4.555740200523762,2.2659991796640826,1.048665899727944,3.287458081574165,Bad
2.458190004280227,3.3071947666775343,1.1386978561989896,1.9988897668763488,Good
1.5651154002624894,3.495461859638421,1.0159902401865526,1.3729188622827464,Good
1.9432666445069773,2.538129844451689,1.4232413525068015,1.9289678547821465,Good
1.9163929294323248,4.427237255871185,1.0739215017489312,1.2846836974332383,Good
1.1693042695268934,3.346665544839772,1.0011659634667702,1.0,Good
1.7318991968183957,4.261592503391773,1.0462326187329964,1.4944506323840456,Good
1.7823750235117948,2.4868272982552084,1.018249719393704,1.8440625901914576,Good
1.330896971440079,4.561362178307373,1.0305267967353284,1.2597118428284946,Good
2.604008966010131,3.6661232817643534,1.176413935483871,1.3659090506507905,Bad
1.2848611734013469,3.5438301273624093,1.0,1.0249718546047435,Good
1.3393096199717895,3.334833776805528,1.0,1.2497221420520372,Good
1.5858464984512477,5.251580198353017,1.0571317621453555,1.094894965367146,Moderate
1.5025380913644957,4.841349137069718,1.655266235522736,1.3995556670168998,Bad
2.2173783189790903,6.73443202254872,1.222697231247571,1.0699219120942025,Bad
2.688135322333508,4.908458925359948,1.1155815468324912,2.333518372187275,Bad
1.6480399220112514,5.746905335338599,1.0493032102603963,1.7072142378341502,Moderate
2.0856971989592186,4.43906902390543,1.0314807617567043,1.0799116128706598,Bad
3.9472262790152857,1.907070664577264,1.090031928488146,4.50110963378955,Bad
1.7712749841235595,5.7603462238255,1.2331908184998055,1.839067739803229,Bad
1.4622275510009497,5.160806873994299,1.0,1.204772084562579,Moderate
2.685713529565331,2.214696633467602,1.1034150579090556,2.538290456749854,Good
2.177067778615545,6.671392362462269,1.1095996984065293,1.589345597751192,Bad
3.3658622481555995,2.10035442718467,1.0979401476875243,1.8690344447962015,Moderate
1.4138549025646945,6.067972192715837,1.2366886809172173,1.0849052645906887,Bad
2.06688565645414,6.198121641092519,1.083948698017878,1.4894557819958172,Bad
3.293844984666838,1.6625790099176507,1.143564446171784,1.484462130275788,Moderate
1.950627671661684,5.5394234510901,1.0048665899727944,1.6492790077371366,Bad
1.4864138752190772,2.6091204526571525,1.0279828993392923,1.2896785478214672,Good
3.579874583266947,2.6249276947509017,1.0085220520792848,4.141509173873882,Moderate
2.0235371847750683,6.4347570017773945,1.0072998989506412,1.2397336399437795,Bad
2.144118265406705,1.8203674684223257,1.0097331799455889,2.2336297551001,Good
1.9459540353635016,4.368078415699968,1.1165954232413524,1.1498335249648624,Good
2.445804735871473,3.157357256291871,1.426739214924213,1.2896785478214672,Moderate
1.8922066052141973,2.459282942271489,1.0676253493975905,1.4045505174051285,Good
2.17169306139936,6.848868882975926,1.3521181406917997,1.3446171074191833,Bad
2.388084685845125,2.045171061072957,1.026710936649825,1.6592675098453944,Good
2.2361899259810336,5.799722347843463,1.1865526715895842,1.4794672798875594,Bad
3.218131276875172,4.068403394928641,1.0012166404974738,1.6542726594571655,Bad
1.6503433630329214,5.610414059295563,1.096774184220754,1.669256011953652,Bad
1.5243875651851,4.868988147197712,1.006326569762923,1.389567164908642,Moderate
2.241564643197218,2.7826214991113023,1.0734551107656432,2.07380652935878,Good
1.386981187490042,5.626221301389313,1.037310523124757,2.198668199718899,Bad
2.7189816572852035,3.6936676377480726,1.0693489280994948,2.538290456749854,Moderate
3.686434626010309,1.4337999432075137,1.01703307889623,1.8490562419114869,Moderate
1.9842782657885265,3.113911004070128,1.152080985619899,1.3945620152968707,Moderate
1.7851792181900763,5.791866053868725,1.048334106490478,1.5194224869887896,Bad
1.252379004473266,3.315051060652272,1.0693489280994948,1.0,Good
3.17045970935692,1.5994446956869262,1.0754321585697628,2.937847322434953,Good
1.888935066255157,3.626652503602116,1.0206830003886511,1.3795786628003843,Good
1.7578381588346657,2.841780339282521,1.0011659634667702,1.3346286053109258,Good
1.7390265518327226,5.196302178097031,1.005829761368053,1.938956356890404,Moderate
2.386682588505984,2.1910330973991146,1.150408083948698,1.804106184422028,Good
2.4060316478804857,4.971498585446399,1.2495141951029929,1.744172774436083,Bad
1.878769779925304,6.6871049504117455,1.0093276237854645,1.2796888470450098,Moderate
2.5274030085938417,3.871144158261729,1.031798759424796,1.4794672798875594,Good
2.101821415104637,4.959666817412156,1.1364166342790516,1.5244173373770182,Moderate
3.2179755169472077,2.3882923340660263,1.1294209094442285,2.0887898818552664,Good
1.9642281254960212,7.302830158913791,1.0363777691410805,1.5217730753284382,Bad
2.0319498333067787,6.056140424681594,1.0766487990672369,1.0,Bad
1.6315318205278428,3.074534880052165,1.1690633595025262,1.0,Good
1.5697222823058292,2.684086534922121,1.095608248736883,1.6642623602336228,Good
2.500253182441916,4.589001188435367,1.0,1.6592675098453944,Moderate
2.575966890233582,6.710768486480233,1.0097331799455889,1.5943392494712207,Bad
2.9461227806602026,2.250191937570333,1.0,2.488346747540366,Moderate
2.5747984650348203,4.379910183734211,1.0804508356004665,1.4994454827722743,Moderate
3.84347049544707,2.6959183029563643,1.1216647773027597,1.943951207278633,Moderate
2.803224817430338,3.701618585867085,1.1095996984065293,2.0688128776387518,Moderate
1.7712749841235595,4.514035106170399,1.0,1.329633754922697,Moderate
1.3729601496017674,2.755077143127583,1.0216231418577535,1.4045505174051285,Good
3.17887235788863,4.786165770958005,1.015816410415857,1.5743622452547057,Bad
3.585483037120375,3.33871459672076,1.0450159782355228,1.7341842723278256,Moderate
1.9058878091229916,5.030657425617618,1.0687912848814614,1.8690344447962015,Moderate
1.5831591720915876,2.8536121073167653,1.0256510003886514,1.5993340998594494,Good
1.9352045364342685,4.790141245017511,1.2425184702681695,1.3795786628003843,Bad
1.0673010592599557,4.967617765531168,1.0,1.3596004599156697,Good
1.9835771848705237,3.224372390437828,1.2495141951029929,1.1148719695836613,Good
2.253482567325213,3.965798302535679,1.0206830003886511,1.6293008048524218,Moderate
1.7470886599054318,4.84930008518873,1.1235911480761758,1.589345597751192,Moderate
3.0433779252472317,5.267292786302494,1.0432463116984063,1.7541624752125404,Bad
2.572111074178296,5.764227043740732,1.1107656338904004,1.4994454827722743,Bad
1.6530307538894458,5.239748430318774,1.212203643995336,1.274695195324981,Moderate
1.7927739819820272,5.657741131432537,1.0034978624174116,1.469478777779302,Bad
1.3627948632719145,4.036788910741142,1.0,1.0,Good
2.580173182251005,6.048189476562582,1.1282549459774582,2.0488346747540365,Bad
2.096446697888452,3.918471230398704,1.312475718616401,1.2996670499297247,Good
1.8833266124017285,4.652040848521818,1.0097331799455889,1.4045505174051285,Moderate
1.2748127553901158,7.684948939347727,1.0510992087057909,1.5493891919817622,Bad
2.200202545953532,3.934278472492454,1.194608332685581,1.5344058394852758,Moderate
2.096446697888452,4.241904441382792,1.0457902090944422,1.4944506323840456,Moderate
1.6772170781075737,5.732707213697506,1.3101437916828604,1.3995556670168998,Moderate
2.1833772488901118,6.265136775238476,1.058399107656432,1.449500574894587,Bad
1.4054088446571302,4.040764384800648,1.0,1.349611957807412,Good
1.905643494999956,2.131874257227896,1.0268169358725223,1.2297451378355222,Good
2.448492062231133,4.904483451300443,1.130586872910999,1.484462130275788,Bad
2.037558287160208,5.4763837910036495,1.1545142666148465,1.6542726594571655,Bad
1.7712749841235595,3.673979575739091,1.4966964632724449,1.3645953103038984,Bad
2.498086281282565,4.884795389291462,1.2645655810338128,2.07380652935878,Bad
3.0335482161037968,3.3978734368919787,1.0206830003886511,1.6642623602336228,Moderate
3.1498954645568342,7.184039207849984,1.5340069863972017,1.9332482989233428,Bad
2.13009722751843,4.419380961896448,1.018249719393704,1.3845723145204134,Moderate
2.012320341565076,1.7808966902600885,1.052149938593082,1.7391791227160542,Good
2.765601667923317,3.236204158472072,1.6575981344733774,1.99389611515632,Bad
1.682591795323758,2.758957963042815,1.0338126607073457,1.839067739803229,Good
2.131382521035814,3.031088627830422,1.041974349008939,1.4544954252828155,Good
1.6449686458167367,4.81768560100123,1.5025262246404971,1.0,Bad
2.1553351086166974,3.3308583027460217,1.0072998989506412,1.3795786628003843,Good
2.6930426952689337,3.654291513730109,1.1294209094442285,2.058823176862294,Moderate
1.2355537719067096,3.4768149932164527,1.1788472164788184,1.15982202707312,Good
2.005564746478197,5.618365007414575,1.0023318989506411,1.414539019513386,Bad
1.0429979312200706,6.0166696465193565,1.0,1.254716992440266,Moderate
2.799462521828695,2.9443854316754834,1.0457902090944422,1.6942290652265954,Moderate
1.8438339567779425,5.843168600065206,1.1715473455110763,1.0,Bad
3.2742155574219995,2.707750070990608,1.0985484679362612,2.348501724683761,Moderate
1.6898360186567072,4.64418455454708,1.108433734939759,1.15982202707312,Good
2.303958329521748,4.54953041027313,1.0632656976292263,2.213651552215385,Bad
1.756372338593318,5.148975105960056,1.0190792444617178,1.3246389045344684,Moderate
2.134069847395474,2.948266251590716,1.0489700738437622,1.3596004599156697,Good
2.83115008938513,3.934278472492454,1.0608323886513795,1.5993340998594494,Moderate
1.1182442302341136,6.221785177161006,1.0524679362611735,1.034961555381201,Bad
2.884430110756811,3.046895869924171,1.0097331799455889,1.544395540261733,Moderate
1.737507650671824,3.8490897426458983,1.0377160792848814,1.4345172223981009,Good
2.327560441140495,4.84930008518873,1.2017100567431014,1.329633754922697,Bad
1.5912212801642969,4.896627157325705,1.215701506412748,1.5543840423699908,Bad
2.2872499007769487,6.257280481263738,1.1434123591138747,1.5493891919817622,Bad
1.4622275510009497,5.705068203569513,1.0,1.274695195324981,Moderate
1.6068568680636446,3.1612380762071037,1.1399144966964632,1.0299667049929724,Good
1.8917392609334387,2.8536121073167653,1.033070694131364,1.2397336399437795,Good
1.9701403595816296,5.397442234679175,1.0652934224640498,1.6592675098453944,Moderate
1.8328507857083287,1.473270721369751,1.0462326187329964,1.6193123027441645,Bad
1.6730107860901504,3.4531514571479653,1.102603973571706,1.11986681997189,Good
1.4434159439990064,5.5710379352776,1.0151574131364167,1.0799116128706598,Bad
1.2075116316332957,3.315051060652272,1.01703307889623,1.3096555520379822,Good
2.076817206146749,3.299338472702797,1.0559657986785853,1.5527190922405811,Good
3.665870381210224,4.352365827750491,1.284695583365721,1.6592675098453944,Moderate
5.649382703733933,1.2602988967533628,1.083948698017878,4.705882917020329,Bad
1.905643494999956,3.7804654880472848,1.6447726482705014,1.4744724294993308,Bad
5.284835202663876,2.715606364965346,1.0559657986785853,3.921753736814816,Bad
1.914172947353424,5.263411966387261,1.0757870097162845,1.0,Moderate
3.389188184200208,2.159513267355889,1.0547491581811117,2.323529870079017,Moderate
3.3359081628285265,2.017532050944964,1.135047906723669,3.5371814222944025,Moderate
1.954016143436211,6.182314398998769,1.216867469879518,1.834072889415001,Bad
1.8088981981274452,4.312895049588255,1.0011659634667702,1.409545367793357,Good
2.06688565645414,3.4768149932164527,1.1130975608239408,1.4944506323840456,Good
1.7820244830527932,2.908890127572752,1.1492421204819276,1.7591561269325693,Good
1.8665013798351715,4.703343394718299,1.0559657986785853,1.2796888470450098,Moderate
1.325171713764893,4.107779518946605,1.0321803342401863,1.2397336399437795,Good
1.7148402276145949,6.008813352544618,1.2296929560823942,1.11986681997189,Moderate
1.639593928600552,2.648591230819389,1.0174893120870578,1.0,Good
3.29550203811167,1.2839624328218504,1.049882568208317,1.8740292951844304,Moderate
2.620483722614551,4.880819915231955,1.083948698017878,2.253991531808725,Bad
3.344320811360237,2.687967354837353,1.0644823381267003,1.884017797292688,Moderate
2.2173783189790903,3.6345087975768537,1.5759813354061407,1.5244173373770182,Bad
2.953717544452153,3.5833009055246468,1.1154294597745822,1.449500574894587,Moderate
3.192893395776905,5.055172848984571,1.0618569265448892,1.9664262360233624,Bad
2.386682588505984,3.1967333803098343,1.2973183054799844,1.764150977320798,Moderate
1.755150767978141,4.872963621257218,1.1154294597745822,1.609322601967707,Moderate
1.50791280858068,2.5459861384264277,1.1713952584531675,1.11986681997189,Good
1.5328002137168106,4.048620678775386,1.094124287602021,1.414539019513386,Good
3.1020114443666498,4.202433663220555,1.262021683637777,2.0238628201492928,Moderate
2.634855300961827,4.166938359117824,1.135047906723669,1.6742508623418806,Good
1.9432666445069773,5.196302178097031,1.3707734162456275,1.589345597751192,Bad
1.682591795323758,3.81198531809051,1.0338126607073457,1.4794672798875594,Good
2.418931020796821,3.2520114005658214,1.0443062479595802,1.2896785478214672,Moderate
2.3786204804332747,4.289231513519767,1.0979401476875243,1.1448386745766337,Moderate
1.4851285817016937,6.604282574172038,1.0194663598911775,1.174805379569606,Bad
3.4144261297953395,3.1612380762071037,1.0693489280994948,1.395560505907237,Moderate
1.3729601496017674,4.920290693394192,1.013139790128255,1.2247502874472935,Moderate
2.676918479123516,2.8852265915042645,1.2299464251846093,1.8091010348102567,Good
2.12063302210658,4.797997538992249,1.071123211815002,1.744172774436083,Moderate
2.12168457898672,4.190601895186311,1.0255495903614458,1.5743622452547057,Moderate
2.134069847395474,5.799722347843463,1.0233190734551108,1.5493891919817622,Bad
2.795162709357629,6.588569986222563,1.1982121943256898,1.9039960001774028,Bad
1.670206526915004,5.397442234679175,1.041366028760202,1.0,Bad
1.6503433630329214,6.742382970667732,1.1713952584531675,1.8790229469044597,Bad
1.5664507433467885,3.910614936423966,1.0394304516129032,1.0649282603741737,Good
2.50586157179848,4.013125374672654,1.451376338904003,1.409545367793357,Bad
3.571461934735236,1.650747241883407,1.166680755538282,3.5321865719061734,Moderate
4.146909539213116,1.1064859123081938,2.1997668091721723,2.213651552215385,Moderate
1.980889794013999,4.403573719802698,1.037310523124757,1.779134329817284,Good
1.9997014010159415,3.7094748798418222,1.0594636610959969,1.2597118428284946,Moderate
3.167655514678638,2.3369897878695456,1.0985484679362612,2.842952357067807,Good
1.126062024183787,5.169041784546133,1.0381584889234357,1.3695889620239272,Moderate
1.0675681407761883,4.080519125395707,1.0,1.0,Good
1.61565191850546,6.411093465708907,1.0076316921881072,1.2597118428284946,Bad
1.810417099288344,3.259867694540559,1.0597816587640887,1.5344058394852758,Good
2.1501940635408925,1.1893082885479005,1.1853867081228138,1.3845723145204134,Good
2.0319498333067787,2.9640734936844653,1.01199265915274,1.4894557819958172,Good
2.397432087435217,1.508766025472482,1.289156617178391,1.5244173373770182,Moderate
2.456554170303842,4.975474059505905,1.0046638258841818,1.829079237694972,Bad
3.103158650096964,5.448744780875656,1.0255495903614458,1.3695889620239272,Bad
2.822737505350284,4.892651683266199,1.0206830003886511,1.8190895369185145,Bad
1.2956106078337162,3.8356488541589977,1.0233190734551108,1.2497221420520372,Good
1.6449686458167367,5.531567157115362,1.0632656976292263,1.174805379569606,Moderate
1.6169265055433228,6.000862404425607,1.0072998989506412,1.15982202707312,Moderate
2.609734223685317,1.9307342006457515,1.2366886809172173,1.7691458277090266,Moderate
2.3602975016774024,3.4413196891137217,1.0874465604352896,1.6642623602336228,Good
2.0265751160905943,2.786596973170808,1.162067634667703,1.804106184422028,Good
2.4296805197260545,6.426806053658383,1.1095996984065293,1.4345172223981009,Bad
1.9527945728210343,1.9268533807305197,1.2251351574038087,1.2447284903320084,Moderate
1.9378919272907928,5.365922404635949,1.0617955600466382,1.3596004599156697,Moderate
2.0426993322360127,5.1844704100627865,1.1888845705402251,1.4894557819958172,Bad
1.2138579941144032,3.425512447019972,1.00777303381267,1.2397336399437795,Good
1.249574809794984,3.40582438501099,1.0241670392537894,1.2197554370590649,Good
1.7417139426892472,4.841349137069718,1.0944422852701128,1.414539019513386,Moderate
1.784711873909318,4.202433663220555,1.289156617178391,1.294672199541496,Moderate
2.682526932976944,2.751101669068077,1.0255495903614458,2.1687014947259264,Moderate
1.2411621612632735,7.511447892893577,1.0316328488146134,1.1847950803460634,Bad
1.634219146887503,6.060021244596825,1.1643995336183444,1.1448386745766337,Bad
1.773962374980084,5.101648033823081,1.0669156191216478,1.7591561269325693,Moderate
1.521349633869574,2.790572447230314,1.1527399828993392,1.0,Good
2.27112568463153,1.4890779634635003,1.3019821313641664,1.908989651897432,Bad
3.609435624701259,1.4811270153444884,1.2600077823552274,3.172586111990504,Moderate
2.709166911414352,5.496071853012631,1.0356145915274,2.6531636250017145,Moderate
3.5368766520468764,1.5915884017121882,1.0757870097162845,2.238623406820129,Moderate
1.4514780520717157,2.577600622613927,1.0069957248348231,1.294672199541496,Good
1.9432666445069773,5.196302178097031,1.3707734162456275,1.589345597751192,Bad
2.811520662140292,4.328702291682004,1.083948698017878,1.709212417723082,Bad
3.535007210426976,2.7432453750933394,1.1313979572483484,1.7591561269325693,Moderate
3.291040789988556,2.6659129392215224,1.0437993097551497,2.0088794676528066,Moderate
1.5374738500149925,2.10035442718467,1.0,1.5244173373770182,Good
1.1990990475984495,5.484240084978387,1.0,1.0,Good
1.405792794491985,5.910183734211162,1.0524679362611735,1.7142060694431107,Bad
2.456554170303842,1.9938685148764763,1.1364166342790516,2.098779582631724,Good
3.5126903278287487,2.6249276947509017,1.0629615235134084,3.062707794126872,Bad
2.17438038775902,1.6783862520114003,1.0,1.2697003449367523,Good
1.8733950627091192,6.722600254514476,1.0757870097162845,1.5643725444782484,Bad
1.5131707219751074,4.005269080697916,1.0279828993392923,1.3845723145204134,Good
1.246770615116702,3.29536299864329,1.0496060411970465,1.329633754922697,Good
4.238864266971958,2.786596973170808,1.0,2.882907564169037,Moderate
2.2871330969551917,5.594701471346087,1.0,2.288568314697816,Bad
3.975268419288699,1.1183176803424375,1.1119315973571706,2.2086567018271563,Moderate
2.1690056705428358,4.794022064932743,1.02215313797124,1.449500574894587,Good
1.84126343424004,2.0885226591504265,1.0343426568208318,1.5843507473629632,Good
1.0813221616450948,4.419380961896448,1.0036499494753206,1.3046619003179534,Good
1.378919079417333,3.8987831683897225,1.0116595507190052,1.0,Good
1.54851648719375,3.054752163898909,1.003688649825107,1.294672199541496,Good
3.128396531195231,5.212109420190781,1.13291877186164,2.238623406820129,Bad
3.2293481200851644,2.045171061072957,1.0851653385153517,3.0477244416303857,Moderate
2.441364707216806,5.4566010748503935,1.0,1.7541624752125404,Bad
1.6879665770368073,5.287075502455749,1.029148862806063,1.5194224869887896,Bad
1.7900865911255024,4.727006930786786,1.222697231247571,1.094894965367146,Bad
2.295545745486902,1.654722715942913,1.0076316921881072,1.7691458277090266,Good
2.178533598856892,6.048189476562582,1.1399144966964632,1.8190895369185145,Bad
2.5274030085938417,3.871144158261729,1.031798759424796,1.4794672798875594,Good
2.491489993451204,5.298907270489993,1.0725223567819666,1.5543840423699908,Bad
3.7032598585768657,1.157788458504675,1.081515389040031,2.783018947081862,Moderate
2.252314142126452,4.407549193862204,1.095608248736883,1.3246389045344684,Bad
1.5243875651851,5.421105770747662,1.015816410415857,1.294672199541496,Moderate
1.9002687132869067,5.847049419980437,1.0746210742324136,1.7192009198313394,Bad
2.131382521035814,4.94395422946268,1.1095996984065293,1.7192009198313394,Bad
1.9567034697958712,6.142843620836532,1.1469102215312863,1.314650402426211,Bad
1.0644968645816737,5.101648033823081,1.0304162083171395,1.1997784328425498,Good
1.4456147066094602,4.257711683476542,1.0216231418577535,1.4395120727863295,Good
2.2496267512699277,2.2581428856893453,1.0489700738437622,1.8790229469044597,Good
1.8020045152534976,4.435188203990197,1.143564446171784,1.3645953103038984,Good
4.280927445133647,1.532429561540969,1.0206830003886511,4.296337549226972,Bad
1.86802028099607,3.512310297319184,1.0676253493975905,1.1348501724683762,Good
1.556285457016935,3.165213550266609,1.054799835211815,1.2647054945485237,Good
1.7094655103984104,4.431212729930692,1.197046258841819,1.6492790077371366,Moderate
1.6530307538894458,4.048620678775386,1.0198212110376992,1.2197554370590649,Good
2.0534487666683816,5.638053069423556,1.047804110376992,1.7258607203489775,Bad
1.174678986743078,4.786165770958005,1.0,1.0,Good
1.5374738500149925,4.652040848521818,1.258492032646716,1.2796888470450098,Bad
2.390265776314683,6.036357708528338,1.0608628060629617,1.5493891919817622,Bad
2.0319498333067787,2.6091204526571525,1.0326467252234746,1.6942290652265954,Good
1.6154076043824244,3.92244670445821,1.0,1.5543840423699908,Good
1.6127202135259,4.675704384590305,1.1179945682083172,1.2846836974332383,Moderate
1.2230516351793332,2.865443875351009,1.0384764865915277,1.0,Good
2.0803224817430337,5.318595332498974,1.2673921616789738,1.4155387087919515,Bad
2.623803440731434,3.6029889675336286,1.3264671682860474,2.158712992617669,Moderate
2.013138226304836,5.354090636601706,1.1270890104935871,1.2846836974332383,Moderate
2.5647500470235896,3.973749250654691,1.0060832304702685,1.469478777779302,Moderate
2.1475067371812324,3.0823911740269025,1.1422463956471045,1.5643725444782484,Good
3.332636623869486,1.8913580766277884,1.122425184609405,3.4722531619202286,Good
2.109883523177346,7.191990155968996,1.348620278274388,1.5643725444782484,Bad
1.0644968645816737,4.0959477509123605,1.0279828993392923,2.198668199718899,Good
1.7793370921962686,4.987305827540149,1.270501369607462,1.0,Moderate
3.3810092723057408,2.222647581586614,1.0827827345511076,2.293563165086045,Moderate
1.94501928230512,3.8514560962527473,1.1216647773027597,1.0499449078776877,Good
1.5858464984512477,3.5398546533029034,1.1527399828993392,1.1048834674754036,Good
3.961247316903561,1.761208628251107,1.2834789428682472,1.6992227169466243,Moderate
2.9601438185484774,4.324726817622498,1.1107149568596968,1.3795786628003843,Moderate
1.2579874583266948,4.147250297108842,1.0218996688690245,1.3446171074191833,Good
2.284328837780045,4.036788910741142,1.0206830003886511,1.4894557819958172,Moderate
1.7282771174003533,4.403573719802698,1.1434123591138747,1.234738789555551,Moderate
1.599283388237006,6.032476888613106,1.0617955600466382,1.3096555520379822,Moderate
3.389315694501485,1.6940988399608763,1.3065399300427516,1.9246874106409504,Moderate
1.0364547243082598,4.537698642238886,1.0206830003886511,1.0,Good
1.9478234769834015,5.389585940704437,1.1200932856587642,1.03995520710123,Bad
3.2122424551514066,5.196302178097031,1.255843647104547,1.8490562419114869,Bad
1.810417099288344,6.300632079341207,1.1545142666148465,1.15982202707312,Bad
1.773962374980084,4.293206987579272,1.0559657986785853,1.354605609527441,Good
2.437742627798764,4.83349284309498,1.0338126607073457,1.7391791227160542,Moderate
2.893443676575829,2.6959183029563643,1.0305267967353284,1.7192009198313394,Bad
2.3011541348434656,2.774765205136565,1.116798187329965,1.6742508623418806,Good
3.2439534350696846,4.790141245017511,1.222697231247571,2.3984466325614484,Moderate
4.280927445133647,1.532429561540969,1.0206830003886511,4.296337549226972,Bad
1.8008360900547362,4.257711683476542,1.1049358725223477,2.288568314697816,Good
2.4834278853784943,5.503928146987369,1.0338126607073457,1.294672199541496,Bad
1.1738611020033178,4.648160028606586,1.0048665899727944,1.2397336399437795,Good
1.378919079417333,6.186289873058275,1.0034978624174116,1.0249718546047435,Moderate
2.1958793856174874,4.305038755613516,1.4675476004663817,1.5094339848805318,Moderate
1.0557018141398584,3.5004785292849405,1.0,1.0998886170871751,Good
2.2039414936901967,6.265136775238476,1.1002720466381657,1.9639294101633475,Bad
2.045386658595673,6.320320141350189,1.0454722114263506,1.5543840423699908,Bad
1.9943266837997573,5.464552022969405,1.121259221142635,1.484462130275788,Bad
2.6974402204898418,2.620952220691396,1.184432743101438,1.4894557819958172,Bad
1.7965362775836695,5.902327440236425,1.1772250198212204,1.1997784328425498,Bad
3.09346070804787,1.4772461954292564,1.4990283622230858,2.2086567018271563,Moderate
1.954016143436211,6.572762744128813,1.2075398460940536,1.0,Bad
1.8088981981274452,2.4513319941524774,1.1119315973571706,1.1698117278495772,Good
5.520388974570586,1.3707602831210628,1.1034150579090556,4.3462824571046585,Bad
1.671842360891389,4.26556797745128,1.1410804601632336,1.2247502874472935,Moderate
3.125592336516949,4.557386704247867,1.0364994387874078,1.6942290652265954,Bad
2.6930426952689337,4.750670466855274,1.2728332685581034,1.2996670499297247,Moderate
1.7578381588346657,3.1928525603946025,1.307811892732219,1.3446171074191833,Good
1.7627455317700913,5.977198868357119,1.0255495903614458,1.0,Bad
1.7685876577638997,3.512310297319184,1.037310523124757,1.4295223720098722,Good
1.8496760827717504,3.839624328218504,1.0863820069957248,1.7391791227160542,Good
2.3432173130051543,2.648591230819389,1.0802987485425573,1.1048834674754036,Good
3.008197852473699,2.4395002261182333,1.0279828993392923,1.9539397093868904,Good
1.0729095131133843,7.26686158408969,1.0279828993392923,2.198668199718899,Bad
2.144118265406705,3.1612380762071037,1.0457902090944422,1.6143174523559356,Good
1.7820244830527932,2.356677849878527,1.0757870097162845,1.2397336399437795,Good
1.5860802350884915,4.166938359117824,1.0104935872522347,1.3396222570309548,Good
2.530334713573402,3.3860416688577346,1.0304162083171395,1.4594890770028446,Bad
1.4094148739100274,4.43906902390543,1.010175589584143,1.409545367793357,Good
1.8707076718525943,4.518010580229904,1.13291877186164,1.2597118428284946,Moderate
1.682591795323758,5.3264516264737125,1.0431403124757093,1.0149833524964862,Moderate
1.6960286851095163,6.269112249297982,1.137582597745822,1.5743622452547057,Bad
2.9180806403867887,1.9860122209017383,1.0072998989506412,2.5183134525333384,Moderate
1.0268737150746523,2.873394823470021,1.0,1.1448386745766337,Good
2.7834785218668774,3.934278472492454,1.032849489312087,1.5244173373770182,Moderate
2.010450899945176,4.884795389291462,1.0524679362611735,2.1886796976106413,Moderate
1.6422812549602122,5.9496545123734,1.1787407695297318,1.3596004599156697,Bad
1.4739117384917009,4.5298423482641486,1.0510992087057909,1.3596004599156697,Moderate
1.457341397533971,4.707318868777804,1.2543899914496697,1.0649282603741737,Bad
3.5630492862035257,1.5639493915841949,1.0291995398367664,2.4184236367779635,Moderate
4.238864266971958,3.315051060652272,1.0048665899727944,2.318535019690789,Moderate
1.4971633096514465,5.653860311517306,1.1842207446560435,1.3645953103038984,Moderate
3.31067028173026,2.2108158135523697,1.1155815468324912,2.258601609704844,Moderate
2.0684045576150387,4.734863224761524,1.032849489312087,1.7691458277090266,Bad
3.993729485831641,1.9505169167990075,1.3894286917994558,4.006659001405504,Moderate
2.32218572392431,6.233616945195251,1.216231502526234,1.569367394866477,Bad
2.2254404270518,2.979880735778215,1.1434123591138747,1.4894557819958172,Good
1.7290950021401137,2.2896627157325704,1.026766258841819,1.329633754922697,Good
2.451179453087658,5.010969363608637,1.4185775266226195,1.329633754922697,Bad
2.6177963317580266,7.1012168316102775,1.4121117979012825,1.5643725444782484,Bad
1.8020045152534976,4.435188203990197,1.143564446171784,1.3645953103038984,Good
1.967452968725105,3.204684328428846,1.036144587640886,1.7192009198313394,Good
2.494644728588487,3.050871343983677,1.1216647773027597,1.7042175673348532,Good
3.711672507108576,4.348390353690985,1.0121664889234356,2.103773234351753,Moderate
1.2096148098904391,6.024525940494094,1.0,1.0,Moderate
3.1161114264171723,2.810260509239296,1.0582976976292269,1.779134329817284,Moderate
1.1693042695268934,3.346665544839772,1.0011659634667702,1.0,Good
3.4938787853236697,1.67980606417551,1.0742155180722892,2.792554352610626,Good
2.51427422033019,6.087660254724819,1.0024333089778468,1.3196452528144396,Bad
2.1749646003584004,1.851887298465551,1.1450022914885347,2.003884617264578,Good
1.8973476502900024,4.54953041027313,1.0888152879906725,1.354605609527441,Moderate
2.028555234330116,2.419812164109252,1.0736392102603964,2.303551667194302,Good
1.2635959121801232,5.507903621046875,1.0121664889234356,1.3096555520379822,Moderate
2.676918479123516,4.001293606638411,1.1155815468324912,1.639289306960679,Moderate
1.6530307538894458,5.342258868567462,1.1061018359891177,1.314650402426211,Moderate
3.7649525284802574,4.53372316817938,1.0,2.603218717124027,Bad
4.126695834872033,1.5797566336779445,1.20318019432569,3.54716992440266,Moderate
1.5553896600647603,6.450090973149774,1.0061857038476487,1.6218091286041787,Bad
2.2469393604134025,5.811554115877707,1.1737271574038088,2.7380688895924035,Bad
1.2692043015366874,3.0942229420611462,1.026766258841819,1.314650402426211,Good
2.370558372360565,3.579325431465141,1.0437993097551497,1.4744724294993308,Good
1.072558972654383,3.046895869924171,1.0,1.3096555520379822,Good
1.5831591720915876,5.807673295962474,1.0198212110376992,1.639289306960679,Bad
4.805315010318747,3.29536299864329,1.0194663598911775,3.167591261602275,Bad
2.906863797176796,5.279124554336737,1.2739992320248736,1.3645953103038984,Bad
1.6561854890267294,5.669572899466782,1.041366028760202,1.0,Bad
1.5025380913644957,5.042489193651862,1.012825486202876,1.1997784328425498,Moderate
2.393693139698553,1.8479118244060453,1.0788609032258063,2.248613107596586,Good
1.5243875651851,4.26556797745128,1.0060832304702685,1.1448386745766337,Good
1.1906863990667391,4.900507977240936,1.0,1.0,Good
1.6637802528186798,7.901896238023621,1.413913728721337,1.2647054945485237,Bad
2.0442349380848377,1.757233154191601,1.0,1.69314307183765,Good
1.548223348944226,5.263411966387261,1.2087057815779243,1.4395120727863295,Moderate
1.550910739800751,2.6682792928283705,1.0489700738437622,1.0899001149789174,Good
2.303958329521748,6.249329533144726,1.2457628635833655,2.5133186021451097,Bad
1.6898360186567072,4.0249571427068975,1.083948698017878,1.5144288352687607,Good
1.8465213476344668,3.5911571994993845,1.1200932856587642,2.103773234351753,Good
1.4851285817016937,2.755077143127583,1.0279828993392923,1.2397336399437795,Good
1.314422214835659,3.0863666480864085,1.0011659634667702,1.3596004599156697,Good
1.3617433063917748,2.849731287401533,1.006359757481539,1.3596004599156697,Good
1.145117945308766,4.123586761040354,1.0338126607073457,1.3596004599156697,Good
2.67960586998004,6.332151909384432,1.4279051783909833,1.3446171074191833,Bad
1.8975813869272469,4.41152466792171,1.0524679362611735,1.2247502874472935,Moderate
2.128695130179289,2.325158019835301,1.3148076175670425,1.1348501724683762,Good
2.682526932976944,6.584594512163057,1.0024333089778468,1.5593788927582195,Bad
1.7390265518327226,5.559206167243356,1.222697231247571,1.349611957807412,Bad
1.720215009327644,6.079803960750081,1.015816410415857,1.5993340998594494,Bad
2.17169306139936,4.868988147197712,1.060629624562767,1.644284157348908,Moderate
3.5602450915252435,4.841349137069718,1.0340661298095608,1.8091010348102567,Bad
1.779825720442339,7.042057991439059,1.0050877947920716,1.419533869901615,Bad
1.6100328226693752,5.937822744339156,1.0256510003886514,1.414539019513386,Moderate
1.3617433063917748,5.145094286044824,1.0559657986785853,1.1648168774613483,Good
2.572111074178296,5.764227043740732,1.1107656338904004,1.4994454827722743,Bad
2.090304145499423,5.965367100322875,1.162067634667703,1.3645953103038984,Bad
3.090773381688209,3.997412786723179,1.0279828993392923,1.918979352673889,Good
1.5697222823058292,5.9496545123734,1.024485036921881,1.5347906119773855,Bad
3.3541355572310887,1.3880819915231957,1.095608248736883,3.517203219409688,Moderate
2.0185130080178846,3.902758642449229,1.1049358725223477,1.0,Good
1.7793370921962686,4.900507977240936,1.024485036921881,1.4395120727863295,Bad
2.6124216145418417,4.805853832966987,1.0389327197823552,1.6842393644501383,Moderate
2.5640489661055863,2.139825205346908,1.2751651675087443,1.529412187765247,Good
3.300388191578649,1.7769212162005823,1.096774184220754,2.2336297551001,Moderate
1.4010022253783163,4.955785997496924,1.0206830003886511,1.2397336399437795,Moderate
1.6073454963097151,5.381729646729699,1.0873299556937428,1.204772084562579,Bad
1.6982486671884178,3.8474806221932414,1.0343426568208318,1.4744724294993308,Good
2.4469731610702343,3.149406308172859,1.0474492592304705,1.5593788927582195,Good
2.037813178769034,6.079803960750081,1.105285658764089,1.639289306960679,Bad
1.2794863916882977,6.048189476562582,1.02215313797124,1.0,Moderate
3.276201867360521,2.226528401501846,1.121259221142635,1.8190895369185145,Moderate
2.17169306139936,5.507903621046875,1.2063738826272834,1.3645953103038984,Moderate
4.5445233573137696,1.9110461386367696,1.192230345899728,2.47336339504388,Bad
3.6724135881220334,3.43336874099471,1.0389327197823552,2.1886796976106413,Moderate
2.5871837334435743,5.4014177087386805,1.1812805254566654,1.8740292951844304,Bad
2.144819346324708,2.502634540348958,1.0023318989506411,1.4295223720098722,Good
1.9244550375050344,3.3584973128740154,1.0139914496696465,1.3246389045344684,Good
1.1626442587933252,4.1157304670656165,1.0510992087057909,1.1348501724683762,Good
3.68082617215688,2.715606364965346,1.0109498204430625,1.9489460576668611,Moderate
2.2791877927042394,6.825205346907438,1.1947143319082782,1.2597118428284946,Bad
3.028963843466196,4.241904441382792,1.1846871356393316,1.6892342148383668,Bad
1.733651834616538,5.156926054079068,1.0,1.294672199541496,Bad
2.946632628374721,3.6108452615083664,1.1246510843373494,1.6842393644501383,Moderate
1.8465213476344668,2.9285781895817338,1.005829761368053,1.154828375353091,Good
1.5863351266973185,4.380478108599855,1.0116595507190052,1.3596004599156697,Good
1.6637802528186798,1.7138815561141318,1.2600077823552274,1.5194224869887896,Bad
5.772767979043851,4.036788910741142,1.034978624174116,2.443396690050907,Bad
2.6957300861254585,4.782190296898499,1.661095996890789,1.744172774436083,Moderate
2.1851298866882534,5.791866053868725,1.1434123591138747,1.0749167624824312,Bad
1.86802028099607,5.669572899466782,1.1340847353284105,1.2697003449367523,Bad
3.730367245791897,3.0114005658214404,1.1002720466381657,2.333518372187275,Moderate
2.555986858032877,2.872826898604377,1.1017560077730275,1.6312989847413533,Moderate
1.6303102499126658,3.985581018688935,1.0190792444617178,1.15982202707312,Good
1.6584054711056306,4.26556797745128,1.2542794030314808,1.5094339848805318,Moderate
1.0566450807843653,2.6051449785976466,1.0002433392926544,1.11986681997189,Good
1.214989527106624,5.074103677839361,1.0,1.094894965367146,Good
1.7851792181900763,5.697211909594775,1.106843802565099,1.4894557819958172,Moderate
2.967154369741047,3.7764900139877793,1.1130975608239408,1.484462130275788,Moderate
3.13645863926794,5.330427100533218,1.0632656976292263,1.484462130275788,Bad
2.43505523694224,6.403142517589895,1.1667314325689857,1.2497221420520372,Bad
2.43505523694224,5.874688430108432,1.1492421204819276,1.0,Bad
2.1550802170078707,6.430781527717889,1.036144587640886,1.5943392494712207,Bad
1.9336688660885784,5.614389533355069,1.0190792444617178,1.764150977320798,Bad
2.284562574417289,3.9461102405266977,1.2087057815779243,2.488346747540366,Moderate
2.8381606405777,1.903189844662032,1.0454722114263506,2.523307104253368,Good
2.850779581126833,1.8913580766277884,1.049882568208317,1.4744724294993308,Good
3.223739730728601,1.9898930408169704,1.0790821080450836,2.857935709564293,Good
2.104508805961162,2.1279934373126634,1.2308589195491644,1.0249718546047435,Good
1.20155270181773,6.142843620836532,1.0256510003886514,1.0,Moderate
1.3589390472166285,4.277399745485523,1.067413350952196,1.11986681997189,Good
2.741415343705189,6.478108599854863,1.0114475522736106,1.6742508623418806,Bad
2.0265751160905943,5.129287043951074,1.0326467252234746,1.4794672798875594,Good
2.357121547071672,2.6406402827003777,1.030314798289934,1.214761785339036,Good
1.0953431995333696,5.677523847585793,1.0,1.294672199541496,Moderate
2.803108013608581,4.068403394928641,1.024332949863972,1.839067739803229,Bad
1.6906539033964674,3.3978734368919787,1.0897784593859308,1.094894965367146,Good
1.8518960648506515,6.174458105024032,1.1492421204819276,1.5394006898735046,Bad
2.918781721304792,2.908890127572752,1.1177613587252235,2.703107334211202,Moderate
2.284562574417289,4.443044497964936,1.150408083948698,1.6742508623418806,Moderate
1.7879834128683587,2.1910330973991146,1.0012166404974738,1.5943392494712207,Good
2.5030573771201974,2.1082107211594083,1.015816410415857,1.908989651897432,Good
2.0319498333067787,6.056140424681594,1.0766487990672369,1.0,Bad
3.798603058110235,2.029363818979208,1.0,2.613207219232285,Moderate
1.7578381588346657,5.038608373736629,1.0174893120870578,1.5194224869887896,Moderate
2.5425500327439834,2.471114710305733,1.4034201414691023,1.294672199541496,Moderate
2.01582561716136,5.6025577653208245,1.150408083948698,1.6293008048524218,Bad
2.076817206146749,6.020645120578863,1.0571824391760591,1.3346286053109258,Bad
2.057187714405046,6.738407496608226,1.0145997699183833,1.4395120727863295,Bad
2.3087488986354163,4.245879915442298,1.174893120870579,1.9539397093868904,Moderate
2.281524643101763,4.7111996886930365,1.152080985619899,1.2896785478214672,Moderate
1.8132213584634904,3.977630070569923,1.0763170058297706,1.7391791227160542,Good
2.393693139698553,6.052164950622088,1.0060832304702685,1.2697003449367523,Bad
2.4778194315250657,3.879095106380741,1.0693489280994948,1.2796888470450098,Moderate
1.5294117419422832,4.308919575528749,1.270501369607462,1.3246389045344684,Bad
1.5374738500149925,6.296656605281701,1.150408083948698,1.0,Bad
2.442384402645842,5.010969363608637,1.1247570835600469,1.0549385595977163,Moderate
1.5374738500149925,4.652040848521818,1.258492032646716,1.804106184422028,Bad
3.658392485736895,4.111754993006111,1.0024333089778468,1.6742508623418806,Bad
3.411621870620193,4.663872616556061,1.0608323886513795,1.978912762659834,Bad
4.280927445133647,1.532429561540969,1.0206830003886511,4.296337549226972,Bad
1.56084228949336,4.908458925359948,1.0121664889234356,1.1448386745766337,Good
1.4318485603300124,5.235772956259268,1.0291995398367664,1.3196452528144396,Bad
3.907967360028744,1.907070664577264,1.0291995398367664,2.643173924225257,Moderate
1.967452968725105,5.720875445663262,1.01058483948698,2.238623406820129,Bad
2.371259453278568,5.338283394507956,1.059615748153906,1.724195770219568,Bad
1.810417099288344,3.0114005658214404,1.099765108433735,1.3346286053109258,Good
1.7632128760508503,6.158650862930282,1.4850369125534395,1.374583812412156,Bad
2.459241561160366,6.186289873058275,1.1422463956471045,1.414539019513386,Bad
2.7890869112234418,2.8812511174447586,1.048665899727944,1.834072889415001,Moderate
1.400418012778936,4.991281301599655,1.0,1.034961555381201,Moderate
1.491788592435262,3.062703112017921,1.493198600855033,1.5194224869887896,Bad
2.5129889268128065,6.458420537845882,1.1824971659541392,1.4944506323840456,Bad
3.7761693716902496,4.577169420401123,1.1715473455110763,3.14761425738576,Bad
1.8045135077825896,4.797997538992249,1.0044183598911776,1.322142078674454,Bad
1.8733950627091192,2.344846081844284,1.2203653322969297,1.2846836974332383,Good
1.4944759832917862,5.642028543483062,1.0,1.2397336399437795,Moderate
1.3196801282300863,4.872963621257218,1.0076316921881072,1.3046619003179534,Good
2.1394446291085227,3.0429203958646656,1.2378546443839875,1.6792457127301093,Bad
1.4094148739100274,2.758957963042815,1.0338126607073457,2.198668199718899,Good
1.6814233701249963,3.81198531809051,1.0948985184609406,1.0,Good
3.034338625179245,5.101648033823081,1.072289147298873,1.6342956552406505,Bad
1.5724096731623538,3.072452488878138,1.0046638258841818,1.2846836974332383,Good
1.0908819514102552,6.008813352544618,1.0081616883015934,1.2497221420520372,Moderate
1.7475772881515026,5.855000368099449,1.0466381748931208,1.4994454827722743,Bad
1.4031054036354604,4.758526760830012,1.095608248736883,1.3096555520379822,Moderate
1.954016143436211,6.572762744128813,1.2075398460940536,1.0,Bad
2.415999315817261,1.7020497880798882,1.0513019727944035,1.7841291802055128,Good
1.6561854890267294,3.382160848942503,1.0389327197823552,2.253606759316616,Good
3.072312315145268,1.5915884017121882,1.0,2.6531636250017145,Good
1.7067781195418856,4.237928967323287,1.1609016712009328,1.414539019513386,Moderate
2.5828605731075296,5.578894229252337,1.1539059463661097,2.038846172645779,Bad
2.647357437689203,3.2913875245837847,1.4162456276719784,1.3246389045344684,Bad
1.8223350234163396,7.026345403489582,1.369607452778857,1.3596004599156697,Bad
2.233502535124509,6.6871049504117455,1.0757870097162845,1.4944506323840456,Bad
1.7470886599054318,2.1516569733811512,1.0046638258841818,1.5194224869887896,Good
1.9057602988217133,5.290956322370981,1.024332949863972,1.409545367793357,Bad
1.6073454963097151,2.514466308383202,1.355616003109211,1.0,Moderate
2.292624682489998,5.855000368099449,1.2386708216090168,1.4045505174051285,Bad
1.6926402133349892,4.987305827540149,1.2056134753206371,1.6542726594571655,Bad
2.819933246175137,6.052164950622088,1.0206830003886511,1.374583812412156,Bad
1.878769779925304,7.495640650799828,1.2751651675087443,1.3346286053109258,Bad
4.238864266971958,3.5478056014219157,1.164247446560435,3.1276360545010453,Bad
2.52949709279308,5.547374399209112,1.0364994387874078,1.2447284903320084,Bad
1.9469312273587789,4.616545544419086,1.4290711138748542,1.0049948503882289,Bad
2.1394446291085227,4.947835049377912,1.493198600855033,1.589345597751192,Moderate
3.1660196807022527,4.273424271426018,1.0629615235134084,1.5194224869887896,Bad
1.7578381588346657,5.038608373736629,1.0991061111542946,1.3396222570309548,Bad
1.1766652966815998,3.689786817832841,1.1877186070734551,1.11986681997189,Bad
1.460273102513531,3.354521838814509,1.109387699961135,1.4445057245063584,Good
1.440261208861723,5.1884458841222925,1.0279828993392923,1.0799116128706598,Moderate
3.808301000159329,1.5994446956869262,1.1200932856587642,2.7530522420888897,Moderate
2.0185130080178846,5.993006110450869,1.3287990672366887,2.0688128776387518,Bad
2.741415343705189,5.965367100322875,1.3248449716284494,1.2097669349508071,Bad
1.246770615116702,6.442613295752133,1.0364994387874078,1.3446171074191833,Moderate
2.786282716545159,4.34441487963148,1.0425826692576758,1.5543840423699908,Moderate
2.5425500327439834,5.464552022969405,1.2681694426739214,1.938956356890404,Bad
1.3505264631817822,4.742814172880536,1.0389327197823552,1.8091010348102567,Good
1.3811178420277868,3.8514560962527473,1.0139914496696465,1.0199782028847149,Good
1.8492087384909917,5.472408316944144,1.121259221142635,1.5344058394852758,Bad
3.9107715547070256,1.2879379068813563,1.068132287602021,2.8529408591760648,Moderate
1.3305464309810775,3.823817086124754,1.0620490291488536,1.639289306960679,Good
1.4901761708207195,5.814488394350199,1.0713563933151962,1.5993340998594494,Bad
1.693341294252992,6.935572079130864,1.5036921881072678,1.0249718546047435,Bad
1.7927739819820272,7.326020424260909,1.3626117279440342,1.4944506323840456,Bad
1.7014034023257012,2.8575875813762712,1.0909444228527012,2.148723291841211,Good
2.1721604056801187,3.3978734368919787,1.058509696074621,1.6243059544641931,Good
1.7094655103984104,3.6581723336453416,1.0705655685969686,1.609322601967707,Good
3.347125006038519,4.514035106170399,1.1204481368052857,2.0088794676528066,Bad
3.5234398267579823,2.02150752500447,1.1282549459774582,2.053829525142265,Moderate
2.547924749960168,3.2019393582449016,1.007786549553051,5.300222166491549,Moderate
2.9510301535956285,4.303429635160859,1.0979401476875243,2.443396690050907,Moderate
1.445869598218287,3.689786817832841,1.083948698017878,1.389567164908642,Good
1.4729769854333186,5.480264610918881,1.0048665899727944,1.2647054945485237,Moderate
1.8468718880934685,2.71163089090584,1.0015816494364556,1.4345172223981009,Good
1.467602268217134,4.7151751627525424,1.041974349008939,1.03995520710123,Moderate
1.5159749166533891,5.377754172670193,1.083948698017878,1.059933409985945,Moderate
1.6057096623333302,2.356677849878527,1.0432463116984063,1.4794672798875594,Good
1.7766497658366087,5.973318048441887,1.0944422852701128,1.349611957807412,Bad
1.784711873909318,5.219965714165518,1.1165954232413524,1.5244173373770182,Moderate
1.5912212801642969,2.873394823470021,1.1247570835600469,1.4994454827722743,Good
1.4299791187101127,4.048620678775386,1.0010493587252234,1.2597118428284946,Good
2.660794262978097,2.00570028291072,1.919937815779246,1.644284157348908,Bad
1.7014034023257012,4.521891400145136,1.4850369125534395,1.5044391344923034,Moderate
1.9943266837997573,5.709043677629019,1.2110377085114652,1.639289306960679,Bad
1.4461033348555312,5.2554610182682495,1.06645938593082,1.0049948503882289,Moderate
1.528874289569724,3.918471230398704,1.1107656338904004,1.0899001149789174,Good
1.2257390260358578,2.581481442529159,1.0279828993392923,1.669256011953652,Good
3.851883079481916,2.049051880988189,1.1143649063350174,2.0088794676528066,Moderate
2.7494774517778984,1.8360800563718012,1.2436844057520404,1.8490562419114869,Moderate
2.0561361575249064,5.2752437344215055,1.216867469879518,1.389567164908642,Bad
1.9163929294323248,3.413680678985728,1.041974349008939,1.484462130275788,Good
1.518779111331671,5.314619858439468,1.0109498204430625,1.1698117278495772,Moderate
4.998805604063767,1.2406108347443812,1.6785853089778469,3.122641204112817,Moderate
1.1766652966815998,3.689786817832841,1.1877186070734551,1.11986681997189,Bad
2.402105723733399,4.94395422946268,1.159380856587641,1.419533869901615,Bad
1.1990990475984495,3.989461838604167,1.0012719626894675,1.0199782028847149,Good
1.9281939852416987,5.961486280407644,1.01703307889623,1.3995556670168998,Bad
1.6799044689640985,3.831768034243766,1.2425184702681695,1.389567164908642,Good
2.5871837334435743,3.520166591293922,1.049882568208317,1.4395120727863295,Moderate
2.890930814234862,2.3764605660317826,1.0992121103769918,2.238623406820129,Good
2.3678709815040406,4.147250297108842,1.8103381173727169,2.1187565868482388,Moderate
2.4834278853784943,5.716899971603756,1.5012588791294208,1.709212417723082,Bad
2.9818127656451177,2.904914653513246,1.025317863972017,2.0338513222575503,Moderate
2.0627961682584743,4.305038755613516,1.073773108433735,1.4295223720098722,Moderate
3.223739730728601,1.9898930408169704,1.0790821080450836,2.857935709564293,Good
2.547924749960168,2.9522417256502216,1.5499248068402642,1.4345172223981009,Bad
4.578173886943748,3.050871343983677,1.1715473455110763,2.618202069620513,Moderate
1.300050636488383,6.119180084768044,1.0705655685969686,1.374583812412156,Moderate
1.824438201673483,2.924602715522228,1.0027982899339292,1.2996670499297247,Good
3.808301000159329,1.9898930408169704,1.1235911480761758,3.172586111990504,Moderate
1.6369065377440275,4.707318868777804,1.0209871745044694,1.2846836974332383,Moderate
2.9617796525248625,4.214265431254798,1.4349009032258064,1.2846836974332383,Moderate
3.4159450309562382,1.907070664577264,1.0851146614846483,2.35349657507199,Moderate
2.8059122082868626,2.6761355868031087,1.015816410415857,2.288568314697816,Good
1.5243875651851,4.596857482410105,1.0133831294209097,1.2996670499297247,Moderate
2.093759307031928,6.095516548699557,1.2565099199378158,2.7330740392041744,Bad
1.1827410948157873,6.0285014145536,1.060629624562767,1.1847950803460634,Moderate
1.970257163403387,5.223941188225024,1.0,1.7142060694431107,Bad
1.510111571191134,5.756370749765994,1.0190792444617178,1.0,Moderate
3.1176470322659973,2.1950085714586205,1.5573260878352118,2.138734789732954,Moderate
2.475365777305785,4.809829307026492,1.101438010104936,1.709212417723082,Moderate
1.50791280858068,6.884364187078657,1.064127486980179,1.4794672798875594,Bad
3.0162280990953048,4.9321224614284365,1.0437993097551497,1.8440625901914576,Bad
1.3896685783465663,3.740994709885048,1.0081616883015934,1.214761785339036,Good
2.7273943058169143,3.7962727301410335,1.0851653385153517,1.7741394794290557,Good
3.753735685270265,1.6902180200456445,1.1240980862806065,3.482241664028486,Moderate
2.148658457692067,2.280102647160901,1.0026650353672757,1.839067739803229,Good
2.7736637759960256,3.934278472492454,1.1271950097162844,1.6992227169466243,Good
1.6852791861802827,2.814235983298802,1.1935483964244074,1.1498335249648624,Good
2.332935222853544,2.581481442529159,1.0869801694520016,1.839067739803229,Good
2.7890869112234418,2.766908911161827,1.132614597745822,1.6742508623418806,Moderate
2.2388772523406937,5.523710863140624,1.0489700738437622,1.5943392494712207,Bad
1.6637802528186798,6.93954755319037,1.3206373789350951,1.5993340998594494,Bad
2.397432087435217,1.508766025472482,1.289156617178391,1.5244173373770182,Moderate
1.7873992002689778,1.997843988935982,1.0489700738437622,2.11376293512821,Good
1.300050636488383,4.971498585446399,1.006359757481539,1.3596004599156697,Good
1.4461033348555312,3.283531230609047,1.1282549459774582,1.4295223720098722,Good
1.1906863990667391,4.900507977240936,1.0,1.0,Good
2.128695130179289,5.129287043951074,1.0489700738437622,1.5244173373770182,Bad
2.8619964243368257,3.4491759830884594,1.0523158492032647,1.6642623602336228,Moderate
1.445869598218287,4.170913833177329,1.0279828993392923,1.3596004599156697,Good
2.005076118232126,3.382160848942503,1.621453546832491,1.3995556670168998,Bad
1.405792794491985,7.152519377806758,1.1655654970851146,1.4395120727863295,Bad
1.8922066052141973,5.815529589937213,1.2425184702681695,1.589345597751192,Bad
2.1462851665660554,4.865012673138205,1.1075009809560823,1.5593788927582195,Bad
1.967452968725105,5.302788090405224,1.0072998989506412,1.6293008048524218,Moderate
3.675217782800317,1.4772461954292564,1.1058483668869024,1.899001149789174,Moderate
2.676918479123516,2.4868272982552084,1.0076316921881072,1.829079237694972,Good
1.844322585024013,4.7309824048462925,1.133554739214924,1.609322601967707,Bad
1.7873992002689778,5.835217651946195,1.3171395165176836,1.0749167624824312,Bad
2.3087488986354163,4.241904441382792,1.0594636610959969,1.7491676248243118,Moderate
2.444168901895088,3.374209900823491,1.1182913548387097,1.7391791227160542,Good
3.1095849241932885,3.737113889969816,1.4407306645938591,2.333518372187275,Bad
3.3030755179383093,1.7887529842348264,1.2658375437232805,1.958934559775119,Moderate
2.4497773557485165,3.1375745401386155,1.0389327197823552,1.7891228319255417,Good
2.795162709357629,2.072715417056677,1.4302370773416246,2.857935709564293,Bad
3.321887124940252,2.2494347044161414,1.5301204694908668,1.4634854367807075,Bad
2.01812905818303,6.119180084768044,1.2296929560823942,1.274695195324981,Bad
3.0047775192480684,5.026776605702387,1.1119315973571706,2.0788013797470093,Bad
1.7014034023257012,5.5394234510901,1.1189273221919938,1.569367394866477,Bad
2.7918911703985883,2.628808514666134,1.1373705993004275,2.0638180272505227,Good
2.701104803341643,3.271699462574803,1.08861252390206,1.7691458277090266,Moderate
3.141833356484125,1.3391457989335631,1.0676253493975905,2.058823176862294,Moderate
2.2066288200498567,2.167369561330627,1.0104935872522347,1.484462130275788,Good
2.256286762003495,4.285256039460261,1.2542794030314808,1.0998886170871751,Moderate
2.284562574417289,1.997843988935982,1.2110377085114652,1.7042175673348532,Moderate
1.8492087384909917,2.8852265915042645,1.034978624174116,1.329633754922697,Good
2.0185130080178846,6.0718530126310695,1.1247570835600469,1.059933409985945,Bad
2.518608022648891,4.435188203990197,1.087598647493199,1.7691458277090266,Good
1.5777843903785382,3.7094748798418222,1.2541779930042751,1.2247502874472935,Moderate
1.8841444971414885,5.448744780875656,1.1539059463661097,1.0,Moderate
1.8169603062001547,6.9632110892588575,1.0256510003886514,1.1698117278495772,Bad
2.0212003343775446,7.795410325715427,1.247182268169452,1.094894965367146,Bad
4.208017932020262,2.2699746537235885,1.268879172949864,10.0,Bad
2.6903553044124093,2.0372201129539453,1.271667305091333,2.2685901118131016,Moderate
1.6315318205278428,5.902327440236425,1.0571317621453555,1.6492790077371366,Bad
2.760226950707132,4.896627157325705,1.1888845705402251,1.4944506323840456,Bad
3.002334507011444,4.825636549120242,1.10048404508356,1.6592675098453944,Bad
3.3514481663745643,2.0017248088512143,1.271667305091333,1.8690344447962015,Moderate
1.0618094737251491,4.9321224614284365,1.0256510003886514,1.5144288352687607,Good
2.281875183560764,5.488215559037893,1.0734551107656432,1.374583812412156,Bad
3.2090176119223237,2.3803413859470144,1.222697231247571,2.1087680847399817,Moderate
1.415646431972179,4.748304113248425,1.0082302743878742,1.4155387087919515,Good
1.1289937291633474,3.31117024073704,1.0097331799455889,1.3396222570309548,Good
1.1693042695268934,6.343983677418676,1.0292654395647105,1.154828375353091,Moderate
2.5425500327439834,4.462732559973917,1.036144587640886,1.609322601967707,Bad
2.6124216145418417,1.2879379068813563,1.0763170058297706,1.8140958851984847,Good
2.040011941379488,5.006993889549131,1.0944422852701128,1.5144288352687607,Bad
1.740311845350106,3.71733117381656,1.2323797341624565,1.6942290652265954,Moderate
1.3449180093283537,4.778309476983267,1.0012166404974738,1.329633754922697,Good
3.439664010893607,1.9702049788079887,1.1983136043528957,2.0488346747540365,Moderate
1.9352045364342685,5.661716605492043,1.0116595507190052,1.4994454827722743,Bad
1.30636010676295,4.399692899887466,1.0096774100272057,1.3346286053109258,Good
2.351629961536865,4.273424271426018,1.01703307889623,1.234738789555551,Good
1.6674023322367215,6.280944017332225,1.0024333089778468,1.1947835824543211,Moderate
1.6852791861802827,4.628377312453329,1.0326467252234746,1.6492790077371366,Bad
1.4729769854333186,5.480264610918881,1.0048665899727944,1.2647054945485237,Moderate
1.9513287525796867,4.825636549120242,1.138748533229693,1.1448386745766337,Bad
2.8872343699319574,6.773902800710958,1.081515389040031,1.6842393644501383,Bad
2.5815752795901457,6.474133125795357,1.0377160792848814,1.5394006898735046,Bad
2.252314142126452,5.377754172670193,1.0897784593859308,1.4744724294993308,Moderate
1.1209316210906382,2.1792013293648704,1.0,1.11986681997189,Good
1.7431160400283885,4.407549193862204,1.0036499494753206,1.5743622452547057,Bad
2.620834263073552,5.042489193651862,1.1180148278274389,1.1847950803460634,Moderate
2.320783626585169,4.671823564675073,1.3297115616012438,1.274695195324981,Bad
2.8188115812031973,2.1792013293648704,1.2129133742712788,2.2336297551001,Good
2.2979993997061827,7.14466308383202,1.072289147298873,1.7941176823137703,Bad
1.980889794013999,5.985149816476131,1.0827320575204042,1.5643725444782484,Bad
1.8973476502900024,5.4566010748503935,1.071229211037699,1.5593788927582195,Bad
1.784711873909318,4.758526760830012,1.3218033424018656,1.5044391344923034,Moderate
2.799462521828695,2.9443854316754834,1.0457902090944422,1.6942290652265954,Moderate
4.031352635338663,1.8400555304313075,1.191216469490867,4.026637204290219,Moderate
2.273813075488055,1.3864728710705383,1.2191993688301594,1.604328950247678,Good
2.093759307031928,2.017532050944964,1.1760590843373495,1.4345172223981009,Bad
3.3111376260110186,2.873394823470021,1.0608323886513795,2.223640054323643,Moderate
1.647656036673261,5.342258868567462,1.0559657986785853,1.4644839273910732,Bad
1.0729095131133843,4.557386704247867,1.0012166404974738,1.3596004599156697,Good
1.748724493881817,3.29536299864329,1.0304162083171395,1.8490562419114869,Good
2.212003601762906,4.403573719802698,1.0960322176447723,1.3446171074191833,Moderate
3.767756723158539,2.684086534922121,1.0048665899727944,2.173696345114155,Moderate
1.8895192788545376,2.869419349410515,1.138748533229693,1.5194224869887896,Moderate
3.3302997734719626,2.1279934373126634,1.0705655685969686,2.528301954641596,Moderate
2.093759307031928,4.182745601211574,1.239020607850758,1.709212417723082,Good
2.4296805197260545,2.573625148554421,1.301728662261951,1.4944506323840456,Good
2.0291456386284965,2.435619406203001,1.0394304516129032,1.6243059544641931,Good
1.9352045364342685,5.042489193651862,1.2739992320248736,1.4295223720098722,Moderate
1.8814571707818284,6.679248656437007,1.0816167990672367,1.4594890770028446,Bad
2.1125709140338707,4.514035106170399,1.1002720466381657,1.2647054945485237,Moderate
2.901255407820232,4.518010580229904,1.0012166404974738,2.093784732243495,Bad
2.494644728588487,3.050871343983677,1.1216647773027597,1.7042175673348532,Good
2.620483722614551,5.003113069633899,1.064127486980179,1.6742508623418806,Moderate
1.5743292288460335,4.119611286980849,1.0076316921881072,1.544395540261733,Good
2.924156438520976,4.64418455454708,1.2378546443839875,1.5194224869887896,Bad
1.400418012778936,7.893945289904609,1.108433734939759,1.1348501724683762,Bad
1.8088981981274452,4.5731939463416165,1.012825486202876,1.374583812412156,Moderate
1.7879834128683587,2.1910330973991146,1.0012166404974738,1.5943392494712207,Good
1.894893996070722,4.20640913728006,1.2401865433346289,1.5593788927582195,Bad
2.152881454397417,5.44476930681615,1.0757870097162845,1.899001149789174,Bad
2.263063576558821,3.4965030552254346,1.079284872133696,1.3596004599156697,Good
2.3168110067081256,5.563086987158588,1.0268169358725223,1.1448386745766337,Bad
2.4357563178602417,4.498227864076648,1.026766258841819,1.5593788927582195,Moderate
1.4111675117081697,5.547374399209112,1.0233190734551108,1.0,Moderate
2.537175251030934,4.474564328008161,1.0559657986785853,2.0088794676528066,Moderate
1.5243875651851,3.5438301273624093,1.010175589584143,1.4794672798875594,Good
2.0880340493567418,2.3093507777415523,1.010175589584143,1.8540510922997155,Good
2.3759330895767503,1.7650894481663388,1.0011659634667702,1.314650402426211,Good
3.1794565704880107,2.10035442718467,1.047804110376992,1.779134329817284,Moderate
2.142131955468183,3.989461838604167,1.0069957248348231,1.0549385595977163,Good
1.6046581054531908,4.865012673138205,1.0268169358725223,1.3446171074191833,Good
2.744102734561713,4.064427920869136,1.026766258841819,1.4944506323840456,Moderate
2.451179453087658,3.413680678985728,1.0851146614846483,1.779134329817284,Moderate
2.2576888593426365,2.3527970299632948,1.4349009032258064,1.5843507473629632,Bad
2.859192229658544,4.53372316817938,1.0912485969685193,1.983906414379863,Bad
1.9730614225785337,5.5394234510901,1.0163233486202876,1.3995556670168998,Bad
3.4536850487818813,2.5933132105634025,1.126531367275554,1.983906414379863,Moderate
2.876551625257566,2.447451174237245,1.058509696074621,2.0488346747540365,Good
3.11157123413181,3.323002008771284,1.0048665899727944,2.318535019690789,Moderate
1.3896685783465663,4.391741951768454,1.0,1.0649282603741737,Moderate
1.647656036673261,6.182314398998769,1.0757870097162845,1.0,Bad
3.041465980193572,2.1476814993216453,1.0571824391760591,1.864039594407973,Good
1.1209316210906382,5.212109420190781,1.035282798289934,1.2397336399437795,Good
3.4696924611055424,4.896627157325705,1.1562378453167508,1.9139845022856603,Bad
2.3740636479568504,1.2642743708128688,1.0343426568208318,1.8091010348102567,Good
1.795461308341687,4.9123397452751805,1.0233190734551108,1.3596004599156697,Moderate
2.408181521867587,5.267292786302494,1.0186552755538285,1.0998886170871751,Bad
3.45929350263531,4.277399745485523,1.1240980862806065,2.5732520121310545,Moderate
2.061510874741091,4.797997538992249,1.0,1.0649282603741737,Moderate
1.482029184874221,4.040764384800648,1.1546423443451224,1.0224750287447293,Good
1.9582391401415609,4.064427920869136,1.0599633517294986,1.6259709045936028,Good
5.197904651662217,1.907070664577264,1.083948698017878,3.4972250165249728,Bad
2.2576888593426365,5.152950580019562,1.0356145915274,1.5044391344923034,Moderate
2.292624682489998,6.541242914085588,1.335794792071512,1.1398450228566048,Bad
1.658989683705011,5.507903621046875,1.0547491581811117,1.0899001149789174,Moderate
2.351746765358622,3.914590410483472,1.2005441212592305,1.779134329817284,Good
1.3274456152225844,2.735294426974328,1.0,1.0559382488762818,Good
1.4246043369970636,6.036357708528338,1.0151574131364167,1.0,Bad
1.9281939852416987,4.486396096042405,1.0778654675476098,1.9239730043939176,Good
6.016734399482271,2.510490834323696,1.068132287602021,3.402331249826026,Bad
1.5750970640188784,3.283531230609047,1.064127486980179,1.0249718546047435,Good
1.4740519546753017,2.9877370297529526,1.0025438973960357,1.3645953103038984,Good
3.9948979110304026,1.5994446956869262,1.1046316984065294,3.4372916065390275,Moderate
1.580471781235063,3.007993016627578,1.008744656043529,1.128428906922482,Good
1.9755150767978145,5.677523847585793,1.1189273221919938,1.484462130275788,Bad
2.7590053800919554,5.361946930576443,1.077588940536339,1.8140958851984847,Bad
1.5428486317280417,4.28137521954503,1.0725011457442677,1.2097669349508071,Bad
2.8408480314342244,5.137143337925812,1.0944422852701128,1.8091010348102567,Bad
2.2576888593426365,2.4001241021002704,1.0699572483482316,1.0,Good
1.5356044083950926,2.739269901033833,1.0254390019432569,1.2896785478214672,Good
1.8599581729233607,4.892651683266199,1.1783909832879906,1.0499449078776877,Bad
3.112272315049813,2.8812511174447586,1.0582976976292269,2.4503885216598675,Moderate
2.396497334376836,4.080235162962885,1.0,1.4544954252828155,Good
2.2576888593426365,4.15510659108358,1.0851146614846483,1.2447284903320084,Moderate
2.780674327188596,2.920721895606996,1.0036499494753206,2.488346747540366,Moderate
1.0859957979432766,6.553074682119831,1.053633899727944,1.2697003449367523,Bad
4.87595442728945,1.7532576801320952,1.0544111807228915,4.476137779184807,Bad
1.773962374980084,3.3978734368919787,1.0769529731830547,1.389567164908642,Good
1.8518960648506515,5.9180400281859,1.2355227454333464,2.228634904711871,Bad
1.4851285817016937,6.604282574172038,1.0194663598911775,1.174805379569606,Bad
1.872109769191736,3.390017142917241,1.0903084554994171,1.3695889620239272,Good
1.740311845350106,3.748945658004059,1.0291995398367664,1.3596004599156697,Good
2.009516146886793,3.3623781327892472,1.068685285658764,1.6742508623418806,Good
2.0588235483814312,4.778309476983267,1.2203653322969297,1.4544954252828155,Moderate
1.9786698119350976,2.703774596931102,1.0254390019432569,1.589345597751192,Good
3.675217782800317,1.4772461954292564,1.1058483668869024,1.899001149789174,Moderate
4.848312941538817,4.699367920658792,1.0466381748931208,2.688123981714716,Bad
2.3759330895767503,5.3501151625422,1.4453944904780411,1.5593788927582195,Bad
1.6879665770368073,5.772177991859743,1.315973581033813,1.2397336399437795,Bad
2.2872499007769487,1.7020497880798882,1.0699572483482316,1.2846836974332383,Good
1.7065338054188504,3.350546364755004,1.0050877947920716,1.5394006898735046,Good
1.9110182122161403,6.430781527717889,1.2133696074621063,1.11986681997189,Bad
2.775065873335167,1.6665544839771569,1.0279828993392923,2.6381802725052284,Good
1.284372545155276,6.407117991649401,1.032849489312087,1.4594890770028446,Bad
2.844610327035867,1.2169472986758938,1.1640815359502523,1.6143174523559356,Good
2.500253182441916,2.8575875813762712,1.0389327197823552,1.4045505174051285,Good
2.3436846572859134,7.491665176740322,1.4232413525068015,1.6592675098453944,Bad
3.047775450468139,3.0272078079151896,1.034978624174116,1.834072889415001,Moderate
1.9557262778005944,6.426806053658383,1.0508780038865138,1.544395540261733,Bad
2.158139367791844,5.732707213697506,1.0437993097551497,1.095893455977512,Bad
1.9169771420317057,4.356246647665724,1.0559657986785853,1.294672199541496,Good
2.3348046644734435,5.803697821902969,1.1386425340069957,1.5344058394852758,Bad
1.7014034023257012,4.5850257143758615,1.204041983676642,1.4744724294993308,Moderate
2.9510301535956285,4.303429635160859,1.0979401476875243,2.443396690050907,Moderate
1.467602268217134,5.937822744339156,1.0093276237854645,1.3945620152968707,Bad
1.9244550375050344,3.342690070780266,1.0535324897007383,1.9339627051703752,Good
1.491788592435262,5.910183734211162,1.130586872910999,1.0,Bad
2.730665844775955,4.868988147197712,1.3381266910221532,1.314650402426211,Bad
2.547924749960168,1.7138815561141318,1.1399144966964632,1.5244173373770182,Good
1.4407285531424818,5.089816265788837,1.1189273221919938,1.4544954252828155,Moderate
1.580471781235063,4.707318868777804,1.0523158492032647,1.5743622452547057,Moderate
2.8205706041909338,2.270353270300685,1.6401088223863196,1.3795786628003843,Bad
1.4851285817016937,3.808104498175278,1.1739806265060242,1.3695889620239272,Good
1.80480870993178,2.4316439321434955,1.0048665899727944,1.2846836974332383,Good
2.292624682489998,6.541242914085588,1.335794792071512,1.1398450228566048,Bad
3.641684056992096,1.86239390847996,1.2739992320248736,2.228634904711871,Moderate
1.112168432099926,5.925990976304912,1.087598647493199,1.2397336399437795,Moderate
1.6870318239784252,3.804129024115772,1.0559657986785853,1.669256011953652,Good
2.7271723076090244,3.145525488257628,1.0781189366498252,1.779134329817284,Moderate
2.2066288200498567,2.11616166927842,1.7986785946366108,1.6143174523559356,Bad
2.902657505159373,6.951379321224614,1.2457628635833655,1.2297451378355222,Bad
1.9620782515089203,4.466708034033423,1.130586872910999,1.589345597751192,Bad
2.155568845253941,3.220396916378322,1.2530120575204042,1.03995520710123,Moderate
1.3439832562699714,5.393561414763943,1.0174893120870578,1.5993340998594494,Moderate
1.6100328226693752,3.299338472702797,1.2530120575204042,1.7691458277090266,Good
1.5724096731623538,3.819936266209522,1.005829761368053,1.7142060694431107,Good
3.604060907485074,1.208996350556882,1.6039642347454333,1.8940062994009452,Moderate
2.754852168994083,4.675704384590305,1.367275553828216,1.6342956552406505,Bad
2.155568845253941,4.841349137069718,1.0571317621453555,1.669256011953652,Moderate
1.823800843657687,4.312895049588255,1.099765108433735,1.1348501724683762,Good
1.773962374980084,6.493915841948613,1.0,1.6992227169466243,Bad
1.7040907931822258,5.925990976304912,1.4185775266226195,1.374583812412156,Moderate
1.4851285817016937,3.808104498175278,1.1739806265060242,1.3695889620239272,Good
1.2687369572559284,3.031088627830422,1.0023318989506411,1.2397336399437795,Good
3.445272400250171,1.5245732675662316,1.0,2.083796230135237,Moderate
1.7470886599054318,6.73443202254872,1.1947143319082782,1.0,Bad
2.819933246175137,1.997843988935982,1.0432463116984063,2.6381802725052284,Good
2.7273943058169143,3.7962727301410335,1.0851653385153517,1.7741394794290557,Good
2.6903553044124093,2.0372201129539453,1.271667305091333,2.2685901118131016,Moderate
2.800537491070678,4.419380961896448,1.239020607850758,1.6492790077371366,Bad
1.1881158765288364,4.28137521954503,1.0,1.0,Good
2.668505830591805,2.786596973170808,1.0109498204430625,1.4894557819958172,Good
1.954016143436211,6.004837878485112,1.0501360373105324,1.6742508623418806,Bad
1.786247479758143,3.912791981742267,1.034978624174116,1.5775399146521605,Good
2.0212003343775446,1.3154822628650755,1.1317528083948698,1.0,Good
1.8411466304182824,6.134987326861794,1.0081616883015934,2.0488346747540365,Bad
2.95916901293719,4.431212729930692,1.1095996984065293,2.0238628201492928,Bad
2.144819346324708,5.906208260151656,1.162067634667703,1.4045505174051285,Bad
1.6029054676550485,4.41152466792171,1.0003649809560824,1.5094339848805318,Good
4.474768579337669,1.7217378500888696,1.596157425573261,2.468368544655651,Bad
2.9769691156118983,2.829948571248278,1.049882568208317,1.7941176823137703,Good
2.402105723733399,1.8005847522690703,1.1058483668869024,1.234738789555551,Good
1.5643475650896446,2.5459861384264277,1.2348130151574035,1.3845723145204134,Bad
3.5126903278287487,2.6249276947509017,1.0629615235134084,3.062707794126872,Bad
1.7820244830527932,2.0885226591504265,1.02215313797124,1.6992227169466243,Good
1.6100328226693752,5.8391931260057,1.1877186070734551,1.4994454827722743,Bad
2.988185958821891,3.5043593492001723,1.1301813167508743,2.783018947081862,Moderate
2.096446697888452,5.22791666228453,1.2565099199378158,1.0149833524964862,Moderate
2.3985636204274385,3.171176761355868,1.0471291068791295,1.442008898646344,Good
2.6505333922949337,3.6936676377480726,1.1277480077730275,1.3795786628003843,Moderate
1.7963960614000691,2.971929787659203,1.0445182464049747,1.529412187765247,Good
2.048074049452197,4.825636549120242,1.079284872133696,1.349611957807412,Moderate
2.7526321869151813,4.273424271426018,1.0,2.058823176862294,Moderate
2.7853904669205365,4.186721075271079,1.0407023863194715,1.3945620152968707,Moderate
1.98147400661338,4.312895049588255,1.0547491581811117,1.3196452528144396,Good
5.807703802191213,3.0863666480864085,1.0326467252234746,2.238623406820129,Bad
1.633751802606744,3.1375745401386155,1.0139914496696465,1.5993340998594494,Good
2.875783790084721,2.4316439321434955,1.0396424500582977,1.669256011953652,Moderate
1.7290950021401137,2.2896627157325704,1.026766258841819,1.329633754922697,Good
3.59950407500865,3.046895869924171,1.10828164788185,2.223640054323643,Moderate
1.5384086030733746,3.3623781327892472,1.1119315973571706,1.5993340998594494,Good
1.967452968725105,4.22221637937381,1.666925758258842,1.409545367793357,Bad
2.47805316816231,2.419812164109252,1.071123211815002,1.1348501724683762,Bad
1.7363392254730623,4.419380961896448,1.4104158663039257,1.2896785478214672,Bad
2.2759162537451987,2.569649674494915,1.0385677388262728,1.983906414379863,Good
4.219234775230255,4.080235162962885,1.1192314963078118,2.31354016930256,Moderate
2.3786204804332747,4.707318868777804,1.0991061111542946,1.5593788927582195,Moderate
2.212003601762906,2.561793380520177,1.0652934224640498,1.4295223720098722,Good
2.220065709835615,2.940409957615977,1.189817324523902,1.449500574894587,Good
1.9590403201933944,3.804129024115772,1.0571824391760591,1.5843507473629632,Good
1.80480870993178,2.660422998853633,1.0343426568208318,1.529412187765247,Good
1.738782237709687,6.702912192505495,1.3179874823163622,1.589345597751192,Bad
2.1553351086166974,4.663872616556061,1.0054749102215312,1.5843507473629632,Moderate
2.424539474650249,2.013556576885458,1.0547491581811117,2.038846172645779,Good
1.229945318053281,4.040764384800648,1.0,1.3596004599156697,Good
1.5580380948150778,3.81198531809051,1.0012166404974738,1.1897887320660925,Good
3.4340555570401783,2.00570028291072,1.0790821080450836,2.912874269162009,Moderate
3.112272315049813,5.054320961686106,1.163233570151574,1.9739179122716053,Bad
2.1394446291085227,6.119180084768044,1.1480761849980567,1.5593788927582195,Bad
2.064198265597615,2.6959183029563643,1.0620490291488536,1.7341842723278256,Good
1.7363392254730623,6.5175793780171,1.2658375437232805,1.0,Bad
2.1833772488901118,2.6959183029563643,1.12531472677808,1.6742508623418806,Good
1.7820244830527932,4.052596152834892,1.1760590843373495,1.5743622452547057,Moderate
1.9253897905634163,6.541242914085588,1.1484310361445784,1.6992227169466243,Bad
2.517078415008472,3.902758642449229,1.0742155180722892,1.3795786628003843,Moderate
3.647058838705145,2.758957963042815,1.494364564321803,3.142619406997532,Bad
1.5535980661604107,5.661716605492043,1.0233190734551108,1.2397336399437795,Moderate
3.302257633198549,1.473270721369751,1.0669156191216478,2.428413337554421,Moderate
3.331561654627503,5.271268260362,1.2203653322969297,1.7741394794290557,Bad
3.223739730728601,3.21651609646309,1.0705655685969686,1.958934559775119,Moderate
1.297246441810101,3.855431570312253,1.0572377613680528,1.3346286053109258,Good
2.6043595064691325,1.303650494830832,1.0011659634667702,1.4794672798875594,Good
3.638762993995192,2.6406402827003777,1.1374811877186164,2.093784732243495,Moderate
1.7712749841235595,4.7111996886930365,1.055149621453556,1.7042175673348532,Moderate
1.8599581729233607,2.968048967743971,1.08861252390206,1.5044391344923034,Good
1.527191759863382,2.3488215559037893,1.0912485969685193,1.0,Good
1.6879665770368073,4.032908090825909,1.02215313797124,1.2846836974332383,Good
2.418931020796821,3.73313841591031,1.071123211815002,1.943951207278633,Bad
1.8384592395617576,3.5083348232596783,1.024485036921881,1.0449500574894588,Good
1.894893996070722,4.127562235099861,1.180722882238632,1.2597118428284946,Good
3.341504942749466,3.181020792360359,1.130586872910999,2.1637066443376973,Moderate
4.140716872760306,1.5719003397032068,1.0,2.278579812589559,Moderate
1.4749314339207371,5.803697821902969,1.010175589584143,1.0,Moderate
1.8765710173148495,6.075828486690575,1.0279828993392923,1.2796888470450098,Bad
3.0521729756890466,5.070128203779855,1.0546938359891178,1.4644839273910732,Moderate
1.2956106078337162,5.271268260362,1.0396424500582977,1.0,Moderate
2.252314142126452,4.407549193862204,1.095608248736883,1.3246389045344684,Bad
1.8922066052141973,2.360653323938033,1.0011659634667702,1.1098783178636322,Good
2.3436846572859134,6.4347570017773945,1.197046258841819,2.128746287624696,Bad
2.005564746478197,5.618365007414575,1.0023318989506411,1.414539019513386,Bad
3.7384293538646074,2.829948571248278,1.2739992320248736,1.5793558969747346,Moderate
2.6124216145418417,4.687536152624549,1.0,1.829079237694972,Bad
3.7034935952141095,1.6783862520114003,1.1189273221919938,2.927857621658496,Moderate
1.5384086030733746,1.2997696749156,1.0,1.7691458277090266,Good
1.171991660383418,3.5004785292849405,1.053633899727944,1.5244173373770182,Good
1.914172947353424,5.748514455791256,1.024332949863972,1.0,Bad
3.3030755179383093,4.557386704247867,1.0163233486202876,1.681348176752416,Bad
2.17438038775902,4.975474059505905,1.167897396035756,1.3346286053109258,Moderate
2.1985667119771475,4.360222121725229,1.3171395165176836,1.469478777779302,Good
1.5944928191233376,5.543398925149606,1.026766258841819,1.419533869901615,Bad
2.405494195507927,6.98289915126784,1.2949864065293433,1.7741394794290557,Bad
1.9997014010159415,1.5679248656437008,1.0256510003886514,1.6193123027441645,Good
2.404909982908546,3.934278472492454,1.0788609032258063,1.7341842723278256,Moderate
1.4983848802666233,2.699799122871596,1.0,1.4644839273910732,Good
2.292624682489998,2.699799122871596,1.167897396035756,2.5183134525333384,Good
1.6421644511384548,3.035064101889928,1.026766258841819,1.5993340998594494,Good
1.658989683705011,4.553505884332635,1.116798187329965,1.6492790077371366,Good
2.009516146886793,4.54953041027313,1.1289646762534007,1.1098783178636322,Moderate
3.2977008007221245,2.814235983298802,1.114263496307812,1.529412187765247,Moderate
3.759344139123693,1.5482368036347192,1.122881417800233,2.3784684296767336,Moderate
2.222753036195275,3.464983225182209,1.1049358725223477,1.3246389045344684,Good
2.292741486311756,4.49037157010191,1.0304162083171395,1.829079237694972,Bad
3.5237903672169835,1.201140056582144,1.090031928488146,2.318535019690789,Good
4.502460179152081,2.301494483766814,1.149647676642052,2.053829525142265,Bad
2.2496267512699277,2.273855473638821,1.083948698017878,1.669256011953652,Good
1.2902358906175315,2.774765205136565,1.0,1.7391791227160542,Good
1.5697222823058292,5.231797482199762,1.0209871745044694,1.5344058394852758,Moderate
2.187328649298707,5.223941188225024,1.2576758554216867,1.709212417723082,Bad
1.144350110135921,4.8722063881030255,1.0279828993392923,1.2130968352096263,Good
1.3896685783465663,3.740994709885048,1.0081616883015934,1.214761785339036,Good
1.6369065377440275,3.788321782022023,1.0687912848814614,1.2447284903320084,Good
3.5938956211552213,2.6761355868031087,1.0912485969685193,1.834072889415001,Moderate
1.580471781235063,5.578894229252337,1.0932763218033423,1.6992227169466243,Bad
2.109883523177346,6.695055898530757,1.1072677714729888,1.0799116128706598,Bad
1.6772170781075737,6.5057476099828575,1.0454722114263506,1.5394006898735046,Bad
2.1693562110018365,2.9600980196249598,1.0206830003886511,1.958934559775119,Good
1.6870318239784252,3.2401796325315777,1.0,1.9139845022856603,Good
3.5007193227812023,4.364197595784735,1.9565063723280216,2.4334069892744496,Bad
2.149726719260133,5.673548373526288,1.0377160792848814,1.0,Bad
1.496345424911686,4.15510659108358,1.0897784593859308,1.0249718546047435,Good
1.7390265518327226,5.886520198142675,1.3602798289933928,1.829079237694972,Bad
2.354434156215147,2.7984287412050524,1.0523158492032647,1.7341842723278256,Good
3.050462841324664,6.38742992964042,1.380101040031092,2.368479927568476,Bad
3.2702896332749134,5.330427100533218,1.0024333089778468,1.6243059544641931,Bad
1.437457014183441,5.160806873994299,1.0,1.3246389045344684,Good
1.5320991327988076,1.1616692784199067,1.0109498204430625,1.1148719695836613,Good
3.184098345335089,3.125742772104372,1.1200932856587642,1.6342956552406505,Good
1.835771848705233,2.699799122871596,1.06645938593082,1.764150977320798,Good
3.475067178321727,3.236204158472072,1.0408083855421686,1.764150977320798,Moderate
2.17438038775902,6.2848248372474576,1.071123211815002,1.349611957807412,Bad
1.0644968645816737,3.366353606848753,1.0279828993392923,2.198668199718899,Good
4.623041259783718,3.705499405782316,1.0109498204430625,3.062707794126872,Bad
2.9805911950299406,5.093791739848342,1.4745433253012048,1.6892342148383668,Bad
2.3194983330677856,2.3882923340660263,1.0139914496696465,1.2247502874472935,Good
1.8945434556117209,3.4806958131316845,1.0291995398367664,1.2197554370590649,Good
2.201254102833672,3.117886478129634,1.2263116984065294,1.6193123027441645,Good
2.388084685845125,5.724850919722768,1.0279828993392923,1.644284157348908,Bad
1.7605255496911902,5.003113069633899,1.2238631947143412,1.1298553220801475,Moderate
1.459540160144425,3.606964441593135,1.0,1.354605609527441,Good
1.2748127553901158,7.684948939347727,1.0510992087057909,1.5493891919817622,Bad
2.488802602594679,4.293206987579272,1.1527399828993392,1.3246389045344684,Moderate
1.4598907006034263,5.977198868357119,1.0571824391760591,1.983906414379863,Moderate
1.7627455317700913,6.340102857503444,1.0571824391760591,1.0749167624824312,Bad
2.488802602594679,4.904483451300443,1.2191993688301594,1.349611957807412,Moderate
2.792475382997969,6.103467496818569,1.493198600855033,1.2297451378355222,Bad
2.8784711809412453,4.052596152834892,1.071123211815002,1.744172774436083,Moderate
3.108767039453528,1.903189844662032,1.0,1.799112532701999,Good
2.0561361575249064,6.186289873058275,1.349786241741158,1.644284157348908,Bad
1.6879665770368073,4.032908090825909,1.02215313797124,1.2846836974332383,Good
2.828345894706848,5.200277652156537,1.1021984174115818,2.11376293512821,Bad
2.1272930328401483,5.034632899677124,1.099765108433735,1.4295223720098722,Bad
2.2979993997061827,4.727006930786786,1.0559657986785853,1.7491676248243118,Bad
1.823102858589184,2.8024042152645583,1.122425184609405,1.4944506323840456,Good
1.9378919272907928,4.005269080697916,1.0326467252234746,1.3346286053109258,Good
2.4699910600896007,4.999137595574393,1.3404586179556937,1.0799116128706598,Bad
2.957339623870196,2.790572447230314,1.0024333089778468,3.3473914915601104,Moderate
2.36565099942514,2.0530273550476954,1.0024333089778468,1.6992227169466243,Good
2.242265724115221,4.498227864076648,1.0948985184609406,1.4794672798875594,Good
2.093375421693937,5.586750523227075,1.1399144966964632,1.0849052645906887,Bad
1.877718223045164,4.561362178307373,1.058399107656432,1.569367394866477,Good
2.73335323563248,3.0863666480864085,1.0851146614846483,1.5843507473629632,Moderate
1.0376231495070214,5.906208260151656,1.0,1.0,Good
1.5750970640188784,6.722600254514476,1.1539059463661097,1.03995520710123,Bad
2.5640489661055863,4.695487100743561,1.0233190734551108,1.3845723145204134,Bad
3.3134744764085418,1.8913580766277884,1.0474492592304705,1.604328950247678,Moderate
1.9352045364342685,5.042489193651862,1.2739992320248736,1.4295223720098722,Moderate
2.396497334376836,1.6192274118401817,1.0699572483482316,2.0088794676528066,Good
2.566736356962111,4.967617765531168,1.0034978624174116,1.5433958509831676,Bad
2.228511703246314,3.149406308172859,1.052149938593082,1.3945620152968707,Good
3.4428187460308903,1.2761061388471124,1.6634278958414304,1.9139845022856603,Moderate
2.2142235838418074,2.2818064217578327,1.0462326187329964,1.4395120727863295,Good
1.6420369408371769,5.492096378953125,1.0915803902059853,1.3196452528144396,Moderate
3.0316512343227204,3.371654238928094,1.156449843762145,1.7941176823137703,Moderate
1.0967452968725104,4.379910183734211,1.0,1.1298553220801475,Moderate
1.2257390260358578,6.595763701187384,1.004197434900894,1.3596004599156697,Moderate
1.995495108998519,3.575349957405635,1.0145997699183833,1.6942290652265954,Good
1.9782024676543388,6.300632079341207,1.2238631947143412,1.5194224869887896,Bad
1.600101272976766,2.849731287401533,1.0559657986785853,1.1897887320660925,Good
4.698754967575384,3.255892220481053,1.0863820069957248,2.248613107596586,Bad
1.4178275224417378,3.879095106380741,1.0635974908666923,1.374583812412156,Good
1.365482254128439,4.128130159965504,1.01199265915274,1.3729188622827464,Good
1.7965362775836695,5.659066289452373,1.1933363979790128,1.1248616703601186,Bad
3.913575749385308,1.9860122209017383,1.0985484679362612,2.133739939344725,Moderate
3.03866178551529,1.5205977935067256,1.006326569762923,3.617091836496863,Good
3.347125006038519,5.677523847585793,1.0316328488146134,1.544395540261733,Bad
3.1230218139790464,3.382160848942503,1.1294209094442285,1.884017797292688,Moderate
1.929829819218084,3.354521838814509,1.097331827438787,1.3096555520379822,Good
1.4907370355551222,3.6661232817643534,1.1946636548775749,1.449500574894587,Good
3.2179755169472077,2.3882923340660263,1.1294209094442285,2.0887898818552664,Good
1.134368446379532,5.235772956259268,1.037310523124757,1.1997784328425498,Good
1.527191759863382,2.739269901033833,1.0060832304702685,1.5593788927582195,Good
3.1982681129930897,1.855862772525057,1.0699572483482316,2.253606759316616,Moderate
4.06500316496864,2.829948571248278,1.058399107656432,1.943951207278633,Moderate
4.311773780085343,1.6822670719266326,1.0,3.677025246482808,Moderate
1.9253897905634163,6.328271089469201,1.1282549459774582,1.0,Moderate
1.7318991968183957,3.31117024073704,1.0316328488146134,1.0249718546047435,Good
2.5506121408166926,5.300611045086924,1.101438010104936,1.918979352673889,Moderate
4.7306344133039495,1.3006215622140656,1.559657986785853,2.3664817476795443,Moderate
2.8435353577938844,2.90093917945374,1.047804110376992,1.5643725444782484,Moderate
2.278720448423481,4.340534059716248,1.06645938593082,1.3446171074191833,Moderate
2.3348046644734435,1.7690649222258448,1.0076648799067236,2.613207219232285,Moderate
1.4702896590736587,4.754645940914779,1.0151574131364167,1.059933409985945,Good
1.857270846563701,5.551255219124344,1.0944422852701128,1.2447284903320084,Bad
1.7431160400283885,4.636328260572341,1.090031928488146,2.1187565868482388,Good
1.7683539211266557,4.478539802067667,1.0450159782355228,1.4644839273910732,Good
1.855284536625179,2.1989840455181264,1.0292548620287605,1.3795786628003843,Good
1.5159749166533891,2.1792013293648704,1.0912485969685193,1.1798002299578347,Good
2.6043595064691325,4.581050240316355,1.172561221919938,2.278579812589559,Bad
1.3998805604063769,3.149216999884312,1.0397651830547998,1.2326830735930332,Good
3.2654523684312875,1.4851024894039944,1.108433734939759,2.708102184599431,Good
2.558674248889402,2.30546995782632,1.108433734939759,1.6243059544641931,Good
2.096446697888452,4.742814172880536,1.06000776059075,1.709212417723082,Moderate
1.9378919272907928,4.632352786512836,1.2296929560823942,1.2447284903320084,Moderate
2.390888880523407,4.427237255871185,1.090031928488146,1.6980480221108998,Good
2.104508805961162,3.855431570312253,1.3859308293820445,1.5643725444782484,Moderate
2.3404131183268726,3.382160848942503,1.0292548620287605,1.764150977320798,Good
1.6315318205278428,5.196302178097031,1.3148076175670425,1.3596004599156697,Moderate
2.0684045576150387,3.606964441593135,1.067413350952196,1.6842393644501383,Good
1.9325171455777437,3.7449701839445537,1.1527399828993392,1.469478777779302,Moderate
2.17438038775902,3.145525488257628,1.0069957248348231,1.374583812412156,Good
2.142131955468183,4.900507977240936,1.3824329669646327,1.8490562419114869,Moderate
2.1833772488901118,1.3431212729930693,1.0218996688690245,1.589345597751192,Good
2.1805730542118296,4.41152466792171,1.0620490291488536,1.5993340998594494,Bad
1.5412127977516563,5.55523069318385,1.1562378453167508,1.0,Moderate
1.8945434556117209,3.267723988515297,1.10828164788185,1.1997784328425498,Good
2.9461227806602026,3.5083348232596783,1.0608323886513795,1.639289306960679,Moderate
1.157035869436761,3.930302998432948,1.0279828993392923,1.0149833524964862,Good
1.4864138752190772,3.31117024073704,1.064127486980179,1.4744724294993308,Good
3.023973011588001,3.3860416688577346,1.006529333851535,2.363485077180248,Moderate
1.6561854890267294,5.60653323938033,1.0788609032258063,1.4295223720098722,Moderate
3.453568244960124,2.0845471850909205,1.0524679362611735,2.0488346747540365,Moderate
1.832316687172728,3.354521838814509,1.0559657986785853,1.5743622452547057,Good
3.093192014110022,3.0272078079151896,1.0617955600466382,1.99389611515632,Moderate
1.6654903871830626,2.8536121073167653,1.0152634123591138,1.3396222570309548,Good
3.722305137719188,1.3786165770958003,1.1480761849980567,2.5682571617428263,Moderate
2.876017526721965,2.7432453750933394,1.090031928488146,1.329633754922697,Good
1.2687369572559284,4.001293606638411,1.0,1.0,Good
5.7054669197838965,1.61127646372117,1.0912485969685193,4.381242813817661,Bad
1.7475772881515026,5.855000368099449,1.0466381748931208,1.4994454827722743,Bad
2.6930426952689337,3.654291513730109,1.1294209094442285,2.058823176862294,Moderate
1.072558972654383,6.127131032887056,1.0,1.1398450228566048,Moderate
2.32919627511688,3.4491759830884594,1.067413350952196,1.9639294101633475,Good
5.080127765708862,2.873394823470021,1.1240980862806065,2.5682571617428263,Bad
1.3627948632719145,3.8514560962527473,1.2658375437232805,1.2397336399437795,Bad
2.253482567325213,2.356677849878527,1.1751972949863971,1.9988897668763488,Good
1.674529687251049,3.886951400355479,1.1247570835600469,1.3995556670168998,Good
1.6422812549602122,2.6012641586824143,1.1690633595025262,1.2697003449367523,Good
1.2075116316332957,3.117886478129634,1.0,1.0849052645906887,Good
4.050164242340605,1.453582659360769,1.342790516906335,2.2036630501071275,Moderate
1.9225855958851343,3.425512447019972,1.0620490291488536,1.4445057245063584,Good
1.611318116186759,4.991281301599655,1.0474492592304705,1.2996670499297247,Good
1.168252712646754,3.705499405782316,1.0279828993392923,1.3346286053109258,Good
4.391460107754052,2.313326251801058,1.1702292949863973,2.4633736942674225,Moderate
3.2122424551514066,5.196302178097031,1.255843647104547,1.8490562419114869,Bad
1.5030755437370549,4.052596152834892,1.0,1.0,Good
1.8671244840438952,3.863287864286991,1.0466381748931208,1.4395120727863295,Moderate
1.328092776761797,4.462732559973917,1.1751972949863971,1.3596004599156697,Good
1.0026873908565246,5.289347201918324,1.0081616883015934,1.484462130275788,Good
1.9432666445069773,2.3921731539812585,1.33113096618733,1.5194224869887896,Bad
1.5664507433467885,4.841349137069718,1.0,1.2796888470450098,Good
2.0487751303702,4.021076322791666,1.0024333089778468,1.374583812412156,Moderate
2.0265751160905943,5.097767213907848,1.1643995336183444,1.294672199541496,Moderate
1.9562361255151124,3.374209900823491,1.1643359284881465,1.7541624752125404,Good
2.438560512538524,6.091635728784325,1.0316328488146134,1.589345597751192,Bad
1.5364966580197157,5.145094286044824,1.1271950097162844,2.07380652935878,Moderate
1.0364547243082598,4.537698642238886,1.0206830003886511,1.0,Good
1.7974157568291056,5.55523069318385,1.0750450431403031,1.2097669349508071,Bad
2.8928427592885217,2.904914653513246,1.0729988775748154,2.0788013797470093,Good
1.7148402276145949,5.578894229252337,1.1655654970851146,1.5394006898735046,Bad
4.903462404530398,1.145956690470431,1.0194663598911775,4.081575763887935,Bad
3.45929350263531,4.277399745485523,1.1240980862806065,2.5732520121310545,Moderate
3.156438671468645,3.4491759830884594,1.0133831294209097,2.718090686707688,Good
1.9459540353635016,4.26556797745128,1.3089778561989895,1.409545367793357,Moderate
1.2203643088196732,5.543398925149606,1.0116595507190052,1.034961555381201,Moderate
2.144819346324708,4.959666817412156,1.0559657986785853,1.8440625901914576,Bad
2.777870068013449,2.1831768034243764,1.0389327197823552,1.983906414379863,Good
4.956742425902078,1.4692952473102447,1.087598647493199,2.8479472074560355,Moderate
1.9352045364342685,5.373778698610687,1.1793449483093663,1.1498335249648624,Bad
1.0673010592599557,7.587928441466929,1.0024333089778468,1.5793558969747346,Bad
1.400418012778936,5.216084894250287,1.0135250586863584,1.4395120727863295,Moderate
2.241564643197218,6.38742992964042,1.1200932856587642,1.4594890770028446,Bad
2.7189816572852035,4.218240905314305,1.06486945355616,1.744172774436083,Moderate
2.107663541098445,2.6682792928283705,1.058399107656432,1.609322601967707,Good
3.3836965986654013,1.7887529842348264,1.2938204430625728,2.238623406820129,Moderate
2.187817277544778,2.6130959267166585,1.215701506412748,1.2796888470450098,Moderate
2.6180300683952704,4.577169420401123,1.0133831294209097,1.3446171074191833,Bad
2.107663541098445,3.461007751122703,1.0450159782355228,1.589345597751192,Moderate
2.2394614649400744,4.83349284309498,1.109387699961135,1.6892342148383668,Moderate
1.752463441618481,5.5710379352776,1.155904736883016,1.3096555520379822,Moderate
2.413556303580636,4.356246647665724,1.1002720466381657,2.2336297551001,Moderate
2.538710921376624,2.3882923340660263,1.0186552755538285,2.5482801575263108,Good
2.0319498333067787,4.825636549120242,1.0903084554994171,1.466148877520483,Moderate
1.8917392609334387,3.208565148344078,1.033070694131364,1.6642623602336228,Good
1.7873992002689778,2.577600622613927,1.2273610571317528,1.6293008048524218,Bad
1.9835771848705237,6.9632110892588575,1.1002720466381657,1.4345172223981009,Bad
2.390888880523407,2.9955933237276904,1.0109498204430625,1.2197554370590649,Good
4.084632656710344,1.8755508345340384,1.0717822090944422,4.116537319269137,Moderate
2.4862320800567765,5.2554610182682495,1.058399107656432,1.3246389045344684,Bad
2.553533203813597,3.90663946236446,1.059615748153906,1.669256011953652,Moderate
3.5041608754752804,4.525866874204642,1.068132287602021,1.6243059544641931,Bad
1.2418632421812763,5.586750523227075,1.034978624174116,1.11986681997189,Good
2.3490594389989625,3.464983225182209,1.4535561507967354,1.4395120727863295,Moderate
1.1693042695268934,4.064427920869136,1.0431403124757093,1.094894965367146,Good
1.4165422289243543,3.4491759830884594,1.1399144966964632,2.912874269162009,Moderate
2.3286354103824776,4.983330353480644,1.1958802953750487,1.3795786628003843,Bad
2.090838244035024,4.581050240316355,1.0304162083171395,2.2036630501071275,Moderate
1.3923559047062266,1.9741804528674949,1.0139914496696465,1.2447284903320084,Good
1.1059591254560546,3.505211236498638,1.0427107469879515,1.4794672798875594,Good
2.163630953326651,3.989461838604167,1.099765108433735,1.2297451378355222,Moderate
2.212003601762906,5.638053069423556,1.0932763218033423,1.0,Bad
2.160943562470126,4.234048147408054,1.179556946754761,1.2846836974332383,Moderate
1.6225349593967515,5.168757822113311,1.0343426568208318,1.3995556670168998,Moderate
2.0803224817430337,3.0942229420611462,1.0314807617567043,1.4245287202898431,Good
1.521349633869574,7.341827666354659,1.2844928192771086,1.3695889620239272,Bad
1.2714242836155885,4.821661075060737,1.0,1.1098783178636322,Good
1.8008360900547362,6.383454455580914,1.197046258841819,1.2297451378355222,Bad
2.0534487666683816,3.5083348232596783,1.0396424500582977,1.8091010348102567,Good
1.3757643442800491,4.995162121514888,1.0194663598911775,1.0249718546047435,Bad
1.0483726484362552,6.2848248372474576,1.0,1.204772084562579,Bad
3.622872514487017,1.473270721369751,2.112320248736883,2.2336297551001,Moderate
3.6668051342686057,1.350977566967807,1.0851653385153517,2.867924211672551,Moderate
1.6197307647184696,3.4965030552254346,1.0048665899727944,1.6542726594571655,Good
1.1908032028884965,2.90093917945374,1.0163233486202876,1.1448386745766337,Good
2.155568845253941,3.863287864286991,1.1842207446560435,1.4045505174051285,Moderate
1.674529687251049,5.196302178097031,1.029148862806063,1.5493891919817622,Moderate
1.7655497264483735,4.525866874204642,1.0903084554994171,1.4295223720098722,Bad
1.810417099288344,4.758526760830012,1.0377160792848814,1.8890126476809168,Moderate
3.17887235788863,1.9702049788079887,1.0364994387874078,2.503330100036852,Good
2.744102734561713,4.596857482410105,1.0489700738437622,1.4345172223981009,Moderate
1.878769779925304,5.898351966176919,1.217779964244073,1.6293008048524218,Bad
2.6446700468326787,5.610414059295563,1.239020607850758,2.148723291841211,Bad
1.7981486991982116,7.535111428962065,1.0620490291488536,1.2796888470450098,Bad
1.9432666445069773,4.857156379163468,1.3637776914108044,1.544395540261733,Moderate
1.927142428361559,3.035064101889928,1.0827320575204042,1.8091010348102567,Good
1.8814571707818284,3.3308583027460217,1.0781189366498252,1.6492790077371366,Good
1.6687306451627817,3.242924602715522,1.0031092079284882,1.4395120727863295,Good
1.9029561041434315,3.2007088543693403,1.336960755538282,1.1348501724683762,Moderate
1.3950432955627512,3.40582438501099,1.0,1.1448386745766337,Good
2.956404870811813,3.0272078079151896,1.6972405845316751,3.5122083690214585,Bad
2.536707906750175,1.7375450921826194,1.0340661298095608,1.5743622452547057,Good
1.6960286851095163,6.549099208060325,1.024485036921881,1.4594890770028446,Bad
1.872109769191736,4.111754993006111,1.0851653385153517,1.204772084562579,Good
3.481727189055296,4.088091456937622,1.0401493882627284,1.9988897668763488,Moderate
2.0992508925667344,3.149406308172859,1.0377160792848814,1.2297451378355222,Good
1.9701403595816296,5.460576548909899,1.1830548091721729,1.469478777779302,Bad
2.388084685845125,3.993437312663673,1.326061612125923,1.11986681997189,Bad
1.9997014010159415,1.610992501288348,1.0186552755538285,1.389567164908642,Good
1.8945434556117209,4.150657846302704,1.0535324897007383,1.2397336399437795,Bad
2.314123615851601,3.950085714586204,1.1235911480761758,1.2896785478214672,Moderate
2.601672115612608,1.828223762397064,1.0571317621453555,1.9639294101633475,Good
1.8384592395617576,3.555661895396653,1.0081616883015934,1.0,Moderate
1.056084216049963,4.719150636812048,1.0,1.3596004599156697,Good
5.469913147877187,2.968048967743971,1.1107149568596968,3.0826859970115867,Bad
1.7963960614000691,7.578463027039534,1.0304162083171395,1.604328950247678,Bad
1.9567034697958712,3.437344215054216,1.3404586179556937,1.3396222570309548,Moderate
3.040446284764536,5.922015502245406,1.041974349008939,1.6243059544641931,Bad
1.3359211481972622,3.244060452446809,1.083948698017878,1.3596004599156697,Good
1.90856455799686,5.385610466644931,1.8188039797901283,1.609322601967707,Bad
2.009516146886793,4.916315219334686,1.0316328488146134,1.1148719695836613,Moderate
1.827242396351765,2.660422998853633,1.024332949863972,1.6592675098453944,Good
2.107196196817686,3.232228684412566,1.0116595507190052,1.2846836974332383,Good
1.6906539033964674,4.746694992795767,1.1655654970851146,1.2097669349508071,Moderate
2.209316210906381,4.746694992795767,1.1877186070734551,1.4944506323840456,Moderate
1.4514780520717157,6.919859491181389,1.0699572483482316,2.198668199718899,Bad
2.0534487666683816,4.762502234889517,1.409249902837155,1.3596004599156697,Moderate
2.263063576558821,5.298907270489993,1.3649436548775749,1.8440625901914576,Bad
1.8384592395617576,4.801973013051755,1.3138951232024874,1.6492790077371366,Moderate
1.5692549380250704,4.797997538992249,1.1935483964244074,2.0138731193728354,Moderate
1.6898360186567072,4.837468317154486,1.0766487990672369,1.3446171074191833,Moderate
3.602308269686932,1.3786165770958003,1.0559657986785853,2.39345178217322,Moderate
1.4944759832917862,4.636328260572341,1.1270890104935871,1.0699219120942025,Good
1.6992535283386,5.791866053868725,1.0559657986785853,1.4445057245063584,Moderate
2.445804735871473,5.519735389081118,1.3940924897007383,1.374583812412156,Bad
3.871512571223619,1.922877906671013,1.048665899727944,3.2075476673717054,Moderate
2.453866843944182,2.61697674663189,1.2448503692188106,1.0799116128706598,Moderate
1.6127202135259,3.902758642449229,1.4174115911387486,1.2197554370590649,Good
2.5156763176693318,6.75023926464247,1.0279828993392923,1.4544954252828155,Bad
1.4094148739100274,5.3501151625422,1.0097331799455889,1.5493891919817622,Moderate
3.711672507108576,4.348390353690985,1.0121664889234356,2.103773234351753,Moderate
1.7148402276145949,7.5942702691332835,1.1072677714729888,1.5244173373770182,Bad
2.517078415008472,4.226097199289042,1.0291995398367664,1.5493891919817622,Moderate
2.362022018842588,2.660422998853633,1.0466381748931208,1.4045505174051285,Good
2.1905046039044382,6.864581470925402,1.3276331037699185,1.744172774436083,Bad
1.7262908074618315,3.823817086124754,1.0218996688690245,1.234738789555551,Good
1.735850597226992,5.973318048441887,1.1042999051690634,1.8440625901914576,Moderate
1.954016143436211,6.182314398998769,1.216867469879518,1.834072889415001,Bad
5.1306035279053965,3.4925275811659287,1.0089036548775747,2.2436182572083574,Bad
2.3732457632170902,4.801973013051755,1.1605974970851147,1.5493891919817622,Bad
2.253482567325213,3.965798302535679,1.0206830003886511,1.6293008048524218,Moderate
1.8922066052141973,4.939978755403175,1.0314807617567043,1.329633754922697,Bad
2.8193490335757563,5.787890579809219,1.4127477652545668,2.0887898818552664,Bad
2.371259453278568,5.464552022969405,1.0462326187329964,1.7891228319255417,Bad
2.0856971989592186,4.269543451510785,1.083948698017878,1.609322601967707,Moderate
1.9513287525796867,4.979449533565411,1.191216469490867,1.5643725444782484,Bad
1.6315318205278428,10.0,1.125923047026817,1.0998886170871751,Bad
1.6141223108650409,6.142843620836532,1.0874465604352896,2.198668199718899,Bad
1.3547327551992052,4.797997538992249,1.041366028760202,1.544395540261733,Good
2.182442495831729,5.310739038524236,1.204041983676642,1.6642623602336228,Moderate
2.510301600453147,4.218240905314305,1.1154294597745822,1.5144288352687607,Bad
3.1732639040352018,1.7927284582943324,1.1551779090555772,1.669256011953652,Moderate
3.0078154505635943,2.7471261950085712,1.1532976261173726,1.9739179122716053,Good
4.180713764871392,1.3200256617902253,1.209135347065682,6.2313308426783935,Moderate
2.109883523177346,4.111754993006111,1.1165954232413524,1.8740292951844304,Good
1.5850787277752674,4.671823564675073,1.1352506708122814,1.6742508623418806,Bad
1.6557181447459706,4.415405487836942,1.0699572483482316,1.5094339848805318,Moderate
2.283794739244444,3.125742772104372,1.3714093835989118,1.4345172223981009,Bad
2.451179453087658,5.4053931827981865,1.10828164788185,1.8790229469044597,Bad
2.7252911275597707,2.948266251590716,1.0652934224640498,1.824084387306743,Moderate
1.1693042695268934,4.064427920869136,1.0431403124757093,1.094894965367146,Good
4.9707634637903535,1.2169472986758938,1.0742155180722892,3.2724747290776794,Bad
1.4514780520717157,2.620952220691396,1.7056557139525843,2.003884617264578,Bad
1.854583455707176,2.8930828854790027,1.02215313797124,1.829079237694972,Good
2.2019870452027783,4.328702291682004,1.1294209094442285,1.744172774436083,Moderate
1.9394108284516915,3.957942008560941,1.068132287602021,1.2197554370590649,Good
3.2439534350696846,4.790141245017511,1.222697231247571,2.3984466325614484,Moderate
2.457042798549913,2.447451174237245,1.006359757481539,1.6842393644501383,Good
4.224843229083684,1.855862772525057,1.2457628635833655,3.672031594762778,Moderate
8.29352041494531,3.764658245953535,1.0699572483482316,3.007769234529156,Bad
3.171394462415301,2.684086534922121,1.116798187329965,2.508323751756881,Good
2.233502535124509,4.403573719802698,1.369607452778857,1.0,Bad
1.3337011661183609,4.557386704247867,1.0060832304702685,1.0,Moderate
2.3114362249950764,4.734863224761524,1.006359757481539,1.7391791227160542,Bad
2.0231547828649634,3.8987831683897225,1.0612958694131365,1.4794672798875594,Good
2.647357437689203,3.145525488257628,1.0944422852701128,1.6542726594571655,Moderate
1.5524296409616491,5.748514455791256,1.0644823381267003,1.4894557819958172,Bad
1.967452968725105,3.204684328428846,1.036144587640886,1.7192009198313394,Good
1.9513287525796867,2.3291334938948074,1.071123211815002,1.4045505174051285,Good
2.280723463049929,2.699231198005952,1.069290975514963,2.067385263812886,Good
1.8665013798351715,3.40582438501099,1.0356145915274,1.7042175673348532,Good
1.7578381588346657,3.5398546533029034,1.0644823381267003,1.4544954252828155,Good
2.289937291633473,3.354521838814509,1.1800638849591916,1.3446171074191833,Good
2.0856971989592186,2.8536121073167653,1.1480761849980567,1.1947835824543211,Moderate
2.4834278853784943,5.503928146987369,1.0338126607073457,1.294672199541496,Bad
2.60961741986356,2.971929787659203,1.01703307889623,1.9039960001774028,Moderate
2.47805316816231,4.604713776384843,1.0781189366498252,1.7841291802055128,Moderate
1.693341294252992,5.287075502455749,1.0256510003886514,1.3596004599156697,Moderate
2.093759307031928,3.271699462574803,1.4057520404197434,1.4794672798875594,Moderate
1.825022414272864,5.1884458841222925,1.216867469879518,1.4445057245063584,Bad
2.1260077393227643,4.920290693394192,1.239020607850758,1.7192009198313394,Bad
1.5965959973804815,3.725282121935572,1.0,1.6892342148383668,Good
2.956404870811813,3.0272078079151896,1.6972405845316751,3.5122083690214585,Bad
1.3953938360217526,3.875119632321235,1.0462326187329964,1.5993340998594494,Good
1.9163929294323248,3.413680678985728,1.041974349008939,1.484462130275788,Good
1.7178781589301209,3.5833009055246468,1.0254390019432569,1.4445057245063584,Good
2.588235290323714,3.63848427163636,1.4185775266226195,1.7541624752125404,Moderate
2.8381606405777,5.937822744339156,1.2203653322969297,1.3645953103038984,Bad
2.528575690585666,5.089816265788837,1.0559657986785853,1.5793558969747346,Moderate
1.6799044689640985,3.7764900139877793,1.0571317621453555,1.2277469579465907,Good
1.9225855958851343,4.87684444117245,1.0,1.4794672798875594,Bad
1.2579874583266948,2.538129844451689,1.0,1.11986681997189,Good
1.7262908074618315,3.673979575739091,1.0534219012825496,1.4345172223981009,Good
2.97136066175847,4.581050240316355,1.0,1.899001149789174,Bad
1.948641361723162,5.60653323938033,1.246016332685581,1.0,Bad
1.9190803202888496,2.4316439321434955,1.101438010104936,1.449500574894587,Good
1.7823750235117948,4.821661075060737,1.0279828993392923,1.7541624752125404,Bad
2.7526321869151813,3.7094748798418222,1.1235911480761758,1.419533869901615,Moderate
1.389785382168324,3.457032277063197,1.0190792444617178,1.2876803679325357,Good
2.988185958821891,3.808104498175278,1.0535324897007383,1.829079237694972,Moderate
1.168252712646754,5.803697821902969,1.0717822090944422,1.609322601967707,Good
2.1797551694720694,4.8611318532229735,1.2541779930042751,1.4395120727863295,Moderate
3.7957988634319526,4.241904441382792,1.0766487990672369,1.7042175673348532,Bad
1.4998507005079709,1.8834071285087768,1.0,1.0449500574894588,Good
2.4862320800567765,5.2554610182682495,1.058399107656432,1.3246389045344684,Bad
1.7150739642518391,5.811554115877707,1.0827320575204042,1.1947835824543211,Moderate
1.7578381588346657,1.8834071285087768,1.1294209094442285,1.1847950803460634,Good
3.09346070804787,1.4772461954292564,1.4990283622230858,2.2086567018271563,Moderate
2.4834278853784943,5.858881188014681,1.024332949863972,1.3945620152968707,Bad
2.8435353577938844,3.831768034243766,1.1154294597745822,1.4794672798875594,Moderate
1.9225855958851343,2.4868272982552084,1.3381266910221532,1.2896785478214672,Moderate
4.645474946203703,1.8360800563718012,1.01703307889623,3.582131479783861,Bad
4.238280054372577,1.5679248656437008,1.2903225806451613,1.978912762659834,Moderate
3.3365455208443224,1.828223762397064,1.2725290944422851,2.578246862519284,Good
2.273111994570052,2.131874257227896,1.0457902090944422,1.799112532701999,Good
3.0397133423954297,1.4614389533355068,1.2681694426739214,1.938956356890404,Good
1.81427291534363,4.951810523437418,1.026583754372328,1.6980480221108998,Moderate
2.5254910635401826,3.863287864286991,1.0523158492032647,1.6842393644501383,Moderate
2.050761440308721,5.858881188014681,1.060629624562767,1.5993340998594494,Bad
1.50791280858068,4.750670466855274,1.0034978624174116,1.2197554370590649,Good
1.3842937966335174,3.989461838604167,1.0364994387874078,1.11986681997189,Good
1.9567034697958712,3.244060452446809,1.0454722114263506,1.5144288352687607,Good
1.5740220947768957,4.127562235099861,1.0582976976292269,1.374583812412156,Good
1.2794863916882977,3.654291513730109,1.0038932607850757,1.2597118428284946,Good
2.1690056705428358,4.794022064932743,1.02215313797124,1.449500574894587,Good
1.639593928600552,5.271268260362,1.1399144966964632,1.11986681997189,Moderate
2.5391296995183525,2.017532050944964,1.025317863972017,3.032741089133899,Good
3.243369222470304,3.725282121935572,1.015816410415857,3.137624556609303,Moderate
1.55897284787346,3.023232333855684,1.4232413525068015,1.4295223720098722,Bad
2.2469393604134025,4.596857482410105,1.3784354139137194,1.4295223720098722,Moderate
1.2075116316332957,4.49037157010191,1.0778654675476098,1.4794672798875594,Good
1.7963960614000691,2.9364344835564715,1.949086678585309,1.0549385595977163,Bad
1.274111674472113,6.65558512036852,1.0069957248348231,1.0,Bad
1.2606748491832194,4.841349137069718,1.0116595507190052,1.4994454827722743,Moderate
1.7627455317700913,3.0114005658214404,1.284695583365721,1.5194224869887896,Bad
3.286951301792891,1.1814519945731623,1.2751651675087443,2.083796230135237,Good
2.946632628374721,3.6108452615083664,1.1246510843373494,1.6842393644501383,Moderate
1.112168432099926,3.6503160396706034,1.0012166404974738,1.0299667049929724,Good
2.0803224817430337,5.547374399209112,1.0165353470656822,1.4861270804051978,Moderate
1.3574201460557298,2.948266251590716,1.1702292949863973,1.0,Good
1.9728276859412897,4.991281301599655,1.3171395165176836,1.3995556670168998,Bad
2.458857675822377,7.353659434388902,1.1313979572483484,1.2197554370590649,Bad
1.948641361723162,3.3978734368919787,1.0069957248348231,1.978912762659834,Good
1.8169603062001547,4.884795389291462,1.1177613587252235,1.0299667049929724,Bad
1.795461308341687,3.555661895396653,1.003997553050913,1.5643725444782484,Good
1.6127202135259,5.014944837668143,1.054799835211815,1.5743622452547057,Moderate
1.970257163403387,6.521460197932333,1.0742155180722892,1.5144288352687607,Bad
1.5885338893077725,3.567493663430897,1.0279828993392923,1.4544954252828155,Good
2.128695130179289,4.036788910741142,1.204041983676642,1.4794672798875594,Good
1.7067781195418856,1.5560930976094571,1.1352506708122814,1.6792457127301093,Good
2.0023887918724665,6.430781527717889,1.3626117279440342,1.529412187765247,Bad
1.7981486991982116,5.44476930681615,1.1037699090555773,1.0149833524964862,Bad
1.5553896600647603,6.450090973149774,1.0061857038476487,1.6218091286041787,Bad
1.7010528618666996,6.553074682119831,1.0766487990672369,1.3196452528144396,Bad
1.724821891370984,4.955785997496924,1.008516539448115,1.5793558969747346,Moderate
1.1693042695268934,6.93954755319037,1.0699572483482316,1.1798002299578347,Bad
2.383995197649459,6.888245006993889,1.167081218810727,1.5743622452547057,Bad
2.637659495640109,4.541674116298392,1.0766487990672369,2.3085465175825317,Moderate
2.3123709780534587,3.748945658004059,1.0256510003886514,1.4045505174051285,Good
2.144819346324708,1.8676945405593008,1.4057520404197434,1.1648168774613483,Bad
1.90856455799686,4.454876265999179,1.1170193921492422,1.3945620152968707,Good
1.5748633273816344,5.294931796430487,1.0356145915274,1.3346286053109258,Bad
1.880522417723446,3.4491759830884594,1.0888152879906725,2.493340399260395,Moderate
2.418931020796821,1.9938685148764763,1.0194663598911775,1.8890126476809168,Good
2.8928427592885217,2.904914653513246,1.0729988775748154,2.0788013797470093,Good
1.6906539033964674,5.342258868567462,1.307811892732219,1.0,Bad
1.5328002137168106,3.989461838604167,1.058399107656432,1.804106184422028,Good
2.617028561082046,1.6310591798744256,1.4617178390983288,2.0788013797470093,Moderate
1.4434159439990064,3.934278472492454,1.0757870097162845,1.0699219120942025,Moderate
2.088384589815744,2.83789951936729,1.5724834729887291,1.544395540261733,Bad
2.315175172731741,4.537698642238886,1.024332949863972,1.3196452528144396,Bad
2.289937291633473,4.399692899887466,1.1574038087835212,1.6492790077371366,Bad
1.9562361255151124,5.448744780875656,1.0097331799455889,1.4894557819958172,Moderate
3.1536344122934983,4.324726817622498,1.008516539448115,2.0887898818552664,Bad
2.107196196817686,3.232228684412566,1.0116595507190052,1.2846836974332383,Good
1.7627455317700913,2.498659066289452,1.0377160792848814,1.4794672798875594,Good
2.4028068046514024,5.724850919722768,1.0699572483482316,1.724195770219568,Bad
1.3531970848535155,5.122755907996171,1.011193159735717,1.11986681997189,Good
1.833084522345573,4.983330353480644,1.1830548091721729,1.5194224869887896,Moderate
2.007763509088651,2.699799122871596,1.4360668387096776,1.1348501724683762,Moderate
1.3009853895467651,3.918471230398704,1.2425184702681695,1.4944506323840456,Good
2.1475067371812324,4.407549193862204,1.3416245534395648,1.3246389045344684,Bad
2.405494195507927,4.166938359117824,1.1177613587252235,1.8190895369185145,Moderate
1.9002687132869067,6.915884017121883,1.0559657986785853,1.724195770219568,Bad
1.6422812549602122,5.7603462238255,1.1095996984065293,1.5993340998594494,Bad
2.2282446217300818,3.871144158261729,1.0279828993392923,1.3396222570309548,Moderate
4.472081188481145,1.4219681751732698,1.2063738826272834,3.8018869168429257,Moderate
2.4722110421685017,2.1121861952189143,1.1399144966964632,2.1187565868482388,Good
2.193191994760963,2.045171061072957,1.6715895841430235,2.333518372187275,Bad
1.2606748491832194,5.263411966387261,1.3789351045472211,1.1897887320660925,Moderate
4.095849499920336,3.457032277063197,1.1094982883793238,2.55327380924634,Bad
1.2159242801650063,4.064427920869136,1.0097331799455889,1.0,Good
1.6799044689640985,5.610414059295563,1.0874465604352896,1.469478777779302,Bad
3.6724135881220334,3.2756749366343088,1.0888152879906725,2.318535019690789,Moderate
3.2385786533566354,1.453582659360769,1.5092887679751263,2.098779582631724,Moderate
2.803108013608581,4.293206987579272,1.0547491581811117,1.99389611515632,Bad
2.8085995991433874,2.83789951936729,1.1037699090555773,1.5743622452547057,Moderate
2.39254593396824,5.4053931827981865,1.0139914496696465,1.2597118428284946,Bad
2.5244713681111466,4.723031456727281,1.0443062479595802,1.5743622452547057,Bad
2.295545745486902,4.999137595574393,1.372755528954528,1.764150977320798,Bad
3.3555376545702296,3.173069844241347,1.018249719393704,2.298556816806074,Moderate
1.5697222823058292,4.612664724503855,1.4244073159735715,1.2796888470450098,Bad
2.9402806546663944,1.7335696181231135,1.0559657986785853,2.608213567512256,Good
4.109870537808611,3.5438301273624093,1.0936818779634667,2.07380652935878,Moderate
3.167655514678638,5.468432842884638,1.032849489312087,1.829079237694972,Bad
1.357664460178765,4.683655332709317,1.106843802565099,1.3795786628003843,Good
1.4570865059251443,4.663872616556061,1.0377160792848814,1.234738789555551,Good
1.5428486317280417,1.9505169167990075,1.06645938593082,1.0,Good
2.252314142126452,5.338283394507956,1.0909444228527012,1.644284157348908,Bad
2.8193490335757563,5.787890579809219,1.4127477652545668,2.0887898818552664,Bad
2.2576888593426365,3.93825394655196,1.08861252390206,1.03995520710123,Good
2.383995197649459,6.888245006993889,1.167081218810727,1.5743622452547057,Bad
2.641982655976154,1.6665544839771569,1.371939379712398,1.3645953103038984,Good
1.1906863990667391,4.842958257522374,1.0,1.3596004599156697,Good
3.058524949397373,2.4395002261182333,1.3322969296541003,1.3645953103038984,Moderate
1.7309644437600131,5.235772956259268,1.0152634123591138,1.389567164908642,Bad
1.8599581729233607,5.772177991859743,1.2996502044306255,1.414539019513386,Bad
1.6691549700348642,4.435188203990197,1.0909444228527012,1.2447284903320084,Moderate
2.38207564196578,2.3291334938948074,1.0594636610959969,1.6542726594571655,Good
1.1495154705296735,6.107348316733801,1.0,1.0,Moderate
2.0776350908865093,4.84930008518873,1.0913259976680918,1.3396222570309548,Bad
1.0,6.509628429898089,1.0,1.0,Moderate
4.137912678082024,1.145956690470431,1.0279828993392923,2.228634904711871,Bad
1.4104345693390634,7.097336011695045,1.0381584889234357,1.3396222570309548,Bad
1.6422812549602122,3.153381782232365,1.0186552755538285,1.5593788927582195,Good
1.2284264168923824,3.792297256081529,1.0,1.2397336399437795,Good
1.368169580488099,6.2178097031015005,1.0550330446949088,1.2597118428284946,Moderate
1.7793370921962686,5.969342574382381,1.2005441212592305,1.3046619003179534,Bad
2.4312161255748794,5.223941188225024,1.0496060411970465,1.5044391344923034,Bad
2.2388772523406937,2.530273550476952,1.0069957248348231,1.469478777779302,Good
1.5320991327988076,3.967691385421158,1.0,1.5044391344923034,Good
1.784711873909318,3.5043593492001723,1.2973183054799844,1.2597118428284946,Bad
1.7417139426892472,3.93825394655196,1.0174893120870578,2.2036630501071275,Moderate
1.3009853895467651,3.4806958131316845,1.0384764865915277,1.174805379569606,Good
3.0316512343227204,2.159513267355889,1.2798289933929266,1.8690344447962015,Bad
4.0044789202640105,1.3589285150868189,1.932763301982122,2.763040744197147,Moderate
1.328092776761797,6.549099208060325,1.1386978561989896,1.0449500574894588,Bad
1.2169439755940423,5.097767213907848,1.0,1.1648168774613483,Good
4.608892711594166,1.402280113164288,1.1081157372716672,2.867924211672551,Moderate
1.7363392254730623,7.203821924003239,1.2063738826272834,1.274695195324981,Bad
1.9459540353635016,1.6665544839771569,1.1061018359891177,1.3945620152968707,Good
1.7470886599054318,4.166938359117824,1.0384764865915277,1.729189421939597,Moderate
1.773962374980084,3.804129024115772,1.087598647493199,1.0,Good
1.5374738500149925,5.196302178097031,1.0559657986785853,1.6193123027441645,Moderate
1.8160255531417728,5.799722347843463,1.1246510843373494,1.4295223720098722,Bad
1.8196476325598143,5.006993889549131,1.0687912848814614,1.9239730043939176,Moderate
3.2826281414568457,3.614820735567872,1.2141300147687524,1.6143174523559356,Moderate
1.682591795323758,6.040333182587844,1.1177613587252235,1.0249718546047435,Moderate
2.3168110067081256,2.968048967743971,1.209871745044695,2.1836848472224126,Moderate
3.490139837587006,4.514035106170399,1.0060832304702685,2.1187565868482388,Moderate
3.5265945618952657,3.255892220481053,1.041366028760202,2.3584902267920187,Moderate
2.163630953326651,2.2028648654333582,1.0851146614846483,1.154828375353091,Good
2.703792194198168,1.4811270153444884,1.1184185371162068,1.389567164908642,Good
2.962948077723624,5.523710863140624,1.3151117916828603,2.533296805029825,Bad
3.0827112736155,2.971929787659203,1.1095996984065293,2.423418487166193,Moderate
1.6046581054531908,5.748514455791256,1.036144587640886,1.4944506323840456,Moderate
1.5384086030733746,5.492096378953125,1.1195632895452778,1.3795786628003843,Bad
2.32218572392431,5.559206167243356,1.1630308060629615,1.6243059544641931,Bad
4.090241046066907,2.0885226591504265,1.0133831294209097,6.953385791493265,Bad
3.0397133423954297,1.3707602831210628,1.1690633595025262,2.383463280064962,Good
1.5858464984512477,2.033339293038713,1.0851146614846483,1.5860156974923727,Good
4.210184833179612,3.425512447019972,1.3090838554216868,4.0316320546784485,Bad
1.4346527550082944,6.0718530126310695,1.0304162083171395,1.2447284903320084,Bad
2.915276445708507,3.4728395191569468,1.0389327197823552,1.6942290652265954,Good
1.2200481451894938,2.757822113311528,1.0,1.0,Good
2.0319498333067787,5.582869703311843,1.1061018359891177,1.1947835824543211,Bad
3.498552421621852,1.2248035926506315,1.0510992087057909,3.0127640849173845,Good
1.6315318205278428,5.196302178097031,1.3148076175670425,1.3596004599156697,Moderate
2.303958329521748,2.924602715522228,1.0268169358725223,2.1637066443376973,Good
3.5265945618952657,1.504790551412976,1.159380856587641,2.103773234351753,Moderate
1.556285457016935,3.165213550266609,1.054799835211815,1.2647054945485237,Good
2.048074049452197,2.301494483766814,1.4663816649825108,1.764150977320798,Moderate
3.3971334884511597,1.9702049788079887,1.2844928192771086,2.0638180272505227,Moderate
3.3359081628285265,2.968048967743971,1.0644823381267003,1.9289678547821465,Moderate
1.7014034023257012,4.518010580229904,1.1492421204819276,1.1348501724683762,Moderate
1.389912892469602,3.9461102405266977,1.0,1.11986681997189,Good
2.2361899259810336,3.788321782022023,1.0594636610959969,1.1798002299578347,Moderate
1.682591795323758,2.71163089090584,1.247182268169452,1.094894965367146,Good
2.9698417605975718,1.8005847522690703,1.271667305091333,1.604328950247678,Moderate
1.8814571707818284,4.762502234889517,1.1287213369607465,1.5394006898735046,Moderate
1.5776675865567809,4.900507977240936,1.3783774613291877,1.4744724294993308,Bad
1.6029054676550485,5.243629250234005,1.0279828993392923,1.449500574894587,Bad
2.7890869112234418,2.766908911161827,1.132614597745822,1.6742508623418806,Moderate
2.06688565645414,5.780034285834482,1.041974349008939,1.5543840423699908,Bad
1.6786191754467146,1.7848721643195944,1.0024333089778468,1.4944506323840456,Good
2.057187714405046,3.0665839319331534,1.0012166404974738,1.5543840423699908,Good
2.346372048142438,5.145094286044824,1.415079664205208,1.3645953103038984,Bad
1.693341294252992,5.287075502455749,1.0256510003886514,1.3596004599156697,Moderate
1.6057096623333302,6.213834229041995,1.0279828993392923,1.2397336399437795,Bad
2.3320004697951617,3.390017142917241,1.0,1.349611957807412,Good
1.3168758690549398,4.636328260572341,1.015816410415857,1.329633754922697,Good
1.888935066255157,5.898351966176919,1.008516539448115,1.0,Bad
2.413556303580636,4.778309476983267,1.1783909832879906,2.173696345114155,Bad
2.73335323563248,3.0863666480864085,1.0851146614846483,1.5843507473629632,Moderate
2.500253182441916,5.724850919722768,1.015816410415857,1.3396222570309548,Bad
2.010450899945176,3.267156063649653,1.0159902401865526,1.4794672798875594,Good
2.6937437761869365,2.5933132105634025,1.1034150579090556,1.824084387306743,Good
2.441364707216806,4.892651683266199,1.0948985184609406,1.7591561269325693,Bad
4.7306344133039495,1.3006215622140656,1.559657986785853,2.3664817476795443,Moderate
2.9405143913036387,5.594701471346087,1.0510992087057909,1.709212417723082,Bad
2.1475067371812324,4.596857482410105,1.0209871745044694,1.2846836974332383,Good
2.1367572382519984,6.225665997076239,1.241352506801399,1.5144288352687607,Bad
2.1663182796863105,4.5731939463416165,1.033696083948698,1.329633754922697,Moderate
3.4723797874652025,4.021076322791666,1.1317528083948698,2.368479927568476,Moderate
1.2956106078337162,3.8356488541589977,1.0233190734551108,1.2497221420520372,Good
1.671842360891389,6.600401754256807,1.1737271574038088,2.4334069892744496,Bad
2.383995197649459,3.259867694540559,1.0163233486202876,1.349611957807412,Good
1.4568527692879003,3.255892220481053,1.030314798289934,1.669256011953652,Good
1.8328507857083287,5.4763837910036495,1.0121664889234356,1.4994454827722743,Bad
1.4514780520717157,5.989030636391363,1.1294209094442285,1.204772084562579,Bad
2.090838244035024,4.596857482410105,1.0705655685969686,1.9139845022856603,Moderate
1.9029561041434315,5.062271909805117,1.1760590843373495,1.3446171074191833,Moderate
2.074013011468467,3.7213066478760655,1.0863820069957248,2.0288564718693216,Good
2.096446697888452,1.1793696033991354,1.0324012592304703,1.93778166205468,Good
2.104508805961162,1.6270837058149197,1.0279828993392923,2.083796230135237,Good
2.110467735776727,1.9465414427395011,1.010175589584143,2.083796230135237,Good
5.133407787080543,1.1261739743171757,1.1472143956471046,2.867924211672551,Bad
6.316785035970654,2.7984287412050524,1.1021984174115818,3.4622646598119715,Bad
2.284562574417289,4.746694992795767,1.05934705635445,1.4045505174051285,Bad
1.9755150767978145,5.677523847585793,1.1189273221919938,1.484462130275788,Bad
3.080023882758976,1.828223762397064,1.3218033424018656,2.213651552215385,Moderate
1.2692043015366874,6.26116130117897,1.0097331799455889,1.2397336399437795,Moderate
1.4165422289243543,3.6345087975768537,1.0,1.1997784328425498,Good
3.3632726345457806,4.163057539202592,1.060629624562767,2.503330100036852,Bad
1.7605255496911902,5.050440141770873,1.0874465604352896,1.0199782028847149,Moderate
1.6898360186567072,4.904483451300443,1.0559657986785853,1.5144288352687607,Bad
3.620609448502576,1.6428909479086693,1.1111154201321414,1.799112532701999,Good
2.1233204129631047,4.786165770958005,1.1165954232413524,1.409545367793357,Moderate
2.273813075488055,4.243134945258353,1.1017560077730275,1.389567164908642,Good
1.9997014010159415,4.868988147197712,1.0425826692576758,1.6642623602336228,Bad
2.626442652430116,3.2401796325315777,1.0547491581811117,2.2635964600930727,Moderate
1.2767990653286376,3.31117024073704,1.0,1.314650402426211,Good
3.2321523792603117,3.764658245953535,1.0048665899727944,2.298556816806074,Moderate
2.1357056813718587,4.494347044161417,1.032849489312087,1.5493891919817622,Bad
2.676918479123516,3.2913875245837847,1.037310523124757,1.5094339848805318,Good
3.875485191100663,2.2659991796640826,1.15507190983288,2.6381802725052284,Moderate
1.9459540353635016,4.979449533565411,1.0474492592304705,1.03995520710123,Moderate
1.7820244830527932,2.908890127572752,1.1492421204819276,1.7591561269325693,Good
1.639105300354481,5.1844704100627865,1.033070694131364,1.9889012647680917,Moderate
3.865904181867056,2.644615756759884,1.0194663598911775,2.4334069892744496,Moderate
1.8922066052141973,3.5438301273624093,1.283326855810338,1.2647054945485237,Moderate
1.8303971314890488,3.1297182461638777,1.1690633595025262,1.0199782028847149,Good
2.182442495831729,5.8391931260057,1.3148076175670425,1.5094339848805318,Bad
2.948342762739104,2.033339293038713,1.2699183738826272,1.799112532701999,Bad
2.26189515136006,2.234479349620857,1.0020351123202489,2.093784732243495,Moderate
1.5831591720915876,4.81768560100123,1.2203653322969297,1.314650402426211,Moderate
1.580471781235063,2.699799122871596,1.0340661298095608,1.5244173373770182,Good
3.1171796879852387,2.301494483766814,1.0717822090944422,1.9139845022856603,Moderate
1.9163929294323248,2.1831768034243764,1.1737271574038088,1.314650402426211,Moderate
4.280927445133647,1.532429561540969,1.0206830003886511,4.296337549226972,Bad
1.5570183993860416,2.530273550476952,1.026710936649825,1.5344058394852758,Good
1.1906863990667391,4.900507977240936,1.0,1.0,Good
1.365482254128439,5.925990976304912,1.0125923047026817,1.409545367793357,Bad
1.1205810806316368,5.125311569891568,1.0255495903614458,1.1897887320660925,Good
1.2944421826349544,3.930302998432948,1.024332949863972,1.2197554370590649,Good
1.5294117419422832,6.056140424681594,1.3248449716284494,2.058823176862294,Moderate
4.609020221895444,1.7730403962853507,1.1046316984065294,4.985571764065339,Moderate
1.7515286885600987,4.340534059716248,1.0304162083171395,1.3695889620239272,Moderate
2.034637224163303,1.958373210773745,1.012825486202876,1.0,Good
1.9001519094651491,6.470252305880126,1.0255495903614458,1.4045505174051285,Bad
2.3383099400697285,7.448313578662852,1.2903225806451613,1.2597118428284946,Bad
2.5254910635401826,4.135418529074598,1.0401493882627284,1.604328950247678,Bad
1.737507650671824,5.018825657583375,1.0401493882627284,1.3046619003179534,Moderate
1.9137056030726651,6.359790919512426,1.241352506801399,1.2447284903320084,Bad
2.12168457898672,2.4908027723147144,1.0279828993392923,1.469478777779302,Good
1.7909352408696682,3.4430234637106527,1.0294556952973184,1.077057583887129,Good
3.0988354897609187,3.177045318300853,1.1282549459774582,1.7841291802055128,Moderate
2.2442520340537424,3.879095106380741,1.4780411877186164,1.0,Bad
4.198458142255102,1.595563875771694,1.213687605130198,3.0926744991198443,Moderate
2.01966472852872,5.851024894039943,1.0386430408083949,1.4908833958216825,Bad
1.787540641893005,5.310739038524236,1.133554739214924,1.15982202707312,Good
2.0776350908865093,5.046464667711368,1.1772250198212204,1.214761785339036,Bad
1.658989683705011,5.847049419980437,1.1119315973571706,1.11986681997189,Moderate
2.0431666765167718,2.735294426974328,1.0368865542168677,1.7341842723278256,Good
3.478922994377013,4.466708034033423,1.0644823381267003,2.0688128776387518,Bad
1.3729601496017674,2.979880735778215,1.0012719626894675,1.349611957807412,Good
3.0316512343227204,2.660422998853633,1.2075398460940536,1.469478777779302,Moderate
1.7067781195418856,4.521891400145136,1.0314807617567043,1.3046619003179534,Moderate
1.6926402133349892,5.2042531262160425,1.0523158492032647,1.8440625901914576,Bad
1.2355537719067096,4.683655332709317,1.0,1.3096555520379822,Good
1.8518960648506515,3.7764900139877793,1.0279828993392923,1.2297451378355222,Moderate
2.5828605731075296,5.578894229252337,1.1539059463661097,2.038846172645779,Bad
2.741415343705189,5.089816265788837,1.212203643995336,1.9139845022856603,Bad
2.413556303580636,1.1814519945731623,1.7331519626894676,1.4794672798875594,Bad
2.475365777305785,4.8611318532229735,1.0408083855421686,1.4894557819958172,Moderate
2.335622549213204,2.415836690049746,1.0524679362611735,1.5643725444782484,Good
2.1681098735906605,4.048620678775386,1.0687912848814614,1.3596004599156697,Good
1.9943266837997573,3.8514560962527473,1.0046638258841818,1.3995556670168998,Good
2.303374116922367,3.839624328218504,1.0827827345511076,1.059933409985945,Moderate
2.1367572382519984,6.0285014145536,1.1200932856587642,2.7130970349876598,Bad
1.7148402276145949,7.5942702691332835,1.1072677714729888,1.604328950247678,Bad
1.389785382168324,6.695055898530757,1.0559657986785853,1.6742508623418806,Moderate
1.8975813869272469,5.791866053868725,1.1095996984065293,1.4744724294993308,Bad
3.421319812669287,2.1516569733811512,1.108433734939759,2.2186464026036137,Moderate
1.7150739642518391,5.097767213907848,1.103027942479596,1.4395120727863295,Bad
4.533306514103778,2.3211825457757955,1.0,2.8879024145572654,Bad
1.8492087384909917,4.640209080487574,1.0326467252234746,1.4245287202898431,Good
2.3060615077788915,1.654722715942913,1.0466381748931208,1.3995556670168998,Good
1.1074947958017445,5.289536510206871,1.0053300707345512,1.0799116128706598,Good
1.4649148773606095,3.3939926169767465,1.4990283622230858,1.4395120727863295,Bad
1.748724493881817,2.9364344835564715,1.0457902090944422,1.4544954252828155,Good
2.320783626585169,5.468432842884638,1.2340387842984843,1.589345597751192,Bad
2.054383519726764,3.287506704668553,1.0343426568208318,1.8190895369185145,Good
2.2254404270518,5.810702228579241,1.0397651830547998,1.648690461651075,Bad
1.5374738500149925,2.1082107211594083,1.1037699090555773,1.0998886170871751,Moderate
1.405792794491985,2.889107411419497,1.0827827345511076,1.0,Good
1.7309644437600131,6.338493737050787,1.025317863972017,1.4914539618847484,Bad
3.0521729756890466,5.070128203779855,1.0546938359891178,1.4644839273910732,Moderate
3.03866178551529,2.1437060252621394,1.0,2.293563165086045,Good
4.042569478548655,3.73313841591031,1.0133831294209097,3.8018869168429257,Bad
2.5030573771201974,5.618365007414575,1.0729988775748154,1.274695195324981,Bad
2.1958793856174874,3.035064101889928,1.041974349008939,1.7042175673348532,Good
2.404909982908546,5.677523847585793,1.0669156191216478,2.768035594585376,Bad
1.521349633869574,3.879095106380741,1.1888845705402251,1.5993340998594494,Moderate
1.5436164024040218,7.69678070738197,1.021986555771473,1.3729188622827464,Bad
2.676918479123516,7.215653692037483,1.068132287602021,1.3645953103038984,Bad
2.408181521867587,5.989030636391363,1.0314807617567043,1.3246389045344684,Bad
1.9459540353635016,1.6665544839771569,1.1061018359891177,1.3945620152968707,Good
2.17438038775902,3.0429203958646656,1.0206830003886511,1.3795786628003843,Good
2.7790384932122105,4.174889307236835,1.0104935872522347,1.6293008048524218,Moderate
2.5640489661055863,5.271268260362,1.5071900505246794,1.9988897668763488,Bad
3.1498954645568342,1.229914916441425,1.23052578313253,3.054080979093494,Moderate
1.7290950021401137,3.654291513730109,1.0,1.604328950247678,Good
2.088384589815744,5.894376492117413,1.1235911480761758,1.274695195324981,Bad
1.765900266907375,5.819505063996719,1.1130975608239408,1.0,Bad
2.0561361575249064,2.0253883449197017,1.096774184220754,1.449500574894587,Good
3.0668313715931173,1.9425659686799956,1.0423559238243296,4.50110963378955,Moderate
1.7578381588346657,2.2305038755613515,1.1095996984065293,1.349611957807412,Good
3.612123015557784,1.812416520303314,1.0864925954139135,2.608213567512256,Moderate
3.0450880596116146,2.2028648654333582,1.054799835211815,1.9988897668763488,Good
1.8937422755598876,4.868988147197712,1.034978624174116,1.2697003449367523,Moderate
1.9728276859412897,5.30676356446473,1.0163233486202876,1.3795786628003843,Moderate
1.658989683705011,5.290956322370981,1.0827320575204042,1.2896785478214672,Good
1.171991660383418,5.633793632931228,1.037310523124757,1.2397336399437795,Moderate
2.3168110067081256,4.9321224614284365,1.041974349008939,1.6243059544641931,Moderate
1.5777843903785382,3.058727637958415,1.33113096618733,1.0849052645906887,Moderate
1.6852791861802827,4.628377312453329,1.0326467252234746,1.6492790077371366,Bad
4.9707634637903535,1.2169472986758938,1.0742155180722892,3.2724747290776794,Bad
2.430147864006813,4.103898699031372,1.1800638849591916,1.1048834674754036,Moderate
2.038092385695808,5.910183734211162,1.014657722502915,1.6792457127301093,Bad
1.7793370921962686,5.267292786302494,1.093043140303148,1.4245287202898431,Bad
2.78710060128492,3.315051060652272,1.1107656338904004,1.724195770219568,Good
2.765601667923317,3.926422178517716,1.1877186070734551,1.5144288352687607,Moderate
2.1111050937925238,4.592882008350599,1.1399144966964632,1.7391791227160542,Moderate
2.814324856818573,2.6959183029563643,1.059615748153906,2.0638180272505227,Moderate
2.365183655144381,4.28137521954503,1.0652934224640498,1.839067739803229,Moderate
1.8841444971414885,4.87684444117245,1.0979401476875243,1.354605609527441,Bad
4.998805604063767,1.2406108347443812,1.6785853089778469,3.122641204112817,Moderate
1.833084522345573,4.880819915231955,1.1900505340069958,1.0149833524964862,Moderate
2.60194087404732,3.21651609646309,1.0408083855421686,1.529412187765247,Good
1.0,4.719150636812048,1.0897784593859308,1.0,Good
1.7683539211266557,4.182745601211574,1.0241670392537894,1.569367394866477,Good
1.4111675117081697,5.054320961686106,1.034978624174116,1.4594890770028446,Moderate
3.4284471676836143,4.53372316817938,1.1155815468324912,2.1187565868482388,Bad
3.375167146311933,5.874688430108432,1.0754321585697628,1.7391791227160542,Bad
1.3337011661183609,4.001293606638411,1.1946636548775749,1.0,Good
1.078237470102747,4.399692899887466,1.0232379790128254,1.2397336399437795,Good
2.93490593745021,2.0806663651756887,1.0608323886513795,2.63152047198759,Good
3.7032598585768657,1.8795263085935443,1.1447810866692576,1.8790229469044597,Moderate
2.062500966109284,7.105192305669783,1.0377160792848814,1.7841291802055128,Bad
1.4895898298248078,2.2620237056045767,1.0,1.5643725444782484,Good
1.6197307647184696,2.971929787659203,1.0254390019432569,1.4744724294993308,Good
2.2872499007769487,4.936003281343668,1.0209871745044694,1.4544954252828155,Moderate
1.9567034697958712,3.5596373694561594,1.1422463956471045,1.1498335249648624,Good
2.045386658595673,5.929871796220144,1.079284872133696,1.6143174523559356,Bad
2.245069918793503,2.920721895606996,1.0060832304702685,1.4295223720098722,Good
1.2418632421812763,4.628377312453329,1.011193159735717,1.5643725444782484,Good
2.7666532248034565,1.2761061388471124,1.0559657986785853,2.2735849622013298,Good
3.2808436422076,2.02150752500447,1.1297389071123205,2.11376293512821,Bad
1.6906539033964674,5.661716605492043,1.0443062479595802,1.5943392494712207,Bad
1.4649148773606095,5.776058811774976,1.012825486202876,1.204772084562579,Moderate
2.27112568463153,4.084115982878117,1.1200932856587642,1.2297451378355222,Moderate
1.233801134108567,4.088091456937622,1.0023318989506411,1.204772084562579,Good
1.5267244155826232,2.033339293038713,1.409249902837155,1.0,Bad
2.1693562110018365,5.866832136133693,1.0827320575204042,1.943951207278633,Bad
2.8586823819440257,3.1100301841548963,1.0394304516129032,1.4445057245063584,Moderate
2.263063576558821,4.273424271426018,1.083948698017878,1.2597118428284946,Moderate
3.622872514487017,4.478539802067667,1.2028760202098718,1.6342956552406505,Moderate
1.2821737825448225,3.21651609646309,1.0617955600466382,1.11986681997189,Good
2.4918405339102048,5.168757822113311,1.0754321585697628,1.9289678547821465,Moderate
1.5720591327033524,5.452720254935162,1.0109498204430625,1.3346286053109258,Moderate
1.7094655103984104,5.6025577653208245,1.097331827438787,1.824084387306743,Bad
1.9582391401415609,6.781759094685695,1.1692299137193938,1.0849052645906887,Bad
1.988951902086708,4.028932616766404,1.024485036921881,1.419533869901615,Good
2.416243629940296,3.772609194072547,1.0381584889234357,2.043839824365808,Moderate
1.5106001994372047,4.589001188435367,1.114263496307812,1.0049948503882289,Moderate
2.827411141648466,2.680111060862614,1.276331130975515,1.7042175673348532,Bad
1.2075116316332957,5.638053069423556,1.0024333089778468,1.354605609527441,Good
1.9217677111453744,5.594701471346087,1.1783909832879906,1.2647054945485237,Bad
2.1394446291085227,4.955785997496924,1.0109498204430625,1.9489460576668611,Moderate
2.091071980672268,3.0429203958646656,1.3264671682860474,1.2697003449367523,Bad
2.0319498333067787,5.235772956259268,1.0547491581811117,1.9689230618833768,Moderate
2.3409973309262533,5.799722347843463,1.2215312957637,1.5543840423699908,Bad
4.656691789413696,1.3589285150868189,1.0790821080450836,2.8529408591760648,Bad
1.2944421826349544,2.687967354837353,1.0050877947920716,1.3346286053109258,Good
2.1233204129631047,4.679679858649811,1.1072677714729888,1.3795786628003843,Bad
2.187817277544778,4.87684444117245,1.0466381748931208,1.6592675098453944,Bad
1.4318485603300124,5.235772956259268,1.0291995398367664,1.3196452528144396,Bad
2.354434156215147,2.317301725860564,1.0408083855421686,1.5643725444782484,Good
1.8223350234163396,4.379910183734211,1.0559657986785853,1.7741394794290557,Good
2.3436846572859134,7.010538161395833,1.180722882238632,1.8890126476809168,Bad
3.171394462415301,5.259436492327756,1.374271278663039,1.8890126476809168,Bad
1.378568538958331,4.135418529074598,1.0024333089778468,1.4994454827722743,Good
1.3547327551992052,4.73883869882103,1.0687912848814614,1.3795786628003843,Good
1.7497760507619564,2.865443875351009,1.1399144966964632,1.1048834674754036,Good
5.155841473500528,2.8852265915042645,1.024332949863972,3.2075476673717054,Bad
2.88115857179777,2.9917125038124586,1.054799835211815,1.744172774436083,Moderate
1.0644968645816737,5.052143916367805,1.026766258841819,1.1398450228566048,Good
1.4456147066094602,2.774765205136565,1.0036499494753206,1.214761785339036,Good
1.9788347949146976,3.92244670445821,1.3272782526233968,1.709212417723082,Moderate
3.010619645241876,6.65558512036852,1.132614597745822,2.533296805029825,Bad
2.499552101523913,4.703343394718299,1.0191462075398368,1.5593788927582195,Bad
2.8352289355981397,5.669572899466782,1.0254390019432569,1.5244173373770182,Bad
1.8492087384909917,5.503928146987369,1.0186552755538285,1.2297451378355222,Moderate
3.289638692649415,2.2818064217578327,1.0363777691410805,2.003884617264578,Good
3.319199734083728,2.502634540348958,1.3148076175670425,1.4944506323840456,Moderate
2.12063302210658,6.411093465708907,1.0268169358725223,1.4345172223981009,Bad
3.856673648595584,3.125742772104372,1.3859308293820445,1.6942290652265954,Moderate
1.3009853895467651,3.3978734368919787,1.0069957248348231,1.389567164908642,Good
1.6361735953749212,6.209953409126763,1.0340661298095608,1.4944506323840456,Bad
1.9567034697958712,3.070559405992659,1.0104935872522347,1.4045505174051285,Good
2.6849805871962245,1.3864728710705383,1.041974349008939,1.804106184422028,Good
1.438041226782822,4.237928967323287,1.1037699090555773,1.0,Moderate
3.2293481200851644,1.5679248656437008,1.058509696074621,3.687014947259265,Good
2.878821721400247,4.829517369035474,1.0754321585697628,1.7458377245654928,Moderate
1.8531176354658283,3.729162941850804,1.1539059463661097,1.4994454827722743,Moderate
2.253482567325213,4.525866874204642,1.0218996688690245,1.4944506323840456,Moderate
2.134069847395474,4.427237255871185,1.1107656338904004,1.0,Bad
1.7927739819820272,5.145094286044824,1.1655654970851146,1.6293008048524218,Moderate
2.1179456312500555,2.0924981332099324,1.0804508356004665,1.174805379569606,Good
1.143326351404416,4.431212729930692,1.0031092079284882,1.3378062747083803,Good
1.556285457016935,3.673979575739091,1.0069957248348231,1.0,Good
1.8973476502900024,3.0665839319331534,1.0292548620287605,2.0788013797470093,Good
2.3087488986354163,4.241904441382792,1.0594636610959969,1.7491676248243118,Moderate
1.529995954541664,2.6130959267166585,1.0178073097551497,1.314650402426211,Good
2.4097171922132765,2.9285781895817338,1.1012714558880683,1.829079237694972,Good
2.233502535124509,5.365922404635949,1.3148076175670425,1.6892342148383668,Bad
2.4077141775868283,7.337852192295153,1.0,1.8490562419114869,Bad
2.037324550522963,5.614389533355069,1.167897396035756,1.7391791227160542,Bad
2.529113142958225,2.829948571248278,1.0268169358725223,2.0288564718693216,Good
1.2383579665849915,5.2554610182682495,1.036144587640886,2.198668199718899,Bad
2.0695729828138,6.4189497596836445,1.2145355709288768,1.5843507473629632,Bad
2.1111050937925238,6.04430865664735,1.067413350952196,2.083796230135237,Bad
3.104210206977104,5.807673295962474,1.0443062479595802,1.6892342148383668,Bad
1.1254105413546478,3.117886478129634,1.0,1.2397336399437795,Good
2.040362481838489,4.640209080487574,1.0364994387874078,1.204772084562579,Good
1.967452968725105,4.987305827540149,1.1277480077730275,1.294672199541496,Bad
2.467303669233076,3.4097052049262224,1.0279828993392923,1.484462130275788,Moderate
2.104508805961162,2.1279934373126634,1.2308589195491644,1.0249718546047435,Good
1.5831591720915876,3.374209900823491,1.380101040031092,1.294672199541496,Bad
1.7066613157201282,4.498227864076648,1.1399144966964632,1.4544954252828155,Moderate
3.624741956106917,2.6919428288968583,1.1970969358725223,2.128746287624696,Moderate
1.4542822467499978,3.283531230609047,1.059615748153906,1.1398450228566048,Good
2.0803224817430337,2.301494483766814,1.2739992320248736,1.5493891919817622,Moderate
2.1125709140338707,2.4513319941524774,1.488534774970851,2.333518372187275,Bad
2.5855478994671897,5.377754172670193,1.1865526715895842,1.7341842723278256,Bad
2.1260077393227643,5.653860311517306,1.101438010104936,1.414539019513386,Bad
2.326392015941733,1.89523889654302,1.0457902090944422,1.729189421939597,Good
4.13454761866934,1.6783862520114003,1.1569475755926937,3.4722531619202286,Moderate
2.099134088744977,5.772177991859743,1.197046258841819,1.7391791227160542,Bad
3.2097186928403256,1.7927284582943324,1.0571824391760591,2.688123981714716,Good
2.962948077723624,2.498659066289452,1.192230345899728,2.31354016930256,Good
1.9217677111453744,1.8360800563718012,1.4547221142635056,1.2247502874472935,Bad
1.38417699281176,5.6025577653208245,1.0462326187329964,1.0,Moderate
1.8733950627091192,2.411955870134514,1.0081616883015934,1.449500574894587,Good
2.445804735871473,3.4965030552254346,1.0268169358725223,1.6243059544641931,Moderate
2.0319498333067787,3.354521838814509,1.005829761368053,1.274695195324981,Good
2.9612910242787915,3.5946594028375207,1.167897396035756,2.1886796976106413,Moderate
2.4968647106673885,4.376029363818979,1.0932763218033423,1.5993340998594494,Moderate
1.860892925981743,5.855000368099449,1.0559657986785853,1.6642623602336228,Moderate
1.491788592435262,3.618796209627378,1.0746210742324136,1.1847950803460634,Good
2.185513772026244,5.7405635076722445,1.0079951061018266,1.1648168774613483,Bad
1.700670459956595,3.5833009055246468,1.0190792444617178,1.419533869901615,Good
2.201254102833672,6.691080424471251,1.0209871745044694,1.389567164908642,Bad
2.601204771331849,4.032908090825909,1.1386978561989896,2.882907564169037,Moderate
1.1876272482827657,3.350546364755004,1.0012719626894675,1.2397336399437795,Good
2.723825307318423,5.638053069423556,1.1755290882238632,1.7192009198313394,Bad
1.986264575727048,5.6498848374578,1.0571317621453555,1.744172774436083,Bad
1.3090474976194746,2.5933132105634025,1.2087057815779243,1.779134329817284,Good
2.533903712071893,2.364628797997539,1.041366028760202,1.8440625901914576,Good
1.3547327551992052,4.261592503391773,1.0687912848814614,1.1698117278495772,Good
2.79469536507687,2.033339293038713,1.0439731395258454,1.899001149789174,Moderate
3.7565398799485465,4.159082065143085,1.1715473455110763,2.3784684296767336,Bad
2.155568845253941,3.7213066478760655,1.2133696074621063,1.3695889620239272,Moderate
1.6814233701249963,7.247173522080708,1.048665899727944,1.544395540261733,Bad
3.069508120466986,2.3488215559037893,1.0218996688690245,1.7491676248243118,Moderate
1.3140716743766578,2.715606364965346,1.0802987485425573,1.3346286053109258,Good
2.765601667923317,3.29536299864329,1.1585697722502917,1.6143174523559356,Moderate
4.648279140881986,2.577600622613927,1.0291995398367664,2.648168774613486,Bad
2.0143597969200124,4.971498585446399,1.0190792444617178,1.4395120727863295,Moderate
1.7927739819820272,5.2554610182682495,1.0909444228527012,1.0,Bad
2.392057305722169,5.642028543483062,1.053633899727944,1.484462130275788,Bad
2.27112568463153,7.826930155758652,1.1877186070734551,1.419533869901615,Bad
1.8465213476344668,3.5911571994993845,1.1200932856587642,2.103773234351753,Good
1.725589726543829,3.366353606848753,1.02215313797124,1.589345597751192,Good
1.908330821359616,4.679679858649811,1.0396424500582977,1.484462130275788,Moderate
4.456445600581796,1.3707602831210628,1.1310108418188884,1.469478777779302,Bad
2.3383099400697285,3.6345087975768537,1.163233570151574,1.8940062994009452,Good
1.6982486671884178,6.111323790793307,1.0047570928876797,1.9639294101633475,Bad
1.3224843229083685,5.653860311517306,1.0,1.1897887320660925,Good
1.3386085390537867,2.171345035390133,1.0279828993392923,1.569367394866477,Good
1.9405792536504527,4.021076322791666,1.0,1.724195770219568,Good
3.3101604340157413,1.2129718246163876,1.167897396035756,1.7541624752125404,Good
1.773962374980084,5.906208260151656,1.1386425340069957,1.4045505174051285,Bad
1.7655497264483735,4.494347044161417,1.0437993097551497,1.2796888470450098,Moderate
2.8732132675468183,3.5871817254398786,1.0072998989506412,1.5244173373770182,Moderate
3.7761693716902496,1.8242482883375577,1.3637776914108044,3.9866819971889895,Bad
1.9169771420317057,2.297519009707308,1.4075770011659543,1.1448386745766337,Bad
2.177067778615545,4.332583111597236,1.2401865433346289,1.569367394866477,Moderate
2.7853904669205365,4.186721075271079,1.0407023863194715,1.3945620152968707,Moderate
1.246770615116702,5.077984497754594,1.0,1.2397336399437795,Good
1.6758149807684326,2.0017248088512143,1.0012166404974738,1.5344058394852758,Good
5.366157299812106,1.2918187267965882,1.135047906723669,4.061598759671421,Moderate
3.163332354342592,5.361946930576443,1.228527020598523,1.6742508623418806,Bad
1.8438339567779425,5.2752437344215055,1.0104935872522347,1.419533869901615,Bad
2.499552101523913,3.563518189371391,1.037310523124757,1.294672199541496,Moderate
3.0047775192480684,5.026776605702387,1.1119315973571706,2.0788013797470093,Bad
3.585483037120375,3.33871459672076,1.0450159782355228,1.7341842723278256,Moderate
2.4862320800567765,6.347959151478182,1.0036499494753206,1.354605609527441,Bad
3.60137351662855,1.1774765205136566,1.6389428589195492,2.2635964600930727,Moderate
1.9137056030726651,5.251580198353017,1.0011659634667702,1.4594890770028446,Moderate
1.4299791187101127,4.87684444117245,1.4273751822774972,1.0499449078776877,Moderate
3.212522887518608,1.1932837626074062,1.0072998989506412,3.14761425738576,Good
1.8841444971414885,5.858881188014681,1.1364166342790516,1.5843507473629632,Bad
2.2273216071010538,4.691511626684054,1.037310523124757,1.8440625901914576,Moderate
1.6154076043824244,3.5911571994993845,1.0474492592304705,1.2697003449367523,Good
1.7040907931822258,4.825636549120242,1.1772250198212204,1.0749167624824312,Bad
2.037324550522963,6.233806253483799,1.0909444228527012,1.294672199541496,Bad
1.4514780520717157,2.577600622613927,1.0069957248348231,1.294672199541496,Good
1.2550557533471347,2.9522417256502216,1.0546938359891178,1.4544954252828155,Good
1.7417139426892472,4.0999232249718665,1.0534219012825496,2.1087680847399817,Good
2.020732990096786,6.083684780665313,1.0,1.4594890770028446,Bad
2.06688565645414,5.030657425617618,1.1061018359891177,1.1498335249648624,Moderate
2.8919080062301394,5.074103677839361,1.6109599595802564,1.419533869901615,Bad
1.5972970782984843,4.845324611129223,1.0279828993392923,1.214761785339036,Moderate
1.6261570388147937,6.142843620836532,1.1037699090555773,1.0549385595977163,Moderate
2.7442195383834718,7.109167779729289,1.0097331799455889,1.5493891919817622,Bad
2.2872499007769487,4.936003281343668,1.0209871745044694,1.4544954252828155,Moderate
2.017928795418504,1.532429561540969,1.0255495903614458,1.409545367793357,Good
1.368169580488099,6.2178097031015005,1.0550330446949088,1.3446171074191833,Moderate
2.607046897325657,1.8321992364565696,1.0,1.7841291802055128,Good
1.827709740632524,6.462301357761114,1.1469102215312863,1.4794672798875594,Bad
1.7655497264483735,5.503928146987369,1.0121664889234356,1.484462130275788,Bad
1.6758149807684326,5.018825657583375,1.0194663598911775,1.409545367793357,Moderate
4.9735677229655,1.1341249224361871,1.0450159782355228,5.34017737359278,Moderate
1.86533295463641,4.20640913728006,1.2087057815779243,1.5843507473629632,Good
1.4262401709734485,4.797997538992249,1.3601277419354838,2.1087680847399817,Moderate
1.6062705270677324,3.910614936423966,1.1352506708122814,1.644284157348908,Good
2.233502535124509,4.8611318532229735,1.0897784593859308,1.669256011953652,Moderate
1.7347033914966776,7.337852192295153,1.095471076564322,1.4395120727863295,Bad
3.412769076350507,5.9496545123734,1.0928523528954528,1.9339627051703752,Bad
1.724821891370984,4.955785997496924,1.008516539448115,1.5793558969747346,Moderate
2.9180806403867887,2.573625148554421,1.0742155180722892,1.5843507473629632,Good
3.058524949397373,2.4395002261182333,1.3322969296541003,1.3645953103038984,Moderate
1.3547327551992052,5.358066110661212,1.0174893120870578,1.0,Moderate
3.2601944550368605,3.0035442718467023,1.0340661298095608,1.7541624752125404,Moderate
3.2808436422076,2.02150752500447,1.1297389071123205,2.11376293512821,Bad
2.2544640161135527,7.341827666354659,1.0501360373105324,1.6742508623418806,Bad
3.1660196807022527,5.563086987158588,1.1364166342790516,1.5194224869887896,Bad
2.437742627798764,2.4237876381687578,1.0255495903614458,1.4445057245063584,Good
2.191789897421822,6.079803960750081,1.0766487990672369,1.3596004599156697,Bad
1.3816064702738573,4.987305827540149,1.0046638258841818,1.4395120727863295,Bad
1.6315318205278428,5.30676356446473,1.305479993781578,1.4744724294993308,Bad
3.5237903672169835,2.7314136070590957,1.0450159782355228,2.613207219232285,Moderate
2.034637224163303,2.71163089090584,1.3276331037699185,1.8890126476809168,Good
2.9461227806602026,2.2903252947424884,1.0012166404974738,2.55327380924634,Good
4.193996894131987,1.4890779634635003,1.1313979572483484,3.8468369743323847,Moderate
1.5965959973804815,4.26556797745128,1.2530120575204042,1.4295223720098722,Moderate
1.4010022253783163,4.955785997496924,1.0206830003886511,1.2397336399437795,Moderate
1.6530307538894458,4.924171513309425,1.1469102215312863,1.2996670499297247,Moderate
1.556285457016935,4.959666817412156,1.1865526715895842,1.154828375353091,Bad
1.6029054676550485,4.995162121514888,1.005961560823941,1.7591561269325693,Moderate
1.7470886599054318,3.457032277063197,1.0827827345511076,1.2846836974332383,Good
3.5209861725387017,3.737113889969816,1.0,2.0488346747540365,Good
1.959390860652396,4.691511626684054,1.4722114263505637,1.744172774436083,Bad
1.2579874583266948,6.399261697674663,1.0209871745044694,1.0,Moderate
4.429550666038697,2.3921731539812585,1.0036499494753206,2.3085465175825317,Moderate
2.2173783189790903,5.902327440236425,1.2331908184998055,2.083796230135237,Bad
2.3759330895767503,1.0,1.0909444228527012,1.6245696614681315,Good
2.08522985467846,5.196302178097031,1.0523158492032647,1.5493891919817622,Moderate
2.7118543022708765,2.443475700177739,1.5292417784687136,1.6842393644501383,Bad
2.2872499007769487,1.7020497880798882,1.0699572483482316,1.2846836974332383,Good
2.64607214417182,2.502634540348958,1.0510992087057909,1.329633754922697,Good
4.292144288343639,1.4772461954292564,1.0474492592304705,4.146504024262109,Moderate
2.6554195457619123,7.807242093749671,1.0127194869801788,1.529412187765247,Bad
3.980876808645264,1.5679248656437008,1.1070650073843762,2.1836848472224126,Moderate
1.786247479758143,3.912791981742267,1.034978624174116,1.5775399146521605,Good
2.825261267661365,3.4965030552254346,1.2203653322969297,1.469478777779302,Moderate
1.9110182122161403,3.5911571994993845,1.0174893120870578,1.6342956552406505,Good
4.603411768042015,4.648160028606586,1.0291995398367664,2.288568314697816,Bad
1.954016143436211,6.182314398998769,1.216867469879518,1.834072889415001,Bad
2.3409973309262533,3.070559405992659,1.072289147298873,1.9988897668763488,Moderate
3.9785824616815,2.833924045307784,1.0852206607073456,3.2275246715882204,Moderate
1.1773663775996026,4.916315219334686,1.0279828993392923,1.6992227169466243,Good
1.8196476325598143,5.448744780875656,1.156587631558492,1.6492790077371366,Bad
1.25261274111051,5.283100028396243,1.457054013214147,1.1798002299578347,Moderate
2.502239492380437,5.638053069423556,1.217779964244073,1.5543840423699908,Bad
3.483129286394436,3.1849016122755907,1.06645938593082,1.9539397093868904,Bad
2.908032222375558,2.8772756433852527,1.0804508356004665,1.8790229469044597,Moderate
1.6154076043824244,4.15510659108358,1.239020607850758,1.0899001149789174,Moderate
1.6674023322367215,3.942134766467192,1.0623255561601244,1.4544954252828155,Moderate
2.723825307318423,3.863287864286991,1.058509696074621,1.609322601967707,Moderate
2.2394614649400744,2.0845471850909205,1.0425826692576758,1.834072889415001,Good
1.284372545155276,2.301494483766814,1.0025438973960357,1.4395120727863295,Good
3.4159450309562382,2.4276684580839896,1.0524679362611735,2.748057391700661,Moderate
2.1260077393227643,6.592450806137795,1.197046258841819,1.5943392494712207,Bad
2.037558287160208,2.045171061072957,1.0394304516129032,1.8190895369185145,Good
2.9429680455229192,4.84930008518873,1.280994956859697,1.7192009198313394,Bad
1.7290950021401137,6.194146167033013,1.1788472164788184,1.1847950803460634,Bad
2.6258584398307354,4.663872616556061,1.0559657986785853,1.7491676248243118,Bad
1.6261570388147937,4.423356435955954,1.012825486202876,1.3596004599156697,Moderate
1.0441294642122916,4.151225771168347,1.0139914496696465,1.11986681997189,Good
1.7766497658366087,5.610414059295563,1.1095996984065293,1.2996670499297247,Bad
1.658989683705011,5.432937538781906,1.0450159782355228,1.0,Moderate
1.2096148098904391,6.024525940494094,1.0,1.0,Moderate
3.077920704501832,4.466708034033423,1.0048665899727944,2.0488346747540365,Bad
3.0078154505635943,2.628808514666134,1.1301813167508743,2.6381802725052284,Good
4.2164305805519735,1.532429561540969,1.217779964244073,4.536071189170752,Bad
2.578771084911864,1.6152519377806758,1.103027942479596,1.669256011953652,Good
2.6930426952689337,4.750670466855274,1.2728332685581034,1.2996670499297247,Moderate
1.634219146887503,4.652040848521818,1.0501360373105324,1.4544954252828155,Good
3.746491461937316,1.7414259120978512,1.1352506708122814,1.8890126476809168,Moderate
2.448492062231133,4.904483451300443,1.130586872910999,1.484462130275788,Bad
1.102120014088695,5.685380141560532,1.0,1.0,Good
1.950627671661684,4.537698642238886,1.0012166404974738,1.2247502874472935,Good
1.0214989333616031,6.592450806137795,1.0,1.3246389045344684,Bad
1.9997014010159415,5.79584152792823,1.1463720823940924,1.0,Moderate
1.0504758266933991,5.519735389081118,1.0291995398367664,1.469478777779302,Good
1.5218382621156448,3.1989104256281355,1.0292548620287605,1.4851753378546209,Bad
1.3421138146500715,6.103467496818569,1.0055965798678586,1.5244173373770182,Bad
2.233502535124509,6.6871049504117455,1.0757870097162845,1.4944506323840456,Bad
2.088384589815744,3.457032277063197,1.2378546443839875,1.569367394866477,Good
2.3114362249950764,5.855000368099449,1.06645938593082,1.824084387306743,Bad
1.878769779925304,6.6871049504117455,1.0093276237854645,1.2796888470450098,Moderate
1.986264575727048,3.023232333855684,1.0571317621453555,1.9039960001774028,Good
1.8749139638700172,4.581050240316355,1.0389327197823552,1.3446171074191833,Good
3.293844984666838,2.1476814993216453,1.068132287602021,1.7341842723278256,Moderate
1.3171096056921838,3.0902474680016403,1.0023318989506411,1.5144288352687607,Good
2.4619289520168914,1.8755508345340384,1.0462326187329964,1.764150977320798,Good
3.380775535668497,2.3093507777415523,1.10828164788185,3.672031594762778,Moderate
2.598984789252948,4.387861131853223,1.0757870097162845,1.4345172223981009,Moderate
2.0061510874741093,3.748945658004059,1.0069957248348231,1.5493891919817622,Good
1.9325171455777437,4.28137521954503,1.5503303630003886,1.11986681997189,Moderate
2.155568845253941,5.791866053868725,1.2075398460940536,1.484462130275788,Bad
2.8395627379168404,4.24976073535753,1.0072998989506412,1.9689230618833768,Bad
1.3601074724153897,5.034632899677124,1.0,1.1698117278495772,Good
1.0832595829602638,3.725282121935572,1.0008903598911776,1.204772084562579,Good
2.007763509088651,4.324726817622498,1.1294209094442285,1.094894965367146,Moderate
1.56084228949336,3.9619174826204473,1.0462326187329964,1.2247502874472935,Moderate
2.4269931288695297,3.287506704668553,1.0559657986785853,1.5593788927582195,Good
2.017928795418504,3.867263338346497,1.0279828993392923,1.2647054945485237,Moderate
3.661196744912041,3.993437312663673,1.0559657986785853,2.0638180272505227,Bad
1.7417139426892472,3.784440962106791,1.026766258841819,1.1448386745766337,Good
1.1750629365779326,7.640366837394696,1.102603973571706,1.7391791227160542,Bad
1.300050636488383,4.971498585446399,1.006359757481539,1.3596004599156697,Good
2.0656003629367565,2.889107411419497,1.083948698017878,1.0749167624824312,Good
2.177067778615545,4.332583111597236,1.2401865433346289,1.569367394866477,Moderate
2.314123615851601,4.383885657793717,1.1294209094442285,1.1248616703601186,Bad
2.328049069386566,3.0942229420611462,1.1119315973571706,1.4944506323840456,Good
2.315175172731741,4.474564328008161,1.2457628635833655,1.1148719695836613,Bad
1.7390265518327226,4.301063281554011,1.0233190734551108,1.3795786628003843,Good
3.1396133744052235,2.502634540348958,1.0060832304702685,2.4783570467639087,Moderate
3.344320811360237,2.687967354837353,1.0644823381267003,1.884017797292688,Moderate
1.9398114829744728,3.098198416120652,1.0377160792848814,2.093784732243495,Good
2.0026331059955016,4.900507977240936,1.0877645581033812,1.5044391344923034,Good
2.623171113471076,4.54953041027313,1.1165954232413524,1.5094339848805318,Bad
1.6315318205278428,3.5990134934741222,1.2238631947143412,1.4744724294993308,Good
1.8599581729233607,4.159082065143085,1.053633899727944,1.0249718546047435,Moderate
2.488802602594679,4.293206987579272,1.1527399828993392,1.3246389045344684,Moderate
2.144819346324708,2.502634540348958,1.0023318989506411,1.4295223720098722,Good
1.827709740632524,4.600832956469611,1.0571317621453555,1.5993340998594494,Bad
1.862645563779885,5.776058811774976,1.1643995336183444,1.6193123027441645,Bad
2.365183655144381,5.243629250234005,1.0,1.449500574894587,Bad
2.327560441140495,2.1158777068455983,1.3334628931208703,1.6792457127301093,Moderate
3.192893395776905,2.5972886846229084,1.1667314325689857,2.11376293512821,Moderate
1.9898866551450904,4.786165770958005,1.071123211815002,1.1048834674754036,Bad
1.143014767051622,5.507903621046875,1.0,1.2197554370590649,Moderate
2.451179453087658,2.317301725860564,1.005829761368053,1.3246389045344684,Good
3.9023589061753152,2.3882923340660263,1.0559657986785853,3.662041893986321,Moderate
2.149726719260133,1.796703932353838,1.0801328379323747,1.7341842723278256,Good
1.6852791861802827,5.097767213907848,1.2273610571317528,1.349611957807412,Moderate
2.0212003343775446,6.308488373315945,1.0897784593859308,2.0338513222575503,Bad
1.1639295523107087,4.22221637937381,1.2611737178390985,1.3046619003179534,Good
1.8020045152534976,4.474564328008161,1.008516539448115,1.1498335249648624,Good
2.443117345014948,1.9347096747052572,1.130586872910999,1.5493891919817622,Good
2.754852168994083,2.557817906460671,1.6949086575981345,1.7591561269325693,Bad
2.8059122082868626,3.177045318300853,1.081515389040031,2.338513222575504,Moderate
2.158139367791844,5.823385883911951,1.1800638849591916,1.1498335249648624,Bad
2.8395627379168404,4.387861131853223,1.015816410415857,1.8540510922997155,Bad
1.5328002137168106,5.5394234510901,1.0,1.7841291802055128,Bad
2.511470025651908,5.239748430318774,1.2299464251846093,1.7142060694431107,Bad
2.8059122082868626,4.383885657793717,1.0754321585697628,1.7192009198313394,Bad
1.9870824604668085,2.581481442529159,1.0036499494753206,1.3995556670168998,Good
1.9378919272907928,3.2401796325315777,1.064127486980179,1.6992227169466243,Moderate
2.73335323563248,4.84930008518873,1.1492421204819276,1.6992227169466243,Bad
2.2066288200498567,3.1928525603946025,1.2180334333462883,2.6581572767217434,Moderate
1.8693055745134532,2.447451174237245,1.012409800233191,2.288568314697816,Good
2.637659495640109,3.4886467612506964,1.0060832304702685,1.7841291802055128,Moderate
1.6786191754467146,4.24976073535753,1.0127194869801788,1.4045505174051285,Moderate
1.7175276184711197,3.437344215054216,1.059615748153906,1.3446171074191833,Good
1.7900865911255024,3.630627977661622,1.205207919160513,1.4744724294993308,Moderate
3.148918272561557,1.2129718246163876,1.035282798289934,2.383463280064962,Moderate
1.356134852538346,4.033476015691553,1.026766258841819,1.764150977320798,Good
3.8261353506691305,3.3584973128740154,1.0936818779634667,2.293563165086045,Moderate
3.546224053636969,2.3369897878695456,1.2165632957637,2.3784684296767336,Moderate
4.121087381018603,1.6704353038923887,1.1459977271667314,1.0,Moderate
1.5468212516050852,3.4886467612506964,1.0669156191216478,1.2097669349508071,Good
2.4469731610702343,2.9955933237276904,1.018249719393704,1.234738789555551,Good
1.9366066337734087,3.413680678985728,1.0610535934706569,1.7591561269325693,Good
3.849078884803634,2.83789951936729,1.0879462510687914,2.383463280064962,Moderate
1.8580887313034609,2.4868272982552084,1.0343426568208318,1.419533869901615,Good
1.5328002137168106,3.165213550266609,1.0021899696851924,1.3645953103038984,Good
2.107663541098445,4.758526760830012,1.1189273221919938,1.7741394794290557,Moderate
1.7605255496911902,5.050440141770873,1.0874465604352896,1.0199782028847149,Moderate
1.835771848705233,3.374209900823491,1.0466381748931208,1.3995556670168998,Good
2.4694068474902195,5.44476930681615,1.0340661298095608,1.7448871806831154,Bad
3.293844984666838,2.364628797997539,1.159380856587641,3.142619406997532,Moderate
3.1396133744052235,3.2756749366343088,1.0133831294209097,2.6731406292182296,Moderate
1.6253391540750337,4.234048147408054,1.0597816587640887,1.2397336399437795,Moderate
1.856049275948524,3.6581723336453416,1.058509696074621,1.5943392494712207,Good
2.1394446291085227,4.947835049377912,1.493198600855033,1.589345597751192,Moderate
5.0745193118554335,1.149837510385663,1.1204481368052857,4.2014425838598255,Moderate
2.7736637759960256,4.521891400145136,1.3859308293820445,1.4994454827722743,Bad
1.518779111331671,5.267292786302494,1.0279828993392923,1.2996670499297247,Bad
1.8196476325598143,6.131011852802288,1.349786241741158,1.4345172223981009,Bad
1.0644968645816737,4.498227864076648,1.0,1.1398450228566048,Good
3.474334235952621,2.171345035390133,1.068685285658764,3.672031594762778,Bad
3.061095471935275,3.299338472702797,1.0450159782355228,1.6542726594571655,Moderate
1.9378919272907928,5.925990976304912,1.1061018359891177,1.2996670499297247,Moderate
2.8327859233615147,2.845755813342027,1.0443062479595802,1.4644839273910732,Moderate
1.6073454963097151,2.514466308383202,1.355616003109211,1.0,Moderate
1.86533295463641,5.673548373526288,1.029148862806063,1.5094339848805318,Bad
4.265153769447229,1.6902180200456445,1.3789351045472211,3.66703674437455,Bad
1.4998507005079709,2.751101669068077,1.3964244166342792,1.8440625901914576,Moderate
3.6107209182186426,1.6665544839771569,1.0036499494753206,3.672031594762778,Moderate
1.8169603062001547,5.925990976304912,1.08861252390206,1.5044391344923034,Bad
2.2469393604134025,5.811554115877707,1.1737271574038088,2.7380688895924035,Bad
3.5826787779452287,1.9505169167990075,1.0012166404974738,2.3435068742955325,Moderate
1.1750629365779326,7.640366837394696,1.102603973571706,1.7391791227160542,Bad
2.263063576558821,3.4965030552254346,1.079284872133696,1.3596004599156697,Good
1.674529687251049,5.2752437344215055,1.0408083855421686,1.354605609527441,Bad
1.9870824604668085,2.873394823470021,1.67037294364555,1.2097669349508071,Bad
1.1553788159919287,3.204684328428846,1.0060832304702685,1.2097669349508071,Good
4.6006075733637335,1.2406108347443812,1.132614597745822,4.740843273733331,Moderate
3.530036114589344,2.459282942271489,1.1447810866692576,3.0876808473998154,Moderate
2.968556467080188,3.965798302535679,1.090031928488146,2.288568314697816,Moderate
2.724590046641768,5.180589590147555,1.0255495903614458,2.0138731193728354,Bad
1.4514780520717157,5.677523847585793,1.0,1.0,Moderate
1.9642281254960212,7.302830158913791,1.0363777691410805,1.5217730753284382,Bad
1.84126343424004,2.0885226591504265,1.0343426568208318,1.5843507473629632,Good
1.5401612408715168,3.43336874099471,1.0384764865915277,1.2846836974332383,Good
1.8814571707818284,3.977630070569923,1.0023318989506411,1.3346286053109258,Moderate
2.32218572392431,3.046895869924171,1.5001943256898562,1.604328950247678,Bad
3.2882365953102743,2.498659066289452,1.1034150579090556,2.133739939344725,Moderate
3.602308269686932,1.3786165770958003,1.0559657986785853,2.39345178217322,Moderate
1.773962374980084,2.865443875351009,1.0559657986785853,1.6642623602336228,Good
2.4028068046514024,5.492096378953125,1.0314807617567043,1.4395120727863295,Moderate
2.295545745486902,4.999137595574393,1.372755528954528,1.8690344447962015,Bad
2.385280491166843,5.480264610918881,1.0669156191216478,1.5344058394852758,Bad
1.244550633037801,3.283531230609047,1.1130975608239408,1.1997784328425498,Good
1.9325171455777437,4.170913833177329,1.3276331037699185,1.3096555520379822,Good
2.89845121314195,4.332583111597236,1.1995302448503693,1.609322601967707,Moderate
1.905643494999956,3.9461102405266977,1.0279828993392923,1.4594890770028446,Good
1.862645563779885,4.892651683266199,1.2261950936649826,1.1698117278495772,Moderate
1.88613080708001,7.259005290114953,1.0669156191216478,1.2796888470450098,Bad
1.2551832636484126,4.085725103330773,1.0316328488146134,1.3596004599156697,Good
1.967452968725105,5.338283394507956,1.0535324897007383,1.0,Bad
2.572111074178296,1.4574634792760008,1.060629624562767,1.639289306960679,Good
3.155270246269883,3.4886467612506964,1.0046638258841818,1.639289306960679,Moderate
2.4861152762350187,3.346665544839772,1.3171395165176836,1.724195770219568,Bad
3.974917878829698,1.4692952473102447,1.1585697722502917,3.592119981892119,Moderate
2.676918479123516,5.314619858439468,1.032849489312087,1.744172774436083,Bad
2.598984789252948,2.3527970299632948,1.2483482316362222,1.779134329817284,Good
4.421138017506987,3.969773776595185,1.0620490291488536,2.623196920008742,Bad
3.445272400250171,1.512741499531988,1.0,2.5482801575263108,Good
1.2019032422767315,6.210710642280954,1.0036499494753206,1.2697003449367523,Moderate
1.7571370779166626,6.036357708528338,1.0985484679362612,1.604328950247678,Moderate
3.638996730632436,4.218240905314305,1.3707734162456275,1.569367394866477,Bad
1.491788592435262,5.271268260362,1.0046638258841818,1.1148719695836613,Moderate
1.795461308341687,5.137143337925812,1.1527399828993392,1.4944506323840456,Moderate
2.32218572392431,5.216084894250287,1.3322969296541003,1.724195770219568,Moderate
2.346372048142438,3.8435998022780096,1.217333860862806,1.609322601967707,Moderate
1.6691549700348642,5.168757822113311,1.0384764865915277,1.9639294101633475,Moderate
1.4568527692879003,2.565768854579683,1.024485036921881,1.2497221420520372,Good
3.8969841889591295,2.3488215559037893,1.0139914496696465,1.4045505174051285,Moderate
1.9029561041434315,3.4728395191569468,1.0359780054411194,1.2647054945485237,Moderate
2.186181443568393,1.9110461386367696,1.284916788184998,2.0238628201492928,Bad
1.2047074369550137,4.805853832966987,1.0127194869801788,1.3596004599156697,Good
1.7150739642518391,5.598582291261319,1.215701506412748,1.0998886170871751,Bad
1.8440676934151865,5.882544724083169,1.0,1.1248616703601186,Moderate
2.2173783189790903,1.5679248656437008,1.0034978624174116,1.294672199541496,Good
5.1306035279053965,3.4925275811659287,1.0089036548775747,2.2436182572083574,Bad
2.1413140707284226,4.273424271426018,1.053633899727944,1.1098783178636322,Bad
3.3810092723057408,2.222647581586614,1.0827827345511076,2.293563165086045,Moderate
1.548223348944226,3.855431570312253,1.0093276237854645,1.4544954252828155,Good
2.303958329521748,5.693236435535269,1.1630308060629615,1.6742508623418806,Bad
4.734954800274817,1.4772461954292564,1.162067634667703,3.067702644515101,Bad
2.55072894463845,1.8321992364565696,1.090031928488146,2.3984466325614484,Good
1.5320991327988076,4.94395422946268,1.1702292949863973,1.4395120727863295,Moderate
3.262764977574763,4.383885657793717,1.0676253493975905,2.1687014947259264,Bad
1.283225339424962,4.581050240316355,1.067413350952196,1.2597118428284946,Good
1.6127202135259,5.168757822113311,1.3253012048192772,1.3096555520379822,Moderate
1.6530307538894458,2.3764605660317826,1.0198212110376992,1.2297451378355222,Good
1.6100328226693752,3.299338472702797,1.2530120575204042,1.7691458277090266,Good
1.8917392609334387,3.208565148344078,1.033070694131364,1.6642623602336228,Good
3.734106193528561,1.532429561540969,1.0608323886513795,3.167591261602275,Moderate
1.7685876577638997,3.9461102405266977,1.0011659634667702,1.1997784328425498,Good
1.6234697124551336,5.369897878695455,1.0,1.0,Moderate
1.0833084715836168,6.292775785366469,1.0,1.0,Moderate
2.4804961803989345,2.8772756433852527,1.0364994387874078,1.9739179122716053,Moderate
2.0319498333067787,5.9456790383138935,1.1061018359891177,1.1947835824543211,Bad
2.245069918793503,2.758957963042815,1.192230345899728,2.5482801575263108,Good
3.5209861725387017,4.569218472282111,1.048665899727944,1.9988897668763488,Bad
1.8411466304182824,4.119611286980849,1.0944422852701128,1.419533869901615,Good
1.5552339001367956,3.7764900139877793,1.0,1.544395540261733,Good
3.17045970935692,1.9465414427395011,1.0620490291488536,3.582131479783861,Moderate
2.5156763176693318,4.514035106170399,1.2110377085114652,2.523307104253368,Bad
2.5855478994671897,2.5894323906481707,1.2191993688301594,1.4794672798875594,Moderate
2.298349940165184,5.480264610918881,1.0559657986785853,1.9988897668763488,Moderate
2.988185958821891,3.808104498175278,1.0535324897007383,1.829079237694972,Moderate
1.0675681407761883,4.132200288169283,1.0,1.059933409985945,Good
1.9088194496056867,4.632352786512836,1.0025438973960357,1.544395540261733,Good
1.7793370921962686,3.224372390437828,1.2868247182277497,1.034961555381201,Moderate
1.5697222823058292,5.9496545123734,1.024485036921881,1.5347906119773855,Bad
4.412725368975276,2.975905261718709,1.083948698017878,2.5732520121310545,Moderate
2.005076118232126,3.6976431118075785,1.0186552755538285,1.2896785478214672,Good
2.109883523177346,5.811554115877707,1.049882568208317,1.5244173373770182,Bad
2.9292974835967813,3.81198531809051,1.2165632957637,2.4384018396626788,Bad
3.329053436060786,1.5679248656437008,1.1585697722502917,3.0137625755277497,Moderate
2.876017526721965,2.7432453750933394,1.090031928488146,1.329633754922697,Good
1.6073454963097151,4.518010580229904,1.4768752522347457,1.4345172223981009,Moderate
2.2058109353100965,3.62267702954261,1.3370114325689857,1.3795786628003843,Moderate
1.4729769854333186,4.482515276127173,1.121259221142635,1.11986681997189,Moderate
1.2794863916882977,5.862856662074187,1.0198212110376992,1.0,Moderate
1.8496760827717504,3.5990134934741222,1.0,1.8790229469044597,Good
2.757539559850607,2.0570028291072013,1.0209871745044694,1.529412187765247,Good
1.4326664450697726,3.910614936423966,1.0093276237854645,1.2397336399437795,Good
1.5912212801642969,2.569649674494915,1.102603973571706,1.174805379569606,Good
1.5697222823058292,5.231797482199762,1.0209871745044694,1.5344058394852758,Moderate
1.9943266837997573,4.01710084873216,1.0023318989506411,1.3446171074191833,Moderate
2.236657270261792,5.922015502245406,1.2287297846871357,1.03995520710123,Bad
1.5052254177241555,4.498227864076648,1.137582597745822,1.2597118428284946,Good
1.7309644437600131,3.90663946236446,1.209263424795958,1.644284157348908,Moderate
1.7823750235117948,4.340534059716248,1.0109498204430625,1.589345597751192,Moderate
1.389785382168324,3.737113889969816,1.0407023863194715,1.3096555520379822,Good
1.4514780520717157,5.989030636391363,1.1294209094442285,1.204772084562579,Bad
2.0803224817430337,2.155537793296383,1.3626117279440342,1.4245287202898431,Moderate
1.8303971314890488,3.4413196891137217,1.0326467252234746,1.0849052645906887,Moderate
1.6617939428801578,3.468864045097441,1.0038158600855034,1.5593788927582195,Good
1.5860802350884915,4.166938359117824,1.0104935872522347,1.3396222570309548,Good
2.040011941379488,6.395286223615157,1.0909444228527012,1.644284157348908,Bad
2.289937291633473,3.0942229420611462,1.1021984174115818,1.374583812412156,Moderate
1.7683539211266557,4.478539802067667,1.0450159782355228,1.4644839273910732,Good
3.7384293538646074,3.6108452615083664,1.7982490291488535,1.6342956552406505,Bad
1.5636464841716418,4.009244554757423,1.0608323886513795,1.3995556670168998,Good
2.4525815504267987,6.679248656437007,1.158164216090167,2.0138731193728354,Bad
3.265802908890289,2.017532050944964,1.0060832304702685,2.743063739980632,Moderate
3.2439534350696846,4.790141245017511,1.222697231247571,2.3984466325614484,Moderate
2.9617796525248625,2.3093507777415523,1.041974349008939,2.623196920008742,Good
1.4299791187101127,6.513603903957595,1.0408083855421686,1.274695195324981,Bad
2.0473062142793523,6.052164950622088,1.0076316921881072,1.4395120727863295,Bad
1.9432666445069773,2.620952220691396,1.0279828993392923,1.5593788927582195,Good
2.2469393604134025,5.582869703311843,1.2215312957637,1.3645953103038984,Moderate
1.0785179024699485,4.135418529074598,1.0,1.1897887320660925,Good
2.539862641887459,6.198121641092519,1.114263496307812,1.5244173373770182,Bad
1.5643475650896446,4.163057539202592,1.0174893120870578,1.0249718546047435,Moderate
2.33024783199702,3.867263338346497,1.1034150579090556,1.7891228319255417,Good
1.0322484322908367,3.342690070780266,1.0523158492032647,1.274695195324981,Good
2.230815144267984,4.656016322581324,1.4222873874854256,1.3795786628003843,Bad
3.305061827876831,2.25416741162984,1.0145997699183833,2.2635964600930727,Moderate
2.5254910635401826,6.37162268754667,1.0316328488146134,1.3845723145204134,Bad
2.8879991092553023,2.206840339492864,1.0145997699183833,2.038846172645779,Good
2.0319498333067787,3.1612380762071037,1.179556946754761,1.11986681997189,Good
3.0022069967101657,2.3369897878695456,1.0778654675476098,3.552164774790888,Good
3.5041608754752804,3.165213550266609,1.0072998989506412,1.8440625901914576,Moderate
1.8016038607307163,3.165213550266609,1.1177613587252235,1.0,Good
2.107196196817686,5.176614116088049,1.0699572483482316,1.2097669349508071,Moderate
1.1993539392072765,4.466708034033423,1.0279828993392923,2.198668199718899,Moderate
2.0023887918724665,5.421105770747662,1.1935483964244074,1.5543840423699908,Bad
4.822140307382167,1.4574634792760008,1.0535324897007383,3.58712513150389,Moderate
2.220065709835615,2.940409957615977,1.189817324523902,1.449500574894587,Good
2.3067625886968948,5.097767213907848,1.0291995398367664,1.2846836974332383,Moderate
1.6756814077618838,5.638053069423556,1.083948698017878,1.7072142378341502,Moderate
1.4622275510009497,3.681835869713829,1.234356781966576,1.1348501724683762,Moderate
1.8223350234163396,6.312463847375451,1.1422463956471045,1.0998886170871751,Bad
2.6677046505399717,2.500930765752027,1.276179043917606,1.7591561269325693,Bad
2.50586157179848,5.965367100322875,1.0,2.158712992617669,Bad
1.4998507005079709,1.8834071285087768,1.0,1.0449500574894588,Good
2.017928795418504,1.532429561540969,1.0255495903614458,1.409545367793357,Good
1.0263850868285815,6.253305007204232,1.0279828993392923,1.15982202707312,Moderate
1.9197814012068528,5.314619858439468,1.1348267019043918,1.4744724294993308,Bad
1.9567034697958712,4.83349284309498,1.9898950641274775,1.3795786628003843,Bad
1.5944928191233376,4.41152466792171,1.071229211037699,1.4794672798875594,Moderate
3.114959705906337,4.813804781085999,1.1609016712009328,2.248613107596586,Bad
1.6977388194738996,4.904483451300443,1.0,1.3346286053109258,Moderate
1.0785179024699485,4.904483451300443,1.0012166404974738,1.409545367793357,Good
1.81427291534363,3.6345087975768537,1.5363389133307424,1.1897887320660925,Bad
1.8975813869272469,8.241042036957184,1.0072998989506412,1.5493891919817622,Bad
4.813727658850457,1.165644752479413,1.0389327197823552,1.918979352673889,Moderate
2.230815144267984,4.553505884332635,1.1469102215312863,1.3695889620239272,Moderate
1.5690899550454709,6.12315555882755,1.06645938593082,1.294672199541496,Bad
1.469905709238804,1.8440310044908133,1.0,1.4994454827722743,Good
2.096446697888452,3.764658245953535,1.1702292949863973,1.174805379569606,Good
1.9943266837997573,1.8321992364565696,1.0559657986785853,1.3995556670168998,Good
1.6755197786192422,3.7804654880472848,1.0526736945200157,1.3521087836674266,Good
3.100354390921817,1.761208628251107,1.0,1.9289678547821465,Good
3.7557751406252016,1.4811270153444884,1.673921483093665,1.9689230618833768,Moderate
1.967452968725105,5.701187383654281,1.1445783225806452,1.1997784328425498,Bad
2.284562574417289,1.8045602263285765,1.6027982992615624,1.3845723145204134,Bad
2.0588235483814312,4.778309476983267,1.2203653322969297,1.4544954252828155,Moderate
1.733651834616538,3.323002008771284,1.0367275553828217,1.3596004599156697,Good
1.3337011661183609,6.336127383443938,1.0,1.11986681997189,Moderate
2.792475382997969,6.103467496818569,1.493198600855033,1.2297451378355222,Bad
1.8169603062001547,6.067972192715837,1.1484310361445784,1.1997784328425498,Bad
1.583275975913345,6.16650715690502,1.0571824391760591,1.3246389045344684,Bad
2.284562574417289,3.9461102405266977,1.2087057815779243,2.488346747540366,Moderate
1.8636971206600248,3.53568987095485,1.1192314963078118,1.034961555381201,Good
1.894893996070722,4.482515276127173,1.1235911480761758,1.414539019513386,Moderate
1.7712749841235595,3.461007751122703,1.1049358725223477,1.6542726594571655,Good
1.634219146887503,5.732707213697506,1.0,1.1897887320660925,Moderate
2.8919080062301394,6.170482630964526,1.1888845705402251,2.0138731193728354,Bad
2.6581068721215724,4.762502234889517,1.0256510003886514,1.4544954252828155,Bad
2.040744883748594,4.7309824048462925,1.0652934224640498,1.4894557819958172,Moderate
1.6503433630329214,2.2856872416730645,1.0676253493975905,1.2397336399437795,Good
1.0,2.8930828854790027,1.012825486202876,1.2397336399437795,Good
1.773962374980084,6.501772135923352,1.2530120575204042,1.5094339848805318,Bad
2.418931020796821,2.8772756433852527,1.0121664889234356,2.453385192159165,Good
1.7655497264483735,4.241904441382792,1.0559657986785853,1.449500574894587,Good
2.634855300961827,3.2401796325315777,1.4817925192382433,1.644284157348908,Bad
1.4514780520717157,3.267723988515297,1.068132287602021,1.3446171074191833,Good
2.7161774626069217,1.5009097314977442,1.241352506801399,1.6542726594571655,Moderate
2.4001194137948776,2.072715417056677,1.0466381748931208,1.6193123027441645,Good
2.8498873315022104,4.537698642238886,1.0279828993392923,1.4894557819958172,Moderate
2.3006867905627075,5.732707213697506,1.0314807617567043,1.4395120727863295,Bad
2.906863797176796,4.26556797745128,1.0912485969685193,1.99389611515632,Moderate
4.261297953391943,2.0845471850909205,1.0206830003886511,2.4384018396626788,Moderate
1.830046591030047,3.8987831683897225,1.0036499494753206,1.3446171074191833,Good
3.6303504099603456,3.035064101889928,1.0985484679362612,2.4483903417709363,Moderate
1.9432666445069773,7.117024073704027,1.1772250198212204,1.234738789555551,Bad
1.5965959973804815,5.314619858439468,1.0023318989506411,1.3246389045344684,Good
4.079725283774918,2.0924981332099324,1.3381266910221532,2.1087680847399817,Moderate
1.1800537684561272,3.910614936423966,1.0314807617567043,1.544395540261733,Good
2.606813160688413,5.3501151625422,1.0304162083171395,1.6342956552406505,Bad
1.2551832636484126,4.290367363251054,1.0669156191216478,1.2796888470450098,Good
1.4598907006034263,6.576738218188319,1.0632656976292263,1.5743622452547057,Moderate
2.17438038775902,6.2848248372474576,1.071123211815002,1.349611957807412,Bad
3.4159450309562382,3.997412786723179,1.1597357077341623,1.8540510922997155,Moderate
3.3165124077240677,1.532429561540969,2.059852312475709,2.0488346747540365,Moderate
2.357238350893429,3.910614936423966,1.0279828993392923,1.6792457127301093,Moderate
1.6029054676550485,4.569218472282111,1.004501609016712,1.4544954252828155,Moderate
2.082425660000178,5.32257080655848,1.068685285658764,1.6592675098453944,Bad
2.2281278179083244,1.1104613863676998,1.1061018359891177,2.0338513222575503,Good
1.5347865236553324,4.604713776384843,1.0104935872522347,1.1398450228566048,Moderate
1.3359211481972622,4.939978755403175,1.0011659634667702,1.2647054945485237,Good
1.7900865911255024,8.540811711872784,1.3964244166342792,1.11986681997189,Bad
1.7571370779166626,4.178770127152067,1.1107656338904004,1.1148719695836613,Good
2.522686868861901,1.8873826025682825,1.2251351574038087,2.0138731193728354,Bad
1.2418632421812763,4.22221637937381,1.0034978624174116,1.1947835824543211,Good
1.995495108998519,3.413680678985728,1.0590750066070735,1.1048834674754036,Good
1.8008360900547362,2.411955870134514,1.015816410415857,1.764150977320798,Good
2.8395627379168404,4.24976073535753,1.0072998989506412,1.9689230618833768,Bad
2.252314142126452,3.3308583027460217,1.0,1.3645953103038984,Moderate
3.2385786533566354,4.557386704247867,1.4500582883793238,1.7691458277090266,Bad
1.1317979238416294,3.867263338346497,1.0072998989506412,1.3196452528144396,Good
1.6315318205278428,10.0,1.125923047026817,1.0998886170871751,Bad
1.6029054676550485,2.0530273550476954,1.0024333089778468,1.729189421939597,Good
2.4803566091839797,5.989030636391363,1.1861471154294598,1.3995556670168998,Bad
2.0856971989592186,2.8536121073167653,1.1480761849980567,1.1947835824543211,Moderate
4.40489699753981,2.139825205346908,1.655266235522736,2.198668199718899,Moderate
2.418931020796821,4.553505884332635,1.2518460940536338,1.99389611515632,Good
3.0638996666135574,2.407980396075008,1.2844928192771086,1.7741394794290557,Moderate
1.5428486317280417,4.939978755403175,1.239020607850758,1.5793558969747346,Moderate
2.466602588315073,4.364197595784735,1.0316328488146134,2.238623406820129,Bad
6.165357620387322,2.104329901244176,1.1605974970851147,3.2275246715882204,Bad
1.8438339567779425,4.28137521954503,1.0816167990672367,1.4594890770028446,Moderate
1.229945318053281,4.22221637937381,1.0368865542168677,1.3346286053109258,Good
1.6127202135259,6.892220481053395,1.1865526715895842,1.0,Bad
2.643267949493538,4.596857482410105,1.1155815468324912,1.409545367793357,Moderate
1.2692043015366874,5.425081244807168,1.0048665899727944,1.0,Good
2.345639105773332,4.936003281343668,1.071229211037699,1.2896785478214672,Moderate
2.1582561716136013,3.737113889969816,1.2250291581811117,1.254716992440266,Moderate
1.8076129046100615,5.768202517800238,1.0851653385153517,1.0,Bad
2.2469393604134025,4.596857482410105,1.3784354139137194,1.4295223720098722,Moderate
1.571257952651519,3.3054909920806037,1.1095996984065293,1.2896785478214672,Good
3.7264583488170606,1.4614389533355068,1.015517776914108,5.614872568917761,Bad
2.348570810752892,4.707318868777804,1.0559657986785853,1.7341842723278256,Moderate
4.911875053062109,2.7984287412050524,1.099765108433735,2.618202069620513,Bad
2.2361899259810336,4.202433663220555,1.0687912848814614,1.5743622452547057,Moderate
3.347125006038519,4.514035106170399,1.1204481368052857,2.0088794676528066,Bad
2.1867423083027955,5.152950580019562,1.0656989786241742,1.5743622452547057,Bad
2.569423683321771,2.4316439321434955,1.029148862806063,1.6342956552406505,Good
1.9835771848705237,3.3860416688577346,1.577147298872911,1.7541624752125404,Moderate
2.360042610068576,4.036788910741142,1.226296503692188,1.4894557819958172,Moderate
2.155568845253941,2.659192494978072,1.1542557326078509,1.2597118428284946,Moderate
1.9478234769834015,1.8755508345340384,1.0496060411970465,1.5643725444782484,Good
1.7909352408696682,4.81768560100123,1.0620490291488536,1.4395120727863295,Bad
2.9405143913036387,2.861563055435777,1.0559657986785853,1.834072889415001,Moderate
2.06688565645414,5.2042531262160425,1.0163233486202876,1.4594890770028446,Moderate
2.075924956522126,3.2401796325315777,1.1434123591138747,1.274695195324981,Good
1.002804194678282,5.630196775448819,1.0,1.234738789555551,Good
1.844322585024013,4.7309824048462925,1.133554739214924,1.609322601967707,Bad
3.4159450309562382,3.997412786723179,1.1597357077341623,1.8540510922997155,Moderate
2.295312008849658,5.4014177087386805,1.4162456276719784,1.5943392494712207,Bad
3.25178180650515,3.374209900823491,1.0279828993392923,1.5793558969747346,Moderate
1.112168432099926,5.164782348053805,1.0012166404974738,1.2896785478214672,Good
1.1236190119471627,7.184039207849984,1.0209871745044694,1.764150977320798,Bad
2.01582561716136,4.892651683266199,1.0174893120870578,1.314650402426211,Moderate
2.983278585886465,3.5004785292849405,1.0979401476875243,1.958934559775119,Moderate
2.0749477645268493,1.398304639104782,1.0163233486202876,1.5194224869887896,Good
2.209316210906381,2.0766908911161828,1.0011659634667702,1.204772084562579,Good
1.5240370247260986,6.580619038103552,1.041974349008939,1.6792457127301093,Bad
1.493541230233404,4.084115982878117,1.0928523528954528,1.2397336399437795,Moderate
1.992690849823372,2.869419349410515,1.0559657986785853,1.724195770219568,Good
1.5025380913644957,5.267292786302494,1.0769529731830547,1.804106184422028,Moderate
2.4834278853784943,5.716899971603756,1.5012588791294208,1.709212417723082,Bad
2.233502535124509,6.38742992964042,1.1270890104935871,1.529412187765247,Bad
4.578173886943748,3.050871343983677,1.1715473455110763,2.618202069620513,Moderate
3.369558692458505,1.7257133241483755,1.0510992087057909,3.4372916065390275,Moderate
2.573162631058436,2.6130959267166585,1.020351207151185,1.6892342148383668,Good
2.39254593396824,5.4053931827981865,1.0139914496696465,1.2597118428284946,Bad
2.381307871289799,4.230072673348548,1.523513399144967,1.5044391344923034,Bad
2.3436846572859134,6.4347570017773945,1.197046258841819,2.128746287624696,Bad
3.90504629703184,1.20511553064165,1.588806849591916,2.55327380924634,Moderate
2.182442495831729,3.748945658004059,1.0023318989506411,1.2597118428284946,Good
3.1844807472451944,1.6428909479086693,1.6801061235911388,1.609322601967707,Moderate
2.082425660000178,4.419380961896448,1.0425826692576758,1.2197554370590649,Moderate
1.9567034697958712,1.915021612696276,1.0909444228527012,1.3845723145204134,Good
1.583275975913345,3.957942008560941,1.0450159782355228,1.274695195324981,Good
1.88613080708001,4.83349284309498,1.0546938359891178,1.529412187765247,Moderate
2.8367585432385587,3.0035442718467023,1.033070694131364,1.6542726594571655,Moderate
2.413556303580636,4.379910183734211,1.069024494364555,1.329633754922697,Good
2.8166617072160967,5.393561414763943,1.246016332685581,1.669256011953652,Bad
2.2512391728844694,5.638053069423556,1.0,1.799112532701999,Bad
3.5742661294135183,1.2602988967533628,1.0206830003886511,1.724195770219568,Moderate
2.489036339231923,1.2602988967533628,1.0,1.6243059544641931,Good
2.0738727952848666,2.755077143127583,1.2085997823552277,1.2597118428284946,Good
1.914172947353424,4.9321224614284365,1.0890364928099494,1.484462130275788,Bad
2.400503363629732,3.0264505747609984,1.0612958694131365,1.5194224869887896,Good
1.5580380948150778,5.977198868357119,1.0012166404974738,1.15982202707312,Moderate
2.0426993322360127,5.1844704100627865,1.1888845705402251,1.4894557819958172,Bad
2.316322378462055,4.521891400145136,1.1042999051690634,1.6293008048524218,Moderate
1.9110182122161403,5.018825657583375,1.0408083855421686,1.6542726594571655,Bad
3.0330533316618618,2.447451174237245,1.0510992087057909,1.6892342148383668,Good
1.86802028099607,5.208133946131275,1.079284872133696,1.2896785478214672,Bad
3.3729471642330315,2.93255366364124,1.130586872910999,2.5582686596345683,Moderate
2.884430110756811,2.538129844451689,1.0635974908666923,2.038846172645779,Good
1.9190803202888496,5.365922404635949,1.036144587640886,1.5743622452547057,Bad
1.6288444296713185,4.119611286980849,1.053633899727944,1.7741394794290557,Good
1.601970714596666,3.228347864497334,1.1002720466381657,1.0299667049929724,Good
1.6261570388147937,5.874688430108432,1.13291877186164,1.4944506323840456,Bad
1.7148402276145949,4.301063281554011,1.0513019727944035,1.5993340998594494,Good
3.0078154505635943,2.447451174237245,1.048665899727944,1.724195770219568,Moderate
1.9309982444168448,3.953966534501435,1.116798187329965,1.0099885021082575,Good
2.719916410343586,4.746694992795767,1.1399144966964632,1.7741394794290557,Bad
2.346372048142438,4.640209080487574,1.0687912848814614,1.409545367793357,Good
3.302257633198549,1.5245732675662316,1.1447810866692576,3.94672559141956,Moderate
1.9970140101594172,5.3264516264737125,1.0851146614846483,1.484462130275788,Bad
2.593993957374753,1.8755508345340384,1.0799511449669643,1.5993340998594494,Good
1.5067610880698452,3.563518189371391,1.0305267967353284,1.0,Good
3.0988354897609187,3.177045318300853,1.1282549459774582,1.7841291802055128,Moderate
2.93490593745021,5.342258868567462,1.0012166404974738,2.07380652935878,Bad
3.837862041593641,1.649043467286476,1.1530829133307423,1.9418103858739348,Moderate
1.2697141492512054,2.6012641586824143,1.0305267967353284,1.4744724294993308,Good
1.4094148739100274,3.875119632321235,1.0547491581811117,1.7741394794290557,Good
3.010619645241876,2.865443875351009,1.0145997699183833,2.7330740392041744,Bad
2.128695130179289,3.977630070569923,1.15507190983288,1.604328950247678,Moderate
1.4795201923451295,4.54953041027313,1.0,1.0,Good
4.25568956403538,4.127562235099861,1.0437993097551497,1.8540510922997155,Moderate
1.927142428361559,3.871144158261729,1.060629624562767,1.2896785478214672,Good
3.389188184200208,1.6467717678239011,1.0632656976292263,2.6681469774982007,Good
2.131382521035814,5.046464667711368,1.0326467252234746,1.5194224869887896,Moderate
1.2515377718685272,4.628377312453329,1.0443062479595802,1.6842393644501383,Good
3.456489307957028,3.421536972960466,1.1873637559269334,2.4783570467639087,Moderate
1.7515286885600987,5.484240084978387,1.008516539448115,1.4944506323840456,Bad
1.3842937966335174,3.169189024326115,1.0431403124757093,1.3596004599156697,Good
2.741415343705189,6.115299264852813,1.0559657986785853,1.4894557819958172,Bad
3.150830217615216,4.525866874204642,1.049882568208317,1.669256011953652,Moderate
1.926409485992453,4.64418455454708,1.067413350952196,1.4794672798875594,Good
1.5240370247260986,3.263843168600065,1.649436446171784,1.0249718546047435,Bad
2.160943562470126,4.671823564675073,1.2133696074621063,1.5493891919817622,Moderate
3.665870381210224,4.352365827750491,1.284695583365721,1.6592675098453944,Moderate
2.878821721400247,4.829517369035474,1.0754321585697628,1.7458377245654928,Moderate
1.795461308341687,2.6959183029563643,1.0769529731830547,1.4395120727863295,Good
2.32919627511688,4.841349137069718,1.0389327197823552,1.3845723145204134,Moderate
2.421618411653345,1.504790551412976,1.3835989024485036,1.5493891919817622,Good
2.17438038775902,1.8321992364565696,1.571317537504858,1.5993340998594494,Bad
1.5412127977516563,3.2007088543693403,1.0114475522736106,1.2896785478214672,Good
2.589658026659521,4.963642291471661,1.0582976976292269,1.764150977320798,Moderate
1.327859040124553,3.752826477919292,1.047804110376992,1.4994454827722743,Good
1.8020045152534976,6.154675388870776,1.0279828993392923,1.9289678547821465,Bad
2.578771084911864,4.589001188435367,1.0377160792848814,1.799112532701999,Bad
2.572111074178296,1.4574634792760008,1.060629624562767,1.639289306960679,Good
1.4823243870234115,4.052596152834892,1.032849489312087,1.0199782028847149,Good
1.9647655778685804,3.464983225182209,1.062028769529732,1.3795786628003843,Good
2.293008567827988,7.854569165886645,1.1072677714729888,1.2097669349508071,Bad
2.149726719260133,5.673548373526288,1.0377160792848814,1.0,Bad
1.6954444725101356,6.012694172459851,1.0729988775748154,1.8790229469044597,Bad
2.5640489661055863,1.303650494830832,1.4360668387096776,2.198668199718899,Moderate
1.2916379879566726,3.993437312663673,1.0304162083171395,1.5543840423699908,Good
2.0227360047232343,2.1831768034243764,1.0912485969685193,1.5094339848805318,Good
1.8707076718525943,7.113048599644521,1.5134253680528569,1.9639294101633475,Bad
1.8599581729233607,6.292775785366469,1.0921103863194714,1.5743622452547057,Bad
2.160943562470126,5.4053931827981865,1.263505644772639,1.469478777779302,Moderate
1.4643774249880503,7.03420169746432,1.1070650073843762,1.2197554370590649,Bad
1.6225349593967515,3.445200509028953,1.071229211037699,1.3845723145204134,Good
1.2767990653286376,4.904483451300443,1.0571317621453555,1.254716992440266,Moderate
1.7793370921962686,5.267292786302494,1.093043140303148,1.4245287202898431,Bad
1.544017056926803,4.83349284309498,1.0218996688690245,1.5044391344923034,Good
1.967452968725105,5.302788090405224,1.0072998989506412,1.6293008048524218,Moderate
1.3931237398790717,6.511426858639294,1.0426406218422075,1.326303854663878,Moderate
1.832316687172728,3.354521838814509,1.0559657986785853,1.5743622452547057,Good
1.671842360891389,5.515759915021612,1.1982121943256898,1.4794672798875594,Bad
1.5592415418113073,3.7764900139877793,1.009444228527011,1.5244173373770182,Good
2.013138226304836,5.768202517800238,1.1527399828993392,1.0849052645906887,Bad
4.289340093665357,3.662147807704848,1.060629624562767,2.0488346747540365,Bad
2.064198265597615,4.770358528864255,1.2250291581811117,1.5394006898735046,Bad
2.0803224817430337,5.287075502455749,1.060629624562767,2.038846172645779,Bad
1.8833266124017285,5.13326251801058,1.0890364928099494,1.5044391344923034,Moderate
4.07341581350035,1.6940988399608763,1.1739806265060242,5.704772683896677,Bad
3.5630492862035257,1.5245732675662316,1.087598647493199,2.278579812589559,Moderate
1.6073454963097151,3.2007088543693403,1.0268169358725223,1.6542726594571655,Good
1.5401612408715168,2.841780339282521,1.2751651675087443,1.0,Moderate
2.5030573771201974,6.35581544545292,1.0145997699183833,1.389567164908642,Bad
1.293460733846615,2.159513267355889,1.0523158492032647,1.5244173373770182,Good
1.9378919272907928,6.403142517589895,1.3882627283326856,1.7391791227160542,Bad
1.98147400661338,3.673979575739091,1.0,1.5943392494712207,Good
2.007763509088651,3.6345087975768537,1.0046638258841818,1.3246389045344684,Good
2.533903712071893,2.364628797997539,1.041366028760202,1.8440625901914576,Good
2.676918479123516,2.463163762186721,1.0198212110376992,1.4295223720098722,Moderate
2.6151090053983665,2.2818064217578327,1.08861252390206,1.484462130275788,Good
3.2573902603585783,3.768633720013041,1.0523158492032647,1.6592675098453944,Moderate
2.510301600453147,3.5438301273624093,1.521181500194326,1.5144288352687607,Bad
1.894893996070722,3.1849016122755907,1.0034978624174116,1.639289306960679,Good
2.630011650928608,4.443044497964936,1.0076316921881072,1.419533869901615,Good
2.2066288200498567,5.216084894250287,1.1597357077341623,1.4245287202898431,Bad
1.752463441618481,5.5710379352776,1.155904736883016,1.3096555520379822,Moderate
3.2385786533566354,4.076259688903379,1.037310523124757,1.799112532701999,Bad
2.295312008849658,3.390017142917241,1.1900505340069958,1.764150977320798,Good
1.2355537719067096,4.648160028606586,1.0279828993392923,1.7192009198313394,Good
2.424539474650249,5.180589590147555,1.0,2.0088794676528066,Moderate
1.7935918667217872,5.460576548909899,1.344311331519627,1.3196452528144396,Bad
1.408480120851645,5.30676356446473,1.037310523124757,1.2397336399437795,Moderate
1.6100328226693752,4.34441487963148,1.0571317621453555,1.5743622452547057,Moderate
3.675084209793768,2.715606364965346,1.1172616680917218,2.7780240966936334,Moderate
1.967452968725105,4.967617765531168,1.0535324897007383,1.414539019513386,Moderate
2.4902170188349557,5.973318048441887,1.1727639860085504,1.2397336399437795,Bad
2.662897441235241,4.056571626894398,1.0656989786241742,1.7491676248243118,Moderate
1.005608453853429,3.748945658004059,1.0012166404974738,1.11986681997189,Good
1.2203643088196732,4.001293606638411,1.121259221142635,1.2697003449367523,Good
3.0316512343227204,2.8024042152645583,1.2938204430625728,1.639289306960679,Moderate
2.2442520340537424,3.879095106380741,1.4780411877186164,1.0,Bad
1.8882977082393608,5.070128203779855,1.0089036548775747,1.6243059544641931,Moderate
3.0370259515389053,3.031088627830422,1.1585697722502917,1.3845723145204134,Good
1.86533295463641,6.308488373315945,1.064127486980179,2.0338513222575503,Bad
2.0534487666683816,5.638053069423556,1.047804110376992,1.7258607203489775,Bad
1.6982486671884178,3.63848427163636,1.1562378453167508,1.0,Good
2.256286762003495,4.261592503391773,1.4087936696463272,1.6342956552406505,Bad
2.013138226304836,5.713019151688525,1.0489700738437622,1.2846836974332383,Moderate
1.10375584806508,4.916315219334686,1.0060832304702685,1.0998886170871751,Good
1.8975813869272469,8.241042036957184,1.0072998989506412,1.5493891919817622,Bad
2.0212003343775446,5.756370749765994,1.1539059463661097,1.3446171074191833,Bad
1.8922066052141973,4.995162121514888,1.02215313797124,1.2846836974332383,Moderate
2.1973982867783857,4.273424271426018,1.058509696074621,1.4944506323840456,Moderate
2.413322566943392,6.024525940494094,1.0048665899727944,1.9739179122716053,Bad
1.8895192788545376,6.024525940494094,1.2670035071900505,1.0,Moderate
2.090838244035024,5.152950580019562,1.3868940007773027,1.154828375353091,Moderate
1.9137056030726651,7.37732297045739,1.150408083948698,1.908989651897432,Bad
1.9029561041434315,4.786165770958005,1.0883670579090556,1.514722508977692,Bad
1.878769779925304,4.352365827750491,1.1072677714729888,1.7541624752125404,Good
2.369092552119218,4.87684444117245,1.28799068169452,1.0449500574894588,Bad
2.222753036195275,2.4237876381687578,1.0384764865915277,1.5743622452547057,Good
3.5630492862035257,2.1437060252621394,1.2469795040808394,3.552164774790888,Moderate
1.9970140101594172,5.728731739638,1.0944422852701128,1.6342956552406505,Bad
3.808301000159329,1.9898930408169704,1.1235911480761758,3.172586111990504,Moderate
2.962948077723624,3.6029889675336286,1.0,2.31354016930256,Moderate
4.587638092355598,3.323002008771284,1.1119315973571706,2.428413337554421,Bad
5.1306035279053965,3.4925275811659287,1.0089036548775747,2.2436182572083574,Bad
2.1272930328401483,3.181020792360359,1.018249719393704,1.094894965367146,Good
1.872109769191736,3.390017142917241,1.0903084554994171,1.3695889620239272,Good
1.896813551754402,2.2041900234531937,1.0,1.4328522722686912,Good
1.1654484534716072,5.941703564254388,1.0769529731830547,2.198668199718899,Bad
1.6799044689640985,4.837468317154486,1.0011659634667702,1.274695195324981,Good
1.6772170781075737,4.679679858649811,1.2751651675087443,1.484462130275788,Bad
1.3056590258449472,5.705068203569513,1.0048665899727944,1.449500574894587,Good
3.989289457176974,3.3623781327892472,1.0912485969685193,2.0688128776387518,Moderate
3.1310839220517552,3.760777426038303,1.4290711138748542,1.729189421939597,Moderate
1.6926402133349892,3.350546364755004,1.0165353470656822,1.5993340998594494,Good
3.689238820688591,1.954397736714239,1.192230345899728,1.978912762659834,Moderate
2.397432087435217,2.3093507777415523,1.577147298872911,1.5793558969747346,Moderate
2.303958329521748,5.397442234679175,1.2445461951029926,1.5344058394852758,Bad
4.841769734627006,1.4969342574382385,1.0766487990672369,3.677025246482808,Moderate
1.992690849823372,4.687536152624549,1.0255495903614458,1.0699219120942025,Good
1.6073454963097151,2.514466308383202,1.355616003109211,1.0,Moderate
2.7498279922369,5.819505063996719,1.0705655685969686,1.5493891919817622,Bad
1.712152901254935,4.5850257143758615,1.215701506412748,1.0,Good
1.9997014010159415,6.115299264852813,1.0139914496696465,1.804106184422028,Bad
1.6234697124551336,4.991281301599655,1.0116595507190052,1.2697003449367523,Moderate
1.3386085390537867,2.356677849878527,1.0151574131364167,1.0,Good
2.236657270261792,3.555661895396653,1.1484310361445784,1.4544954252828155,Moderate
2.551149593189252,6.142843620836532,1.1793449483093663,1.4644839273910732,Bad
1.894893996070722,5.496071853012631,1.024485036921881,1.4644839273910732,Moderate
3.9163799440635896,1.89523889654302,1.0,4.471142928796578,Moderate
1.6987160114691764,3.429487921079477,1.2060558849591916,1.3596004599156697,Moderate
2.6554195457619123,4.399692899887466,1.2215312957637,1.7192009198313394,Bad
1.9001519094651491,4.24976073535753,1.0729988775748154,1.2297451378355222,Bad
2.057187714405046,4.474564328008161,1.0072998989506412,1.5094339848805318,Moderate
2.905344896015898,1.6467717678239011,1.5165176743101438,1.3795786628003843,Good
1.2383579665849915,6.821229872847932,1.032849489312087,1.2846836974332383,Bad
1.6533812943484474,5.219965714165518,1.0279828993392923,1.834072889415001,Bad
1.3337011661183609,4.557386704247867,1.0060832304702685,1.0,Moderate
2.3573658611947077,2.573625148554421,1.5748153999222696,1.3845723145204134,Bad
1.4944759832917862,4.431212729930692,1.121259221142635,1.3046619003179534,Good
2.0803224817430337,5.547374399209112,1.0165353470656822,1.4861270804051978,Moderate
1.5356044083950926,3.323002008771284,1.0076316921881072,1.314650402426211,Good
2.1889857027435395,4.624496492538098,1.0173980598523125,2.104859227740698,Moderate
2.5129889268128065,1.727322444601033,1.510687912942091,1.6342956552406505,Bad
1.328092776761797,6.549099208060325,1.1386978561989896,1.0449500574894588,Bad
1.634219146887503,6.265136775238476,1.2739992320248736,1.034961555381201,Bad
3.3595102744472736,2.4829464783399766,1.0582976976292269,2.7230855370959173,Moderate
3.462097697313592,5.318595332498974,1.0218996688690245,2.4184236367779635,Bad
3.794864110373571,1.7217378500888696,1.4966964632724449,1.2697003449367523,Moderate
2.418931020796821,5.851024894039943,1.0,1.5394006898735046,Bad
2.320783626585169,3.0902474680016403,1.10828164788185,1.4794672798875594,Good
2.948342762739104,3.8435998022780096,1.2019635258453167,2.173696345114155,Moderate
3.787386214900242,1.8400555304313075,1.0340661298095608,3.771920211849953,Moderate
3.1620470608252087,2.968048967743971,1.0206830003886511,2.018867969761064,Moderate
2.588235290323714,5.543398925149606,1.2798289933929266,1.6492790077371366,Bad
1.8975813869272469,4.758526760830012,1.1935483964244074,1.3596004599156697,Bad
1.6480399220112514,5.835217651946195,1.0025438973960357,1.4944506323840456,Moderate
1.6898360186567072,4.64418455454708,1.108433734939759,1.15982202707312,Good
3.1253252550007167,1.962348684833251,1.276331130975515,1.5244173373770182,Good
2.3194983330677856,5.661716605492043,1.036144587640886,1.8140958851984847,Bad
2.9180806403867887,1.9860122209017383,1.0072998989506412,2.5183134525333384,Moderate
1.5885338893077725,6.063996718656331,1.145744258064516,1.15982202707312,Bad
1.389785382168324,3.512310297319184,1.0890364928099494,1.2996670499297247,Good
2.2791877927042394,2.0017248088512143,1.2378546443839875,2.11376293512821,Good
2.6388067013704237,5.4763837910036495,1.0216231418577535,1.3695889620239272,Bad
1.3981980307000346,2.8536121073167653,1.0445182464049747,1.2397336399437795,Good
2.040011941379488,5.559206167243356,1.0198212110376992,1.3945620152968707,Bad
1.56084228949336,3.579325431465141,1.0228951045472212,1.4544954252828155,Good
5.0745193118554335,1.149837510385663,1.1204481368052857,4.2014425838598255,Moderate
3.7761693716902496,3.792297256081529,1.0863820069957248,2.2186464026036137,Moderate
1.7475772881515026,5.855000368099449,1.0466381748931208,1.4994454827722743,Bad
1.556285457016935,2.226528401501846,1.1165954232413524,1.0,Good
2.182442495831729,4.920290693394192,1.324135241352507,1.6842393644501383,Bad
1.3708569713446237,4.884795389291462,1.037310523124757,1.3246389045344684,Moderate
1.496345424911686,6.6358970583595385,1.0474492592304705,1.0,Bad
1.2327495772284274,4.691511626684054,1.0279828993392923,1.0998886170871751,Good
2.0749477645268493,3.630627977661622,1.0944422852701128,1.8740292951844304,Good
2.9435054978954787,6.679248656437007,1.1830548091721729,1.2097669349508071,Bad
1.445869598218287,5.089816265788837,1.0500194325689856,1.274695195324981,Moderate
1.247237959397461,1.918902432611508,1.0,1.2097669349508071,Good
1.7014034023257012,5.492096378953125,1.2448503692188106,1.2297451378355222,Moderate
1.752463441618481,5.5710379352776,1.155904736883016,1.3096555520379822,Moderate
2.303374116922367,6.182314398998769,1.1180148278274389,1.409545367793357,Bad
1.7879834128683587,2.1910330973991146,1.0012166404974738,1.5943392494712207,Good
4.079024202856916,1.1774765205136566,1.1605974970851147,3.996670499297247,Moderate
3.120334423122522,2.3921731539812585,1.1330353766031869,1.709212417723082,Moderate
1.857270846563701,4.308919575528749,1.1609016712009328,1.3396222570309548,Bad
3.1620470608252087,2.11616166927842,1.1216647773027597,1.7891228319255417,Good
1.0729095131133843,4.557386704247867,1.0012166404974738,1.3596004599156697,Good
1.4907370355551222,5.006993889549131,1.1450022914885347,1.3596004599156697,Bad
1.8599581729233607,3.81198531809051,1.0396424500582977,1.0499449078776877,Good
2.741415343705189,2.4001241021002704,1.0669156191216478,2.133739939344725,Moderate
1.5455359580877015,3.390017142917241,1.1165954232413524,1.3346286053109258,Good
1.2821737825448225,4.979449533565411,1.0011659634667702,1.0149833524964862,Good
1.6315318205278428,5.843168600065206,1.0209871745044694,1.1897887320660925,Bad
1.795461308341687,6.087660254724819,1.075670432957637,1.2679371040149658,Bad
1.518662307509914,4.352365827750491,1.0571317621453555,1.5144288352687607,Good
2.14335352608336,3.267723988515297,1.2391266070734552,2.2086567018271563,Good
1.740311845350106,3.287506704668553,1.1204481368052857,1.3995556670168998,Moderate
1.830046591030047,5.409274002713419,1.6740228931208705,1.3596004599156697,Moderate
1.1346021830167758,5.507903621046875,1.0012166404974738,1.3096555520379822,Good
2.253081912802432,2.172670193409968,1.0,2.132074989215316,Good
2.906863797176796,6.063996718656331,1.0693489280994948,1.5543840423699908,Bad
1.5243875651851,3.12186195218914,1.0,1.274695195324981,Good
3.620609448502576,1.6428909479086693,1.1111154201321414,1.799112532701999,Good
2.1413140707284226,4.273424271426018,1.053633899727944,1.1098783178636322,Bad
2.4028068046514024,5.724850919722768,1.0699572483482316,1.8091010348102567,Bad
4.090241046066907,2.0885226591504265,1.0133831294209097,6.953385791493265,Bad
3.8098199013202274,2.912770947487984,1.1094982883793238,4.1814655796433104,Bad
2.1020551517418813,2.2581428856893453,1.0496060411970465,1.5793558969747346,Good
2.1985667119771475,2.2659991796640826,1.0396424500582977,1.804106184422028,Good
1.24396642043842,5.038608373736629,1.0,1.2247502874472935,Good
1.5998208406095653,4.291881829559438,1.026583754372328,1.3396222570309548,Good
1.50791280858068,6.221785177161006,1.212203643995336,1.3945620152968707,Bad
1.072558972654383,5.732707213697506,1.0466381748931208,1.0249718546047435,Good
2.531099452896747,6.308488373315945,1.0024333089778468,1.4045505174051285,Bad
1.8132213584634904,5.413249476772925,1.125923047026817,1.2097669349508071,Bad
2.7890869112234418,1.855862772525057,1.6830371364166343,1.943951207278633,Moderate
1.419229619780879,3.058727637958415,1.0198212110376992,1.0,Good
1.683080423569829,3.21651609646309,1.0072501173727166,1.3695889620239272,Good
3.0316512343227204,4.068403394928641,1.1760590843373495,1.484462130275788,Bad
1.9909063505741265,3.705499405782316,1.073773108433735,1.908989651897432,Good
1.3439832562699714,5.594701471346087,1.228527020598523,1.1847950803460634,Bad
2.365183655144381,6.079803960750081,1.1410804601632336,1.4744724294993308,Bad
2.0260864878445237,2.0096757569702257,1.2060558849591916,1.3795786628003843,Good
2.962948077723624,1.4180873552580378,1.133554739214924,1.918979352673889,Good
1.0752463635109075,3.563518189371391,1.0,1.094894965367146,Good
1.6915497003486424,5.387219587097588,1.4135250742324137,1.0,Bad
2.324873114780835,3.117886478129634,1.030314798289934,1.669256011953652,Good
2.256286762003495,3.204684328428846,1.0048665899727944,1.3046619003179534,Moderate
2.416243629940296,1.6665544839771569,1.4523902153128645,1.5094339848805318,Bad
1.6422812549602122,5.7603462238255,1.1095996984065293,1.5993340998594494,Bad
3.4733145405235843,2.9640734936844653,1.10828164788185,2.47336339504388,Moderate
2.370558372360565,4.858576191327577,1.1846871356393316,1.4512638158163735,Bad
1.2714242836155885,3.989461838604167,1.02215313797124,1.2447284903320084,Good
1.986264575727048,5.531567157115362,1.0851146614846483,1.6642623602336228,Moderate
1.9225855958851343,3.425512447019972,1.0072998989506412,1.2846836974332383,Good
1.9432666445069773,4.963642291471661,1.2844928192771086,2.003884617264578,Moderate
2.703792194198168,6.119180084768044,1.054799835211815,1.3645953103038984,Bad
1.2607916530049768,3.7094748798418222,1.0152634123591138,1.3995556670168998,Good
1.8438339567779425,5.125311569891568,1.2518460940536338,1.4045505174051285,Moderate
2.51427422033019,4.123586761040354,1.0145997699183833,1.449500574894587,Moderate
1.4851285817016937,3.918471230398704,1.0060832304702685,1.0,Good
2.104508805961162,4.742814172880536,1.0594636610959969,1.569367394866477,Moderate
1.6057096623333302,5.756370749765994,1.0072998989506412,1.7192009198313394,Good
2.702156360221782,6.46627683182062,1.0340661298095608,1.419533869901615,Bad
3.313825016867543,1.2997696749156,1.823163631558492,1.9539397093868904,Moderate
1.5159749166533891,4.178770127152067,1.0610535934706569,1.3346286053109258,Moderate
2.573162631058436,2.171345035390133,1.00875985075787,3.976692296412532,Moderate
2.0534487666683816,5.381729646729699,1.0932763218033423,1.7691458277090266,Bad
2.510301600453147,4.218240905314305,1.1154294597745822,1.5144288352687607,Bad
1.9110182122161403,4.888676209206693,1.0734551107656432,1.8940062994009452,Moderate
1.80480870993178,2.80628503517979,1.0,1.449500574894587,Good
2.072260373670325,2.71163089090584,1.041974349008939,1.4245287202898431,Good
1.877718223045164,4.829517369035474,1.0097331799455889,1.6243059544641931,Good
2.8395627379168404,5.523710863140624,1.0389327197823552,2.2685901118131016,Bad
2.212003601762906,4.013125374672654,2.6388245720948307,1.5593788927582195,Bad
2.131382521035814,4.94395422946268,1.1095996984065293,1.7192009198313394,Bad
1.056084216049963,4.719150636812048,1.0,1.3596004599156697,Good
1.3925896413434706,3.6581723336453416,1.0571824391760591,1.5194224869887896,Good
3.167655514678638,2.3369897878695456,1.0985484679362612,2.842952357067807,Good
2.0426993322360127,1.9505169167990075,1.0757870097162845,1.354605609527441,Good
2.8059122082868626,7.621814625117003,1.0048665899727944,1.7042175673348532,Bad
1.860892925981743,2.818116803214034,1.0127194869801788,1.449500574894587,Good
1.9755150767978145,2.246311117655101,1.0687912848814614,1.3596004599156697,Good
1.6987160114691764,5.559206167243356,1.2481961445783132,1.864039594407973,Bad
2.219577081589544,3.366353606848753,1.0384764865915277,1.3346286053109258,Good
1.8035234164143965,6.868556944984908,1.162067634667703,1.059933409985945,Bad
1.988951902086708,5.831336832030962,1.0825495530509133,1.4794672798875594,Bad
3.1836795671933604,3.1612380762071037,1.1527399828993392,1.4295223720098722,Moderate
1.9394108284516915,3.520166591293922,1.0559657986785853,1.5793558969747346,Good
2.418931020796821,3.271699462574803,1.1094982883793238,2.1437296401211823,Moderate
1.8438339567779425,3.8514560962527473,1.2258619852312476,1.0,Good
1.6987160114691764,4.671823564675073,1.030314798289934,1.4445057245063584,Moderate
2.408181521867587,5.318595332498974,1.191216469490867,1.5643725444782484,Bad
1.9916392929432325,5.283100028396243,1.0034978624174116,1.354605609527441,Bad
3.564698858012066,1.1893082885479005,1.0139914496696465,2.917869119550238,Good
1.980889794013999,3.93825394655196,1.174893120870579,1.7491676248243118,Moderate
2.975216477813756,2.471114710305733,1.0629615235134084,1.6492790077371366,Moderate
1.7534406336137578,4.190601895186311,1.0173227578701904,1.4445057245063584,Moderate
2.4497773557485165,4.620521018478592,1.132282804508356,2.11376293512821,Moderate
2.2684383582718706,4.447019972024441,1.1702292949863973,1.2697003449367523,Moderate
1.8062108072709209,6.671392362462269,1.1216090073843763,1.5943392494712207,Bad
1.4622275510009497,5.212109420190781,1.145744258064516,1.1648168774613483,Moderate
1.112168432099926,5.212109420190781,1.0024333089778468,1.11986681997189,Good
2.037324550522963,2.83789951936729,1.0665759906723669,1.3645953103038984,Good
1.5580380948150778,2.514466308383202,1.519508598523125,1.389567164908642,Bad
1.639593928600552,6.363766393571932,1.3404586179556937,1.4794672798875594,Bad
1.9169771420317057,3.326882828686516,1.0127194869801788,1.5194224869887896,Good
3.1368091797269417,2.9285781895817338,1.0,2.283573464309588,Moderate
3.103158650096964,5.713019151688525,1.0279828993392923,1.639289306960679,Moderate
2.521051034885516,2.7984287412050524,1.0174893120870578,1.469478777779302,Good
2.5318005338147493,2.6130959267166585,1.0256510003886514,1.4445057245063584,Good
1.7909352408696682,4.81768560100123,1.0620490291488536,1.4395120727863295,Bad
2.8623469647958277,6.036357708528338,1.2565099199378158,1.4944506323840456,Bad
3.31908293026197,2.0608836490224327,1.008516539448115,1.958934559775119,Good
1.90856455799686,6.6871049504117455,1.0462326187329964,2.2635964600930727,Bad
1.7766497658366087,5.610414059295563,1.1095996984065293,1.2996670499297247,Bad
1.81427291534363,6.182314398998769,1.3346288286047416,1.0,Bad
1.6449686458167367,5.200277652156537,1.197046258841819,1.0,Moderate
1.2956106078337162,5.271268260362,1.0396424500582977,1.0,Moderate
1.6960286851095163,5.827361357971456,1.0816167990672367,1.6293008048524218,Bad
1.827709740632524,5.925990976304912,1.2926544795958026,1.2697003449367523,Bad
2.7722616786568848,3.4806958131316845,1.0778654675476098,1.5144288352687607,Moderate
1.894893996070722,3.2520114005658214,1.0279828993392923,1.6992227169466243,Good
1.3386085390537867,4.589001188435367,1.0,1.11986681997189,Moderate
2.3488257023617183,3.1888770863350966,1.0535324897007383,1.604328950247678,Good
2.744102734561713,3.421536972960466,1.205207919160513,1.0649282603741737,Moderate
1.2243369286967167,3.113911004070128,1.0,1.0,Good
2.6124216145418417,5.523710863140624,1.0198212110376992,1.7142060694431107,Bad
1.5535980661604107,3.5398546533029034,1.1737271574038088,1.2097669349508071,Moderate
2.104859346420163,3.153381782232365,1.032849489312087,1.5593788927582195,Good
3.0047775192480684,5.026776605702387,1.1119315973571706,2.0788013797470093,Bad
2.598984789252948,4.387861131853223,1.0757870097162845,1.4345172223981009,Moderate
2.2872499007769487,3.973749250654691,1.2133696074621063,1.2447284903320084,Moderate
3.112272315049813,1.8913580766277884,1.0979401476875243,2.363485077180248,Moderate
1.5939086065239567,4.518010580229904,1.030314798289934,1.3196452528144396,Good
3.268607103568571,4.955785997496924,1.167897396035756,2.103773234351753,Bad
2.9517312345136317,5.042489193651862,1.0790821080450836,2.4783570467639087,Bad
2.3728618133822352,1.7166265262980764,1.014657722502915,2.347075309526096,Good
1.6039251630840845,3.711557271015849,1.284916788184998,1.6542726594571655,Moderate
2.076817206146749,4.841349137069718,1.0851653385153517,1.349611957807412,Bad
1.835387963367243,4.218240905314305,1.078618627283327,1.6842393644501383,Good
1.2776169500683978,4.088091456937622,1.0,1.1997784328425498,Good
2.0067119522085117,5.267292786302494,1.0547491581811117,1.0,Bad
1.0832595829602638,3.725282121935572,1.0008903598911776,1.204772084562579,Good
2.1905046039044382,5.11745527591683,1.078057570151574,1.709212417723082,Bad
2.273111994570052,4.872963621257218,1.0559657986785853,1.8490562419114869,Bad
1.5858464984512477,3.3939926169767465,1.0,1.2796888470450098,Good
3.010619645241876,3.035064101889928,1.0766487990672369,1.8940062994009452,Moderate
1.5777843903785382,3.7094748798418222,1.2541779930042751,1.2247502874472935,Moderate
1.0890670741377917,4.945374041626788,1.0,1.2397336399437795,Good
2.061266560618056,2.739269901033833,1.025317863972017,1.5034406438819374,Good
2.8619964243368257,2.4947782463742203,1.0012166404974738,1.6342956552406505,Good
3.375634490592692,2.096378953125164,1.4586762098717452,1.544395540261733,Moderate
4.379074839345298,2.8852265915042645,1.0437993097551497,3.2425080240847066,Bad
1.491788592435262,3.579325431465141,1.0729988775748154,1.0449500574894588,Good
1.5075622681216787,4.15510659108358,1.0038158600855034,1.3596004599156697,Good
2.6930426952689337,3.7554767939589615,1.1410804601632336,1.884017797292688,Moderate
1.9786698119350976,2.9522417256502216,1.1800638849591916,1.1298553220801475,Good
1.8465213476344668,4.896627157325705,1.1061018359891177,1.1048834674754036,Bad
2.2039414936901967,3.0429203958646656,1.523513399144967,1.1698117278495772,Bad
1.5320991327988076,4.202433663220555,1.0693489280994948,1.5144288352687607,Good
1.5888844297667737,4.975474059505905,1.0572377613680528,1.3995556670168998,Bad
4.129500029550314,1.5482368036347192,1.097331827438787,2.872919062060779,Moderate
1.56166017423312,4.368078415699968,1.0023318989506411,1.409545367793357,Good
1.528874289569724,3.918471230398704,1.1107656338904004,1.0899001149789174,Good
2.1663182796863105,7.077553295541789,1.0734551107656432,1.1798002299578347,Bad
2.7442195383834718,1.7138815561141318,1.0496060411970465,2.2086567018271563,Good
1.9842782657885265,4.845324611129223,1.0559657986785853,1.4544954252828155,Moderate
3.3302997734719626,2.1279934373126634,1.0705655685969686,2.528301954641596,Moderate
1.4570865059251443,5.393561414763943,1.0012166404974738,1.1897887320660925,Moderate
1.9169771420317057,1.0315198300432251,1.0457902090944422,1.7391791227160542,Good
2.445804735871473,5.519735389081118,1.3940924897007383,1.374583812412156,Bad
1.6369065377440275,4.005269080697916,1.0151574131364167,1.0099885021082575,Good
4.9707634637903535,1.2169472986758938,1.0742155180722892,3.2724747290776794,Bad
3.210483432163671,3.457032277063197,1.126531367275554,1.669256011953652,Moderate
1.6029054676550485,4.995162121514888,1.005961560823941,1.7591561269325693,Moderate
2.2791877927042394,5.180589590147555,1.2623396813058687,1.9739179122716053,Bad
3.0330533316618618,4.368078415699968,1.0316328488146134,1.6243059544641931,Bad
1.7431160400283885,4.719150636812048,1.0725011457442677,1.5244173373770182,Good
2.957339623870196,3.8356488541589977,1.018249719393704,1.4644839273910732,Moderate
2.9510301535956285,4.303429635160859,1.0979401476875243,2.443396690050907,Moderate
1.9253897905634163,6.328271089469201,1.1282549459774582,1.0,Moderate
1.2272746963815475,3.974885100385978,1.0079951061018266,1.2996670499297247,Good
1.856886896728846,4.376029363818979,1.030314798289934,1.5943392494712207,Good
1.5831591720915876,8.047758274349778,1.289156617178391,1.1448386745766337,Bad
2.545120555281886,5.957510806348138,1.1459977271667314,1.7341842723278256,Bad
1.857270846563701,6.758095558617208,1.3451224158569763,1.0,Bad
1.7014034023257012,5.030657425617618,1.39759035211815,1.1148719695836613,Bad
1.835655044883476,2.9443854316754834,1.026710936649825,1.4245287202898431,Good
1.929829819218084,3.555661895396653,1.799844530120482,1.4045505174051285,Bad
1.6960286851095163,6.462301357761114,1.047804110376992,1.5993340998594494,Bad
1.9432666445069773,7.117024073704027,1.1772250198212204,1.234738789555551,Bad
2.101821415104637,4.084115982878117,1.064127486980179,1.7142060694431107,Good
7.191698999840672,1.1696202265389186,1.1459977271667314,5.649834124298962,Bad
1.4207652901265684,4.723031456727281,1.6436066848037312,1.0,Bad
2.020223142382268,6.730551202633488,1.1195632895452778,1.4445057245063584,Bad
2.3409973309262533,4.163057539202592,1.258841818888457,1.03995520710123,Bad
3.403209286585347,1.410136407139026,1.2360296836377769,2.0488346747540365,Good
1.7431160400283885,3.662147807704848,1.0597816587640887,1.5943392494712207,Good
1.4010022253783163,4.423356435955954,1.0559657986785853,1.5593788927582195,Good
2.814324856818573,4.0959477509123605,1.0912485969685193,1.4045505174051285,Good
1.988951902086708,2.139825205346908,1.029148862806063,1.5643725444782484,Good
1.400418012778936,5.180589590147555,1.024485036921881,1.2297451378355222,Bad
2.73335323563248,4.364197595784735,1.0038158600855034,1.7941176823137703,Moderate
2.0227360047232343,2.2399692899887467,1.0055965798678586,1.6063846662101962,Good
2.636607938759969,1.5205977935067256,1.06645938593082,1.7341842723278256,Good
2.2388772523406937,5.089816265788837,1.1690633595025262,1.4994454827722743,Moderate
1.9970140101594172,6.549099208060325,1.1772250198212204,1.6243059544641931,Bad
3.0358575263401435,2.912770947487984,1.1131482378546445,2.0238628201492928,Moderate
3.613525112896925,1.5719003397032068,1.0,2.368479927568476,Moderate
2.428144849380365,5.180589590147555,1.06486945355616,1.3046619003179534,Moderate
1.5580380948150778,5.200277652156537,1.1422463956471045,1.0749167624824312,Moderate
3.4772659409321807,3.520166591293922,1.2092054722114265,1.639289306960679,Moderate
1.7040907931822258,2.762933437102321,1.0024333089778468,1.3795786628003843,Good
2.62854583068726,6.265136775238476,1.0979401476875243,1.7491676248243118,Bad
1.5132875257968648,2.5972886846229084,1.179556946754761,1.958934559775119,Good
2.980975144864796,3.520166591293922,1.1411864593859309,1.744172774436083,Moderate
1.69428978514353,6.0166696465193565,1.1206762534006995,1.395560505907237,Bad
2.1052417483302674,3.567493663430897,1.0316328488146134,1.2996670499297247,Good
3.5265945618952657,3.255892220481053,1.041366028760202,2.3584902267920187,Moderate
1.521349633869574,2.5459861384264277,1.0279828993392923,1.1798002299578347,Good
1.488333430902757,5.320299107095906,1.1017560077730275,1.1048834674754036,Bad
2.1690056705428358,5.748514455791256,1.1317528083948698,1.6992227169466243,Moderate
3.394796638053636,3.2756749366343088,1.035282798289934,2.0088794676528066,Moderate
1.6960286851095163,5.452720254935162,1.1554605643218034,1.5743622452547057,Bad
1.6253391540750337,2.6012641586824143,1.006359757481539,1.374583812412156,Good
2.534487924671274,4.28137521954503,1.239020607850758,1.4245287202898431,Moderate
2.547924749960168,4.805853832966987,1.0104935872522347,2.053829525142265,Bad
2.643267949493538,2.510490834323696,1.2670035071900505,2.2436182572083574,Bad
2.851597465866593,2.829948571248278,1.0384764865915277,2.0088794676528066,Moderate
1.9001519094651491,3.71733117381656,1.0048665899727944,1.4395120727863295,Good
2.7709763851395013,3.33871459672076,1.1865526715895842,1.5993340998594494,Moderate
3.792994668753671,3.177045318300853,1.0340661298095608,2.912874269162009,Moderate
1.7927739819820272,5.145094286044824,1.1655654970851146,1.6293008048524218,Moderate
1.682591795323758,4.123586761040354,1.024485036921881,1.3446171074191833,Moderate
1.283225339424962,4.324726817622498,1.0279828993392923,2.198668199718899,Good
1.8496760827717504,5.60653323938033,1.0194663598911775,1.1448386745766337,Bad
3.1518499130442525,1.453582659360769,1.125923047026817,2.0288564718693216,Good
2.009516146886793,5.448744780875656,1.052149938593082,1.5144288352687607,Bad
1.6772170781075737,5.720875445663262,1.0687912848814614,1.2247502874472935,Bad
1.9567034697958712,5.882544724083169,1.0139914496696465,1.2097669349508071,Bad
3.11157123413181,4.34441487963148,1.0340661298095608,2.018867969761064,Bad
2.4161268261185387,2.2896627157325704,1.0,1.604328950247678,Good
2.177768859533548,3.145525488257628,1.0801328379323747,1.6243059544641931,Good
4.015228419193244,1.410136407139026,1.2443839782355228,2.1886796976106413,Moderate
2.293008567827988,7.854569165886645,1.1072677714729888,1.2097669349508071,Bad
2.0431666765167718,6.65558512036852,1.0644823381267003,2.370976753428491,Bad
1.7066613157201282,2.6959183029563643,1.0,1.3795786628003843,Good
2.36565099942514,3.1612380762071037,1.083948698017878,2.31354016930256,Good
3.5181819133635552,5.13326251801058,1.0669156191216478,1.8740292951844304,Bad
1.6029054676550485,4.060452446809629,1.103027942479596,1.2097669349508071,Moderate
2.632051106283545,5.070128203779855,1.0,2.0088794676528066,Bad
1.527191759863382,3.4806958131316845,1.1437303567819666,1.329633754922697,Good
2.061266560618056,2.739269901033833,1.025317863972017,1.5034406438819374,Good
1.4486738573934337,4.332583111597236,1.0218996688690245,1.804106184422028,Good
2.2657509674153458,4.305038755613516,1.0851146614846483,2.35349657507199,Moderate
2.920884899561935,2.762933437102321,1.1437303567819666,2.158712992617669,Moderate
1.9244550375050344,5.389585940704437,1.1900505340069958,1.4245287202898431,Bad
1.443065403540005,6.702912192505495,1.0364994387874078,1.2697003449367523,Bad
1.5468212516050852,3.4886467612506964,1.0669156191216478,1.2097669349508071,Good
1.5724096731623538,5.716899971603756,1.1527399828993392,1.154828375353091,Bad
1.1822737505350285,4.028932616766404,1.008516539448115,1.2397336399437795,Good
3.59950407500865,3.429487921079477,1.097331827438787,1.839067739803229,Moderate
1.6326835410386775,6.42292523374315,1.0292548620287605,1.0,Moderate
1.720215009327644,2.1476814993216453,1.005829761368053,1.349611957807412,Good
1.986264575727048,3.023232333855684,1.0571317621453555,1.9039960001774028,Good
2.69093951701179,5.452720254935162,1.0766487990672369,1.6293008048524218,Bad
1.6637802528186798,1.7138815561141318,1.2600077823552274,1.5194224869887896,Bad
2.152881454397417,4.107779518946605,1.1107149568596968,2.1437296401211823,Moderate
4.179975856243713,4.884795389291462,1.0,2.318535019690789,Bad
3.779814863470136,1.5837321077374504,1.0725011457442677,2.103773234351753,Moderate
2.845171191770269,2.02150752500447,1.0173980598523125,1.8890126476809168,Moderate
2.0627961682584743,4.202433663220555,1.28364485347843,1.329633754922697,Moderate
2.500253182441916,2.8575875813762712,1.0389327197823552,1.4045505174051285,Good
1.9309982444168448,3.3584973128740154,1.4805758787407697,1.0,Bad
2.2496267512699277,2.273855473638821,1.083948698017878,1.669256011953652,Good
4.653887594735414,1.7177623760293637,1.184930474931986,3.996670499297247,Moderate
2.9510301535956285,1.6940988399608763,1.3661095903614455,2.503330100036852,Good
1.6617939428801578,4.9123397452751805,1.058399107656432,1.779134329817284,Moderate
2.9797733102901804,3.4728395191569468,1.0255495903614458,1.2846836974332383,Moderate
1.4749314339207371,5.803697821902969,1.010175589584143,1.0,Moderate
2.255001468486112,4.170913833177329,1.0559657986785853,1.8440625901914576,Good
3.7115557032868174,2.8812511174447586,1.380101040031092,1.1248616703601186,Moderate
1.9281939852416987,3.294227148912003,1.0036499494753206,1.5144288352687607,Good
1.647656036673261,3.7213066478760655,1.0104935872522347,1.0,Good
1.633751802606744,5.1884458841222925,1.0255495903614458,1.0799116128706598,Good
3.655588291058613,3.8435998022780096,1.0,1.7891228319255417,Bad
2.23385307558351,2.8260677513330457,1.0072998989506412,1.8890126476809168,Good
1.3950432955627512,3.6581723336453416,1.029148862806063,1.978912762659834,Good
1.88613080708001,6.170482630964526,1.0888152879906725,2.3584902267920187,Bad
1.9916392929432325,3.4965030552254346,1.2028760202098718,1.908989651897432,Good
3.722305137719188,1.3786165770958003,1.1480761849980567,2.5682571617428263,Moderate
2.3123709780534587,5.5394234510901,1.0389327197823552,1.5843507473629632,Bad
1.5692549380250704,3.3805517284898454,1.0109498204430625,1.0,Good
1.5052254177241555,5.977198868357119,1.0011659634667702,1.274695195324981,Bad
2.416243629940296,3.859312390227485,1.1702292949863973,1.729189421939597,Moderate
2.89845121314195,4.332583111597236,1.1995302448503693,1.609322601967707,Moderate
2.046282455547847,3.789173669320488,1.042129821997668,1.500620177607999,Moderate
2.8938624547175578,1.9820367468422329,1.156449843762145,1.7491676248243118,Good
2.096446697888452,4.9321224614284365,1.0559657986785853,1.4944506323840456,Moderate
2.777870068013449,2.1831768034243764,1.0389327197823552,1.983906414379863,Good
3.919184203238736,1.6192274118401817,1.0,3.4622646598119715,Moderate
1.2272746963815475,5.732707213697506,1.025317863972017,1.2197554370590649,Moderate
5.469913147877187,2.968048967743971,1.1107149568596968,3.0826859970115867,Bad
1.518779111331671,5.638053069423556,1.0316328488146134,1.374583812412156,Bad
1.6369065377440275,3.788321782022023,1.0687912848814614,1.2447284903320084,Good
1.415023327763456,4.73883869882103,1.094124287602021,1.3096555520379822,Good
1.9163929294323248,4.174889307236835,1.2308589195491644,1.1698117278495772,Moderate
5.007218252595478,3.2520114005658214,1.0912485969685193,3.687014947259265,Bad
1.995495108998519,2.325158019835301,1.0097331799455889,1.7841291802055128,Good
2.626442652430116,3.0823911740269025,1.0457902090944422,1.4744724294993308,Moderate
2.0776350908865093,4.312895049588255,1.2420520792848817,1.6542726594571655,Moderate
1.6073454963097151,2.9640734936844653,1.029148862806063,1.1997784328425498,Good
2.9405143913036387,2.790572447230314,1.0644823381267003,1.7691458277090266,Moderate
2.8972827879431886,5.2042531262160425,1.2774970944422852,1.5144288352687607,Bad
2.034754027985061,4.632352786512836,1.141131137193937,2.228634904711871,Good
3.930401046448729,1.7887529842348264,1.1630308060629615,3.122641204112817,Moderate
1.2860295986001085,3.92244670445821,1.0343426568208318,1.15982202707312,Good
1.2720084962149694,2.2699746537235885,1.0279828993392923,1.0,Good
1.6557181447459706,7.168326619900508,1.0932763218033423,1.544395540261733,Bad
3.857491533335344,2.5459861384264277,1.1058483668869024,2.0088794676528066,Moderate
1.051597491665339,2.63278398872564,1.083948698017878,1.829079237694972,Good
1.4541654429282402,5.192421358181798,1.2372463241352507,1.5044391344923034,Moderate
1.906027380337946,4.746694992795767,1.174257153517295,1.1048834674754036,Moderate
1.8922066052141973,4.048620678775386,1.0443062479595802,1.5593788927582195,Good
2.3488257023617183,4.87684444117245,1.0364994387874078,1.3346286053109258,Bad
2.107196196817686,5.677523847585793,1.1270890104935871,1.034961555381201,Bad
1.5750970640188784,4.719150636812048,1.0209871745044694,1.0299667049929724,Moderate
1.7282771174003533,4.0959477509123605,1.0979401476875243,1.3695889620239272,Good
1.5885338893077725,4.009244554757423,1.125923047026817,1.0649282603741737,Good
1.4944759832917862,4.809829307026492,1.0116595507190052,1.6293008048524218,Bad
3.81147695476506,1.4417508913265251,1.1310108418188884,3.167591261602275,Moderate
2.7226037367032463,4.151225771168347,1.1597357077341623,1.6193123027441645,Moderate
1.4879327763799757,6.375598161606176,1.0466381748931208,1.1048834674754036,Bad
1.1177768859533548,6.840917934856914,1.0279828993392923,2.198668199718899,Bad
1.5401612408715168,2.841780339282521,1.2751651675087443,1.0,Moderate
2.1889857027435395,4.9123397452751805,1.026766258841819,1.3246389045344684,Bad
1.0,5.239748430318774,1.0133831294209097,1.11986681997189,Good
1.9478234769834015,4.7309824048462925,1.058399107656432,2.178689996834184,Moderate
2.8623469647958277,3.319026534711778,1.0233190734551108,1.609322601967707,Moderate
1.5328002137168106,4.620521018478592,1.031798759424796,1.3845723145204134,Good
2.4161268261185387,3.015376039880946,1.099765108433735,1.6492790077371366,Good
2.932101742771928,3.9461102405266977,1.0072998989506412,2.0488346747540365,Bad
3.216346777625926,3.729162941850804,1.121259221142635,2.318535019690789,Moderate
2.632943355908168,2.3882923340660263,1.2640125829770694,1.7741394794290557,Bad
2.3436846572859134,5.642028543483062,1.053633899727944,1.484462130275788,Bad
2.9725290869572314,4.794022064932743,1.406918003886514,1.4544954252828155,Bad
2.005076118232126,5.247604724293511,1.2448503692188106,1.6243059544641931,Bad
2.832297295115444,3.092897784041311,1.071229211037699,1.6143174523559356,Moderate
1.862645563779885,4.628377312453329,1.1177613587252235,1.3196452528144396,Bad
3.549028248315251,3.232228684412566,1.1061018359891177,2.0638180272505227,Moderate
1.733651834616538,6.288800311306964,1.1037699090555773,1.5943392494712207,Bad
1.9755150767978145,5.500047327072137,1.0909444228527012,1.5044391344923034,Bad
1.7309644437600131,2.7314136070590957,1.030314798289934,1.3346286053109258,Good
3.856673648595584,1.2484671287191191,1.280994956859697,2.862930559952522,Moderate
1.3084632850200937,3.953966534501435,1.0231163093664983,1.0,Good
1.5496254462833672,3.9461102405266977,1.0025438973960357,1.4395120727863295,Good
1.7578381588346657,3.677955049798597,1.0454722114263506,1.389567164908642,Good
2.38857957028706,3.788321782022023,1.0582976976292269,3.4972250165249728,Moderate
3.380775535668497,4.545554936213623,1.0620490291488536,1.9988897668763488,Moderate
2.4646162783765515,5.468432842884638,1.2238631947143412,1.6992227169466243,Bad
2.93783764242977,4.600832956469611,1.2372463241352507,1.5543840423699908,Bad
1.682591795323758,6.474133125795357,1.095608248736883,1.1398450228566048,Bad
1.7470886599054318,4.596857482410105,1.3089778561989895,1.3695889620239272,Moderate
1.7309644437600131,6.020645120578863,1.1702292949863973,1.4395120727863295,Bad
4.210822191195408,1.3589285150868189,1.0851653385153517,3.9617089439160456,Moderate
1.7900865911255024,3.350546364755004,1.305479993781578,1.2097669349508071,Good
2.0534487666683816,3.6029889675336286,1.005829761368053,1.5044391344923034,Good
2.7467900609213736,3.0114005658214404,1.0582976976292269,1.2247502874472935,Moderate
3.181166704852394,6.789710042804707,1.031798759424796,1.6243059544641931,Bad
4.788489713255325,2.3409652619290515,1.0717822090944422,3.0027743841409267,Moderate
2.547924749960168,1.7138815561141318,1.1399144966964632,1.5244173373770182,Good
3.656656552626679,2.898383517558344,1.1423478056743102,2.178689996834184,Moderate
1.967452968725105,5.164782348053805,1.246016332685581,1.938956356890404,Bad
1.214989527106624,4.805853832966987,1.0,1.1947835824543211,Good
1.3977306864192758,6.024525940494094,1.0676253493975905,1.0,Bad
2.620483722614551,4.880819915231955,1.083948698017878,2.253991531808725,Bad
2.315175172731741,2.755077143127583,1.3540445114652158,1.0,Bad
1.4031054036354604,5.464552022969405,1.0338126607073457,1.0,Moderate
1.6046581054531908,6.383454455580914,1.1737271574038088,1.2297451378355222,Bad
1.6100328226693752,5.109598981942092,1.335794792071512,1.5993340998594494,Bad
1.6046581054531908,4.640209080487574,1.0443062479595802,1.15982202707312,Bad
2.4001194137948776,5.993006110450869,1.0163233486202876,2.7380688895924035,Bad
2.010450899945176,4.1157304670656165,1.3859308293820445,1.4794672798875594,Moderate
2.5049268187400973,6.6161143422062825,1.1154294597745822,1.0899001149789174,Bad
3.857491533335344,2.5459861384264277,1.1058483668869024,2.0088794676528066,Moderate
2.7442195383834718,2.790572447230314,1.0,1.5743622452547057,Good
2.475015236846784,2.9640734936844653,1.0231163093664983,1.7491676248243118,Good
1.8411466304182824,3.350546364755004,1.034978624174116,1.529412187765247,Good
1.5356044083950926,4.525866874204642,1.0790821080450836,1.0,Moderate
4.136160040283882,3.12186195218914,1.2693354061406918,1.8940062994009452,Moderate
1.6039251630840845,3.429487921079477,1.0,1.059933409985945,Good
1.81427291534363,4.285256039460261,1.212203643995336,1.4744724294993308,Moderate
1.620782321598609,5.196302178097031,1.2355227454333464,1.1298553220801475,Moderate
2.0431666765167718,4.872963621257218,1.0462326187329964,1.0149833524964862,Bad
2.8212685892594367,3.3584973128740154,1.031980452390206,1.5094339848805318,Moderate
2.360042610068576,5.791866053868725,1.0510992087057909,1.3945620152968707,Bad
3.5378114051052583,3.3860416688577346,1.081515389040031,3.112652702004559,Bad
1.8917392609334387,2.9285781895817338,1.0109498204430625,1.4944506323840456,Moderate
2.6339205479034447,1.6704353038923887,1.8476486684803728,1.6193123027441645,Moderate
1.4461033348555312,4.742814172880536,1.0139914496696465,1.329633754922697,Good
3.5742661294135183,4.825636549120242,1.0863820069957248,2.103773234351753,Bad
1.9728276859412897,2.538129844451689,1.1853867081228138,1.0,Moderate
2.459241561160366,4.462732559973917,1.1737271574038088,2.2685901118131016,Moderate
3.5180651095417974,2.6012641586824143,1.0746210742324136,1.4544954252828155,Moderate
2.010450899945176,4.9281469873689305,1.125923047026817,1.2297451378355222,Bad
3.2702896332749134,5.330427100533218,1.0024333089778468,1.6243059544641931,Bad
1.2660495663994038,4.277399745485523,1.005829761368053,1.0,Good
2.32218572392431,5.468432842884638,1.2576758554216867,1.2397336399437795,Moderate
3.2770197521002813,4.908458925359948,1.01703307889623,2.128746287624696,Bad
1.892772371710308,4.857156379163468,1.0471291068791295,1.3371254311709402,Bad
4.734954800274817,1.4772461954292564,1.162067634667703,3.067702644515101,Bad
1.6730107860901504,6.478108599854863,1.150864317139526,1.3446171074191833,Bad
2.0212003343775446,3.8435998022780096,1.1352506708122814,1.6243059544641931,Moderate
2.397432087435217,5.618365007414575,1.1865526715895842,1.5144288352687607,Bad
2.1260077393227643,5.2752437344215055,1.0757870097162845,1.5094339848805318,Bad
1.9057602988217133,5.290956322370981,1.024332949863972,1.409545367793357,Bad
1.493541230233404,4.679679858649811,1.068685285658764,1.3596004599156697,Good
2.555986858032877,2.63278398872564,1.0804508356004665,1.799112532701999,Good
1.7363392254730623,5.496071853012631,1.1830548091721729,1.6293008048524218,Bad
1.986264575727048,3.4886467612506964,1.1865526715895842,1.6342956552406505,Moderate
2.62854583068726,3.563518189371391,1.036144587640886,1.9239730043939176,Good
1.7873992002689778,5.835217651946195,1.3171395165176836,1.0749167624824312,Bad
2.0561361575249064,5.2752437344215055,1.216867469879518,1.604328950247678,Bad
2.6177963317580266,1.9741804528674949,1.036144587640886,2.2036630501071275,Good
1.072558972654383,3.046895869924171,1.0,1.3096555520379822,Good
1.368169580488099,5.271268260362,1.0104935872522347,1.419533869901615,Moderate
1.4256793062390465,2.0806663651756887,1.1480761849980567,1.294672199541496,Good
2.8327859233615147,2.4276684580839896,1.0454722114263506,1.4794672798875594,Moderate
1.6584054711056306,3.5438301273624093,1.1702292949863973,1.2197554370590649,Moderate
1.2499253502539855,3.1928525603946025,1.0,1.0199782028847149,Good
1.193490593745021,5.551255219124344,1.049086678585309,1.0,Good
1.8328507857083287,5.081959971814099,1.2627959144966965,1.1498335249648624,Moderate
2.459241561160366,5.996981584510375,1.247182268169452,2.133739939344725,Bad
3.1340049850486595,3.1297182461638777,1.1131482378546445,2.1637066443376973,Moderate
2.984744406127813,2.00570028291072,1.4698795273999223,1.724195770219568,Bad
2.757539559850607,4.801973013051755,1.1107656338904004,1.5793558969747346,Moderate
1.5455359580877015,2.3369897878695456,1.0,2.15371814222944,Good
1.9378919272907928,6.324295615409695,1.108433734939759,1.639289306960679,Bad
1.246770615116702,3.29536299864329,1.0496060411970465,1.329633754922697,Good
1.835771848705233,3.374209900823491,1.0466381748931208,1.3995556670168998,Good
2.27112568463153,6.37162268754667,1.0582976976292269,1.7941176823137703,Bad
2.1985667119771475,2.3803413859470144,1.0314807617567043,1.7042175673348532,Good
1.5636464841716418,4.801973013051755,1.0012166404974738,1.5044391344923034,Good
2.5318005338147493,5.610414059295563,1.15507190983288,2.5682571617428263,Moderate
1.66459813755844,5.894376492117413,1.1877186070734551,1.7142060694431107,Bad
2.657288987381812,5.673548373526288,1.0778654675476098,1.6243059544641931,Moderate
1.8303971314890488,4.857156379163468,1.481539050136028,1.0,Bad
1.9325171455777437,4.269543451510785,1.212203643995336,1.1148719695836613,Good
3.661196744912041,3.993437312663673,1.0559657986785853,2.0638180272505227,Bad
1.6814233701249963,7.247173522080708,1.048665899727944,1.544395540261733,Bad
2.7189816572852035,4.218240905314305,1.06486945355616,1.744172774436083,Moderate
2.421618411653345,1.954397736714239,1.1177613587252235,3.50721471730143,Good
1.5643475650896446,5.022801131642881,1.191216469490867,1.609322601967707,Moderate
1.3009853895467651,3.3308583027460217,1.234356781966576,1.0,Moderate
3.1620470608252087,2.2778309476983267,1.049882568208317,2.4184236367779635,Good
1.9325171455777437,4.675704384590305,1.0396424500582977,1.5094339848805318,Moderate
3.3836965986654013,2.810260509239296,1.0617955600466382,1.4794672798875594,Moderate
2.4357563178602417,4.604713776384843,1.0559657986785853,1.389567164908642,Bad
1.002804194678282,4.166181125963632,1.0,1.0299667049929724,Good
2.437742627798764,5.3501151625422,1.0326467252234746,1.4395120727863295,Bad
1.0953431995333696,6.119180084768044,1.0326467252234746,2.198668199718899,Bad
2.3740636479568504,3.670004101679585,1.0,1.8091010348102567,Good
1.4326664450697726,3.0902474680016403,1.1154294597745822,1.0,Good
2.741415343705189,6.478108599854863,1.0114475522736106,1.6742508623418806,Bad
2.8535837758051152,4.947835049377912,1.0,1.99389611515632,Bad
3.606748298341599,5.910183734211162,1.3439564803731052,2.133739939344725,Bad
1.0,4.466708034033423,1.0133831294209097,1.1897887320660925,Good
2.73335323563248,5.709043677629019,1.1713952584531675,1.9639294101633475,Bad
1.8833266124017285,8.970636181020794,1.024332949863972,1.4894557819958172,Bad
1.4749314339207371,5.803697821902969,1.010175589584143,1.0,Moderate
1.8328507857083287,2.9837615556934467,1.3576944609405364,1.6892342148383668,Bad
2.381307871289799,1.6704353038923887,1.0408083855421686,1.3945620152968707,Good
1.9728276859412897,5.744538981731751,1.101438010104936,1.3246389045344684,Bad
1.6315318205278428,2.889107411419497,1.1002720466381657,1.094894965367146,Good
1.86802028099607,5.780034285834482,1.309144410415857,1.4594890770028446,Moderate
1.833084522345573,6.213834229041995,1.1595025262339682,1.3396222570309548,Bad
2.438560512538524,2.1082107211594083,1.225079835211815,1.589345597751192,Moderate
2.741415343705189,5.728731739638,1.0206830003886511,1.8790229469044597,Bad
2.327560441140495,4.84930008518873,1.2017100567431014,1.329633754922697,Bad
2.6124216145418417,4.2970878074945045,1.2541779930042751,1.6742508623418806,Bad
3.3514481663745643,1.0591588401712189,1.6067201305868637,2.533296805029825,Moderate
1.1908032028884965,2.90093917945374,1.0163233486202876,1.1448386745766337,Good
1.7543328832383809,3.512310297319184,1.0152634123591138,1.7841291802055128,Good
3.0638996666135574,5.30676356446473,1.0194663598911775,1.4445057245063584,Bad
1.6674023322367215,4.103898699031372,1.0048665899727944,1.3596004599156697,Good
2.201254102833672,4.092066930997129,1.1002720466381657,1.3795786628003843,Moderate
3.456489307957028,4.648160028606586,1.0060832304702685,2.648168774613486,Bad
2.045386658595673,4.916315219334686,1.2378546443839875,1.5843507473629632,Bad
2.8967941596971176,4.64418455454708,1.0715118663039254,2.0488346747540365,Moderate
1.550910739800751,6.178338924939263,1.0932763218033423,1.4644839273910732,Bad
1.0767819693597325,5.422904199488867,1.0159902401865526,1.0998886170871751,Good
2.351629961536865,3.4097052049262224,1.01703307889623,1.3446171074191833,Good
2.096446697888452,5.55523069318385,1.087598647493199,1.2247502874472935,Bad
1.773962374980084,6.493915841948613,1.0,1.6992227169466243,Bad
2.437742627798764,1.7848721643195944,1.0687912848814614,1.6342956552406505,Good
1.6664675791783397,4.624496492538098,1.0314807617567043,1.7042175673348532,Moderate
2.56727380933467,2.534154370392184,1.100981776914108,1.639289306960679,Moderate
1.6674023322367215,4.103898699031372,1.0048665899727944,1.3596004599156697,Good
5.307853101683242,1.5994446956869262,1.3404586179556937,4.466149277076549,Bad
2.660794262978097,2.9877370297529526,1.1362645472211426,1.6592675098453944,Moderate
2.3409973309262533,4.9123397452751805,1.0816167990672367,1.8490562419114869,Bad
2.2086151299883783,4.920290693394192,1.015816410415857,1.3196452528144396,Bad
1.443065403540005,4.072284214843873,1.167897396035756,1.0,Good
1.8945434556117209,6.292775785366469,1.125923047026817,1.4245287202898431,Bad
2.702156360221782,2.7314136070590957,1.141131137193937,1.5094339848805318,Good
1.86802028099607,3.070559405992659,1.0408083855421686,1.5094339848805318,Good
1.556285457016935,4.419380961896448,1.036144587640886,1.744172774436083,Moderate
1.6664675791783397,6.5609309760945695,1.1422463956471045,1.094894965367146,Bad
2.698417412485118,3.232228684412566,1.0617955600466382,1.8140958851984847,Moderate
2.045386658595673,6.986874625327346,1.0757870097162845,1.6342956552406505,Bad
2.601672115612608,6.241473239169988,1.125923047026817,1.0987139222514504,Bad
1.599283388237006,4.226097199289042,1.174893120870579,1.1997784328425498,Moderate
1.8046751369252312,4.028932616766404,1.2467582992615625,1.7841291802055128,Bad
1.857270846563701,5.267292786302494,1.1107656338904004,1.2697003449367523,Bad
1.9728276859412897,3.737113889969816,1.3789351045472211,1.3396222570309548,Moderate
2.0319498333067787,5.701187383654281,1.1783909832879906,1.7541624752125404,Bad
1.8945434556117209,4.139394003134104,1.0178073097551497,1.5493891919817622,Good
3.027044287782516,3.4965030552254346,1.1119315973571706,1.6792457127301093,Moderate
2.848910139506933,6.024525940494094,1.1527399828993392,1.569367394866477,Bad
1.7578381588346657,4.991281301599655,1.1713952584531675,1.2197554370590649,Bad
2.800303754433434,3.81198531809051,1.0559657986785853,1.2796888470450098,Moderate
1.4795201923451295,3.737113889969816,1.0571824391760591,1.329633754922697,Good
2.0319498333067787,6.379478981521408,1.0025438973960357,1.5643725444782484,Bad
1.954016143436211,3.788321782022023,1.0991061111542946,1.5643725444782484,Good
1.9469312273587789,5.042489193651862,1.0076316921881072,1.609322601967707,Bad
2.148658457692067,2.280102647160901,1.0026650353672757,1.839067739803229,Good
2.7722616786568848,3.4806958131316845,1.0778654675476098,1.5144288352687607,Moderate
2.5086657664767618,4.151225771168347,1.326061612125923,1.1298553220801475,Moderate
1.4094148739100274,4.226097199289042,1.01703307889623,1.214761785339036,Good
1.072558972654383,5.732707213697506,1.0466381748931208,1.0249718546047435,Good
1.5776675865567809,4.5850257143758615,1.0305267967353284,1.349611957807412,Moderate
2.170618092157377,3.0784156999673966,1.0654100272055966,1.3945620152968707,Good
3.0022069967101657,3.756801951978797,1.0133831294209097,1.7591561269325693,Moderate
1.330896971440079,3.760777426038303,1.031798759424796,1.3596004599156697,Good
1.5052254177241555,5.077984497754594,1.0874465604352896,1.11986681997189,Bad
1.7820244830527932,2.908890127572752,1.1492421204819276,1.7591561269325693,Good
5.01843509580547,2.356677849878527,1.032849489312087,3.142619406997532,Bad
1.8223350234163396,4.147250297108842,1.0582976976292269,1.2697003449367523,Good
1.66459813755844,5.894376492117413,1.1877186070734551,1.7142060694431107,Bad
2.747023797558618,4.289231513519767,1.0571824391760591,1.4594890770028446,Moderate
2.08522985467846,5.705068203569513,1.352827870967742,1.314650402426211,Bad
3.9023589061753152,1.5837321077374504,1.3031480668480373,3.4173146023225125,Bad
1.3332338218376023,2.3369897878695456,1.0513019727944035,1.469478777779302,Good
2.4217352154751026,3.673979575739091,1.2725290944422851,1.2597118428284946,Moderate
2.93490593745021,5.342258868567462,1.0012166404974738,2.07380652935878,Bad
3.041465980193572,1.5245732675662316,1.1070650073843762,2.1087680847399817,Moderate
2.023887725234069,5.7405635076722445,1.3859308293820445,1.0849052645906887,Bad
1.4016395833941129,4.336558585656741,1.0173227578701904,1.3596004599156697,Good
2.4862320800567765,3.953966534501435,1.0310921072677808,1.469478777779302,Moderate
2.1125709140338707,7.235341754046464,1.113203560046638,1.3795786628003843,Bad
1.4729769854333186,5.874688430108432,1.1923824329576371,1.3945620152968707,Bad
2.770732071016466,5.630196775448819,1.0496060411970465,1.6193123027441645,Bad
2.155568845253941,1.7414259120978512,1.4080839393703848,1.5044391344923034,Bad
2.4861152762350187,4.991281301599655,1.2320248830159346,1.6243059544641931,Bad
1.9590403201933944,3.804129024115772,1.0571824391760591,1.5843507473629632,Good
1.8693055745134532,6.056140424681594,1.0024333089778468,1.1798002299578347,Bad
1.733651834616538,4.801973013051755,1.1340847353284105,1.389567164908642,Bad
1.8492087384909917,5.081959971814099,1.1340847353284105,1.5094339848805318,Bad
2.782458826437841,5.681404667501026,1.270501369607462,1.1947835824543211,Bad
3.041465980193572,5.878663904167937,1.0255495903614458,1.3596004599156697,Bad
2.0319498333067787,4.825636549120242,1.0903084554994171,1.466148877520483,Moderate
1.437457014183441,6.012694172459851,1.0644823381267003,1.3396222570309548,Moderate
2.445804735871473,5.058296435745612,1.054799835211815,2.1886796976106413,Bad
1.9730614225785337,5.377754172670193,1.0255495903614458,1.389567164908642,Bad
1.827709740632524,3.918471230398704,1.2681694426739214,1.3246389045344684,Bad
2.1693562110018365,6.6319215843000325,1.0291995398367664,1.4345172223981009,Bad
2.3320004697951617,3.390017142917241,1.0,1.349611957807412,Good
1.784711873909318,2.971929787659203,1.0,1.3346286053109258,Good
2.2872499007769487,4.967617765531168,1.0524679362611735,1.958934559775119,Moderate
3.305061827876831,1.8360800563718012,1.2238631947143412,1.839067739803229,Moderate
2.5675542417018717,5.559206167243356,1.01703307889623,1.2597118428284946,Bad
1.7873992002689778,4.999137595574393,1.172561221919938,1.5344058394852758,Moderate
1.6029054676550485,5.243629250234005,1.0279828993392923,1.449500574894587,Bad
1.328092776761797,3.63848427163636,1.0381584889234357,1.2297451378355222,Good
1.2103158908084422,4.83349284309498,1.0024333089778468,1.0,Good
3.2708270856474724,1.8242482883375577,1.0928523528954528,1.8790229469044597,Moderate
2.4553857451050805,6.154675388870776,1.008516539448115,1.419533869901615,Bad
1.1346021830167758,4.687536152624549,1.0145997699183833,1.2397336399437795,Good
1.8814571707818284,1.7414259120978512,1.0431403124757093,1.5194224869887896,Good
4.704363421428813,1.354953041027313,1.0389327197823552,2.1836848472224126,Bad
1.712152901254935,5.251580198353017,1.0909444228527012,1.2397336399437795,Moderate
1.4598907006034263,5.977198868357119,1.0571824391760591,1.983906414379863,Moderate
1.6288444296713185,2.5854569165886647,1.0,1.4442120507974272,Good
2.4726783864492603,5.716899971603756,1.0693742806062962,2.1187565868482388,Bad
1.8045135077825896,4.813804781085999,1.2153466552662262,1.1048834674754036,Moderate
2.32218572392431,5.642028543483062,1.2075398460940536,1.2647054945485237,Bad
2.292624682489998,2.699799122871596,1.167897396035756,2.5183134525333384,Good
2.264699410535206,1.6665544839771569,1.0966681849980566,1.8690344447962015,Good
2.64607214417182,3.1888770863350966,1.01703307889623,1.4395120727863295,Good
2.2039414936901967,4.671823564675073,1.4535561507967354,1.5993340998594494,Bad
1.5643475650896446,2.4513319941524774,1.0268169358725223,1.3096555520379822,Good
1.6730107860901504,3.4531514571479653,1.102603973571706,1.11986681997189,Good
1.0336505296299778,4.516401459777248,1.0,1.154828375353091,Good
1.6281433487533157,4.127562235099861,1.094124287602021,1.4445057245063584,Good
1.2635959121801232,3.630627977661622,1.0279828993392923,1.3995556670168998,Good
2.2281278179083244,3.831768034243766,1.0331130882238633,1.958934559775119,Moderate
1.970257163403387,5.1844704100627865,1.0,2.0338513222575503,Bad
3.4508808541036,2.975905261718709,1.015816410415857,1.4894557819958172,Moderate
1.0671842554381985,5.22791666228453,1.0186552755538285,1.2397336399437795,Good
1.737507650671824,6.454445063786376,1.060629624562767,2.198668199718899,Bad
1.8303971314890488,3.6029889675336286,1.1569475755926937,1.1947835824543211,Moderate
1.7417139426892472,4.841349137069718,1.0944422852701128,1.414539019513386,Moderate
1.8693055745134532,6.056140424681594,1.0024333089778468,1.1798002299578347,Bad
2.054383519726764,4.825636549120242,1.0364994387874078,1.544395540261733,Moderate
3.955638927546996,1.1735010464541509,1.0435289669646328,1.938956356890404,Moderate
4.306165390728778,1.0,1.1094982883793238,2.683130329994687,Bad
2.107663541098445,5.393561414763943,1.0,2.07380652935878,Moderate
2.289937291633473,3.859312390227485,1.3019821313641664,1.1448386745766337,Moderate
3.1310839220517552,2.313326251801058,1.1061018359891177,1.7042175673348532,Moderate
1.860892925981743,7.629765573236014,1.0060832304702685,1.6592675098453944,Bad
1.9567034697958712,6.142843620836532,1.1469102215312863,1.314650402426211,Bad
2.663481653834621,3.63848427163636,1.1515740474154683,1.529412187765247,Moderate
3.9107715547070256,1.2879379068813563,1.068132287602021,2.8529408591760648,Moderate
1.3981980307000346,3.73313841591031,1.0305267967353284,1.2796888470450098,Good
1.6169265055433228,5.212109420190781,1.1628096012436844,1.4794672798875594,Bad
3.461630353032833,1.5205977935067256,1.1783909832879906,2.9728076791479543,Bad
2.968556467080188,3.965798302535679,1.090031928488146,2.288568314697816,Moderate
1.4309563107053895,1.4929587833787323,1.0,1.5993340998594494,Good
3.0370259515389053,3.1967333803098343,1.2191993688301594,1.7691458277090266,Good
2.0291456386284965,2.435619406203001,1.031798759424796,1.3096555520379822,Good
1.2579874583266948,2.9995687977871963,1.0326467252234746,1.0699219120942025,Good
2.023887725234069,4.758526760830012,1.1888845705402251,1.7591561269325693,Moderate
2.209316210906381,3.6936676377480726,1.101438010104936,1.6642623602336228,Moderate
3.305061827876831,2.25416741162984,1.0145997699183833,2.2635964600930727,Moderate
3.0330533316618618,4.368078415699968,1.0316328488146134,1.6243059544641931,Bad
1.8223350234163396,6.312463847375451,1.1422463956471045,1.0998886170871751,Bad
2.5237384257420405,2.687967354837353,1.2739992320248736,1.5094339848805318,Good
3.605112464365214,4.20640913728006,1.1240980862806065,2.083796230135237,Bad
2.32218572392431,3.2480359265063155,1.0647104547221142,2.2186464026036137,Good
1.0673010592599557,4.841349137069718,1.0912485969685193,1.0,Good
1.2176769179631486,5.669572899466782,1.0011659634667702,1.5943392494712207,Moderate
1.9225855958851343,6.237497765110482,1.01703307889623,2.158712992617669,Bad
2.0534487666683816,6.46627683182062,1.2203653322969297,1.389567164908642,Bad
4.149129521292018,4.723031456727281,1.1070650073843762,2.2685901118131016,Bad
2.3114362249950764,4.040764384800648,1.2910221531286437,1.4644839273910732,Moderate
3.03866178551529,2.1437060252621394,1.0,2.293563165086045,Good
1.8945434556117209,5.077984497754594,1.0060832304702685,1.3845723145204134,Bad
2.163630953326651,3.808104498175278,1.0466381748931208,1.4045505174051285,Good
2.0803224817430337,3.204684328428846,1.1574038087835212,2.0288564718693216,Good
2.01582561716136,7.665260877338746,1.3474543427905168,1.1947835824543211,Bad
1.720682353608403,4.166938359117824,1.032849489312087,1.0,Good
3.29232608350594,4.81768560100123,1.1655654970851146,1.5543840423699908,Moderate
1.9997014010159415,5.22791666228453,1.0608323886513795,1.4045505174051285,Bad
2.4323678460857145,2.1950085714586205,1.0,1.3995556670168998,Good
2.013138226304836,2.3843168600065203,1.101438010104936,1.174805379569606,Good
2.421618411653345,1.504790551412976,1.3835989024485036,1.5493891919817622,Good
2.6001365097637827,2.9917125038124586,1.526808497473766,1.983906414379863,Bad
1.0729095131133843,4.557386704247867,1.0012166404974738,1.3596004599156697,Good
1.357664460178765,2.534154370392184,1.0,1.3396222570309548,Good
1.5384086030733746,4.797997538992249,1.068132287602021,1.0899001149789174,Moderate
1.600101272976766,5.874688430108432,1.024332949863972,1.0,Bad
1.988951902086708,1.453582659360769,1.3637776914108044,1.3995556670168998,Bad
1.6281433487533157,5.003113069633899,1.0,1.2497221420520372,Good
1.171991660383418,5.914159208270668,1.0233190734551108,1.8091010348102567,Bad
3.4391541631790887,1.812416520303314,1.0517683637776911,1.864039594407973,Good
2.2400988229558703,3.910614936423966,1.058399107656432,1.859045942687944,Good
2.142515905303038,1.7848721643195944,1.0279828993392923,1.4445057245063584,Good
1.732039413001996,5.251580198353017,1.0817333758258842,1.5194224869887896,Bad
2.3272775578924394,5.4566010748503935,1.0765847741935484,1.1348501724683762,Bad
1.297246441810101,3.4728395191569468,1.0,1.0,Good
2.009516146886793,3.3623781327892472,1.068685285658764,1.6742508623418806,Good
3.5933114085558406,2.02150752500447,1.1643995336183444,2.058823176862294,Moderate
1.5831591720915876,3.374209900823491,1.380101040031092,1.294672199541496,Bad
3.7228893503185687,3.0074250917619345,1.0474492592304705,1.6642623602336228,Moderate
2.252314142126452,5.1844704100627865,1.1061018359891177,1.5493891919817622,Bad
1.9152412089214903,4.781906334465678,1.063960904780412,1.8009285150245733,Good
2.851597465866593,3.871144158261729,1.1900505340069958,1.779134329817284,Moderate
2.578771084911864,2.889107411419497,1.0827320575204042,1.6143174523559356,Moderate
3.7599283517230737,1.532429561540969,1.150408083948698,2.9628191770396968,Moderate
1.986264575727048,4.49037157010191,1.0069957248348231,1.254716992440266,Moderate
1.193490593745021,6.000862404425607,1.0121664889234356,1.059933409985945,Moderate
2.437742627798764,2.109535879179244,1.0559657986785853,1.529412187765247,Good
1.437457014183441,5.160806873994299,1.0,1.3246389045344684,Good
2.445804735871473,1.7730403962853507,1.0209871745044694,1.9289678547821465,Good
2.819933246175137,5.661716605492043,1.0304162083171395,1.3446171074191833,Bad
1.600101272976766,2.849731287401533,1.0559657986785853,1.1897887320660925,Good
2.2657509674153458,5.464552022969405,1.0921103863194714,1.6542726594571655,Bad
5.806418508673829,1.6940988399608763,1.1958802953750487,4.922913781261433,Bad
1.2311137432520425,4.703343394718299,1.0,1.0899001149789174,Moderate
1.3168758690549398,4.636328260572341,1.015816410415857,1.329633754922697,Good
2.768289058779841,5.342258868567462,1.3171395165176836,1.709212417723082,Bad
2.668856371050806,5.121430749976336,1.1189273221919938,1.1248616703601186,Bad
1.7470886599054318,3.4413196891137217,1.0011659634667702,1.1398450228566048,Good
1.9094057906015989,3.0140508818611105,1.069290975514963,1.6792457127301093,Good
1.518662307509914,4.352365827750491,1.0571317621453555,1.5144288352687607,Good
1.6421644511384548,4.174889307236835,1.0,1.4944506323840456,Moderate
1.5912212801642969,2.873394823470021,1.1247570835600469,1.4994454827722743,Good
1.5636464841716418,2.6959183029563643,1.1046316984065294,1.374583812412156,Good
1.1961779846015457,2.758957963042815,1.0233190734551108,1.1298553220801475,Good
1.6421644511384548,5.784009759893987,1.0513019727944035,1.0,Moderate
1.9169771420317057,1.0315198300432251,1.0457902090944422,1.7391791227160542,Good
1.720682353608403,4.064427920869136,1.0231163093664983,1.094894965367146,Good
1.6029054676550485,2.0530273550476954,1.0024333089778468,1.729189421939597,Good
5.651836357953213,2.5933132105634025,1.032849489312087,3.1276360545010453,Bad
1.6449686458167367,5.993006110450869,1.204041983676642,1.0,Bad
2.502239492380437,2.971929787659203,1.0524679362611735,1.4994454827722743,Moderate
2.12168457898672,5.338283394507956,1.0699572483482316,1.389567164908642,Bad
3.0397133423954297,1.3707602831210628,1.1690633595025262,2.383463280064962,Good
1.529995954541664,3.165213550266609,1.0,1.1498335249648624,Good
2.1152583048903955,1.3746411030362946,1.3416245534395648,1.5094339848805318,Bad
1.550910739800751,5.152950580019562,1.2973183054799844,1.1798002299578347,Bad
1.92138376131052,5.468432842884638,1.2810456338904004,1.5943392494712207,Bad
1.6180949307420844,4.237928967323287,1.1923824329576371,1.3795786628003843,Moderate
2.3732457632170902,4.648160028606586,1.631947134084726,1.7941176823137703,Bad
1.3923559047062266,4.801973013051755,1.0186552755538285,2.043839824365808,Good
3.349929265213666,2.2818064217578327,1.0364994387874078,2.7230855370959173,Moderate
1.693341294252992,4.541674116298392,1.1527399828993392,1.544395540261733,Moderate
2.539862641887459,3.930302998432948,1.1643995336183444,1.899001149789174,Moderate
2.1905046039044382,6.103467496818569,1.1189273221919938,1.6492790077371366,Bad
3.776296881991528,1.6665544839771569,1.1144754947532065,3.432297954818999,Bad
1.7712749841235595,5.977198868357119,1.0,1.2247502874472935,Bad
1.20155270181773,6.142843620836532,1.0256510003886514,1.0,Moderate
2.4296805197260545,4.151225771168347,1.037310523124757,1.414539019513386,Good
3.192893395776905,2.5972886846229084,1.1667314325689857,2.11376293512821,Moderate
2.170618092157377,2.849731287401533,1.0,1.589345597751192,Good
2.4834278853784943,5.208133946131275,1.1865526715895842,1.639289306960679,Bad
1.1850779452133104,4.31687052364776,1.0,1.1298553220801475,Good
2.918781721304792,3.6029889675336286,1.2448503692188106,1.03995520710123,Moderate
1.7014034023257012,3.0114005658214404,1.4768752522347457,1.4894557819958172,Bad
1.4837264843625526,3.3860416688577346,1.0582976976292269,1.529412187765247,Good
4.467654962155498,1.3864728710705383,1.377160820831714,3.991675648909019,Bad
1.1048074049452197,4.774334002923761,1.0279828993392923,1.3596004599156697,Good
1.7605255496911902,3.8435998022780096,1.0932763218033423,1.2397336399437795,Good
1.9459540353635016,4.186721075271079,1.1993781577924605,1.4594890770028446,Moderate
2.045386658595673,6.12315555882755,1.1200932856587642,1.824084387306743,Bad
1.1990990475984495,5.484240084978387,1.0,1.0,Good
1.4944759832917862,3.725282121935572,1.0024333089778468,1.4544954252828155,Good
1.5524296409616491,4.159082065143085,1.018249719393704,2.543285307138082,Moderate
2.1582561716136013,4.395717425827961,1.044422852701127,1.5993340998594494,Moderate
2.0319498333067787,4.6599917966408295,1.179556946754761,1.644284157348908,Moderate
1.5189066216329494,4.032908090825909,1.0069957248348231,1.349611957807412,Good
2.5532994671763527,4.868988147197712,1.0012719626894675,1.3795786628003843,Moderate
1.6100328226693752,3.579325431465141,1.1655654970851146,1.0,Good
1.5428486317280417,4.636328260572341,1.037310523124757,1.6592675098453944,Moderate
2.688135322333508,3.5043593492001723,1.0608323886513795,1.5743622452547057,Moderate
2.7736637759960256,1.7414259120978512,1.1923824329576371,1.6243059544641931,Good
1.8814571707818284,1.7414259120978512,1.0431403124757093,1.5194224869887896,Good
1.5446401611355267,4.056003702028754,1.0590750066070735,1.6552723487357313,Moderate
3.3245745157967765,4.73883869882103,1.3591138655266226,2.897890916665524,Bad
2.5871837334435743,2.975905261718709,1.083948698017878,2.093784732243495,Good
1.0886831887998012,4.324726817622498,1.0,1.0849052645906887,Good
1.5401612408715168,5.93384727027965,1.0256510003886514,1.389567164908642,Bad
1.980889794013999,6.233616945195251,1.0862805969685192,1.469478777779302,Bad
1.427291727853588,4.750670466855274,1.0116595507190052,1.034961555381201,Moderate
1.4165422289243543,3.4846712871911905,1.0827827345511076,1.0149833524964862,Good
2.6822931963397,5.361946930576443,1.1364166342790516,1.764150977320798,Bad
2.762914277066792,3.29536299864329,1.246016332685581,1.5793558969747346,Moderate
1.8945434556117209,4.139394003134104,1.0178073097551497,1.5493891919817622,Good
3.3595102744472736,3.606964441593135,1.0652934224640498,2.1187565868482388,Moderate
1.7655497264483735,4.494347044161417,1.0437993097551497,1.2796888470450098,Moderate
2.8623469647958277,5.452720254935162,1.1923824329576371,1.449500574894587,Moderate
3.873042178864038,1.8321992364565696,1.1551779090555772,3.2375143723646778,Moderate
1.5580380948150778,3.705499405782316,1.0851653385153517,1.5493891919817622,Good
3.617497732773968,3.869535037809072,1.0944422852701128,2.3984466325614484,Moderate
1.927142428361559,3.1849016122755907,1.0226528286047416,2.038846172645779,Good
1.722902335687304,4.809829307026492,1.114263496307812,1.6193123027441645,Moderate
2.424539474650249,4.545554936213623,1.116798187329965,1.8890126476809168,Bad
2.845171191770269,4.5298423482641486,1.041366028760202,1.938956356890404,Bad
1.748724493881817,6.083684780665313,1.0652934224640498,1.3446171074191833,Moderate
3.8098199013202274,3.6424597456958656,1.1070650073843762,2.0887898818552664,Moderate
2.676918479123516,5.046464667711368,1.457054013214147,1.8540510922997155,Bad
1.693341294252992,3.689786817832841,1.1562378453167508,2.967814027427925,Good
2.1188803843084374,5.614389533355069,1.3591138655266226,1.5344058394852758,Bad
3.899554711497033,1.8203674684223257,1.2080467842984843,2.728080387484145,Moderate
1.6057096623333302,3.267723988515297,1.0,1.1298553220801475,Good
1.880522417723446,4.640209080487574,1.0036499494753206,1.709212417723082,Bad
2.5156763176693318,5.030657425617618,1.026710936649825,1.5793558969747346,Bad
1.86802028099607,5.385610466644931,1.137582597745822,1.1298553220801475,Moderate
2.6339205479034447,2.534154370392184,1.029148862806063,1.839067739803229,Good
1.5972970782984843,4.624496492538098,1.0961151869413135,1.2796888470450098,Moderate
2.3490594389989625,2.3409652619290515,1.1877186070734551,1.484462130275788,Good
2.7790384932122105,4.174889307236835,1.0104935872522347,1.6293008048524218,Moderate
1.5831591720915876,5.807673295962474,1.0198212110376992,1.639289306960679,Bad
1.1504926625249503,6.012694172459851,1.0023318989506411,1.1897887320660925,Bad
3.3555376545702296,2.0411955870134517,1.0912485969685193,2.882907564169037,Moderate
1.3896685783465663,4.356246647665724,1.0034978624174116,1.729189421939597,Moderate
2.003907693033365,4.695487100743561,1.2421129141080451,1.6742508623418806,Bad
1.4542822467499978,3.283531230609047,1.059615748153906,1.1398450228566048,Good
1.5675724083187283,4.794022064932743,1.263505644772639,1.4644839273910732,Bad
1.5384086030733746,5.018825657583375,1.0401493882627284,1.8740292951844304,Good
1.4434159439990064,4.604713776384843,1.0268169358725223,1.4345172223981009,Moderate
2.144118265406705,5.137143337925812,1.0454722114263506,1.11986681997189,Moderate
1.2692043015366874,3.255892220481053,1.0279828993392923,1.3346286053109258,Good
1.608513921508477,3.0665839319331534,1.0546938359891178,1.5044391344923034,Good
1.725589726543829,3.563518189371391,1.06645938593082,1.314650402426211,Good
1.9701403595816296,7.270837058149196,1.15507190983288,1.094894965367146,Bad
2.803224817430338,2.7432453750933394,1.0804508356004665,2.338513222575504,Moderate
2.385280491166843,5.480264610918881,1.0669156191216478,1.5344058394852758,Bad
1.5412127977516563,3.133693720223384,1.0508780038865138,1.644284157348908,Good
1.8814571707818284,4.6803424376597285,1.024485036921881,1.4345172223981009,Moderate
1.5570183993860416,5.488215559037893,1.0,1.4544954252828155,Moderate
1.6691549700348642,4.707318868777804,1.1189273221919938,1.2497221420520372,Good
3.989289457176974,3.3623781327892472,1.0912485969685193,2.0688128776387518,Moderate
2.201254102833672,3.4886467612506964,1.0466381748931208,1.4794672798875594,Good
4.687538124365392,1.8440310044908133,1.1861471154294598,4.146504024262109,Bad
1.3977306864192758,6.024525940494094,1.0676253493975905,1.0,Bad
2.201254102833672,3.117886478129634,1.2263116984065294,1.6193123027441645,Good
1.9835771848705237,6.269112249297982,1.1434123591138747,1.5493891919817622,Bad
2.220065709835615,4.28137521954503,1.3567819665759813,1.4894557819958172,Moderate
1.8492087384909917,4.640209080487574,1.0326467252234746,1.4245287202898431,Good
2.281875183560764,6.336127383443938,1.174893120870579,1.7341842723278256,Bad
1.633751802606744,7.60998285708276,1.0510992087057909,1.569367394866477,Bad
2.607046897325657,5.334402574592724,1.15507190983288,1.3096555520379822,Bad
2.134069847395474,3.7804654880472848,1.130586872910999,1.8440625901914576,Good
1.9567034697958712,2.6761355868031087,1.0396424500582977,1.3596004599156697,Good
1.9253897905634163,6.592450806137795,1.0,1.9039960001774028,Bad
1.5401612408715168,5.93384727027965,1.0256510003886514,1.389567164908642,Bad
1.5240370247260986,5.645909363398294,1.0617955600466382,1.2647054945485237,Bad
1.8035234164143965,2.0096757569702257,1.0535324897007383,1.3795786628003843,Good
2.2039414936901967,6.170482630964526,1.3276331037699185,1.4345172223981009,Bad
2.1020551517418813,5.531567157115362,1.1094982883793238,1.1947835824543211,Moderate
1.6530307538894458,3.5833009055246468,1.5759813354061407,1.1698117278495772,Bad
1.7470886599054318,4.84930008518873,1.1235911480761758,1.589345597751192,Moderate
1.229945318053281,4.040764384800648,1.0,1.3596004599156697,Good
3.0919418068869717,5.843168600065206,1.3552611519626896,2.3435068742955325,Bad
1.4622275510009497,5.212109420190781,1.145744258064516,1.1648168774613483,Moderate
3.439664010893607,3.031088627830422,1.1788472164788184,5.5349609560471,Bad
1.0785179024699485,4.336558585656741,1.0279828993392923,2.198668199718899,Moderate
2.405494195507927,4.166938359117824,1.1177613587252235,1.8190895369185145,Moderate
3.262998714212007,2.538129844451689,1.1119315973571706,1.9339627051703752,Moderate
4.079024202856916,1.2169472986758938,1.048665899727944,3.402331249826026,Moderate
1.3645475010700567,4.845324611129223,1.006359757481539,1.2996670499297247,Good
2.100240661450605,2.724030583805728,1.046089486202876,1.1113047330212975,Good
1.6557181447459706,6.363766393571932,1.0050877947920716,1.5194224869887896,Bad
2.865034355652352,6.265136775238476,1.1177613587252235,1.529412187765247,Bad
2.0431666765167718,3.985581018688935,1.0377160792848814,1.529412187765247,Moderate
4.435159119892125,2.0096757569702257,1.2627959144966965,5.749722741386137,Bad
2.822737505350284,4.892651683266199,1.0206830003886511,1.8190895369185145,Bad
2.383995197649459,3.4531514571479653,1.0186552755538285,1.5144288352687607,Good
3.829799933520932,2.163488741415395,1.150408083948698,3.222531019868191,Moderate
2.0183715663938573,3.204684328428846,1.083948698017878,1.764150977320798,Good
1.6675425484203226,4.703343394718299,1.0944422852701128,1.6892342148383668,Moderate
1.9835771848705237,5.014944837668143,1.121259221142635,1.354605609527441,Moderate
2.4726783864492603,6.714743960539739,1.335794792071512,1.6892342148383668,Bad
3.664000939590324,1.997843988935982,1.106335017489312,3.252497724861164,Moderate
2.32218572392431,5.464552022969405,1.1410804601632336,2.1087680847399817,Bad
2.6236384577518344,2.2620237056045767,1.0194663598911775,1.744172774436083,Moderate
1.599283388237006,2.8536121073167653,1.2495141951029929,1.5993340998594494,Moderate
3.7761693716902496,2.4553074682119838,1.143564446171784,2.443396690050907,Moderate
1.3505264631817822,4.742814172880536,1.0389327197823552,1.8091010348102567,Good
1.0785179024699485,3.378185374882997,1.0279828993392923,2.198668199718899,Good
1.7150739642518391,5.440888486900918,1.1195632895452778,1.5543840423699908,Bad
1.2607916530049768,3.7094748798418222,1.0152634123591138,1.3995556670168998,Good
2.0992508925667344,5.709043677629019,1.0,1.5344058394852758,Bad
4.981980307000347,1.4692952473102447,1.1459977271667314,3.662041893986321,Bad
2.2394614649400744,2.0845471850909205,1.0425826692576758,1.834072889415001,Good
3.0975501962435352,3.323002008771284,1.149647676642052,2.633185422117,Moderate
2.578771084911864,2.861563055435777,1.0559657986785853,1.669256011953652,Moderate
2.0319498333067787,2.786123702449439,1.0346454877574816,1.7608941958221618,Good
2.0265751160905943,7.010538161395833,1.1492421204819276,1.2247502874472935,Bad
4.321588525956194,1.0887855873289651,1.0559657986785853,3.4133182425446496,Moderate
1.7014034023257012,4.5850257143758615,1.204041983676642,1.4744724294993308,Moderate
1.3140716743766578,2.715606364965346,1.0802987485425573,1.3346286053109258,Good
1.4998507005079709,5.168757822113311,1.2739992320248736,1.3246389045344684,Moderate
1.9169771420317057,5.160806873994299,1.0888152879906725,1.5493891919817622,Bad
1.2284264168923824,3.792297256081529,1.0,1.2397336399437795,Good
1.7014034023257012,3.117886478129634,1.0268169358725223,1.9739179122716053,Good
1.90856455799686,6.6871049504117455,1.0462326187329964,2.2635964600930727,Bad
2.216226598468256,6.060021244596825,1.1602657038476487,1.4045505174051285,Bad
3.03024913698358,1.915021612696276,1.0437993097551497,1.8790229469044597,Good
1.400418012778936,5.425081244807168,1.0652934224640498,1.3795786628003843,Moderate
2.623171113471076,4.54953041027313,1.1165954232413524,1.5094339848805318,Bad
2.134069847395474,2.9955933237276904,1.1469102215312863,1.329633754922697,Good
3.885533609111894,3.1888770863350966,1.0109498204430625,2.4084351346697064,Moderate
1.5724096731623538,3.934278472492454,1.125923047026817,1.11986681997189,Good
1.94501928230512,3.804129024115772,1.0510992087057909,3.002480710431996,Good
2.5030573771201974,4.151225771168347,1.0571824391760591,1.8140958851984847,Moderate
4.303361131553632,2.033339293038713,1.142458394092499,2.1637066443376973,Bad
2.131382521035814,3.973749250654691,1.036144587640886,1.3995556670168998,Good
3.088085990831685,4.0249571427068975,1.0827827345511076,1.3645953103038984,Bad
2.9402806546663944,3.3860416688577346,1.7835211815001943,1.918979352673889,Bad
3.5602450915252435,1.915021612696276,1.1289646762534007,2.2086567018271563,Moderate
1.550910739800751,4.462732559973917,1.163233570151574,1.3446171074191833,Good
1.0,4.090457810544471,1.0,1.0,Good
3.103158650096964,2.90093917945374,1.0523158492032647,2.862930559952522,Moderate
3.112272315049813,4.064427920869136,1.150408083948698,1.5493891919817622,Moderate
4.322990623295334,4.1157304670656165,1.10828164788185,2.4084351346697064,Bad
1.8868318879980128,3.9619174826204473,1.096774184220754,1.0,Good
2.328049069386566,4.628377312453329,1.1704412934317916,1.2297451378355222,Bad
1.1233852753099187,6.243839592776837,1.0218996688690245,1.0149833524964862,Moderate
3.8701104738844783,1.0591588401712189,1.2213192973183056,2.2685901118131016,Moderate
1.5724096731623538,5.259436492327756,1.0909444228527012,1.1798002299578347,Moderate
3.0162280990953048,5.823385883911951,1.0547491581811117,1.6992227169466243,Bad
3.421319812669287,5.886520198142675,1.3905946272833267,1.8091010348102567,Bad
1.6530307538894458,4.924171513309425,1.1469102215312863,1.2996670499297247,Moderate
3.212522887518608,3.1100301841548963,1.1289646762534007,2.123751437236468,Moderate
1.647656036673261,5.93384727027965,1.1713952584531675,1.1048834674754036,Bad
1.7444013335457718,4.15510659108358,1.0116595507190052,1.0199782028847149,Moderate
2.569423683321771,1.9268533807305197,1.1422463956471045,1.4594890770028446,Good
3.478922994377013,4.466708034033423,1.0644823381267003,2.0688128776387518,Bad
2.842366932595122,5.271268260362,1.1119315973571706,1.8440625901914576,Bad
2.4296805197260545,1.8321992364565696,1.047804110376992,1.4644839273910732,Good
1.7014034023257012,4.269543451510785,1.443062563544501,1.1947835824543211,Moderate
1.6046581054531908,5.5275916830558565,1.0454722114263506,1.0799116128706598,Bad
2.005076118232126,3.271699462574803,1.1247570835600469,1.0649282603741737,Good
1.468303349135137,3.7213066478760655,1.083948698017878,1.3596004599156697,Good
1.8599581729233607,4.482515276127173,1.095608248736883,1.8190895369185145,Bad
2.580173182251005,3.070559405992659,1.0314807617567043,1.859045942687944,Good
2.953717544452153,7.56663125900529,1.4034201414691023,2.628190571728771,Bad
1.8223350234163396,4.379910183734211,1.0559657986785853,1.7741394794290557,Good
3.341516616681955,4.7111996886930365,1.176413935483871,1.9539397093868904,Bad
1.8736393768321544,4.803392825215864,1.0915803902059853,1.094894965367146,Good
1.2200481451894938,2.757822113311528,1.0,1.0,Good
1.9835771848705237,3.81198531809051,1.0559657986785853,1.414539019513386,Good
1.4353538359262972,6.012694172459851,1.1177613587252235,1.669256011953652,Bad
1.2103158908084422,5.2752437344215055,1.0,1.2397336399437795,Good
2.2226362323735174,5.705068203569513,1.0340661298095608,1.4994454827722743,Bad
4.370809824136615,1.2208281185911256,1.2689467516517683,4.321309403831716,Moderate
2.263063576558821,5.247604724293511,1.0279828993392923,1.7941176823137703,Moderate
2.856972247579643,3.677955049798597,1.1119315973571706,1.9539397093868904,Good
1.2848611734013469,3.989461838604167,1.0,1.0049948503882289,Moderate
2.3136992909795184,4.531830085293901,1.0324012592304703,1.7416759485760689,Moderate
1.1904193175505062,4.056003702028754,1.0453056572094832,1.1664818275907582,Good
2.2576888593426365,5.803697821902969,1.1933363979790128,2.053829525142265,Bad
1.6309476079284622,6.103467496818569,1.090031928488146,1.9639294101633475,Moderate
1.1374063776950578,5.79584152792823,1.0790821080450836,1.2397336399437795,Good
3.041465980193572,1.5245732675662316,1.1070650073843762,2.1087680847399817,Moderate
2.5452373591036435,5.168757822113311,1.0991061111542946,1.6342956552406505,Bad
1.9567034697958712,4.83349284309498,1.9898950641274775,1.3795786628003843,Bad
3.167655514678638,2.4316439321434955,1.0279828993392923,1.8940062994009452,Moderate
2.47805316816231,2.226528401501846,1.1569475755926937,1.0849052645906887,Bad
2.967154369741047,2.786596973170808,1.0827827345511076,1.5943392494712207,Moderate
3.884768869788549,1.954397736714239,1.0936818779634667,3.726970154360495,Moderate
2.775065873335167,1.7532576801320952,1.0254390019432569,2.0488346747540365,Good
2.0023887918724665,5.488215559037893,1.0163233486202876,1.5094339848805318,Bad
3.2224544372112174,5.6498848374578,1.3881106412747766,1.7142060694431107,Bad
2.3993015290551174,5.858881188014681,1.0304162083171395,1.5993340998594494,Bad
2.1578722862756115,5.342258868567462,1.8248872102603968,1.6243059544641931,Bad
1.2418632421812763,3.4806958131316845,1.0,1.0449500574894588,Good
2.9180806403867887,1.6270837058149197,1.2956454038087837,1.1348501724683762,Moderate
1.6915497003486424,5.387219587097588,1.4135250742324137,1.0,Bad
3.249328152285869,2.719581839024852,1.2180334333462883,1.5793558969747346,Moderate
2.7494774517778984,5.287075502455749,1.1282549459774582,1.9239730043939176,Bad
1.6954444725101356,6.2848248372474576,1.0377160792848814,1.3196452528144396,Bad
1.7820244830527932,2.407980396075008,1.060629624562767,1.5793558969747346,Moderate
2.2282446217300818,1.954397736714239,1.024332949863972,1.8140958851984847,Good
2.584379474268428,2.778740679196071,1.0656989786241742,1.9689230618833768,Good
2.0212003343775446,7.795410325715427,1.247182268169452,1.094894965367146,Bad
2.292741486311756,4.936003281343668,1.0523158492032647,1.8690344447962015,Bad
2.7467900609213736,1.958373210773745,1.0979401476875243,2.298556816806074,Good
1.4138549025646945,3.705499405782316,1.1177613587252235,1.4594890770028446,Moderate
1.9110182122161403,4.723031456727281,1.0760202191993782,1.389567164908642,Moderate
2.217027778520089,2.0806663651756887,1.052149938593082,1.864039594407973,Good
1.214989527106624,5.074103677839361,1.0,1.094894965367146,Good
4.137912678082024,1.145956690470431,1.0279828993392923,2.228634904711871,Bad
1.7907876720435052,5.003113069633899,1.0036499494753206,1.409545367793357,Bad
2.741415343705189,2.471114710305733,1.0,1.544395540261733,Good
1.6987160114691764,5.06615272972035,1.0174893120870578,1.469478777779302,Good
1.5132875257968648,3.4846712871911905,1.212203643995336,1.2796888470450098,Moderate
1.90856455799686,5.385610466644931,1.8188039797901283,1.609322601967707,Bad
1.7175276184711197,5.594701471346087,1.0559657986785853,1.3995556670168998,Bad
3.4172303244736217,2.502634540348958,1.1094982883793238,1.5743622452547057,Moderate
3.100354390921817,6.46627683182062,1.1484310361445784,2.2685901118131016,Bad
1.8328507857083287,6.363766393571932,1.030781189273222,1.3046619003179534,Bad
2.9292974835967813,2.9562171997097275,1.0936818779634667,1.5044391344923034,Moderate
2.2442520340537424,2.171345035390133,1.1170193921492422,1.5144288352687607,Good
2.962948077723624,2.3764605660317826,1.0024333089778468,1.9689230618833768,Good
2.1525309139384152,2.415836690049746,1.0693489280994948,1.419533869901615,Good
1.827709740632524,2.751101669068077,1.0,1.4295223720098722,Good
2.0695729828138,5.212109420190781,1.0559657986785853,1.983906414379863,Moderate
3.1902060049203804,4.498227864076648,1.08861252390206,1.034961555381201,Bad
2.502239492380437,5.638053069423556,1.217779964244073,1.5543840423699908,Bad
1.9110182122161403,4.888676209206693,1.0036499494753206,1.4744724294993308,Bad
2.918781721304792,3.6029889675336286,1.2448503692188106,1.03995520710123,Moderate
2.57748579139448,3.7449701839445537,1.3019821313641664,1.1498335249648624,Moderate
1.6684220276657582,3.965798302535679,1.0763170058297706,1.5943392494712207,Good
2.010450899945176,5.259436492327756,1.1119315973571706,1.1847950803460634,Moderate
1.9432666445069773,7.117024073704027,1.1772250198212204,1.234738789555551,Bad
2.0776350908865093,6.706887666565001,1.0443062479595802,1.0,Bad
2.0269885409925625,2.680111060862614,1.310921100660707,1.5354055287638415,Moderate
2.163630953326651,3.808104498175278,1.0466381748931208,1.4045505174051285,Good
2.500253182441916,4.068403394928641,1.0231163093664983,1.6942290652265954,Moderate
1.9842782657885265,4.612664724503855,1.01703307889623,1.389567164908642,Moderate
1.4541654429282402,6.391310749555651,1.0279828993392923,1.0,Moderate
2.4834278853784943,5.858881188014681,1.024332949863972,1.3945620152968707,Bad
1.670206526915004,5.397442234679175,1.041366028760202,1.0,Bad
1.773962374980084,4.092066930997129,1.1532976261173726,2.07380652935878,Moderate
3.31908293026197,2.1792013293648704,1.0802987485425573,3.0926744991198443,Moderate
1.6309476079284622,5.9180400281859,1.0206830003886511,1.4944506323840456,Bad
1.50791280858068,3.12186195218914,1.0,1.1498335249648624,Good
2.124488838161866,2.0885226591504265,1.1143649063350174,1.6193123027441645,Good
1.405792794491985,5.989030636391363,1.0174893120870578,1.0249718546047435,Moderate
1.959390860652396,5.192421358181798,1.1154294597745822,1.4395120727863295,Bad
3.019032293773587,4.514035106170399,1.2189966047415468,2.083796230135237,Bad
2.6903553044124093,2.5421053185111955,1.0932763218033423,1.374583812412156,Good
1.408480120851645,3.882975926295973,1.1072677714729888,1.2097669349508071,Moderate
1.8438339567779425,6.099492022759063,1.191216469490867,1.3596004599156697,Moderate
4.052851568700266,3.4491759830884594,1.096774184220754,2.0238628201492928,Moderate
1.854583455707176,1.7650894481663388,1.083948698017878,1.354605609527441,Good
2.502239492380437,4.2970878074945045,1.4418966280606296,1.7741394794290557,Moderate
1.5912212801642969,5.728731739638,1.0139914496696465,1.03995520710123,Moderate
2.50586157179848,8.528979943838541,1.0194663598911775,1.5194224869887896,Bad
1.7578381588346657,5.038608373736629,1.0991061111542946,1.3396222570309548,Bad
2.517078415008472,2.561793380520177,1.090031928488146,2.0688128776387518,Good
2.62854583068726,2.861563055435777,1.1737271574038088,1.204772084562579,Good
1.478351767146368,6.257280481263738,1.071123211815002,1.3695889620239272,Bad
1.9755150767978145,5.32257080655848,1.174893120870579,1.3945620152968707,Bad
2.1690056705428358,4.794022064932743,1.02215313797124,1.449500574894587,Good
1.752463441618481,5.314619858439468,1.1713952584531675,1.0,Bad
1.5951301771391335,5.145094286044824,1.0356145915274,1.3446171074191833,Good
1.8115855244871053,5.664366921531714,1.4034201414691023,1.449500574894587,Moderate
2.698417412485118,3.113911004070128,1.058509696074621,1.5993340998594494,Moderate
1.337142718812439,3.673979575739091,1.0256510003886514,1.2497221420520372,Good
3.734106193528561,3.5004785292849405,1.0510992087057909,2.1836848472224126,Moderate
1.7627455317700913,6.340102857503444,1.0571824391760591,1.0749167624824312,Bad
2.906863797176796,4.872963621257218,1.0425826692576758,1.8690344447962015,Bad
3.722305137719188,4.22221637937381,1.3253012048192772,1.414539019513386,Moderate
2.383995197649459,4.719150636812048,1.137582597745822,1.8790229469044597,Bad
2.8354732497211748,1.560068571668963,1.5188496012436845,1.569367394866477,Good
2.008496451457757,3.1928525603946025,1.0279828993392923,1.1348501724683762,Good
1.4541654429282402,2.865443875351009,1.0,1.389567164908642,Good
2.702717224956185,4.028932616766404,1.072289147298873,1.6592675098453944,Moderate
1.92138376131052,3.145525488257628,1.270501369607462,1.204772084562579,Good
2.3759330895767503,3.228347864497334,1.3882627283326856,1.1997784328425498,Moderate
4.157542169823728,2.52232260235794,1.1399144966964632,2.7880137974700907,Moderate
2.6953461362906035,4.829517369035474,1.0543197326078508,1.1648168774613483,Bad
2.1663182796863105,5.074103677839361,1.2028760202098718,1.484462130275788,Moderate
2.392057305722169,2.644615756759884,1.1993781577924605,1.7391791227160542,Good
1.2714242836155885,5.515759915021612,1.0011659634667702,1.034961555381201,Good
2.023887725234069,4.758526760830012,1.1888845705402251,1.7591561269325693,Moderate
2.0292624424502543,5.148975105960056,1.0769529731830547,1.569367394866477,Bad
1.4991496195899685,4.340534059716248,1.01703307889623,1.154828375353091,Good
2.7118543022708765,4.454876265999179,1.125923047026817,1.7491676248243118,Bad
2.048074049452197,3.926422178517716,1.278663029926156,1.063928571095608,Moderate
5.422241515862069,1.0828223762397065,1.1046316984065294,6.0543846417040905,Bad
1.8841444971414885,5.929871796220144,1.1643995336183444,1.6992227169466243,Bad
2.1851298866882534,4.687536152624549,1.018249719393704,1.589345597751192,Moderate
1.330896971440079,4.253736209417036,1.0279828993392923,1.3845723145204134,Good
2.8166617072160967,4.028932616766404,1.7835211815001943,1.5743622452547057,Bad
1.6637802528186798,5.784009759893987,1.0676253493975905,1.374583812412156,Moderate
2.4469731610702343,4.699367920658792,1.032849489312087,1.779134329817284,Bad
2.5237384257420405,4.742814172880536,1.2238631947143412,1.03995520710123,Bad
1.9858806258921933,5.492096378953125,1.068132287602021,1.3596004599156697,Moderate
1.6870318239784252,4.151225771168347,1.116798187329965,1.4245287202898431,Good
1.5965959973804815,5.673548373526288,1.1165954232413524,1.1448386745766337,Bad
2.071208816790185,2.8575875813762712,1.0190792444617178,1.0549385595977163,Good
2.212003601762906,5.756370749765994,1.1189273221919938,1.5493891919817622,Bad
2.67960586998004,2.849731287401533,1.0466381748931208,1.6293008048524218,Moderate
2.0936425032101704,4.537698642238886,1.0620490291488536,1.5194224869887896,Moderate
1.6664675791783397,6.730551202633488,1.283326855810338,1.6193123027441645,Bad
1.7610630020637492,5.247604724293511,1.459892878352118,2.07380652935878,Bad
1.276415115493783,7.05360579704048,1.0306479347065682,1.5194224869887896,Moderate
1.5047580734433967,4.419380961896448,1.0206830003886511,1.709212417723082,Good
2.245069918793503,5.452720254935162,1.167897396035756,1.4295223720098722,Bad
1.7122697050766924,4.320751343562993,1.4133837326078509,2.123751437236468,Moderate
1.773962374980084,5.866832136133693,1.1095996984065293,1.6742508623418806,Moderate
2.620483722614551,4.34441487963148,1.409249902837155,2.348501724683761,Moderate
3.249328152285869,2.4553074682119838,1.2670035071900505,1.4894557819958172,Moderate
2.1721604056801187,6.119180084768044,1.0072998989506412,1.3695889620239272,Bad
2.315175172731741,4.794022064932743,1.0816167990672367,1.0499449078776877,Bad
1.693341294252992,5.081959971814099,1.1923824329576371,1.5194224869887896,Good
2.511470025651908,5.239748430318774,1.2299464251846093,1.7142060694431107,Bad
1.755150767978141,3.4531514571479653,1.2658375437232805,1.314650402426211,Moderate
3.3541355572310887,2.1121861952189143,1.6377769234356785,3.177580962378733,Moderate
2.6124216145418417,4.687536152624549,1.0,1.829079237694972,Bad
1.9137056030726651,2.565768854579683,1.2017100567431014,1.8740292951844304,Moderate
3.0844214079798835,2.9955933237276904,1.048334106490478,1.5244173373770182,Moderate
1.3084632850200937,3.953966534501435,1.0231163093664983,1.0,Good
1.9730614225785337,2.9522417256502216,1.0,1.1498335249648624,Good
2.937710132128492,5.302788090405224,1.0827320575204042,1.5743622452547057,Bad
1.725589726543829,4.107779518946605,1.0268169358725223,1.859045942687944,Moderate
3.7172809609620048,1.4692952473102447,1.276179043917606,3.741953506856981,Moderate
2.5675542417018717,2.4237876381687578,1.0072998989506412,1.3995556670168998,Good
1.4991496195899685,4.340534059716248,1.01703307889623,1.154828375353091,Good
2.362496264287856,2.0096757569702257,1.1888845705402251,1.6243059544641931,Moderate
1.877718223045164,4.829517369035474,1.0097331799455889,1.6243059544641931,Good
1.8973476502900024,3.077847775101753,1.0012719626894675,1.5344058394852758,Good
2.4312161255748794,2.6524720507346213,1.0139914496696465,1.724195770219568,Good
4.165954818355438,2.7984287412050524,1.0279828993392923,2.07380652935878,Bad
1.5720591327033524,5.614389533355069,1.0024333089778468,1.5943392494712207,Moderate
1.8465213476344668,3.5911571994993845,1.1200932856587642,2.103773234351753,Good
3.700455663898584,2.719581839024852,1.0961151869413135,2.533296805029825,Moderate
1.292923281474056,2.6091204526571525,1.0,1.374583812412156,Good
3.1230218139790464,2.214696633467602,1.13291877186164,2.083796230135237,Moderate
1.6421644511384548,4.174889307236835,1.0,1.4944506323840456,Moderate
1.5401612408715168,5.93384727027965,1.0256510003886514,1.389567164908642,Bad
1.2966855770756989,6.087660254724819,1.0015546179556938,1.0,Bad
1.8693055745134532,3.524142065353428,1.0,1.6542726594571655,Good
1.3036727159064254,2.8260677513330457,1.024485036921881,1.349611957807412,Good
2.2388772523406937,4.845324611129223,1.0338126607073457,1.204772084562579,Moderate
1.8160255531417728,4.186721075271079,1.015816410415857,1.3645953103038984,Good
2.5828605731075296,2.569649674494915,1.0513019727944035,1.9889012647680917,Good
2.84109234555726,2.1476814993216453,1.1017560077730275,2.523307104253368,Moderate
2.048074049452197,5.847049419980437,1.053633899727944,2.2735849622013298,Bad
2.547924749960168,3.0942229420611462,1.589972785075787,2.4384018396626788,Bad
1.830046591030047,4.190601895186311,1.090031928488146,1.314650402426211,Moderate
1.0087950504418153,3.957942008560941,1.0114475522736106,1.0199782028847149,Good
1.5320991327988076,1.1616692784199067,1.0109498204430625,1.1148719695836613,Good
2.2657509674153458,5.287075502455749,1.0501360373105324,1.4594890770028446,Bad
2.848910139506933,5.807673295962474,1.054799835211815,1.9988897668763488,Bad
2.1125709140338707,4.514035106170399,1.1002720466381657,1.2647054945485237,Moderate
1.693341294252992,5.551255219124344,1.2355227454333464,1.0,Bad
2.430147864006813,3.725282121935572,1.1751972949863971,1.6642623602336228,Good
2.107196196817686,2.0806663651756887,1.0339992226972403,1.2697003449367523,Good
1.386981187490042,2.8772756433852527,1.02215313797124,1.1248616703601186,Good
1.8411466304182824,4.119611286980849,1.0944422852701128,1.419533869901615,Good
1.3574201460557298,5.882544724083169,1.0944422852701128,1.0,Bad
1.521349633869574,4.009244554757423,1.108433734939759,1.3995556670168998,Good
2.5855478994671897,5.377754172670193,1.1165954232413524,1.5244173373770182,Bad
2.1905046039044382,5.11745527591683,1.078057570151574,1.8690344447962015,Bad
1.4879327763799757,3.244060452446809,1.052149938593082,1.4245287202898431,Good
3.034338625179245,1.1341249224361871,1.521181500194326,2.59323021501577,Good
3.192893395776905,5.046464667711368,1.138748533229693,1.3662602604333078,Good
2.370558372360565,4.963642291471661,1.0804508356004665,1.314650402426211,Bad
1.7515286885600987,4.230072673348548,1.0582976976292269,1.3645953103038984,Good
3.133771248411416,4.20640913728006,1.3043140303148075,1.8140958851984847,Moderate
1.5030755437370549,2.538129844451689,1.0414146910221531,1.2397336399437795,Good
2.4525815504267987,5.578894229252337,1.0644823381267003,1.3795786628003843,Bad
1.9325171455777437,4.742814172880536,1.060629624562767,1.4445057245063584,Moderate
1.6357548172331926,4.253736209417036,1.0,1.5244173373770182,Moderate
2.73335323563248,2.664303818768865,1.0443062479595802,2.373473579288505,Moderate
2.7252911275597707,4.50617881219566,1.1189273221919938,1.3845723145204134,Moderate
2.9292974835967813,3.81198531809051,1.2165632957637,2.4384018396626788,Bad
2.640463754815255,4.379910183734211,1.1216647773027597,1.899001149789174,Bad
2.3320004697951617,2.1082107211594083,1.0,1.5394006898735046,Good
1.8733950627091192,5.645909363398294,1.095608248736883,1.6342956552406505,Moderate
1.86802028099607,3.953966534501435,1.1574038087835212,1.6492790077371366,Moderate
1.9029561041434315,3.673979575739091,1.2751651675087443,1.329633754922697,Bad
2.3460215076834365,5.358066110661212,1.0571824391760591,1.5044391344923034,Bad
1.2902358906175315,4.28137521954503,1.0034978624174116,1.4944506323840456,Good
1.8875997231708577,6.163951495009623,1.2238631947143412,1.1928297532887793,Bad
1.550910739800751,5.152950580019562,1.2973183054799844,1.1798002299578347,Bad
2.109883523177346,6.533291965966576,1.0676253493975905,1.484462130275788,Bad
1.5748633273816344,3.457032277063197,1.1021984174115818,1.604328950247678,Good
2.4726783864492603,5.109598981942092,1.0178073097551497,1.4045505174051285,Moderate
1.3617433063917748,3.6503160396706034,1.0,1.2846836974332383,Good
2.0588235483814312,4.0447398588601535,1.979401476875243,1.2647054945485237,Bad
1.9338024390951272,6.651609646309014,1.0218996688690245,1.234738789555551,Bad
3.1015228161205792,1.8005847522690703,1.0862805969685192,2.043839824365808,Good
1.314422214835659,3.0863666480864085,1.0011659634667702,1.3596004599156697,Good
1.824438201673483,2.234479349620857,1.0206830003886511,1.4994454827722743,Good
1.3305464309810775,3.863287864286991,1.0069957248348231,1.0,Good
2.5198826096867544,4.170913833177329,1.226296503692188,1.764150977320798,Moderate
2.8059122082868626,2.6761355868031087,1.015816410415857,2.288568314697816,Good
1.8707076718525943,5.768202517800238,1.4057520404197434,1.1248616703601186,Bad
2.091071980672268,3.5083348232596783,1.2425184702681695,1.2896785478214672,Moderate
3.437444028814705,4.975474059505905,1.13291877186164,2.3285235217990463,Bad
1.243329062422624,3.244060452446809,1.0305267967353284,1.6342956552406505,Good
1.8088981981274452,4.376029363818979,1.071123211815002,1.4744724294993308,Moderate
2.451179453087658,5.010969363608637,1.0233190734551108,1.5993340998594494,Bad
2.152881454397417,6.489940367889107,1.1107656338904004,1.3645953103038984,Bad
1.6617939428801578,2.63278398872564,1.2063738826272834,1.0499449078776877,Good
3.010152300961117,2.471114710305733,1.1310108418188884,2.2436182572083574,Moderate
2.1749646003584004,3.149406308172859,1.0948985184609406,2.3984466325614484,Good
2.55072894463845,1.9702049788079887,1.0572377613680528,2.173696345114155,Good
2.2791877927042394,3.760777426038303,1.3626117279440342,1.1997784328425498,Moderate
2.7763511668525505,5.034632899677124,1.3661095903614455,1.7591561269325693,Bad
2.8395627379168404,4.454876265999179,1.024332949863972,1.5643725444782484,Moderate
1.5374738500149925,4.431212729930692,1.083948698017878,1.4544954252828155,Good
2.327560441140495,5.465403910267871,1.2401865433346289,1.1248616703601186,Moderate
1.247237959397461,4.671823564675073,1.029148862806063,1.409545367793357,Moderate
1.577540076255503,3.87644479034107,1.1475461888845706,1.4395120727863295,Moderate
2.335622549213204,3.2756749366343088,1.4337349397590362,1.374583812412156,Moderate
1.7627455317700913,3.0114005658214404,1.284695583365721,1.5194224869887896,Bad
2.252314142126452,3.3308583027460217,1.0,1.3645953103038984,Moderate
1.341295929910311,4.24976073535753,1.1107656338904004,1.034961555381201,Good
1.6422812549602122,2.096378953125164,1.0,1.5244173373770182,Good
2.013138226304836,4.368078415699968,1.0233190734551108,1.5643725444782484,Moderate
2.245069918793503,2.920721895606996,1.0060832304702685,1.4295223720098722,Good
1.7186793389819544,5.223941188225024,1.0814048006218422,1.6492790077371366,Moderate
3.60137351662855,1.1774765205136566,1.6389428589195492,2.2635964600930727,Moderate
1.825022414272864,4.486396096042405,1.1492421204819276,1.1798002299578347,Good
2.2058109353100965,2.4395002261182333,1.1131482378546445,2.083796230135237,Good
1.7793370921962686,3.973749250654691,1.0256510003886514,1.3596004599156697,Moderate
2.230815144267984,3.6463405656110974,1.0501360373105324,1.5993340998594494,Moderate
1.5132875257968648,6.213834229041995,1.1270890104935871,1.11986681997189,Bad
1.3477222040066357,3.4965030552254346,1.0292548620287605,1.294672199541496,Good
1.5384086030733746,5.018825657583375,1.0401493882627284,1.8740292951844304,Good
4.479898982430818,2.971929787659203,1.0644823381267003,2.7330740392041744,Bad
2.02634137945335,5.389585940704437,1.1106596346677031,1.639289306960679,Bad
2.430147864006813,6.383454455580914,1.0,2.2086567018271563,Bad
2.88115857179777,4.987305827540149,1.2868247182277497,1.958934559775119,Bad
3.596699880330368,3.863287864286991,1.0656989786241742,1.864039594407973,Moderate
1.6561854890267294,5.452720254935162,1.032849489312087,1.414539019513386,Bad
1.8216339424983363,4.34441487963148,1.1180148278274389,2.2186464026036137,Good
2.893443676575829,2.6959183029563643,1.0305267967353284,1.7192009198313394,Bad
2.160943562470126,5.665692079551549,1.1134862153128644,1.2397336399437795,Bad
2.36565099942514,2.715606364965346,1.1046316984065294,2.628190571728771,Good
2.010450899945176,4.801973013051755,1.150408083948698,1.154828375353091,Moderate
3.861315423442663,3.224372390437828,1.0763170058297706,3.58712513150389,Moderate
1.0967452968725104,4.379910183734211,1.0,1.1298553220801475,Moderate
2.3490594389989625,1.8005847522690703,1.1643995336183444,1.7941176823137703,Good
1.3617433063917748,5.145094286044824,1.0559657986785853,1.1648168774613483,Good
3.120334423122522,2.120042489193652,1.0513019727944035,1.884017797292688,Moderate
2.418931020796821,4.53372316817938,1.2191993688301594,1.544395540261733,Bad
1.8035234164143965,4.107779518946605,1.1130975608239408,1.034961555381201,Moderate
1.8975813869272469,2.644615756759884,1.072289147298873,2.388456931784991,Good
6.098056496630502,1.9425659686799956,1.008516539448115,3.881798529713586,Bad
1.2848611734013469,3.5438301273624093,1.0,1.0249718546047435,Good
4.407116979618712,1.796703932353838,1.1277480077730275,3.716981652252237,Moderate
1.693341294252992,4.54953041027313,1.2681694426739214,1.5993340998594494,Moderate
2.3114362249950764,5.496071853012631,1.2261950936649826,1.0449500574894588,Bad
3.3380113410856707,4.589001188435367,1.1165954232413524,1.449500574894587,Bad
3.349929265213666,2.1831768034243764,1.1492421204819276,2.018867969761064,Moderate
1.386981187490042,4.908458925359948,1.0268169358725223,1.0,Moderate
1.327859040124553,4.813236856220355,1.0139914496696465,1.0,Bad
3.072312315145268,3.894807694330217,1.035282798289934,1.544395540261733,Moderate
1.4262401709734485,3.626652503602116,1.0097331799455889,1.3346286053109258,Good
1.5687450903105522,3.839624328218504,1.0546938359891178,1.529412187765247,Good
1.6561854890267294,5.594701471346087,1.081515389040031,1.7541624752125404,Bad
1.2607916530049768,6.9080277231471445,1.0863820069957248,1.0699219120942025,Bad
3.302257633198549,1.504790551412976,1.1399144966964632,2.053829525142265,Moderate
3.299453438520267,5.089816265788837,1.0425826692576758,1.8440625901914576,Bad
2.263063576558821,4.032908090825909,1.029148862806063,1.5344058394852758,Moderate
1.988951902086708,4.5298423482641486,1.1247570835600469,1.254716992440266,Bad
1.908330821359616,5.164782348053805,1.0464049654100271,1.4544954252828155,Bad
1.50791280858068,3.113911004070128,1.1655654970851146,1.1698117278495772,Good
3.668557772066748,1.3154822628650755,1.380101040031092,2.0887898818552664,Moderate
2.3759330895767503,5.3501151625422,1.4453944904780411,1.5593788927582195,Bad
4.396834889467101,1.8045602263285765,1.3066459292654489,3.067702644515101,Bad
1.725589726543829,5.389585940704437,1.036144587640886,1.4994454827722743,Bad
3.883931249008227,2.2028648654333582,1.0826767353284104,2.0288564718693216,Moderate
1.826732548637247,2.9285781895817338,1.3828569358725225,1.059933409985945,Moderate
3.2385786533566354,1.453582659360769,1.5092887679751263,2.098779582631724,Moderate
2.2086151299883783,1.6073956438059378,1.243329554605519,1.234738789555551,Good
1.7793370921962686,3.973749250654691,1.0256510003886514,1.3596004599156697,Moderate
3.422838713830185,3.461007751122703,1.01703307889623,1.729189421939597,Moderate
1.9997014010159415,1.610992501288348,1.0186552755538285,1.389567164908642,Good
3.481727189055296,1.2406108347443812,1.0279828993392923,1.4644839273910732,Moderate
2.953717544452153,7.56663125900529,1.4034201414691023,2.628190571728771,Bad
2.177067778615545,2.3488215559037893,1.0,1.3695889620239272,Good
1.6799044689640985,4.837468317154486,1.0011659634667702,1.274695195324981,Good
1.1822737505350285,3.705499405782316,1.1046316984065294,1.3096555520379822,Good
2.803108013608581,2.0608836490224327,1.1459977271667314,1.6892342148383668,Good
2.813974316359572,4.545554936213623,1.2075398460940536,1.4445057245063584,Bad
1.7318991968183957,5.614389533355069,1.0,1.0899001149789174,Moderate
1.9534319308368304,3.267723988515297,1.0228951045472212,1.5643725444782484,Good
1.773962374980084,4.092066930997129,1.1532976261173726,2.07380652935878,Moderate
1.8518960648506515,6.777878274770464,1.053633899727944,1.2497221420520372,Bad
1.4622275510009497,2.869419349410515,1.0921103863194714,2.213651552215385,Good
1.4127799333227116,6.0718530126310695,1.0,1.1847950803460634,Moderate
1.4864138752190772,4.08298013314683,1.0571317621453555,1.0199782028847149,Bad
3.1990359481659345,2.4829464783399766,1.0610535934706569,2.018867969761064,Moderate
3.605112464365214,1.350977566967807,1.0644823381267003,3.0027743841409267,Moderate
2.158139367791844,4.293206987579272,1.0661413882627284,1.5793558969747346,Moderate
4.421138017506987,3.969773776595185,1.0620490291488536,2.623196920008742,Bad
2.528295258218465,2.699799122871596,1.0572377613680528,1.9539397093868904,Good
1.327859040124553,4.94395422946268,1.0932763218033423,1.0899001149789174,Good
1.98147400661338,5.705068203569513,1.0106335017489312,2.003884617264578,Bad
2.278720448423481,4.340534059716248,1.06645938593082,1.3446171074191833,Moderate
2.632051106283545,2.414795494462733,1.2043968348231635,1.6792457127301093,Good
3.605673329099616,2.1358497312874016,1.1734939759036145,3.001775893530561,Moderate
3.265802908890289,2.538129844451689,1.0936818779634667,1.864039594407973,Moderate
1.5412127977516563,4.462732559973917,1.0571824391760591,1.2896785478214672,Good
1.9405792536504527,5.732707213697506,1.051185396035756,1.4045505174051285,Bad
2.2388772523406937,6.351934625537688,1.0944422852701128,1.4245287202898431,Bad
2.158139367791844,4.486396096042405,1.068132287602021,1.4544954252828155,Moderate
2.533903712071893,5.716899971603756,1.0450159782355228,1.4794672798875594,Bad
2.0260864878445237,2.0096757569702257,1.2060558849591916,1.3795786628003843,Good
1.550910739800751,3.9816055446294287,1.072289147298873,1.4794672798875594,Moderate
3.8126241604953743,1.7335696181231135,1.0851653385153517,3.3174247865671376,Moderate
2.315175172731741,7.499616124859334,1.0912485969685193,1.8140958851984847,Bad
1.9782024676543388,4.0249571427068975,1.041974349008939,1.4644839273910732,Good
3.25178180650515,3.374209900823491,1.0279828993392923,1.5793558969747346,Moderate
1.7288145697729125,3.1612380762071037,1.35445006762534,1.449500574894587,Bad
1.5939086065239567,4.762502234889517,1.125923047026817,1.419533869901615,Moderate
2.242265724115221,7.48778435682509,1.0,1.3446171074191833,Bad
2.107663541098445,5.346234342626968,1.0304162083171395,1.449500574894587,Bad
3.63595879931691,1.5560930976094571,1.1107149568596968,2.3285235217990463,Moderate
2.1985667119771475,3.267723988515297,1.101438010104936,1.0899001149789174,Good
3.2405649632951574,2.8930828854790027,1.032849489312087,1.983906414379863,Moderate
3.424495767275018,1.915021612696276,1.1450022914885347,2.8229741541830924,Moderate
1.5535980661604107,3.208565148344078,1.0163233486202876,1.3945620152968707,Good
3.919184203238736,2.841780339282521,1.0425826692576758,2.098779582631724,Moderate
2.3488257023617183,4.999137595574393,1.0,1.804106184422028,Bad
1.700670459956595,3.839624328218504,1.0,1.1498335249648624,Good
2.317979431906888,1.6428909479086693,1.067413350952196,2.148723291841211,Good
2.271509634466385,5.492096378953125,1.2250291581811117,1.4944506323840456,Bad
4.06500316496864,2.829948571248278,1.058399107656432,1.943951207278633,Moderate
2.795162709357629,2.072715417056677,1.4302370773416246,2.857935709564293,Bad
2.040362481838489,4.640209080487574,1.0364994387874078,1.204772084562579,Good
1.636555997285026,3.685811343773335,1.0121664889234356,1.3945620152968707,Good
1.370008321600458,3.8356488541589977,1.0305267967353284,1.0649282603741737,Good
2.01966472852872,5.851024894039943,1.0386430408083949,1.4908833958216825,Bad
1.4138549025646945,4.596857482410105,1.1049358725223477,1.0,Moderate
1.4541654429282402,5.993006110450869,1.1655654970851146,1.4395120727863295,Bad
1.5692549380250704,3.3805517284898454,1.0109498204430625,1.0,Good
1.9253897905634163,5.2752437344215055,1.1995302448503693,1.374583812412156,Bad
1.24396642043842,3.7962727301410335,1.0572377613680528,1.2597118428284946,Good
2.2868660154389584,4.1157304670656165,1.116798187329965,1.544395540261733,Moderate
1.528874289569724,3.850130938232912,1.0,1.0,Moderate
3.17045970935692,4.0447398588601535,1.0206830003886511,1.4644839273910732,Moderate
1.9590403201933944,3.886951400355479,1.0632656976292263,1.9139845022856603,Good
2.102589250277481,3.571469137490403,1.0178073097551497,1.414539019513386,Good
3.429381920741996,2.6406402827003777,1.041366028760202,2.0423199130885643,Moderate
2.5244713681111466,4.241904441382792,1.0851653385153517,2.07380652935878,Moderate
1.0953431995333696,5.997738817664566,1.0279828993392923,1.2397336399437795,Good
3.112272315049813,4.064427920869136,1.150408083948698,1.5493891919817622,Moderate
1.8020045152534976,4.474564328008161,1.008516539448115,1.1498335249648624,Good
3.1257091403387065,5.212109420190781,1.137582597745822,2.0238628201492928,Bad
1.611318116186759,5.799722347843463,1.0407023863194715,1.4445057245063584,Bad
1.7605255496911902,5.421105770747662,1.2308589195491644,1.2447284903320084,Bad
3.392247334984181,3.0902474680016403,1.0699572483482316,1.9239730043939176,Moderate
1.9870824604668085,4.703343394718299,1.3297115616012438,1.4395120727863295,Moderate
2.155568845253941,4.009244554757423,1.08861252390206,1.2796888470450098,Moderate
2.0749477645268493,5.511879095106381,1.0396424500582977,1.3845723145204134,Bad
1.9997014010159415,6.588569986222563,1.0629615235134084,1.329633754922697,Bad
3.3527334598919483,5.45508660854201,1.0888152879906725,1.0699219120942025,Moderate
2.5640489661055863,2.139825205346908,1.2751651675087443,1.529412187765247,Good
1.072558972654383,5.732707213697506,1.0466381748931208,1.0249718546047435,Good
1.830046591030047,5.677523847585793,1.0231163093664983,1.4395120727863295,Bad
4.322990623295334,1.7020497880798882,1.1897970649047804,3.557158426510917,Moderate
3.050462841324664,3.070559405992659,1.1294209094442285,1.8190895369185145,Moderate
1.7935918667217872,5.152950580019562,1.0559657986785853,1.234738789555551,Bad
2.967154369741047,3.7764900139877793,1.1130975608239408,1.484462130275788,Moderate
2.17438038775902,3.157357256291871,1.444228527011271,1.5593788927582195,Bad
1.378568538958331,4.502203338136154,1.033070694131364,1.7591561269325693,Good
1.4879327763799757,4.569218472282111,1.0036499494753206,1.3645953103038984,Good
2.0291456386284965,2.435619406203001,1.0394304516129032,1.6243059544641931,Good
2.193191994760963,1.295794200856094,1.0461717839098328,1.4994454827722743,Good
1.894161053701616,5.866832136133693,1.053633899727944,1.4045505174051285,Bad
3.490139837587006,2.222647581586614,1.0851653385153517,4.436182572083577,Moderate
2.69093951701179,5.452720254935162,1.0766487990672369,1.6293008048524218,Bad
2.284562574417289,4.746694992795767,1.05934705635445,1.4045505174051285,Bad
2.3383099400697285,4.880819915231955,1.0151574131364167,1.419533869901615,Moderate
1.2131200854867243,5.791866053868725,1.0629615235134084,2.198668199718899,Bad
1.948641361723162,5.7405635076722445,1.0431403124757093,1.2697003449367523,Bad
1.8736393768321544,4.803392825215864,1.0915803902059853,1.094894965367146,Good
1.1693042695268934,5.267292786302494,1.1260396517683635,1.0,Good
3.145221828258652,2.680111060862614,1.0717822090944422,4.221420786744541,Moderate
3.31067028173026,1.595563875771694,1.0,3.157602759494018,Moderate
4.283731639811929,3.425512447019972,1.1058483668869024,2.2436182572083574,Moderate
1.7038570565449818,3.750270816023895,1.0255495903614458,1.234738789555551,Good
2.856972247579643,3.677955049798597,1.1119315973571706,1.9539397093868904,Good
1.8814571707818284,3.3308583027460217,1.0781189366498252,1.6492790077371366,Good
4.07341581350035,1.6940988399608763,1.1739806265060242,5.704772683896677,Bad
2.3067625886968948,4.332583111597236,1.0629615235134084,1.204772084562579,Moderate
1.5860802350884915,6.060021244596825,1.0888152879906725,1.0,Bad
1.5374738500149925,3.464983225182209,1.041974349008939,1.3645953103038984,Good
3.0726947170553727,5.105623507882586,1.5001943256898562,1.884017797292688,Bad
2.803108013608581,2.82209227727354,1.0036499494753206,1.7341842723278256,Good
1.852480277450032,5.764227043740732,1.0693489280994948,1.2247502874472935,Moderate
1.6068568680636446,3.567493663430897,1.01703307889623,1.2530520423108564,Good
2.4918405339102048,3.21651609646309,1.0656989786241742,2.5582686596345683,Good
2.362496264287856,3.9619174826204473,1.0652934224640498,1.5044391344923034,Good
2.886533289013955,3.985581018688935,1.0198212110376992,2.123751437236468,Moderate
3.8182325498519374,2.90093917945374,1.122881417800233,2.1836848472224126,Moderate
1.3009853895467651,4.301063281554011,1.0081616883015934,1.3196452528144396,Good
1.7347033914966776,3.350546364755004,1.073773108433735,1.4345172223981009,Good
2.924156438520976,2.534154370392184,1.3089778561989895,1.1947835824543211,Moderate
1.86802028099607,5.752395275706488,1.2355227454333464,1.4744724294993308,Bad
1.7390265518327226,6.087660254724819,1.0687912848814614,1.0799116128706598,Bad
4.482830687410378,1.1735010464541509,1.0466381748931208,2.982797379924412,Bad
1.7820244830527932,2.356677849878527,1.0757870097162845,1.2397336399437795,Good
1.950627671661684,6.304607553400713,1.0,1.2397336399437795,Bad
3.734106193528561,1.532429561540969,1.0608323886513795,3.167591261602275,Moderate
2.320783626585169,2.71163089090584,1.0097331799455889,1.724195770219568,Good
2.005076118232126,3.8514560962527473,1.4768752522347457,1.0,Moderate
2.424539474650249,5.180589590147555,1.0,2.0088794676528066,Moderate
1.8088981981274452,5.551255219124344,1.2378546443839875,1.0,Bad
3.128396531195231,1.5364050356004753,1.0279828993392923,1.3396222570309548,Moderate
1.488333430902757,3.382160848942503,1.0,1.469478777779302,Good
1.8169603062001547,4.9281469873689305,1.034978624174116,1.609322601967707,Bad
2.370558372360565,2.4276684580839896,1.535325036921881,1.8490562419114869,Bad
1.4318485603300124,4.036788910741142,1.0279828993392923,1.419533869901615,Good
1.6758149807684326,6.367647213487164,1.0652934224640498,1.1723085537095916,Bad
1.20577569852308,5.999442592261497,1.0533007633113098,1.6859043145795476,Moderate
2.219831973198371,4.939978755403175,1.2056134753206371,1.449500574894587,Moderate
2.9180806403867887,1.6270837058149197,1.2956454038087837,1.1348501724683762,Moderate
1.137788779605163,4.123586761040354,1.0,1.2397336399437795,Good
2.650044764048863,5.425081244807168,1.342790516906335,1.804106184422028,Bad
2.5318005338147493,2.577600622613927,1.369607452778857,1.409545367793357,Moderate
1.6046581054531908,5.1884458841222925,1.0443062479595802,1.8790229469044597,Moderate
1.1263063383068228,5.559206167243356,1.0,1.0,Moderate
3.4200345191519035,2.1831768034243764,1.132614597745822,2.6681469774982007,Moderate
2.6001365097637827,2.9917125038124586,1.526808497473766,1.983906414379863,Bad
3.0370259515389053,3.1967333803098343,1.2191993688301594,1.7691458277090266,Good
1.9163929294323248,4.210384611339567,1.0734551107656432,1.419533869901615,Moderate
1.1474213863304357,4.6700251359338685,1.003997553050913,1.2397336399437795,Good
3.0162280990953048,1.4456317112417572,1.1017560077730275,2.9877910316444405,Good
2.3383099400697285,5.79584152792823,1.174893120870579,1.6193123027441645,Bad
2.8085995991433874,5.531567157115362,1.3113097551496309,3.372364544833053,Bad
2.985381764143609,4.750670466855274,1.209871745044695,1.6193123027441645,Bad
1.2579874583266948,3.110219492443444,1.0391760590750097,1.472416713536813,Good
4.017331597450388,3.882975926295973,1.0790821080450836,2.083796230135237,Moderate
1.810417099288344,5.500047327072137,1.0377160792848814,1.5344058394852758,Bad
2.1721604056801187,3.4768149932164527,1.1532976261173726,1.609322601967707,Good
2.850779581126833,6.288800311306964,1.0109498204430625,1.5194224869887896,Bad
1.283225339424962,4.324726817622498,1.0279828993392923,2.198668199718899,Good
2.342707465290636,1.6783862520114003,1.0038158600855034,3.876803679325357,Moderate
2.107196196817686,5.7405635076722445,1.1702292949863973,1.2447284903320084,Bad
2.278720448423481,3.871144158261729,1.0012166404974738,1.9739179122716053,Moderate
2.8784711809412453,4.352365827750491,1.08861252390206,1.4345172223981009,Good
3.675217782800317,1.1616692784199067,1.4314030408083949,2.0338513222575503,Moderate
1.9490253115580167,1.9938685148764763,1.102603973571706,1.5344058394852758,Good
1.773962374980084,2.3843168600065203,1.0133251768363778,1.5244173373770182,Good
1.28042114474668,4.81768560100123,1.0050877947920716,1.2497221420520372,Good
2.099134088744977,5.397442234679175,1.2856587547609797,1.03995520710123,Moderate
2.792475382997969,4.652040848521818,1.0991061111542946,1.9889012647680917,Bad
2.8999701143028487,2.0608836490224327,1.071123211815002,1.6592675098453944,Good
2.101821415104637,3.784440962106791,1.0314807617567043,1.2896785478214672,Moderate
1.4514780520717157,3.267723988515297,1.068132287602021,1.3446171074191833,Good
1.468303349135137,3.689786817832841,1.0216231418577535,1.4594890770028446,Good
1.3981980307000346,4.790141245017511,1.052149938593082,1.4345172223981009,Good
2.3006867905627075,2.810260509239296,1.0106601414691023,1.449500574894587,Good
1.639593928600552,3.098198416120652,1.216867469879518,1.1048834674754036,Moderate
1.50791280858068,4.482515276127173,1.4617178390983288,1.0,Moderate
1.9916392929432325,4.920290693394192,1.0629615235134084,1.724195770219568,Moderate
1.2660495663994038,4.277399745485523,1.005829761368053,1.0,Good
1.632069272900402,3.468864045097441,1.3474543427905168,1.1997784328425498,Moderate
2.005076118232126,1.954397736714239,1.2541779930042751,1.3945620152968707,Good
2.131382521035814,5.697211909594775,1.0570151574038087,1.3695889620239272,Bad
1.7123972153779703,5.4763837910036495,1.0023318989506411,1.3346286053109258,Bad
2.3087488986354163,4.360222121725229,1.072289147298873,1.4295223720098722,Bad
1.5858464984512477,2.790572447230314,1.0827320575204042,1.4644839273910732,Good
1.2888337932783904,5.7405635076722445,1.026766258841819,1.3396222570309548,Moderate
2.908032222375558,2.8772756433852527,1.0804508356004665,1.8790229469044597,Moderate
1.720682353608403,4.3720538897594725,1.163233570151574,1.6193123027441645,Moderate
3.2826281414568457,2.1437060252621394,1.0766487990672369,2.703107334211202,Moderate
1.496345424911686,5.279124554336737,1.0316328488146134,1.0998886170871751,Bad
2.555986858032877,1.70593060799512,1.1317528083948698,1.6892342148383668,Good
3.019032293773587,7.26686158408969,1.0121664889234356,1.409545367793357,Bad
2.33024783199702,2.2896627157325704,1.510687912942091,1.1847950803460634,Bad
1.959390860652396,4.277399745485523,1.2017100567431014,1.4544954252828155,Moderate
1.8384592395617576,5.890495672202181,1.041366028760202,1.3346286053109258,Bad
2.721785851963486,4.387861131853223,1.1878851892732218,1.2297451378355222,Bad
2.62854583068726,3.563518189371391,1.036144587640886,1.9239730043939176,Good
2.0426993322360127,1.9505169167990075,1.0757870097162845,1.354605609527441,Good
3.8182325498519374,2.90093917945374,1.122881417800233,2.1836848472224126,Moderate
1.1854284856723118,7.065721527507546,1.0209871745044694,1.2996670499297247,Bad
1.5912212801642969,4.048620678775386,1.0766487990672369,1.8940062994009452,Good
1.6561854890267294,4.084115982878117,1.024332949863972,1.2796888470450098,Good
1.556285457016935,2.751101669068077,1.0874465604352896,1.0,Good
2.074013011468467,4.289231513519767,1.2384629646327243,1.0649282603741737,Moderate
2.0803224817430337,6.620089816265788,1.060629624562767,1.5144288352687607,Bad
1.9117511545852464,6.489940367889107,1.0228951045472212,1.3346286053109258,Bad
4.398704331087002,4.065942387177518,1.026766258841819,2.817980502463063,Bad
2.142131955468183,4.900507977240936,1.3824329669646327,1.8490562419114869,Moderate
3.613525112896925,2.1910330973991146,1.0717822090944422,1.8091010348102567,Moderate
3.0773364919024515,1.295794200856094,1.2355227454333464,1.7541624752125404,Good
3.2520155431423934,2.2423356435955952,1.2214298857364945,1.544395540261733,Moderate
1.636555997285026,3.756801951978797,1.0184930586863583,1.7841291802055128,Good
1.378568538958331,8.225234794863436,1.0559657986785853,2.198668199718899,Bad
2.187817277544778,4.801973013051755,1.2028760202098718,1.7491676248243118,Moderate
1.0,3.784440962106791,1.0,1.11986681997189,Good
1.8246384644380087,4.135418529074598,1.2398534349008938,1.466148877520483,Good
1.8062108072709209,1.2208281185911256,1.0,1.5094339848805318,Good
3.145221828258652,3.977630070569923,1.0571824391760591,1.9289678547821465,Bad
1.0364547243082598,5.243629250234005,1.0012166404974738,1.2397336399437795,Good
5.029651939015464,1.2642743708128688,1.1557309071123203,4.965593561180624,Bad
2.946632628374721,3.6108452615083664,1.1246510843373494,1.6842393644501383,Moderate
1.737507650671824,2.561793380520177,1.0547491581811117,1.174805379569606,Good
3.17887235788863,2.33301431381004,1.0169114092499028,2.703107334211202,Moderate
2.241564643197218,6.38742992964042,1.1200932856587642,1.4594890770028446,Bad
1.4864138752190772,3.855431570312253,1.15507190983288,1.4744724294993308,Good
1.9217677111453744,3.1888770863350966,1.0,1.1648168774613483,Good
1.8760823890687792,3.5833009055246468,1.1037699090555773,1.5793558969747346,Moderate
1.346670647126496,4.419380961896448,1.0116595507190052,1.0,Good
3.0975501962435352,1.7808966902600885,1.0377160792848814,2.59323021501577,Moderate
1.0456852575797306,4.54953041027313,1.0,1.2397336399437795,Moderate
4.25568956403538,2.63278398872564,1.068132287602021,1.8740292951844304,Moderate
2.6124216145418417,4.119611286980849,1.059615748153906,1.414539019513386,Good
3.4105703137400534,3.3308583027460217,1.1655654970851146,1.824084387306743,Moderate
1.3252885175866504,7.262980764174459,1.0454722114263506,2.198668199718899,Bad
5.401911007699228,3.244060452446809,1.0693489280994948,2.383463280064962,Bad
1.3337011661183609,3.0784156999673966,1.0734551107656432,1.2397336399437795,Good
1.8636971206600248,4.939978755403175,1.0814048006218422,1.5244173373770182,Moderate
1.135136281552377,4.626957500289221,1.0213203109211038,1.059933409985945,Good
1.7470886599054318,3.997412786723179,1.2984842689467548,1.5793558969747346,Moderate
3.216346777625926,3.729162941850804,1.121259221142635,2.318535019690789,Moderate
2.034637224163303,1.958373210773745,1.012825486202876,1.0,Good
1.7851792181900763,4.904483451300443,1.00462325068014,1.639289306960679,Moderate
1.438041226782822,2.8812511174447586,1.0,1.1648168774613483,Good
2.60961741986356,6.150794568955543,1.0377160792848814,1.414539019513386,Bad
1.6127202135259,6.036357708528338,1.1445783225806452,1.0199782028847149,Bad
3.21532708219689,2.325158019835301,1.0571824391760591,1.7591561269325693,Good
1.386981187490042,5.338283394507956,1.0547491581811117,1.11986681997189,Moderate
1.8975813869272469,3.181020792360359,1.0139914496696465,1.329633754922697,Good
2.01582561716136,4.955785997496924,1.0571317621453555,1.5943392494712207,Bad
1.8169603062001547,5.823385883911951,1.0699572483482316,1.4544954252828155,Bad
1.4837264843625526,4.865012673138205,1.0987563249125534,1.274695195324981,Moderate
1.4907370355551222,3.859312390227485,1.0778654675476098,1.4445057245063584,Moderate
3.5315019348306915,1.5837321077374504,1.5853089871745043,1.9889012647680917,Moderate
1.620782321598609,3.173069844241347,1.8056743194714344,1.0249718546047435,Bad
1.8492087384909917,4.719150636812048,1.0979401476875243,1.7391791227160542,Moderate
2.8730964637250613,6.087660254724819,1.3253012048192772,1.2896785478214672,Bad
1.4031054036354604,5.1844704100627865,1.0023318989506411,1.7042175673348532,Good
2.40720432987231,3.2913875245837847,1.1386978561989896,1.1798002299578347,Good
1.620782321598609,4.766477708949024,1.0513425479984453,1.2397336399437795,Good
2.52949709279308,5.547374399209112,1.0364994387874078,1.2447284903320084,Bad
1.4262401709734485,4.013125374672654,1.073773108433735,1.349611957807412,Good
1.5972970782984843,2.644615756759884,1.0036499494753206,1.3596004599156697,Good
2.569423683321771,5.547374399209112,1.0851269179945588,1.3878039239868556,Bad
2.1693562110018365,5.614389533355069,1.0127194869801788,1.5094339848805318,Bad
1.1354434156215147,3.3860416688577346,1.0218996688690245,1.1448386745766337,Good
2.0348815382863386,5.1844704100627865,1.3322969296541003,1.724195770219568,Bad
2.5647500470235896,2.9837615556934467,1.0212913486202877,2.148723291841211,Moderate
2.4918405339102048,2.0253883449197017,1.0597816587640887,1.7341842723278256,Good
1.4326664450697726,5.914159208270668,1.0559657986785853,1.804106184422028,Moderate
1.55897284787346,5.243629250234005,1.0209871745044694,1.5094339848805318,Good
1.2687369572559284,4.001293606638411,1.0,1.0,Good
2.045386658595673,6.986874625327346,1.0757870097162845,1.6342956552406505,Bad
2.328049069386566,3.0942229420611462,1.1119315973571706,1.4944506323840456,Good
1.4219170106374035,3.3860416688577346,1.0081616883015934,1.11986681997189,Good
1.6503433630329214,5.141118811985318,1.3008161678973962,1.3446171074191833,Bad
4.463201195668676,1.603420169746432,1.1021984174115818,4.7008880666321,Bad
3.83505784691536,4.939978755403175,1.0121664889234356,2.338513222575504,Bad
1.0644968645816737,3.973749250654691,1.0,1.274695195324981,Good
2.752164842634423,3.768633720013041,1.0571317621453555,2.303551667194302,Moderate
2.212003601762906,4.83349284309498,1.2005441212592305,1.6342956552406505,Moderate
2.1501940635408925,4.174889307236835,1.283326855810338,1.314650402426211,Moderate
2.3490594389989625,4.092066930997129,1.4780411877186164,1.9539397093868904,Bad
3.214392329138508,2.218672107527108,1.06645938593082,2.368479927568476,Moderate
1.496345424911686,5.780034285834482,1.0874465604352896,1.374583812412156,Bad
2.668505830591805,2.786596973170808,1.0109498204430625,1.4894557819958172,Good
1.9352045364342685,2.4276684580839896,1.0109498204430625,1.329633754922697,Good
1.3036727159064254,3.4806958131316845,1.047804110376992,1.5593788927582195,Good
2.1582561716136013,4.565337652366879,1.0489700738437622,1.4744724294993308,Moderate
3.618572702015951,2.409305554094844,1.0881461329187718,2.9711427290185446,Moderate
2.396497334376836,1.6192274118401817,1.0699572483482316,2.0088794676528066,Good
2.1179456312500555,8.197690438879714,1.1609016712009328,1.5943392494712207,Bad
3.148026022936934,1.295794200856094,1.1715473455110763,2.148723291841211,Moderate
1.988951902086708,6.131011852802288,1.3917605907500972,1.6193123027441645,Moderate
2.0023887918724665,5.417224950832431,1.0944422852701128,1.7142060694431107,Bad
2.400503363629732,3.0264505747609984,1.0612958694131365,1.5194224869887896,Good
3.159242866146927,2.104329901244176,1.1739806265060242,3.057714142406843,Moderate
2.0796214008250318,5.436913012841412,1.3704402798289934,1.589345597751192,Bad
2.3011541348434656,3.413680678985728,1.2968620722891566,1.6193123027441645,Bad
3.300388191578649,1.5797566336779445,1.3579479300427515,2.748057391700661,Moderate
2.0534487666683816,3.0863666480864085,1.0781189366498252,1.2297451378355222,Good
2.074013011468467,2.3921731539812585,1.026766258841819,1.7591561269325693,Good
1.2200481451894938,2.757822113311528,1.0,1.0,Good
1.548223348944226,4.514035106170399,1.167897396035756,1.0,Moderate
1.9309982444168448,3.764658245953535,1.0340661298095608,1.4245287202898431,Good
2.808716402965145,4.186721075271079,1.097331827438787,2.238623406820129,Bad
1.852480277450032,6.229641471135745,1.0547491581811117,1.329633754922697,Bad
2.1157957572629544,5.690680773639873,1.199877848425962,1.1398450228566048,Bad
2.8339543485602765,5.819505063996719,1.267662504469491,1.6642623602336228,Bad
1.6309476079284622,5.523710863140624,1.2457628635833655,1.884017797292688,Bad
2.682526932976944,2.415836690049746,1.0032849405363389,1.7142060694431107,Moderate
2.4269931288695297,2.573625148554421,1.0279828993392923,2.07380652935878,Good
1.682591795323758,6.54512373400082,1.0909444228527012,1.639289306960679,Bad
2.3684551941034213,4.687536152624549,1.0437993097551497,1.6542726594571655,Bad
1.9870824604668085,4.967617765531168,1.0316328488146134,1.4744724294993308,Moderate
1.9647655778685804,3.464983225182209,1.062028769529732,1.3795786628003843,Good
2.023887725234069,1.812416520303314,1.2448503692188106,1.2647054945485237,Good
1.0644968645816737,5.716899971603756,1.0292548620287605,2.198668199718899,Bad
2.451179453087658,5.010969363608637,1.4185775266226195,1.329633754922697,Bad
2.212003601762906,3.4413196891137217,1.0093276237854645,1.5843507473629632,Good
2.4861152762350187,5.365922404635949,1.1562378453167508,1.7741394794290557,Bad
2.266483909784452,5.11745527591683,1.1462742541780024,1.2996670499297247,Moderate
2.3786204804332747,3.823817086124754,1.034978624174116,1.314650402426211,Moderate
2.566736356962111,5.531567157115362,1.0827827345511076,1.7841291802055128,Moderate
2.1711272949032496,3.5319983593281656,1.367275553828216,1.3096555520379822,Bad
1.415023327763456,3.0429203958646656,1.0254390019432569,1.2846836974332383,Good
1.1177768859533548,4.123586761040354,1.0291995398367664,1.4794672798875594,Good
1.9788347949146976,3.92244670445821,1.3272782526233968,1.709212417723082,Moderate
2.160943562470126,5.436913012841412,1.0632656976292263,1.3396222570309548,Bad
2.0828684309755308,5.849889044308656,1.075112006218422,1.4366580438027987,Bad
2.5463123283456266,2.707750070990608,1.0734551107656432,2.248613107596586,Moderate
2.0515793250484817,5.003113069633899,1.0559657986785853,1.234738789555551,Moderate
3.0134238399201583,1.4574634792760008,1.0508780038865138,1.6293008048524218,Good
2.65448479270353,4.782190296898499,1.01703307889623,1.529412187765247,Bad
1.6926402133349892,4.920290693394192,1.0356145915274,1.3795786628003843,Moderate
1.3757643442800491,4.995162121514888,1.0194663598911775,1.0249718546047435,Bad
1.8492087384909917,2.1753205094496386,1.0139914496696465,1.3196452528144396,Good
1.2860295986001085,6.340102857503444,1.026766258841819,1.0049948503882289,Bad
1.693341294252992,5.551255219124344,1.2355227454333464,1.0,Bad
2.7736637759960256,3.934278472492454,1.1271950097162844,1.6992227169466243,Good
1.5944928191233376,3.930302998432948,1.001338310143801,1.4245287202898431,Good
1.7417139426892472,5.200277652156537,1.1235911480761758,2.133739939344725,Bad
2.0534487666683816,5.807673295962474,1.0223863194714342,1.5493891919817622,Bad
3.7438041355776552,1.6428909479086693,1.614457821997668,2.2436182572083574,Moderate
1.9110182122161403,7.901896238023621,1.1219587936261173,1.3795786628003843,Bad
1.5320991327988076,2.774765205136565,1.2366886809172173,1.839067739803229,Moderate
2.4553857451050805,4.5731939463416165,1.049882568208317,1.9539397093868904,Bad
2.186181443568393,3.9619174826204473,1.0194663598911775,2.018867969761064,Moderate
3.821036744530221,1.165644752479413,1.0608323886513795,3.567148127287375,Moderate
2.109883523177346,5.160806873994299,1.2180334333462883,1.7142060694431107,Moderate
1.9029561041434315,5.361946930576443,1.0340661298095608,2.0138731193728354,Bad
2.357121547071672,1.5364050356004753,1.535172949863972,2.0138731193728354,Bad
1.0245702095561178,3.882691963863151,1.0026650353672757,1.0,Good
1.448790661215191,7.077553295541789,1.030314798289934,1.0849052645906887,Bad
2.128695130179289,3.62267702954261,1.5479984360668482,1.0499449078776877,Bad
1.5428486317280417,3.382160848942503,1.0396424500582977,1.1448386745766337,Good
2.8300985325049903,2.719581839024852,1.4045860769529732,2.1886796976106413,Moderate
2.245069918793503,3.3703290809082587,1.0921103863194714,1.0699219120942025,Good
3.622872514487017,2.9640734936844653,1.1605518849591916,1.6492790077371366,Moderate
1.6977388194738996,3.62267702954261,1.0253012141469102,1.4794672798875594,Good
1.7282771174003533,5.310739038524236,1.0466381748931208,1.0,Bad
2.267503605213488,4.805853832966987,1.0594636610959969,1.7142060694431107,Moderate
1.3816064702738573,4.22221637937381,1.0676253493975905,1.1298553220801475,Good
2.099134088744977,5.294931796430487,1.0,1.4544954252828155,Moderate
2.8354732497211748,4.5298423482641486,1.212203643995336,1.6592675098453944,Moderate
3.2321523792603117,3.1967333803098343,1.1751972949863971,1.204772084562579,Moderate
2.953717544452153,2.530273550476952,1.0629615235134084,1.409545367793357,Good
3.1767691796314863,3.3703290809082587,1.101438010104936,1.8890126476809168,Moderate
3.5630492862035257,1.5639493915841949,1.0291995398367664,2.4184236367779635,Moderate
1.142430554452241,3.070559405992659,1.0046638258841818,1.2397336399437795,Good
1.0064496864581671,4.790141245017511,1.0,1.11986681997189,Good
2.1367572382519984,6.6358970583595385,1.1411864593859309,1.2447284903320084,Bad
1.6730107860901504,4.778309476983267,1.0559657986785853,1.6193123027441645,Moderate
2.292624682489998,4.391741951768454,1.0687912848814614,1.354605609527441,Moderate
2.1797551694720694,1.903189844662032,1.0151574131364167,1.3995556670168998,Good
1.249574809794984,2.404004922015502,1.006359757481539,1.2397336399437795,Good
1.8328507857083287,4.671823564675073,1.0644823381267003,1.3596004599156697,Moderate
2.7358068898517605,6.249329533144726,1.0316328488146134,1.5543840423699908,Bad
2.500253182441916,3.985581018688935,1.0145997699183833,1.4944506323840456,Moderate
2.3678709815040406,3.681835869713829,1.0629615235134084,1.3995556670168998,Good
2.263063576558821,4.356246647665724,1.0256510003886514,1.839067739803229,Moderate
2.3006867905627075,3.5833009055246468,1.1655654970851146,1.4395120727863295,Good
1.854583455707176,6.683224130496513,1.2028760202098718,1.4345172223981009,Bad
1.755150767978141,4.64418455454708,1.1119315973571706,1.3096555520379822,Bad
2.8339543485602765,1.6192274118401817,1.0953962502914885,2.0288564718693216,Good
1.8841444971414885,4.983330353480644,1.083948698017878,1.4894557819958172,Moderate
1.9567034697958712,4.813804781085999,1.3661095903614455,1.349611957807412,Bad
2.4918405339102048,3.21651609646309,1.0656989786241742,2.5582686596345683,Good
2.7133732034317752,3.425512447019972,1.0,2.298556816806074,Good
2.260376250199161,4.632352786512836,1.1317528083948698,1.3196452528144396,Moderate
1.8492087384909917,2.411955870134514,1.1609016712009328,1.4045505174051285,Good
1.5965959973804815,4.979449533565411,1.0314807617567043,1.294672199541496,Good
2.116076189630156,6.095516548699557,1.0,1.349611957807412,Moderate
1.7262908074618315,3.788321782022023,1.087598647493199,1.1847950803460634,Moderate
1.0925390048550874,6.320320141350189,1.0742155180722892,1.2397336399437795,Moderate
3.7557751406252016,1.4811270153444884,1.673921483093665,1.9689230618833768,Moderate
2.9384891252589096,2.4849342153697296,1.083948698017878,2.094783222853861,Good
3.475067178321727,1.504790551412976,1.5083560139914498,1.7691458277090266,Moderate
1.3449180093283537,5.017500499563539,1.0535172949863971,1.354605609527441,Bad
2.906863797176796,2.064859123081938,1.0620490291488536,1.6742508623418806,Good
2.753700448483248,3.821640040806453,1.0,1.8447757977702903,Moderate
1.2944421826349544,7.404961980585384,1.0316328488146134,1.409545367793357,Bad
1.722902335687304,4.127562235099861,1.121259221142635,1.0749167624824312,Moderate
1.7712749841235595,3.3584973128740154,1.1691140365332298,1.5493891919817622,Good
2.7526321869151813,5.519735389081118,1.0194663598911775,1.3446171074191833,Bad
1.4864138752190772,4.967617765531168,1.0384764865915277,1.3346286053109258,Bad
2.558674248889402,5.3501151625422,1.2063738826272834,1.4644839273910732,Bad
3.722305137719188,1.3786165770958003,1.1480761849980567,2.5682571617428263,Moderate
2.201254102833672,2.4553074682119838,1.3194714434512242,1.329633754922697,Moderate
4.249029553301812,1.8203674684223257,1.4302370773416246,2.0488346747540365,Moderate
2.037558287160208,3.831768034243766,1.1143649063350174,1.978912762659834,Good
1.3393096199717895,3.334833776805528,1.0,1.2497221420520372,Good
2.037324550522963,3.997412786723179,1.166680755538282,1.469478777779302,Bad
1.827709740632524,6.091635728784325,1.2087057815779243,1.9489460576668611,Bad
1.2692043015366874,3.0942229420611462,1.026766258841819,1.314650402426211,Good
3.609435624701259,1.4811270153444884,1.2600077823552274,3.172586111990504,Moderate
2.1553351086166974,1.61127646372117,1.0572377613680528,2.0638180272505227,Good
3.5691250843377134,1.4969342574382385,1.2028760202098718,2.0338513222575503,Moderate
1.408480120851645,4.28137521954503,1.053633899727944,1.3596004599156697,Moderate
3.0773364919024515,1.295794200856094,1.2355227454333464,1.7541624752125404,Good
3.128396531195231,2.908890127572752,1.0699572483482316,1.6642623602336228,Good
1.583403486214623,6.237497765110482,1.071229211037699,1.3645953103038984,Bad
2.5818704817393363,5.287075502455749,1.2918216525456665,1.2397336399437795,Bad
3.226543925406882,4.699367920658792,1.0827320575204042,2.0288564718693216,Bad
1.1585547705976595,6.036357708528338,1.064127486980179,1.11986681997189,Bad
1.6654903871830626,2.8536121073167653,1.0152634123591138,1.3396222570309548,Good
2.967154369741047,2.0253883449197017,1.493516598523125,1.7841291802055128,Moderate
2.906863797176796,5.279124554336737,1.2739992320248736,1.3645953103038984,Bad
1.3505264631817822,6.158650862930282,1.0389327197823552,1.3596004599156697,Bad
1.9782024676543388,2.93255366364124,1.0235522829382044,1.4994454827722743,Good
1.9870824604668085,4.967617765531168,1.0316328488146134,1.4744724294993308,Moderate
2.7890869112234418,4.245879915442298,1.1070650073843762,1.9889012647680917,Moderate
1.2860295986001085,4.226097199289042,1.0757870097162845,1.0,Good
1.3386085390537867,5.511879095106381,1.017605916828605,1.2697003449367523,Moderate
1.0456852575797306,4.54953041027313,1.0,1.2397336399437795,Moderate
2.357121547071672,2.565768854579683,1.1247570835600469,2.2735849622013298,Good
2.7709763851395013,1.9386851487647636,1.0921103863194714,2.0638180272505227,Good
4.472081188481145,1.4219681751732698,1.2063738826272834,3.8018869168429257,Moderate
2.295312008849658,3.886951400355479,1.2861887508744656,2.15371814222944,Moderate
1.975865617256816,4.466708034033423,1.1374811877186164,1.4045505174051285,Moderate
1.835771848705233,4.608689250444348,1.0687912848814614,1.4295223720098722,Good
2.160943562470126,5.925990976304912,1.355616003109211,1.03995520710123,Bad
1.7534406336137578,4.190601895186311,1.0173227578701904,1.4445057245063584,Moderate
1.102120014088695,6.12315555882755,1.0186552755538285,1.0,Moderate
1.872109769191736,4.111754993006111,1.0851653385153517,1.204772084562579,Good
1.9225855958851343,6.237497765110482,1.01703307889623,2.158712992617669,Bad
1.636555997285026,2.814235983298802,1.1034150579090556,1.0,Good
3.453568244960124,2.0845471850909205,1.0524679362611735,2.0488346747540365,Moderate
1.8492087384909917,5.081959971814099,1.1340847353284105,1.5094339848805318,Bad
1.7067781195418856,6.659560594428026,1.034978624174116,1.469478777779302,Bad
2.386682588505984,2.3291334938948074,1.0489700738437622,2.3984466325614484,Good
4.045373673226937,2.3093507777415523,1.100981776914108,2.8129856520748344,Moderate
3.849078884803634,2.83789951936729,1.0879462510687914,2.383463280064962,Moderate
1.2776169500683978,4.383885657793717,1.0863820069957248,1.5244173373770182,Good
3.2097186928403256,1.1616692784199067,1.087598647493199,1.978912762659834,Moderate
2.1188803843084374,5.614389533355069,1.3591138655266226,1.5344058394852758,Bad
3.487335578411859,3.3032192926180284,1.0036499494753206,2.493340399260395,Moderate
2.598984789252948,4.845324611129223,1.0186552755538285,1.5394006898735046,Bad
1.8008360900547362,4.257711683476542,1.1049358725223477,2.288568314697816,Good
1.894893996070722,6.391310749555651,1.3322969296541003,1.419533869901615,Bad
2.104859346420163,3.153381782232365,1.032849489312087,1.5593788927582195,Good
1.599283388237006,6.797566336779445,1.2530120575204042,1.5943392494712207,Bad
1.880522417723446,3.6424597456958656,1.0450159782355228,1.5793558969747346,Good
2.9264932889185,2.91674642154749,1.0790821080450836,1.5244173373770182,Moderate
3.168323186220787,2.185448502886952,1.0293154170229304,2.849373622613701,Moderate
1.4851285817016937,4.454876265999179,1.0121664889234356,1.1498335249648624,Good
1.948641361723162,4.399692899887466,1.1445783225806452,1.4295223720098722,Moderate
3.1660196807022527,1.0670151341459566,1.5958025744267392,1.9639294101633475,Good
1.7543328832383809,5.736682687757012,1.0572983163622232,1.5094339848805318,Bad
3.8862346900298967,5.298907270489993,1.215701506412748,1.8740292951844304,Bad
3.69484727454202,1.3667848090615569,1.0510992087057909,2.743063739980632,Moderate
3.4284471676836143,3.8514560962527473,1.0535324897007383,1.9289678547821465,Moderate
1.7578381588346657,3.0429203958646656,1.1072677714729888,1.799112532701999,Good
2.8479753864485517,1.6902180200456445,1.0145997699183833,2.178689996834184,Good
3.95073155461157,2.017532050944964,1.180722882238632,3.3523863419483386,Moderate
1.740311845350106,6.103467496818569,1.0425573167508744,1.7491676248243118,Bad
1.80480870993178,5.180589590147555,1.0072998989506412,1.2846836974332383,Bad
1.249574809794984,2.404004922015502,1.006359757481539,1.2397336399437795,Good
1.365482254128439,4.983330353480644,1.0011659634667702,1.2597118428284946,Moderate
2.418931020796821,2.471114710305733,1.0304162083171395,2.4483903417709363,Good
1.5320991327988076,6.119180084768044,1.0104935872522347,1.0899001149789174,Bad
2.786282716545159,1.7493768602168631,1.9416853975903616,1.2497221420520372,Moderate
1.6369065377440275,2.6682792928283705,1.2308589195491644,2.043839824365808,Good
2.437742627798764,2.8024042152645583,1.0437993097551497,1.4794672798875594,Good
1.6960286851095163,5.657741131432537,1.1539059463661097,1.6592675098453944,Bad
1.9163929294323248,3.413680678985728,1.041974349008939,1.484462130275788,Good
4.208017932020262,2.2699746537235885,1.268879172949864,10.0,Bad
1.1671055069164396,5.914159208270668,1.0121664889234356,1.11986681997189,Moderate
1.9459540353635016,5.894376492117413,1.037310523124757,1.214761785339036,Bad
1.6073454963097151,5.898351966176919,1.0408083855421686,1.03995520710123,Bad
1.5374738500149925,5.55523069318385,1.2483482316362222,1.4295223720098722,Bad
1.6910378532313222,4.853748829969605,1.083948698017878,1.633581248993618,Good
2.0067119522085117,1.958373210773745,1.035282798289934,1.6842393644501383,Good
1.14021057237334,5.413249476772925,1.0443062479595802,2.198668199718899,Bad
3.509769264831845,2.6564475247941277,1.0377160792848814,1.9039960001774028,Moderate
1.8465213476344668,5.685380141560532,1.0408083855421686,1.1997784328425498,Bad
2.1394446291085227,4.679679858649811,1.3929265542168676,1.204772084562579,Moderate
2.957339623870196,3.457032277063197,1.1216647773027597,2.07380652935878,Moderate
1.855284536625179,5.787890579809219,1.0750450431403031,1.5493891919817622,Bad
2.362496264287856,5.11745527591683,1.3917605907500972,1.6492790077371366,Bad
1.5888844297667737,4.15510659108358,1.10828164788185,1.1897887320660925,Moderate
2.466602588315073,3.228347864497334,1.0074215406140692,4.541066039558981,Moderate
2.8999701143028487,4.218240905314305,1.0559657986785853,1.4794672798875594,Bad
1.6309476079284622,5.598582291261319,1.0936818779634667,1.669256011953652,Moderate
2.770732071016466,5.630196775448819,1.0496060411970465,1.6193123027441645,Bad
1.8693055745134532,5.290956322370981,1.0474492592304705,1.8790229469044597,Bad
2.617028561082046,1.6310591798744256,1.4617178390983288,2.0788013797470093,Moderate
1.682591795323758,5.010969363608637,1.1352506708122814,1.3196452528144396,Moderate
3.0330533316618618,4.612664724503855,1.0888152879906725,2.053829525142265,Bad
2.3740636479568504,1.2642743708128688,1.0343426568208318,1.8091010348102567,Good
1.4851285817016937,6.604282574172038,1.0194663598911775,1.174805379569606,Bad
1.7347033914966776,4.482515276127173,1.008516539448115,1.4594890770028446,Moderate
1.3140716743766578,3.5990134934741222,1.0368865542168677,1.2397336399437795,Good
1.5774005050405484,2.00570028291072,1.0279828993392923,1.3645953103038984,Good
1.3048942865216022,5.259436492327756,1.0292548620287605,2.198668199718899,Bad
1.9309982444168448,3.953966534501435,1.116798187329965,1.0099885021082575,Good
2.632051106283545,4.443044497964936,1.0851653385153517,2.4483903417709363,Moderate
1.3923559047062266,3.4097052049262224,1.0116595507190052,1.0,Good
1.9352045364342685,5.373778698610687,1.1793449483093663,1.1498335249648624,Bad
2.342707465290636,1.4456317112417572,1.0356145915274,1.639289306960679,Good
2.107196196817686,6.363766393571932,1.0279828993392923,1.4594890770028446,Bad
1.712152901254935,4.332583111597236,1.005829761368053,1.2846836974332383,Moderate
1.145117945308766,5.744538981731751,1.0326467252234746,1.1648168774613483,Moderate
1.7470886599054318,5.11745527591683,1.1535561601243685,1.7192009198313394,Moderate
3.026276517106536,1.9425659686799956,3.273610571317528,2.293563165086045,Bad
1.0644968645816737,4.244081486701092,1.0026650353672757,1.006659800517638,Good
1.8188297478200544,5.7405635076722445,1.1313979572483484,1.864039594407973,Moderate
1.8035234164143965,4.107779518946605,1.1130975608239408,1.034961555381201,Moderate
2.846222748650409,3.050871343983677,1.0676253493975905,1.859045942687944,Moderate
2.2576888593426365,5.101648033823081,1.0513019727944035,1.174805379569606,Bad
1.1766652966815998,3.2520114005658214,1.0036499494753206,1.2097669349508071,Good
1.161242161454184,4.73883869882103,1.0,1.729189421939597,Moderate
3.041465980193572,5.878663904167937,1.0255495903614458,1.3596004599156697,Bad
2.152881454397417,3.33871459672076,1.452592979401477,1.374583812412156,Moderate
2.8367585432385587,4.072284214843873,1.1170193921492422,1.859045942687944,Moderate
3.31908293026197,3.7804654880472848,1.0279828993392923,2.3285235217990463,Moderate
1.445869598218287,5.089816265788837,1.0500194325689856,1.274695195324981,Moderate
1.214989527106624,6.493915841948613,1.0396424500582977,1.1398450228566048,Moderate
2.057187714405046,3.0665839319331534,1.0012166404974738,1.5543840423699908,Good
2.236657270261792,5.543398925149606,1.1602657038476487,1.6892342148383668,Bad
2.8367585432385587,3.0035442718467023,1.033070694131364,1.6542726594571655,Moderate
1.682591795323758,6.738407496608226,1.1842207446560435,1.5543840423699908,Bad
1.437457014183441,5.567062461218094,1.0279828993392923,2.198668199718899,Bad
3.448193463247075,2.5421053185111955,1.1900505340069958,3.372364544833053,Moderate
3.3487608400149043,3.516191117234416,1.0443062479595802,1.8890126476809168,Moderate
2.0292624424502543,2.3921731539812585,1.1216647773027597,1.6143174523559356,Good
2.12168457898672,5.582869703311843,1.2822623023707735,1.0,Bad
1.784711873909318,2.971929787659203,1.0,1.3346286053109258,Good
2.2283721320313594,6.1468190948960375,1.0050877947920716,1.1698117278495772,Bad
1.8411466304182824,5.338283394507956,1.0816167990672367,1.3396222570309548,Bad
3.483129286394436,1.8440310044908133,1.1058483668869024,2.0887898818552664,Moderate
1.7309644437600131,2.1358497312874016,1.2110377085114652,1.4445057245063584,Good
2.738611149026907,2.273855473638821,1.1034150579090556,2.4334069892744496,Good
1.7470886599054318,4.596857482410105,1.3089778561989895,1.3695889620239272,Moderate
1.4162979148013188,2.2383601695360893,1.0381584889234357,1.4644839273910732,Good
1.5748633273816344,5.1844704100627865,1.0255495903614458,1.4544954252828155,Moderate
3.2573902603585783,3.8514560962527473,1.2005441212592305,1.9739179122716053,Moderate
1.4622275510009497,4.498227864076648,1.1364166342790516,1.3046619003179534,Good
1.2692043015366874,6.25803771441793,1.008516539448115,1.204772084562579,Moderate
1.6879665770368073,3.879095106380741,1.0023318989506411,1.5593788927582195,Good
2.3432173130051543,3.224372390437828,1.068132287602021,1.8490562419114869,Good
2.12063302210658,4.797997538992249,1.071123211815002,1.744172774436083,Moderate
1.7712749841235595,5.582869703311843,1.0501360373105324,1.884017797292688,Moderate
1.8384592395617576,4.821661075060737,1.0340661298095608,1.4395120727863295,Moderate
1.0833084715836168,7.3733474963978844,1.030314798289934,1.2397336399437795,Bad
1.6730107860901504,2.534154370392184,1.0644823381267003,1.0,Good
1.0859957979432766,6.553074682119831,1.053633899727944,1.2697003449367523,Bad
1.8610331421653437,4.332583111597236,1.2590750003886515,1.7192009198313394,Bad
1.6127202135259,6.797566336779445,1.2145355709288768,1.3596004599156697,Bad
3.103158650096964,4.163057539202592,1.0364994387874078,1.5793558969747346,Moderate
2.0291456386284965,2.435619406203001,1.0394304516129032,1.6243059544641931,Good
4.238864266971958,3.5478056014219157,1.164247446560435,3.1276360545010453,Bad
2.1721604056801187,2.573625148554421,1.0194663598911775,1.7841291802055128,Good
1.2767990653286376,3.7213066478760655,1.0279828993392923,1.2497221420520372,Good
1.4346527550082944,6.0718530126310695,1.0304162083171395,1.2447284903320084,Bad
2.413556303580636,3.654291513730109,1.278663029926156,1.9239730043939176,Good
1.8833266124017285,2.3409652619290515,1.0046638258841818,1.234738789555551,Good
2.12063302210658,6.411093465708907,1.0268169358725223,1.4345172223981009,Bad
1.748724493881817,6.083684780665313,1.0652934224640498,1.3446171074191833,Moderate
2.0856971989592186,3.563518189371391,1.0676253493975905,1.592674299341811,Good
1.9029561041434315,2.914096105507819,1.7849203264671591,2.857935709564293,Bad
2.797850100214154,1.863719066499795,1.5911387485425572,1.3596004599156697,Bad
1.852480277450032,3.685811343773335,1.0693489280994948,1.943951207278633,Good
1.8062108072709209,5.385610466644931,1.0,1.3346286053109258,Moderate
1.5374738500149925,6.395286223615157,1.041974349008939,1.0,Bad
3.187284941923476,2.502634540348958,1.0742155180722892,2.258601609704844,Moderate
1.2327495772284274,3.681835869713829,1.0,1.1847950803460634,Good
2.79469536507687,2.9600980196249598,1.1630308060629615,2.31354016930256,Moderate
2.6505333922949337,2.021223562571648,1.106843802565099,1.764150977320798,Good
1.755150767978141,4.076259688903379,1.138748533229693,1.1498335249648624,Good
1.6127202135259,3.461007751122703,1.2145355709288768,1.3596004599156697,Bad
2.954535429191913,2.3093507777415523,1.0863820069957248,1.5394006898735046,Good
1.6982486671884178,3.886951400355479,1.0255495903614458,1.374583812412156,Good
4.365053801457023,4.482515276127173,1.2856587547609797,1.709212417723082,Moderate
1.8841444971414885,5.7603462238255,1.0291995398367664,1.4245287202898431,Bad
2.418931020796821,5.13326251801058,1.2366886809172173,1.4045505174051285,Bad
2.8956469539668035,5.290956322370981,1.0523158492032647,2.0238628201492928,Bad
1.7010528618666996,3.934278472492454,1.0291995398367664,1.2097669349508071,Good
2.3678709815040406,5.768202517800238,1.4768752522347457,1.1398450228566048,Bad
3.212522887518608,5.941703564254388,1.0571824391760591,1.5394006898735046,Bad
1.693341294252992,4.888676209206693,1.0439731395258454,1.9988897668763488,Moderate
4.466005390346957,2.372485091972277,1.1070650073843762,2.857935709564293,Bad
1.5468212516050852,5.010969363608637,1.126531367275554,1.3096555520379822,Moderate
2.134069847395474,3.52802288526866,1.1338515258453168,1.4445057245063584,Good
2.5463123283456266,2.707750070990608,1.0734551107656432,2.248613107596586,Moderate
1.8707076718525943,7.073672475626558,1.0932763218033423,1.484462130275788,Bad
3.764151348428424,1.5442613295752132,1.0903084554994171,4.006659001405504,Moderate
1.4851285817016937,2.159513267355889,1.0457902090944422,1.4744724294993308,Good
2.584379474268428,2.8852265915042645,1.0705655685969686,1.958934559775119,Good
2.946632628374721,3.6108452615083664,1.1246510843373494,1.6842393644501383,Moderate
2.701104803341643,5.705068203569513,1.2436844057520404,2.693118832102945,Bad
1.66459813755844,5.517085073041448,1.1597357077341623,1.589345597751192,Bad
2.010450899945176,3.5478056014219157,1.0816167990672367,1.839067739803229,Good
1.6814233701249963,6.872532419044414,1.0194663598911775,1.3396222570309548,Bad
1.7793370921962686,5.290956322370981,1.3218033424018656,1.4594890770028446,Bad
1.6253391540750337,4.9321224614284365,1.0,1.4944506323840456,Bad
3.7761693716902496,2.4553074682119838,1.143564446171784,2.443396690050907,Moderate
2.241564643197218,3.023232333855684,1.0909444228527012,1.4045505174051285,Good
2.8919080062301394,5.074103677839361,1.6109599595802564,1.419533869901615,Bad
1.20155270181773,3.535973833387672,1.0279828993392923,1.4994454827722743,Good
2.875783790084721,2.1950085714586205,1.2576758554216867,1.892341349271536,Moderate
1.0932273153939032,3.3939926169767465,1.0,1.2097669349508071,Good
3.1143754933069565,2.10035442718467,2.0925497147298877,2.248613107596586,Bad
1.249574809794984,3.7094748798418222,1.006359757481539,1.3046619003179534,Good
1.833084522345573,4.545554936213623,1.130586872910999,1.744172774436083,Moderate
1.8814571707818284,2.968048967743971,1.0454722114263506,1.419533869901615,Good
3.3162786710868235,1.4586939831515622,1.0304162083171395,1.9239730043939176,Moderate
3.3836965986654013,1.7887529842348264,1.2938204430625728,2.238623406820129,Moderate
2.988185958821891,2.5459861384264277,1.1459977271667314,1.569367394866477,Moderate
2.2960798440225028,1.7040375251096411,1.0530202347454334,2.146226465981197,Good
1.5052254177241555,2.163488741415395,1.0116595507190052,1.2397336399437795,Good
2.160943562470126,5.310739038524236,1.0,1.544395540261733,Bad
2.1851298866882534,3.173069844241347,1.7846871449669646,1.7142060694431107,Moderate
2.7145416286305366,2.0885226591504265,1.125923047026817,2.0238628201492928,Good
3.9472262790152857,1.560068571668963,1.0510992087057909,4.511099334566008,Moderate
2.418931020796821,3.4886467612506964,1.087598647493199,1.4894557819958172,Good
1.9567034697958712,4.7111996886930365,1.1037699090555773,1.4594890770028446,Moderate
2.459241561160366,5.693236435535269,1.2728332685581034,1.8490562419114869,Bad
3.3245745157967765,4.73883869882103,1.3591138655266226,2.897890916665524,Bad
2.323883023412641,2.1155937444127764,1.186749027594248,1.525130544955851,Good
1.9513287525796867,3.224372390437828,1.209871745044695,1.3845723145204134,Bad
2.5909226811802384,4.3720538897594725,1.1177613587252235,1.8690344447962015,Moderate
1.967452968725105,2.80628503517979,1.090031928488146,1.094894965367146,Good
1.773962374980084,4.293206987579272,1.0559657986785853,1.354605609527441,Good
2.3432173130051543,5.152950580019562,1.0802987485425573,2.228634904711871,Bad
2.064198265597615,4.54953041027313,1.0,1.3845723145204134,Moderate
1.905643494999956,6.781759094685695,1.1597357077341623,1.899001149789174,Bad
1.9842782657885265,3.173069844241347,1.058399107656432,1.4794672798875594,Good
1.8975813869272469,3.181020792360359,1.0139914496696465,1.329633754922697,Good
2.012320341565076,6.320320141350189,1.0862805969685192,1.469478777779302,Bad
2.0830098725995585,6.5609309760945695,1.2611737178390985,1.0699219120942025,Bad
2.3436846572859134,4.403573719802698,1.053633899727944,1.484462130275788,Moderate
2.0627961682584743,4.131443055015092,1.2751651675087443,1.4544954252828155,Moderate
2.351502451235587,5.243629250234005,1.1386425340069957,1.2597118428284946,Moderate
2.209316210906381,5.791866053868725,1.2215312957637,1.3246389045344684,Bad
1.4837264843625526,5.563086987158588,1.0401088130586864,1.764150977320798,Moderate
1.6421644511384548,4.174889307236835,1.0,1.4944506323840456,Moderate
2.06688565645414,4.435188203990197,1.0174893120870578,1.3246389045344684,Moderate
1.8518960648506515,4.443044497964936,1.1818888457054022,1.414539019513386,Moderate
2.2254404270518,2.366616535027292,1.0038158600855034,1.3945620152968707,Good
3.3658622481555995,2.10035442718467,1.0979401476875243,1.8690344447962015,Moderate
1.6533812943484474,4.092066930997129,1.015816410415857,1.3795786628003843,Good
1.406330246864544,5.003113069633899,1.1837138064516128,1.1648168774613483,Bad
2.064198265597615,4.214265431254798,1.0,1.3995556670168998,Moderate
2.14335352608336,5.208133946131275,1.0897784593859308,2.283573464309588,Bad
1.30636010676295,5.164782348053805,1.0011659634667702,1.0,Moderate
2.017928795418504,3.323002008771284,1.8759864189661872,1.5244173373770182,Bad
2.061266560618056,2.9995687977871963,1.0671589584143024,1.3945620152968707,Good
1.6288444296713185,4.963642291471661,1.377769141080451,1.409545367793357,Bad
1.7873992002689778,5.811554115877707,1.1107149568596968,1.4045505174051285,Bad
2.2979993997061827,4.009244554757423,1.0629615235134084,1.3596004599156697,Moderate
2.32218572392431,3.4728395191569468,1.06645938593082,1.354605609527441,Good
2.1357056813718587,3.92244670445821,1.059615748153906,1.449500574894587,Moderate
1.932272831454708,2.534154370392184,1.0,1.0149833524964862,Good
1.7497760507619564,5.847049419980437,1.163233570151574,1.409545367793357,Bad
4.5445233573137696,3.0272078079151896,1.0279828993392923,2.902885767053752,Moderate
2.2496267512699277,3.670004101679585,1.0012166404974738,1.2247502874472935,Moderate
1.8733950627091192,2.344846081844284,1.2203653322969297,1.2846836974332383,Good
2.3409973309262533,5.429056718866674,1.2180334333462883,1.899001149789174,Moderate
1.2075116316332957,5.5339335107222105,1.0097331799455889,1.2397336399437795,Moderate
3.843236758809826,1.2721306647876065,1.5538282254178002,2.4633736942674225,Moderate
3.3658622481555995,2.10035442718467,1.0979401476875243,1.8690344447962015,Moderate
1.8975813869272469,6.12315555882755,1.13291877186164,1.1847950803460634,Bad
2.1663182796863105,4.15510659108358,1.3276331037699185,1.4295223720098722,Moderate
1.0429979312200706,4.1157304670656165,1.0139914496696465,1.7192009198313394,Good
3.182143896847671,1.453582659360769,1.079284872133696,2.8928972649454945,Moderate
3.683630431332027,5.148975105960056,1.0,2.5133186021451097,Bad
2.9214691121613163,1.9386851487647636,1.0699572483482316,1.7741394794290557,Moderate
2.020732990096786,6.032476888613106,1.1618141655654877,1.4345172223981009,Bad
1.171056907325036,5.713019151688525,1.166680755538282,1.419533869901615,Bad
2.152881454397417,5.44476930681615,1.0757870097162845,1.899001149789174,Bad
1.9755150767978145,5.1844704100627865,1.1947143319082782,1.7741394794290557,Bad
2.050761440308721,5.858881188014681,1.060629624562767,1.5993340998594494,Bad
1.9325171455777437,5.79584152792823,1.241352506801399,1.0,Bad
2.0656003629367565,3.21651609646309,1.0961151869413135,1.7491676248243118,Good
2.012320341565076,3.054752163898909,1.0017033190827829,1.4345172223981009,Good
1.4066106792317452,3.212540622403584,1.0089036548775747,1.3346286053109258,Good
1.8599581729233607,2.968048967743971,1.08861252390206,1.5044391344923034,Good
1.5428486317280417,5.365922404635949,1.2308589195491644,1.5344058394852758,Moderate
2.803108013608581,2.680111060862614,1.1070650073843762,1.958934559775119,Moderate
1.4649148773606095,3.3939926169767465,1.4990283622230858,1.4395120727863295,Bad
3.711672507108576,5.756370749765994,1.0012166404974738,2.213651552215385,Bad
1.7683539211266557,4.569218472282111,1.026766258841819,1.354605609527441,Moderate
1.3089060559954468,4.801121125753289,1.0,1.0849052645906887,Good
1.9110182122161403,4.687536152624549,1.0384764865915277,1.1248616703601186,Good
1.6860121285493888,6.063996718656331,1.0445182464049747,1.1798002299578347,Moderate
4.252484714834315,3.6330889854127446,1.102603973571706,2.4250834372956023,Bad
2.0235371847750683,5.657741131432537,1.032849489312087,1.419533869901615,Bad
3.515377718685273,1.9307342006457515,1.1107149568596968,2.2086567018271563,Moderate
2.337608859151726,5.716899971603756,1.28799068169452,1.2697003449367523,Bad
2.946632628374721,3.6108452615083664,1.1246510843373494,1.6842393644501383,Moderate
1.0107494989292338,5.543398925149606,1.005829761368053,1.1648168774613483,Good
1.7010528618666996,4.699367920658792,1.049882568208317,1.3845723145204134,Moderate
1.4702896590736587,6.61223352229105,1.377769141080451,1.6243059544641931,Bad
2.632051106283545,4.040764384800648,1.0535324897007383,1.3995556670168998,Moderate
4.143521067438589,3.165213550266609,1.0961151869413135,3.222531019868191,Bad
1.4626948952817085,5.771704721138374,1.018249719393704,1.0,Moderate
2.0023887918724665,5.756370749765994,1.1200932856587642,1.4045505174051285,Bad
2.396497334376836,4.604713776384843,1.0559657986785853,1.419533869901615,Bad
2.2058109353100965,4.088091456937622,1.2287297846871357,1.2597118428284946,Moderate
1.8035234164143965,5.105623507882586,1.1702292949863973,1.6992227169466243,Moderate
1.7685876577638997,4.805853832966987,1.1585697722502917,1.0099885021082575,Moderate
2.408181521867587,5.523710863140624,1.2926544795958026,1.4245287202898431,Bad
1.4598907006034263,2.948266251590716,1.0,1.4345172223981009,Good
2.2254404270518,4.959666817412156,1.026710936649825,1.419533869901615,Bad
1.4326664450697726,3.910614936423966,1.0093276237854645,1.2397336399437795,Good
3.621937761428635,3.914590410483472,1.0,1.709212417723082,Bad
2.393693139698553,1.603420169746432,1.0961151869413135,1.314650402426211,Good
1.1626442587933252,5.30676356446473,1.0,1.1897887320660925,Moderate
2.4001194137948776,5.993006110450869,1.0163233486202876,2.7380688895924035,Bad
2.4323678460857145,2.1950085714586205,1.0,1.3995556670168998,Good
1.9513287525796867,2.920721895606996,1.079284872133696,1.5394006898735046,Good
2.867721682012012,6.225665997076239,1.6599300334240188,1.4295223720098722,Bad
1.1988653109612055,4.036788910741142,1.02215313797124,1.0,Good
2.101821415104637,6.063996718656331,1.0781189366498252,1.6842393644501383,Bad
3.299453438520267,5.089816265788837,1.0425826692576758,1.8440625901914576,Bad
3.439664010893607,1.9702049788079887,1.1983136043528957,2.0488346747540365,Moderate
1.24396642043842,3.12186195218914,1.0788609032258063,1.2597118428284946,Good
1.8760823890687792,4.841349137069718,1.2063738826272834,1.2597118428284946,Moderate
1.9405792536504527,4.245879915442298,1.02215313797124,2.0138731193728354,Moderate
1.5858464984512477,3.125742772104372,1.064127486980179,1.3046619003179534,Good
1.6906539033964674,6.190170692973507,1.0501360373105324,1.3096555520379822,Bad
1.7804120614382517,4.73883869882103,1.0151574131364167,1.4794672798875594,Bad
1.3252885175866504,3.950085714586204,1.0389327197823552,1.0499449078776877,Good
2.2254404270518,2.325158019835301,1.263505644772639,1.449500574894587,Moderate
2.6241483054663526,2.63278398872564,1.0046638258841818,1.744172774436083,Good
3.0638996666135574,2.5894323906481707,1.1095996984065293,2.148723291841211,Moderate
1.2364885249650917,3.4799385799774933,1.0,1.557380712869288,Good
1.8292454109782132,4.514035106170399,1.0909444228527012,1.0449500574894588,Moderate
1.5423600034819709,6.975042857293102,1.0190792444617178,1.1847950803460634,Moderate
1.448790661215191,6.300632079341207,1.065992994947532,1.3046619003179534,Bad
1.3617433063917748,5.866832136133693,1.0454722114263506,2.198668199718899,Bad
4.461331754048775,1.5009097314977442,1.2005441212592305,3.502219866913201,Moderate
2.17438038775902,1.6783862520114003,1.0,1.2697003449367523,Good
1.5724096731623538,3.819936266209522,1.005829761368053,1.7142060694431107,Good
1.6127202135259,6.060021244596825,1.0174893120870578,1.2896785478214672,Moderate
3.2293481200851644,2.8575875813762712,1.0754321585697628,1.449500574894587,Moderate
1.6141223108650409,3.3308583027460217,1.058509696074621,1.3196452528144396,Good
1.980889794013999,4.20640913728006,1.0888152879906725,1.6992227169466243,Good
1.830046591030047,3.8987831683897225,1.0036499494753206,1.3446171074191833,Good
1.5720591327033524,2.6051449785976466,1.0012719626894675,1.4045505174051285,Good
1.4318485603300124,4.036788910741142,1.0279828993392923,1.419533869901615,Good
1.9244550375050344,1.9268533807305197,1.130586872910999,1.2297451378355222,Good
2.894595397086664,1.8715753604745329,1.1888845705402251,2.1187565868482388,Good
2.241564643197218,3.023232333855684,1.0909444228527012,1.4045505174051285,Good
2.699352165543501,3.516191117234416,1.0547491581811117,1.4395120727863295,Good
3.1176470322659973,3.2007088543693403,1.0734551107656432,1.779134329817284,Moderate
1.131681120019872,4.707318868777804,1.0,1.0,Good
1.941067881896524,5.058296435745612,1.3027240979401478,1.3695889620239272,Bad
1.556285457016935,5.361946930576443,1.1247570835600469,1.11986681997189,Moderate
3.010619645241876,2.849731287401533,1.0083948698017875,2.528301954641596,Moderate
2.1394446291085227,5.882544724083169,1.2565099199378158,1.414539019513386,Bad
1.3735443622011485,5.365922404635949,1.0629615235134084,1.0,Moderate
2.606813160688413,5.3501151625422,1.0304162083171395,1.6342956552406505,Bad
2.2811422411916578,3.1612380762071037,1.068685285658764,1.389567164908642,Good
1.639593928600552,3.429487921079477,1.0396424500582977,1.3396222570309548,Good
2.388084685845125,2.045171061072957,1.026710936649825,1.6592675098453944,Good
1.2660495663994038,5.192421358181798,1.0559657986785853,1.2397336399437795,Moderate
3.38907138037845,2.873394823470021,1.1982121943256898,1.6193123027441645,Moderate
2.010450899945176,4.801973013051755,1.150408083948698,1.154828375353091,Moderate
1.8760823890687792,5.480264610918881,1.246016332685581,1.329633754922697,Bad
1.2687369572559284,3.031088627830422,1.0023318989506411,1.2397336399437795,Good
2.393693139698553,2.1792013293648704,1.0508780038865138,1.5993340998594494,Good
2.093759307031928,3.705499405782316,1.167897396035756,1.6942290652265954,Moderate
7.285756905856658,3.437344215054216,1.020351207151185,2.783018947081862,Bad
2.4028068046514024,2.5421053185111955,1.0046638258841818,1.4794672798875594,Good
1.2767990653286376,3.40582438501099,1.029148862806063,1.0,Good
3.0612122757570326,4.987305827540149,1.6051301982122037,1.9039960001774028,Bad
1.8814571707818284,6.691080424471251,1.215701506412748,1.5793558969747346,Bad
2.3168110067081256,5.957510806348138,1.0861640202098717,1.5852317684897566,Bad
2.957339623870196,5.081959971814099,1.0,2.2735849622013298,Bad
1.6420369408371769,4.273424271426018,1.3089778561989895,1.469478777779302,Moderate
1.795461308341687,5.894944416983057,1.0159902401865526,1.952274759257481,Bad
3.1732639040352018,5.038608373736629,1.0036499494753206,1.7491676248243118,Bad
1.5496254462833672,3.9461102405266977,1.0025438973960357,1.4395120727863295,Good
1.1693042695268934,4.064427920869136,1.0431403124757093,1.094894965367146,Good
2.3759330895767503,4.813804781085999,1.4477263894286825,1.0,Bad
1.5580380948150778,4.119611286980849,1.010175589584143,1.414539019513386,Moderate
3.571461934735236,1.650747241883407,1.166680755538282,3.5321865719061734,Moderate
2.1367572382519984,4.454876265999179,1.571317537504858,1.9339627051703752,Bad
3.5630492862035257,1.5245732675662316,1.087598647493199,2.278579812589559,Moderate
1.8465213476344668,3.0784156999673966,1.0151574131364167,1.3596004599156697,Good
3.088085990831685,2.6722547668878764,1.2448503692188106,1.7192009198313394,Moderate
1.66459813755844,5.894376492117413,1.1877186070734551,1.7142060694431107,Bad
2.5237384257420405,3.2480359265063155,1.1469102215312863,3.342397839840081,Good
1.88613080708001,7.259005290114953,1.0669156191216478,1.2796888470450098,Bad
1.4234359117983018,3.165213550266609,1.0121664889234356,1.2846836974332383,Good
1.2047074369550137,2.8970583595385087,1.0877645581033812,1.2796888470450098,Good
1.3359211481972622,4.939978755403175,1.0011659634667702,1.2647054945485237,Good
1.6530307538894458,3.5833009055246468,1.5759813354061407,1.1698117278495772,Bad
2.138509876050141,4.123586761040354,1.1204481368052857,1.5743622452547057,Moderate
1.2635959121801232,3.630627977661622,1.0279828993392923,1.3995556670168998,Good
1.7318991968183957,4.261592503391773,1.0462326187329964,1.4944506323840456,Good
3.483129286394436,2.3764605660317826,1.2541779930042751,1.899001149789174,Moderate
1.56166017423312,3.3623781327892472,1.0027982899339292,1.374583812412156,Good
3.211321052943993,1.2761061388471124,1.5200155367275554,2.138734789732954,Moderate
2.421618411653345,4.54953041027313,1.2063738826272834,1.3645953103038984,Bad
2.886533289013955,4.502203338136154,1.1107656338904004,1.034961555381201,Bad
2.0319498333067787,3.1612380762071037,1.179556946754761,1.11986681997189,Good
2.27650046634458,4.695487100743561,1.4045860769529732,1.234738789555551,Bad
2.099134088744977,4.841349137069718,1.0151574131364167,1.3346286053109258,Moderate
1.400418012778936,4.060452446809629,1.0268169358725223,1.544395540261733,Good
2.314123615851601,3.0823911740269025,1.2973183054799844,1.908989651897432,Bad
2.738611149026907,2.2423356435955952,1.1021984174115818,2.383463280064962,Moderate
1.722902335687304,4.127562235099861,1.121259221142635,1.0749167624824312,Moderate
1.2821737825448225,3.21651609646309,1.0617955600466382,1.11986681997189,Good
2.491489993451204,5.772177991859743,1.278663029926156,1.764150977320798,Bad
2.187817277544778,3.6463405656110974,1.3462883793237466,1.1947835824543211,Moderate
1.5347865236553324,2.557817906460671,1.1165954232413524,1.2497221420520372,Good
4.278123250455364,1.3864728710705383,1.0608323886513795,3.4422864569272567,Moderate
1.2794863916882977,3.973749250654691,1.041974349008939,1.3096555520379822,Good
1.8132213584634904,5.413249476772925,1.125923047026817,1.2097669349508071,Bad
2.187817277544778,6.454445063786376,1.2133696074621063,1.254716992440266,Bad
1.6127202135259,3.965798302535679,1.1352506708122814,1.0,Moderate
3.764151348428424,2.869419349410515,1.1107149568596968,1.799112532701999,Moderate
1.493541230233404,6.5569555020350645,1.041366028760202,1.2697003449367523,Bad
3.4105703137400534,3.3308583027460217,1.1655654970851146,1.824084387306743,Moderate
1.9163929294323248,4.427237255871185,1.0739215017489312,1.2846836974332383,Good
4.031352635338663,2.904914653513246,1.1180148278274389,2.8129856520748344,Bad
1.6870318239784252,3.2401796325315777,1.0,1.9139845022856603,Good
3.1401232221197417,3.445200509028953,1.100981776914108,2.198668199718899,Moderate
1.7685876577638997,4.174889307236835,1.15507190983288,1.3845723145204134,Moderate
1.8814571707818284,5.046464667711368,1.0454722114263506,1.6293008048524218,Moderate
1.9029561041434315,2.3369897878695456,1.033070694131364,1.4544954252828155,Good
1.376231688560808,6.008813352544618,1.036144587640886,1.3246389045344684,Bad
1.5692549380250704,4.797997538992249,1.1935483964244074,2.0138731193728354,Moderate
2.2394614649400744,5.302788090405224,1.2080467842984843,1.0980726347646008,Bad
2.242265724115221,5.212109420190781,1.058399107656432,1.469478777779302,Bad
3.1401232221197417,3.445200509028953,1.100981776914108,2.198668199718899,Moderate
1.9325171455777437,4.518010580229904,1.535325036921881,1.5094339848805318,Bad
2.6124216145418417,3.839624328218504,1.355616003109211,2.253606759316616,Bad
1.8411466304182824,4.683655332709317,1.012825486202876,1.3596004599156697,Moderate
3.510003001469088,1.7138815561141318,1.289156617178391,2.333518372187275,Moderate
2.2673633890298874,4.135418529074598,1.0903084554994171,1.744172774436083,Moderate
2.3409973309262533,4.9123397452751805,1.0816167990672367,1.8490562419114869,Bad
5.870915373255503,2.869419349410515,1.0437993097551497,3.3024414340706514,Bad
1.4461033348555312,4.202433663220555,1.1165954232413524,1.4944506323840456,Moderate
1.8922066052141973,4.166938359117824,1.0402254178002333,1.3102440981240442,Moderate
2.0830098725995585,5.085935445873605,1.3043140303148075,1.6243059544641931,Bad
1.9217677111453744,4.971498585446399,1.0011659634667702,1.3096555520379822,Moderate
2.413556303580636,3.725282121935572,1.0,2.058823176862294,Moderate
2.738611149026907,3.40582438501099,1.018249719393704,2.038846172645779,Moderate
1.7683539211266557,5.977198868357119,1.0693489280994948,1.15982202707312,Bad
2.0534487666683816,4.762502234889517,1.409249902837155,1.3596004599156697,Moderate
2.7467900609213736,5.093791739848342,1.1831608083948697,1.569367394866477,Bad
1.7014034023257012,4.608689250444348,1.493198600855033,1.274695195324981,Bad
1.7497760507619564,4.675704384590305,1.0,1.2796888470450098,Good
1.6870318239784252,2.313326251801058,1.0356145915274,1.3945620152968707,Good
3.748127295913701,1.4456317112417572,1.0948985184609406,2.6681469774982007,Moderate
3.087353048462579,5.63407759536405,1.2569338888457051,2.0288564718693216,Bad
2.007763509088651,3.6345087975768537,1.0046638258841818,1.3246389045344684,Good
1.3627948632719145,5.488215559037893,1.0046638258841818,1.0,Moderate
3.605673329099616,2.1358497312874016,1.1734939759036145,3.001775893530561,Moderate
1.9755150767978145,5.1844704100627865,1.1947143319082782,1.6542726594571655,Bad
3.0726947170553727,5.105623507882586,1.5001943256898562,1.884017797292688,Bad
2.314123615851601,3.756801951978797,1.2739992320248736,2.0488346747540365,Moderate
3.7901904740753887,1.5245732675662316,1.0912485969685193,2.0138731193728354,Moderate
2.3573658611947077,2.573625148554421,1.5748153999222696,1.3845723145204134,Bad
2.193191994760963,4.31687052364776,1.034978624174116,1.3695889620239272,Moderate
3.969659965435271,3.0074250917619345,1.0802987485425573,3.14761425738576,Moderate
2.233502535124509,5.365922404635949,1.3148076175670425,1.6892342148383668,Bad
2.023887725234069,2.8970583595385087,1.0571317621453555,2.2685901118131016,Good
2.1501940635408925,1.1893082885479005,1.1853867081228138,1.3845723145204134,Good
1.620782321598609,2.506610014408464,1.0116595507190052,1.6892342148383668,Good
2.5129889268128065,3.165213550266609,1.0268169358725223,1.669256011953652,Good
2.3488257023617183,2.7432453750933394,1.058509696074621,1.7891228319255417,Good
2.7384836387256293,2.0608836490224327,1.2542794030314808,1.5044391344923034,Moderate
1.2579874583266948,6.399261697674663,1.0209871745044694,1.0,Moderate
2.418931020796821,4.111754993006111,1.2542794030314808,1.449500574894587,Moderate
1.752463441618481,3.4886467612506964,1.0454722114263506,1.0549385595977163,Moderate
1.3923559047062266,4.801973013051755,1.0186552755538285,2.043839824365808,Good
2.768289058779841,5.231797482199762,1.068132287602021,1.779134329817284,Bad
1.9997014010159415,1.610992501288348,1.0186552755538285,1.389567164908642,Good
1.8937422755598876,4.868988147197712,1.034978624174116,1.2697003449367523,Moderate
1.94501928230512,1.3391457989335631,1.032849489312087,1.6193123027441645,Good
3.333103968150245,5.026776605702387,1.0778654675476098,2.338513222575504,Bad
1.4514780520717157,3.267723988515297,1.068132287602021,1.3446171074191833,Good
4.062198970290359,4.190601895186311,1.1192314963078118,2.31354016930256,Moderate
1.3708569713446237,3.0823911740269025,1.0256510003886514,1.294672199541496,Good
1.4767159331699828,5.500047327072137,1.0133831294209097,1.4894557819958172,Good
1.8384592395617576,5.290956322370981,1.0769529731830547,1.724195770219568,Bad
1.336305098032117,4.612664724503855,1.0,1.0,Good
5.651836357953213,2.5933132105634025,1.032849489312087,3.1276360545010453,Bad
3.4051955965238685,1.9425659686799956,1.1888845705402251,2.128746287624696,Moderate
1.9782024676543388,4.131443055015092,1.2681694426739214,1.154828375353091,Good
2.315175172731741,5.3264516264737125,1.0097331799455889,1.2497221420520372,Bad
2.444168901895088,5.4014177087386805,1.0559657986785853,1.5244173373770182,Bad
1.7468057766573766,3.760777426038303,1.024485036921881,1.4445057245063584,Moderate
3.661196744912041,4.719150636812048,1.035282798289934,1.7341842723278256,Bad
1.765900266907375,2.833924045307784,1.0163233486202876,1.0449500574894588,Good
1.2944421826349544,4.719150636812048,1.0048665899727944,1.234738789555551,Moderate
1.620782321598609,2.506610014408464,1.0116595507190052,1.6892342148383668,Good
1.1908032028884965,5.665692079551549,1.0594636610959969,1.3995556670168998,Moderate
3.125592336516949,4.557386704247867,1.0364994387874078,1.6942290652265954,Bad
1.1065600427433622,3.3939926169767465,1.0,1.0,Good
2.214690928122566,6.947403847165108,1.2005441212592305,1.329633754922697,Bad
2.2872499007769487,1.7020497880798882,1.0699572483482316,1.2846836974332383,Good
1.3048942865216022,5.259436492327756,1.0292548620287605,2.198668199718899,Bad
3.462097697313592,3.4886467612506964,1.1484310361445784,2.173696345114155,Moderate
1.5347865236553324,3.5438301273624093,1.7473765938593082,1.1798002299578347,Bad
3.21532708219689,3.3703290809082587,1.0012166404974738,1.8190895369185145,Moderate
1.356134852538346,3.6661232817643534,1.0,1.3596004599156697,Good
1.620782321598609,3.173069844241347,1.8056743194714344,1.0249718546047435,Bad
2.6177963317580266,7.1012168316102775,1.4121117979012825,1.5643725444782484,Bad
1.720215009327644,4.31687052364776,1.1585697722502917,1.469478777779302,Moderate
2.3087488986354163,2.7274381329995894,1.1690633595025262,1.5493891919817622,Good
2.289937291633473,5.713019151688525,1.1643995336183444,1.154828375353091,Bad
1.7766497658366087,4.237928967323287,1.0,1.5094339848805318,Good
2.06688565645414,4.435188203990197,1.0174893120870578,1.3246389045344684,Moderate
1.6799044689640985,2.3291334938948074,1.0,1.2497221420520372,Good
1.917614500047502,5.389585940704437,1.005829761368053,1.669256011953652,Bad
2.182442495831729,6.411093465708907,1.1713952584531675,1.5643725444782484,Bad
1.7066613157201282,4.707318868777804,1.0864925954139135,1.469478777779302,Bad
4.1519337159703,1.7138815561141318,1.1216647773027597,2.2735849622013298,Moderate
1.6369065377440275,4.695487100743561,1.1885803964244073,1.0549385595977163,Moderate
1.5132875257968648,2.064859123081938,1.0279828993392923,1.6842393644501383,Good
1.7094655103984104,3.654291513730109,1.0089036548775747,1.2247502874472935,Good
1.1486232209050506,4.592882008350599,1.0145997699183833,1.11986681997189,Good
1.5750970640188784,5.050440141770873,1.0023318989506411,1.3795786628003843,Good
1.856049275948524,3.6581723336453416,1.058509696074621,1.5943392494712207,Good
2.222753036195275,3.579325431465141,1.0694908573649435,1.938956356890404,Moderate
2.566736356962111,4.269543451510785,1.3567819665759813,1.4594890770028446,Moderate
2.292624682489998,3.3939926169767465,1.384764865915274,1.3795786628003843,Moderate
2.443117345014948,3.520166591293922,1.101438010104936,1.6642623602336228,Moderate
2.721785851963486,6.320320141350189,1.1737271574038088,2.0338513222575503,Bad
5.366157299812106,1.098629618333456,1.0644823381267003,4.785793331222789,Bad
1.518779111331671,3.891684107569176,1.301728662261951,1.2996670499297247,Bad
3.2520155431423934,1.4219681751732698,1.3194714434512242,2.15371814222944,Good
2.298349940165184,1.812416520303314,1.041974349008939,1.864039594407973,Good
2.128695130179289,2.325158019835301,1.3148076175670425,1.1348501724683762,Good
1.283225339424962,4.324726817622498,1.0279828993392923,2.198668199718899,Good
2.214690928122566,3.71733117381656,1.1270890104935871,1.6642623602336228,Good
1.510366462799961,3.5319983593281656,1.0,1.4644839273910732,Good
1.3953938360217526,3.875119632321235,1.0462326187329964,1.5993340998594494,Good
1.3386085390537867,3.90663946236446,1.0687912848814614,1.174805379569606,Good
1.9590403201933944,3.886951400355479,1.0632656976292263,1.9139845022856603,Good
3.3057629087948337,2.861563055435777,1.172561221919938,2.043839824365808,Moderate
1.9618445148716763,2.5854569165886647,1.0279828993392923,1.3396222570309548,Good
2.8293655901358843,2.8536121073167653,1.0368865542168677,1.529412187765247,Moderate
1.264130010715724,5.767161322213224,1.037310523124757,1.2397336399437795,Good
1.773962374980084,6.040333182587844,1.122425184609405,2.7530522420888897,Bad
1.9842782657885265,5.231797482199762,1.1240980862806065,1.1698117278495772,Bad
1.722902335687304,4.234048147408054,1.2133696074621063,1.2497221420520372,Moderate
1.720215009327644,6.576738218188319,1.101438010104936,1.3246389045344684,Bad
1.959390860652396,3.263843168600065,1.1072677714729888,1.4644839273910732,Good
1.6814233701249963,5.018825657583375,1.0407023863194715,1.4994454827722743,Bad
1.7823750235117948,3.0942229420611462,1.041366028760202,1.5094339848805318,Good
2.8676048781902543,5.4053931827981865,1.1399144966964632,1.978912762659834,Bad
4.939917193335522,2.25416741162984,1.0535324897007383,2.9328524720467244,Bad
2.60961741986356,2.971929787659203,1.01703307889623,1.9039960001774028,Moderate
1.4094148739100274,6.789710042804707,1.054799835211815,2.198668199718899,Bad
1.81427291534363,3.575349957405635,1.2133696074621063,1.5593788927582195,Bad
1.6584054711056306,2.9522417256502216,1.102603973571706,1.0,Good
2.51427422033019,5.8707129560489255,1.276179043917606,1.9539397093868904,Bad
1.0779336898705676,5.180589590147555,1.0011659634667702,1.1498335249648624,Good
1.771158180301802,3.555661895396653,1.0109498204430625,1.4045505174051285,Good
4.822140307382167,1.4574634792760008,1.0535324897007383,3.58712513150389,Moderate
2.438560512538524,2.1082107211594083,1.225079835211815,1.589345597751192,Moderate
2.442384402645842,4.009244554757423,1.0127194869801788,1.4744724294993308,Moderate
1.8384592395617576,5.511879095106381,1.0069957248348231,1.3795786628003843,Bad
3.1310839220517552,2.581481442529159,1.213203053245239,2.1187565868482388,Moderate
2.0803224817430337,5.003113069633899,1.0209871745044694,1.3845723145204134,Moderate
2.528575690585666,5.089816265788837,1.0559657986785853,1.5793558969747346,Moderate
2.1958793856174874,5.267292786302494,1.222697231247571,1.6243059544641931,Bad
1.8384592395617576,4.865012673138205,1.1399144966964632,1.0799116128706598,Bad
1.5347865236553324,4.565337652366879,1.024485036921881,1.3446171074191833,Good
2.5871837334435743,5.4014177087386805,1.1812805254566654,1.8740292951844304,Bad
1.7094655103984104,5.503928146987369,1.1247570835600469,1.0,Bad
1.4944759832917862,6.84489340891642,1.0081616883015934,1.1448386745766337,Bad
1.8328507857083287,4.671823564675073,1.0644823381267003,1.3596004599156697,Moderate
1.5243875651851,4.868988147197712,1.006326569762923,1.389567164908642,Moderate
1.7927739819820272,6.158650862930282,1.1865526715895842,2.053829525142265,Moderate
3.874316765901901,2.4829464783399766,1.0036499494753206,2.173696345114155,Moderate
3.223739730728601,7.081528769601295,1.0218996688690245,1.6742508623418806,Bad
2.3383099400697285,6.2848248372474576,1.1760590843373495,1.7741394794290557,Bad
1.2748127553901158,3.7962727301410335,1.015816410415857,1.2896785478214672,Good
1.4038064845534632,3.784440962106791,1.0152634123591138,1.274695195324981,Good
2.9261108870083947,2.8575875813762712,1.0394304516129032,1.5993340998594494,Moderate
1.2767990653286376,3.0902474680016403,1.1399144966964632,1.11986681997189,Good
2.9461227806602026,2.250191937570333,1.0,2.488346747540366,Moderate
3.0330533316618618,4.719150636812048,1.049882568208317,1.644284157348908,Bad
1.2418632421812763,5.586750523227075,1.034978624174116,1.11986681997189,Good
2.3194983330677856,2.3882923340660263,1.0139914496696465,1.2247502874472935,Good
1.8496760827717504,5.882544724083169,1.2225912320248735,1.1947835824543211,Bad
2.231048880905228,4.376029363818979,1.0083948698017875,1.839067739803229,Moderate
2.2684383582718706,5.665692079551549,1.191216469490867,1.5793558969747346,Bad
1.0757137077916663,5.685380141560532,1.0291995398367664,1.0998886170871751,Good
1.8492087384909917,3.3308583027460217,1.3322969296541003,1.3446171074191833,Good
1.8945434556117209,3.4806958131316845,1.0291995398367664,1.2197554370590649,Good
1.1205810806316368,3.819936266209522,1.0,1.1997784328425498,Good
1.6100328226693752,5.993006110450869,1.0093276237854645,1.2447284903320084,Bad
1.0785179024699485,3.801762670508924,1.0060832304702685,1.0,Good
1.7605255496911902,3.5596373694561594,1.7636999704624952,1.1847950803460634,Bad
1.5697222823058292,6.107348316733801,1.0699572483482316,1.5993340998594494,Moderate
2.500253182441916,4.368078415699968,1.2718338872911,1.7142060694431107,Moderate
1.639360191963308,3.259867694540559,1.0915803902059853,1.3396222570309548,Good
2.0856971989592186,2.104329901244176,1.0431403124757093,1.4744724294993308,Good
1.4622275510009497,5.851024894039943,1.0174893120870578,1.0199782028847149,Bad
2.0856971989592186,2.104329901244176,1.0431403124757093,1.4744724294993308,Good
2.370558372360565,4.939978755403175,1.0454722114263506,1.5044391344923034,Bad
3.644371447848621,1.1380057423514194,1.0948985184609406,2.8129856520748344,Good
3.3779713409902152,3.831768034243766,1.059615748153906,1.6342956552406505,Moderate
1.8196476325598143,3.228347864497334,1.2180334333462883,1.1098783178636322,Moderate
1.9567034697958712,6.142843620836532,1.1469102215312863,1.314650402426211,Bad
1.7444013335457718,7.23931722810597,1.1189273221919938,1.1148719695836613,Bad
1.1988653109612055,4.036788910741142,1.02215313797124,1.0,Good
1.725589726543829,5.685380141560532,1.1270890104935871,1.1947835824543211,Bad
1.661092861962155,3.81198531809051,1.0116595507190052,1.4994454827722743,Good
2.6124216145418417,4.687536152624549,1.0,1.829079237694972,Bad
1.6505770996701652,6.7620710326767135,1.0097331799455889,1.1448386745766337,Bad
2.3740636479568504,3.7213066478760655,1.026766258841819,2.368479927568476,Good
1.5243875651851,2.6524720507346213,1.0559657986785853,1.389567164908642,Good
1.8814571707818284,4.762502234889517,1.1287213369607465,1.5394006898735046,Moderate
1.6954444725101356,2.4789710042804707,1.0025438973960357,1.5044391344923034,Good
1.6561854890267294,5.669572899466782,1.041366028760202,1.0,Bad
1.2579874583266948,4.577169420401123,1.0,1.0,Good
3.0961480989043944,2.3882923340660263,1.0676253493975905,1.859045942687944,Moderate
1.2103158908084422,5.200277652156537,1.024332949863972,1.3596004599156697,Good
1.330896971440079,2.8970583595385087,1.0072998989506412,1.0,Good
1.6141223108650409,3.3308583027460217,1.058509696074621,1.3196452528144396,Good
1.7186793389819544,5.223941188225024,1.0814048006218422,1.6492790077371366,Moderate
1.3923559047062266,4.53372316817938,1.215701506412748,1.0,Moderate
1.8169603062001547,6.067972192715837,1.1484310361445784,1.1997784328425498,Bad
1.4907370355551222,5.006993889549131,1.1450022914885347,1.3596004599156697,Bad
1.548223348944226,4.821661075060737,1.150408083948698,1.254716992440266,Moderate
1.353330657860064,5.208133946131275,1.0036499494753206,1.349611957807412,Moderate
1.9352045364342685,2.979880735778215,1.145744258064516,1.529412187765247,Good
3.1424175690835057,4.671823564675073,1.0279828993392923,1.9739179122716053,Bad
3.45929350263531,2.6130959267166585,1.12531472677808,2.07380652935878,Moderate
2.884430110756811,4.762502234889517,1.0425826692576758,1.4744724294993308,Bad
1.5428486317280417,3.319026534711778,1.0124756999611348,1.5144288352687607,Good
1.9432666445069773,6.813373578873195,1.13291877186164,2.018867969761064,Bad
2.7890869112234418,2.766908911161827,1.132614597745822,1.6742508623418806,Moderate
2.214690928122566,5.803697821902969,1.33113096618733,1.2497221420520372,Bad
3.4536850487818813,3.457032277063197,1.1070650073843762,1.354605609527441,Bad
1.639593928600552,3.098198416120652,1.216867469879518,1.1048834674754036,Moderate
1.4010022253783163,4.423356435955954,1.0559657986785853,1.5593788927582195,Good
2.60961741986356,6.150794568955543,1.0377160792848814,1.414539019513386,Bad
3.1143754933069565,3.046895869924171,1.2554960435289546,1.6742508623418806,Moderate
1.9782024676543388,6.46627683182062,1.079284872133696,1.4245287202898431,Bad
1.9169771420317057,5.417224950832431,1.1155815468324912,1.4544954252828155,Moderate
1.4944759832917862,6.316439321434957,1.137582597745822,1.0,Bad
2.977903868670281,5.6025577653208245,1.180722882238632,1.7042175673348532,Bad
2.144118265406705,5.251580198353017,1.0206830003886511,1.1148719695836613,Bad
4.558544395202045,2.8930828854790027,1.122881417800233,2.5832405142393124,Moderate
2.082425660000178,1.828223762397064,1.1934469863972017,1.484462130275788,Moderate
1.8169603062001547,6.9632110892588575,1.0256510003886514,1.1698117278495772,Bad
3.4391541631790887,5.377754172670193,1.0801328379323747,1.864039594407973,Bad
2.561361575249062,4.111754993006111,1.1154294597745822,2.633185422117,Moderate
1.7578381588346657,1.4219681751732698,1.083948698017878,1.5094339848805318,Good
3.434756637958181,2.90093917945374,1.0431403124757093,1.5593788927582195,Good
3.753735685270265,4.348390353690985,1.008516539448115,1.799112532701999,Bad
2.259224529688326,4.190601895186311,1.122591738826273,1.5344058394852758,Moderate
1.7497760507619564,5.176614116088049,1.0816167990672367,1.639289306960679,Bad
2.1851298866882534,4.577169420401123,1.2378546443839875,1.4944506323840456,Moderate
1.982111364629176,6.42292523374315,1.0572377613680528,1.9039960001774028,Bad
1.7363392254730623,4.332583111597236,1.1958802953750487,1.414539019513386,Moderate
3.602308269686932,1.761208628251107,1.0620490291488536,2.278579812589559,Good
1.833084522345573,6.024525940494094,1.1515740474154683,1.6592675098453944,Bad
3.402508205667344,4.971498585446399,1.121259221142635,1.6542726594571655,Bad
1.7497760507619564,3.153381782232365,1.0389327197823552,1.389567164908642,Good
3.770433472032408,2.3882923340660263,1.071229211037699,1.8940062994009452,Moderate
4.031352635338663,1.8400555304313075,1.191216469490867,4.026637204290219,Moderate
2.037324550522963,2.83789951936729,1.0665759906723669,1.3645953103038984,Good
2.8928427592885217,4.671823564675073,1.0827320575204042,3.1276360545010453,Moderate
2.5936100075398985,3.71733117381656,1.5923047120093277,1.9289678547821465,Bad
1.5892668316768783,4.379910183734211,1.1971522580645162,1.2497221420520372,Moderate
1.4944759832917862,3.768633720013041,1.226296503692188,1.7841291802055128,Moderate
1.3708569713446237,4.774334002923761,1.0116595507190052,1.2447284903320084,Moderate
1.7470886599054318,3.92244670445821,1.034978624174116,1.1348501724683762,Good
3.1579575726295435,4.6599917966408295,1.2737457629226585,2.173696345114155,Bad
2.453866843944182,3.93825394655196,1.1527399828993392,1.983906414379863,Good
2.0588235483814312,5.172638642028543,1.1618141655654877,1.2996670499297247,Bad
1.5131707219751074,3.555661895396653,1.0432463116984063,1.3845723145204134,Good
2.351629961536865,2.10035442718467,1.0559657986785853,1.5543840423699908,Good
1.6369065377440275,3.977630070569923,1.0699572483482316,1.234738789555551,Moderate
1.9835771848705237,5.937822744339156,1.108433734939759,1.3046619003179534,Bad
2.629246911605263,2.699799122871596,1.0766487990672369,1.6992227169466243,Moderate
3.456489307957028,4.648160028606586,1.0060832304702685,2.648168774613486,Bad
1.6288444296713185,3.8987831683897225,1.0466381748931208,1.1847950803460634,Good
2.0319498333067787,6.170482630964526,1.1842207446560435,1.6842393644501383,Bad
2.3678709815040406,4.951810523437418,1.0699572483482316,1.529412187765247,Bad
4.1334726494273575,1.0906786702144442,1.541002711232025,2.383463280064962,Moderate
2.957339623870196,2.790572447230314,1.0024333089778468,3.3473914915601104,Moderate
2.3383099400697285,7.448313578662852,1.2903225806451613,1.2597118428284946,Bad
2.7918911703985883,2.3211825457757955,1.442859799455888,1.4045505174051285,Moderate
2.2254404270518,3.1158040869556074,1.0447726389428682,1.394855689005802,Good
1.2902358906175315,3.054752163898909,1.2658375437232805,1.2796888470450098,Good
1.341295929910311,2.861563055435777,1.138748533229693,1.0,Good
2.8193490335757563,4.072284214843873,1.053633899727944,1.4744724294993308,Moderate
1.755150767978141,5.247604724293511,1.0069957248348231,1.4794672798875594,Bad
2.3123709780534587,4.81768560100123,1.0012166404974738,2.123751437236468,Bad
1.2364885249650917,4.880819915231955,1.0,1.3096555520379822,Good
2.212003601762906,5.543398925149606,1.108433734939759,1.4594890770028446,Bad
1.8868318879980128,4.226097199289042,1.1399144966964632,1.5993340998594494,Good
6.039168085902257,1.2761061388471124,1.135047906723669,4.591009748768468,Bad
2.932101742771928,2.4513319941524774,1.1246510843373494,1.7841291802055128,Moderate
3.1424175690835057,1.2721306647876065,1.1094982883793238,2.0488346747540365,Good
1.5777843903785382,5.578894229252337,1.1270890104935871,1.8190895369185145,Bad
3.1143754933069565,4.81768560100123,1.0,2.2186464026036137,Bad
2.0291456386284965,2.435619406203001,1.0394304516129032,1.6243059544641931,Good
1.7981486991982116,3.4768149932164527,1.289156617178391,1.0,Moderate
2.918781721304792,4.419380961896448,1.6645938593082006,1.4345172223981009,Bad
2.152881454397417,3.92244670445821,1.756704245627672,1.3246389045344684,Bad
1.2607916530049768,2.778740679196071,1.0024333089778468,1.2647054945485237,Good
1.4290443656517304,4.892651683266199,1.0863820069957248,1.4245287202898431,Good
1.405792794491985,4.916315219334686,1.1704412934317916,1.2796888470450098,Bad
3.4051955965238685,1.3707602831210628,1.0699572483482316,3.022752587025642,Moderate
1.5106001994372047,4.577169420401123,1.216867469879518,1.2397336399437795,Moderate
1.739816960908171,4.454876265999179,1.0457902090944422,1.4261936704192528,Bad
1.6369065377440275,4.857156379163468,1.1154294597745822,1.2996670499297247,Bad
3.543419858958687,1.3707602831210628,1.0693489280994948,1.908989651897432,Moderate
1.7390265518327226,3.4768149932164527,1.0594636610959969,1.5244173373770182,Good
3.708868312430294,2.029363818979208,1.0912485969685193,2.8529408591760648,Moderate
1.8518960648506515,5.993006110450869,1.0,1.5993340998594494,Moderate
1.7470886599054318,3.4413196891137217,1.0011659634667702,1.1398450228566048,Good
2.5962973983964237,3.326882828686516,1.0034978624174116,1.0199782028847149,Good
1.6261570388147937,5.30676356446473,1.2133696074621063,1.0049948503882289,Moderate
2.348570810752892,4.920290693394192,1.0524679362611735,1.884017797292688,Moderate
1.8303971314890488,3.6029889675336286,1.1569475755926937,1.1947835824543211,Moderate
2.1233204129631047,4.679679858649811,1.1072677714729888,1.3795786628003843,Bad
3.3729471642330315,3.918471230398704,1.1130975608239408,1.6942290652265954,Moderate
1.249574809794984,3.7094748798418222,1.006359757481539,1.3046619003179534,Good
1.9730614225785337,5.480264610918881,1.1017560077730275,1.469478777779302,Bad
1.6674023322367215,2.3369897878695456,1.0152634123591138,1.414539019513386,Good
1.693341294252992,5.551255219124344,1.2355227454333464,1.0,Bad
2.5871837334435743,5.4014177087386805,1.1812805254566654,1.8740292951844304,Bad
1.959390860652396,4.888676209206693,1.0629615235134084,1.3346286053109258,Bad
1.3009853895467651,4.565337652366879,1.060629624562767,1.2697003449367523,Moderate
4.593396759406637,1.3431212729930693,1.0827320575204042,3.557158426510917,Moderate
2.2058109353100965,6.73443202254872,1.0544930027205597,1.2297451378355222,Bad
1.639360191963308,3.259867694540559,1.0915803902059853,1.3396222570309548,Good
2.6446700468326787,2.4829464783399766,1.4057520404197434,1.6342956552406505,Good
3.0863333530335426,1.9860122209017383,1.0296862184220754,6.463928810829247,Bad
2.377008058818733,3.7804654880472848,1.0425826692576758,1.1448386745766337,Moderate
1.4837264843625526,2.443475700177739,1.0081616883015934,1.0,Good
2.370558372360565,4.561362178307373,1.1910137054022545,1.9039960001774028,Bad
1.6561854890267294,3.461007751122703,1.0597816587640887,1.414539019513386,Good
3.0162280990953048,5.823385883911951,1.0547491581811117,1.6992227169466243,Bad
1.914172947353424,5.618365007414575,1.1958802953750487,1.314650402426211,Moderate
1.9137056030726651,4.608689250444348,1.0559657986785853,1.2647054945485237,Bad
2.636607938759969,4.486396096042405,1.06645938593082,1.824084387306743,Bad
1.948641361723162,4.939978755403175,1.1480761849980567,2.0138731193728354,Good
1.980889794013999,4.20640913728006,1.0888152879906725,1.6992227169466243,Good
1.8518960648506515,3.464983225182209,1.0699572483482316,1.4994454827722743,Good
1.3439832562699714,4.383885657793717,1.0023318989506411,1.1398450228566048,Moderate
2.5532994671763527,4.9321224614284365,1.0816167990672367,1.978912762659834,Bad
2.142131955468183,6.190170692973507,1.0396424500582977,1.3835738239100477,Bad
3.7384293538646074,3.6108452615083664,1.7982490291488535,1.6342956552406505,Bad
2.0023887918724665,2.3803413859470144,1.058399107656432,1.829079237694972,Good
1.9943266837997573,5.519735389081118,1.071123211815002,1.034961555381201,Bad
1.112168432099926,3.6503160396706034,1.0012166404974738,1.0299667049929724,Good
2.8648006190151074,2.7274381329995894,1.0133831294209097,1.9339627051703752,Good
2.01582561716136,4.892651683266199,1.0174893120870578,1.314650402426211,Moderate
2.704960619396929,4.908458925359948,1.0474492592304705,1.8940062994009452,Bad
2.209316210906381,5.709043677629019,1.1480761849980567,1.8091010348102567,Bad
1.2916379879566726,2.3093507777415523,1.0152634123591138,1.4794672798875594,Good
1.81427291534363,4.545554936213623,1.054799835211815,1.0,Moderate
1.7347033914966776,3.177045318300853,1.0060832304702685,1.409545367793357,Good
3.6524335559213297,1.1064859123081938,1.033579479207151,2.2186464026036137,Moderate
1.8814571707818284,1.7414259120978512,1.0431403124757093,1.5194224869887896,Good
2.0803224817430337,2.301494483766814,1.2739992320248736,1.5493891919817622,Moderate
1.0,4.352365827750491,1.0,1.0,Good
2.021766100873656,5.650642070611991,1.1368052887679752,1.5230556503021375,Bad
1.9029561041434315,4.691511626684054,1.135047906723669,2.2735849622013298,Moderate
1.7578381588346657,5.318595332498974,1.130586872910999,1.3945620152968707,Bad
1.6369065377440275,5.578894229252337,1.047804110376992,1.1448386745766337,Moderate
2.5030573771201974,3.670004101679585,1.0559657986785853,1.5743622452547057,Moderate
1.171991660383418,4.0249571427068975,1.0151574131364167,1.3346286053109258,Good
1.4066106792317452,3.29536299864329,1.0,1.15982202707312,Good
2.7736637759960256,1.9780612727827265,1.053633899727944,1.8690344447962015,Moderate
2.1663182796863105,4.15510659108358,1.3276331037699185,1.4295223720098722,Moderate
2.453866843944182,5.4763837910036495,1.0389327197823552,1.469478777779302,Bad
1.3950432955627512,3.6581723336453416,1.029148862806063,1.978912762659834,Good
3.571461934735236,1.650747241883407,1.166680755538282,3.5321865719061734,Moderate
1.9728276859412897,3.737113889969816,1.3789351045472211,1.3396222570309548,Moderate
1.970257163403387,3.019256859796178,1.015816410415857,1.589345597751192,Good
1.9029561041434315,1.8360800563718012,1.0316328488146134,1.5543840423699908,Good
1.6127202135259,4.675704384590305,1.1179945682083172,1.2846836974332383,Moderate
1.784711873909318,2.1082107211594083,1.0687912848814614,1.5144288352687607,Good
1.7766497658366087,3.5438301273624093,1.1410804601632336,1.2597118428284946,Moderate
2.314123615851601,3.965798302535679,1.2320248830159346,1.3596004599156697,Good
1.5374738500149925,4.675704384590305,1.0174893120870578,1.354605609527441,Good
2.3460215076834365,4.241904441382792,1.0644823381267003,1.2996670499297247,Moderate
2.091071980672268,3.792297256081529,1.029148862806063,1.354605609527441,Good
1.7010528618666996,3.149406308172859,1.0024333089778468,1.0,Good
6.94492838472397,1.4062555872237938,1.10828164788185,5.225305404009118,Bad
1.6421644511384548,5.263411966387261,1.0750450431403031,1.449500574894587,Bad
3.121946844737064,2.71163089090584,1.1216647773027597,2.238623406820129,Good
1.7632128760508503,6.158650862930282,1.4850369125534395,1.374583812412156,Bad
2.709166911414352,2.9837615556934467,1.3253012048192772,1.6642623602336228,Moderate
1.7309644437600131,4.336558585656741,1.114263496307812,1.297061145263536,Moderate
1.3520453643426806,5.874688430108432,1.2378546443839875,1.0499449078776877,Moderate
1.1766652966815998,5.727974506483809,1.0072998989506412,1.2397336399437795,Good
1.9137056030726651,4.600832956469611,1.3206373789350951,1.4245287202898431,Bad
2.5647500470235896,2.9837615556934467,1.0212913486202877,2.148723291841211,Moderate
1.740311845350106,4.5298423482641486,1.0039430423630005,1.604328950247678,Moderate
1.2176769179631486,3.031088627830422,1.0,1.374583812412156,Good
2.128695130179289,4.178770127152067,1.1061018359891177,1.059933409985945,Moderate
2.1690056705428358,5.13326251801058,1.1119315973571706,2.453385192159165,Bad
5.029651939015464,1.2642743708128688,1.1557309071123203,4.965593561180624,Bad
2.107663541098445,2.6682792928283705,1.058399107656432,1.609322601967707,Good
2.0185130080178846,2.4395002261182333,1.2728332685581034,1.3246389045344684,Moderate
2.7161774626069217,3.800153550056266,1.1615376385542169,1.7891228319255417,Moderate
1.4907370355551222,3.6661232817643534,1.1946636548775749,1.449500574894587,Good
1.7578381588346657,5.661716605492043,1.02215313797124,1.3695889620239272,Moderate
3.108767039453528,4.916315219334686,1.0389327197823552,1.6842393644501383,Bad
1.8975813869272469,5.791866053868725,1.1095996984065293,1.4744724294993308,Bad
1.3950432955627512,3.40582438501099,1.0,1.1448386745766337,Good
1.510366462799961,5.567062461218094,1.0340661298095608,2.0788013797470093,Moderate
1.661092861962155,6.229641471135745,1.209871745044695,1.4345172223981009,Moderate
2.5039496267448205,3.993437312663673,1.9117761274776528,1.6942290652265954,Bad
2.4329520586850952,1.8360800563718012,1.0152634123591138,1.8140958851984847,Good
2.023887725234069,2.93255366364124,1.1713952584531675,1.0249718546047435,Good
1.986264575727048,4.320751343562993,1.0396424500582977,1.2697003449367523,Good
3.658392485736895,1.7020497880798882,1.032849489312087,3.677025246482808,Moderate
1.878769779925304,5.831336832030962,1.1585697722502917,1.0899001149789174,Bad
2.5563373984918787,8.020213918366059,1.0291995398367664,1.744172774436083,Bad
1.6281433487533157,5.129287043951074,1.0535324897007383,1.389567164908642,Moderate
3.5602450915252435,1.410136407139026,1.2567126840264282,3.1026641998963016,Moderate
1.2047074369550137,4.762502234889517,1.0432463116984063,1.214761785339036,Good
1.7793370921962686,3.267723988515297,1.029148862806063,1.644284157348908,Good
2.230815144267984,6.237497765110482,1.2658375437232805,1.9739179122716053,Bad
1.7318991968183957,3.826088785587329,1.0024333089778468,1.5543840423699908,Good
4.052851568700266,3.1100301841548963,1.3229693058686358,1.7341842723278256,Moderate
3.7557751406252016,1.4811270153444884,1.673921483093665,1.9689230618833768,Moderate
1.9163929294323248,5.263411966387261,1.122425184609405,1.059933409985945,Bad
3.9107715547070256,1.2879379068813563,1.068132287602021,2.8529408591760648,Moderate
2.814324856818573,4.801973013051755,1.099765108433735,1.8490562419114869,Bad
2.822737505350284,4.892651683266199,1.0206830003886511,1.8190895369185145,Bad
2.134069847395474,4.036788910741142,1.1445783225806452,2.07380652935878,Good
2.822737505350284,4.892651683266199,1.0206830003886511,1.8190895369185145,Bad
3.0050112558853126,3.263843168600065,1.0048665899727944,2.248613107596586,Good
2.0627961682584743,4.608689250444348,1.06645938593082,1.4744724294993308,Moderate
2.760226950707132,4.22221637937381,1.908278265060241,1.5543840423699908,Bad
2.846222748650409,3.050871343983677,1.0676253493975905,1.859045942687944,Moderate
1.56166017423312,2.7471261950085712,1.3043140303148075,1.274695195324981,Bad
3.59062408219618,4.462732559973917,1.2214298857364945,2.103773234351753,Moderate
2.1125709140338707,3.670004101679585,1.048503682860474,1.349611957807412,Good
2.825541700028566,2.810260509239296,1.1301813167508743,1.2647054945485237,Moderate
3.4428187460308903,2.246311117655101,1.588806849591916,1.7841291802055128,Moderate
1.4971633096514465,2.411955870134514,1.060629624562767,1.3795786628003843,Good
2.0684045576150387,3.618796209627378,1.0194663598911775,1.7341842723278256,Good
1.9970140101594172,5.042489193651862,1.1655654970851146,1.6842393644501383,Moderate
1.4864138752190772,6.304607553400713,1.0699572483482316,1.374583812412156,Bad
1.905643494999956,3.9461102405266977,1.0279828993392923,1.4594890770028446,Good
1.356134852538346,6.174458105024032,1.0501360373105324,1.294672199541496,Bad
2.2282446217300818,5.081959971814099,1.0279828993392923,1.5943392494712207,Bad
1.8411466304182824,5.4014177087386805,1.2644383987563157,1.4295223720098722,Bad
1.0,2.8930828854790027,1.012825486202876,1.2397336399437795,Good
2.3490594389989625,4.060452446809629,1.096774184220754,1.5194224869887896,Moderate
1.7712749841235595,5.582869703311843,1.0501360373105324,1.884017797292688,Moderate
2.1693562110018365,6.6319215843000325,1.0291995398367664,1.4345172223981009,Bad
3.349929265213666,1.4141118811985318,1.0754321585697628,2.5832405142393124,Good
1.7390265518327226,5.559206167243356,1.222697231247571,1.5543840423699908,Bad
1.7981486991982116,4.999137595574393,1.1002720466381657,1.2097669349508071,Moderate
2.17169306139936,4.7111996886930365,1.0,1.2647054945485237,Moderate
1.8841444971414885,1.1341249224361871,1.0443062479595802,1.5394006898735046,Good
2.40720432987231,3.2913875245837847,1.1386978561989896,1.1798002299578347,Good
2.0265751160905943,2.155537793296383,1.008516539448115,1.764150977320798,Good
2.954535429191913,2.3093507777415523,1.0863820069957248,1.5394006898735046,Good
2.865034355652352,3.764658245953535,1.108433734939759,1.6193123027441645,Moderate
1.8841444971414885,5.590725997286581,1.3148076175670425,1.5993340998594494,Bad
1.7094655103984104,3.7804654880472848,1.0559657986785853,1.1048834674754036,Good
1.3255555991028831,7.014797597888161,1.0413080761756703,1.2197554370590649,Bad
1.2848611734013469,6.403142517589895,1.029148862806063,1.3096555520379822,Bad
3.094746001565253,1.2918187267965882,1.0121664889234356,2.5482801575263108,Moderate
2.65448479270353,3.953966534501435,1.1021984174115818,1.214761785339036,Moderate
2.250678308150067,5.314619858439468,1.5219419075009717,1.389567164908642,Bad
1.6561854890267294,2.719581839024852,1.041974349008939,1.4594890770028446,Good
2.5936100075398985,5.137143337925812,1.1947143319082782,1.7391791227160542,Moderate
2.054383519726764,4.415405487836942,1.100981776914108,1.9639294101633475,Moderate
1.163880663687356,6.884364187078657,1.0544394714341236,1.2397336399437795,Bad
1.327859040124553,3.752826477919292,1.047804110376992,1.4994454827722743,Good
1.478351767146368,2.2581428856893453,1.0011659634667702,1.6492790077371366,Good
2.712098616393912,1.6665544839771569,1.769529731830548,1.6293008048524218,Bad
1.86802028099607,4.368078415699968,1.1317528083948698,1.3346286053109258,Moderate
2.2684383582718706,9.116592871491225,1.2949864065293433,1.4445057245063584,Bad
2.1413140707284226,2.664303818768865,1.0401493882627284,2.103773234351753,Good
2.0292624424502543,3.3703290809082587,1.0279828993392923,1.4794672798875594,Good
1.905643494999956,4.163057539202592,1.024485036921881,1.6592675098453944,Good
1.5540866944064815,4.289231513519767,1.13609863661096,1.4894557819958172,Good
1.8665013798351715,5.929871796220144,1.0559657986785853,1.2996670499297247,Bad
1.4542822467499978,4.727006930786786,1.0304162083171395,2.303551667194302,Moderate
2.1188803843084374,3.4806958131316845,1.0912485969685193,1.294672199541496,Good
2.803224817430338,3.33871459672076,1.239679605130198,1.3945620152968707,Moderate
3.145221828258652,3.977630070569923,1.0571824391760591,1.9289678547821465,Bad
3.069508120466986,4.620521018478592,1.0571824391760591,1.6992227169466243,Bad
1.5047580734433967,4.0447398588601535,1.097331827438787,1.214761785339036,Good
2.241564643197218,1.3194577369245817,1.4279051783909833,1.2097669349508071,Bad
3.591091426476939,2.364628797997539,1.0389327197823552,1.9639294101633475,Moderate
2.088384589815744,4.821661075060737,1.1853867081228138,1.4395120727863295,Bad
1.6926402133349892,4.9123397452751805,1.0617955600466382,1.274695195324981,Bad
2.7531420346296995,3.8909268744149847,1.1055718398756316,1.8140958851984847,Moderate
2.884430110756811,3.046895869924171,1.0097331799455889,1.544395540261733,Moderate
2.0992508925667344,5.709043677629019,1.0,1.5344058394852758,Bad
1.90856455799686,3.3978734368919787,1.008516539448115,1.6492790077371366,Good
1.670206526915004,4.734863224761524,1.0231163093664983,1.938956356890404,Moderate
4.286535898987076,2.2305038755613515,1.0279828993392923,2.038846172645779,Bad
3.1844807472451944,3.677955049798597,1.041366028760202,1.5244173373770182,Good
1.580471781235063,5.578894229252337,1.0932763218033423,1.6992227169466243,Bad
2.3409973309262533,6.040333182587844,1.3381266910221532,1.1298553220801475,Bad
2.4726783864492603,5.409274002713419,1.114263496307812,1.8690344447962015,Bad
2.415999315817261,1.7020497880798882,1.0513019727944035,1.7841291802055128,Good
2.357121547071672,3.934278472492454,1.037310523124757,1.5843507473629632,Moderate
3.794864110373571,1.7217378500888696,1.4966964632724449,1.2697003449367523,Moderate
4.956742425902078,1.4692952473102447,1.087598647493199,2.8479472074560355,Moderate
2.037558287160208,5.3501151625422,1.0048665899727944,1.3795786628003843,Bad
1.8438339567779425,4.494347044161417,1.0888152879906725,1.4744724294993308,Moderate
4.048177932402084,1.954397736714239,1.0194663598911775,2.318535019690789,Moderate
1.8841444971414885,4.7111996886930365,1.2075398460940536,1.0,Bad
3.4172303244736217,3.4965030552254346,1.0790821080450836,2.2735849622013298,Moderate
2.137181563124081,6.099492022759063,1.2681694426739214,1.555745729444871,Bad
4.087787391847627,3.808104498175278,1.2919954823163622,1.5493891919817622,Bad
1.599283388237006,3.0942229420611462,1.083948698017878,1.314650402426211,Good
1.5951301771391335,5.432937538781906,1.1107149568596968,1.5843507473629632,Moderate
2.351746765358622,3.117886478129634,1.125923047026817,2.0238628201492928,Good
1.905643494999956,3.997412786723179,1.1235911480761758,1.1947835824543211,Moderate
1.7390265518327226,5.559206167243356,1.222697231247571,1.5543840423699908,Bad
2.2496267512699277,4.139394003134104,1.0513019727944035,1.6892342148383668,Moderate
2.539862641887459,4.656016322581324,1.180722882238632,1.03995520710123,Bad
1.5724096731623538,3.934278472492454,1.125923047026817,1.11986681997189,Good
2.1020551517418813,3.390017142917241,1.0010949708511463,1.204772084562579,Good
2.413322566943392,5.421105770747662,1.0024333089778468,1.5344058394852758,Moderate
3.0827112736155,4.829517369035474,1.179556946754761,1.6243059544641931,Bad
2.152881454397417,5.251580198353017,1.4547221142635056,1.4045505174051285,Bad
2.155568845253941,4.841349137069718,1.0571317621453555,1.669256011953652,Moderate
3.3723629516336517,5.089816265788837,1.081515389040031,2.0338513222575503,Bad
1.765900266907375,4.809829307026492,1.116798187329965,1.899001149789174,Bad
1.90856455799686,6.6871049504117455,1.0462326187329964,2.2635964600930727,Bad
2.2388772523406937,6.351934625537688,1.0944422852701128,1.4245287202898431,Bad
2.4001194137948776,2.139825205346908,1.163233570151574,1.6492790077371366,Good
2.259090956681778,4.967617765531168,1.0571824391760591,1.3695889620239272,Bad
1.3107576319838576,5.799722347843463,1.0559657986785853,1.3096555520379822,Good
2.335622549213204,3.626652503602116,1.1900505340069958,1.4994454827722743,Moderate
2.5086657664767618,4.54953041027313,1.1017560077730275,1.7866260060655272,Bad
1.7578381588346657,3.62267702954261,1.0104935872522347,1.409545367793357,Good
2.2576888593426365,5.219965714165518,1.28799068169452,1.0699219120942025,Moderate
2.315175172731741,5.811554115877707,1.2859122238631948,1.609322601967707,Bad
1.8465213476344668,2.9285781895817338,1.005829761368053,1.154828375353091,Good
1.4864138752190772,4.082222899992638,1.0676253493975905,1.274695195324981,Good
2.0992508925667344,5.709043677629019,1.0,1.5344058394852758,Bad
3.03024913698358,1.915021612696276,1.0437993097551497,1.8790229469044597,Good
2.792475382997969,2.4001241021002704,1.071123211815002,2.19367334933067,Moderate
1.6288444296713185,6.714743960539739,1.0093276237854645,1.7192009198313394,Bad
1.6449686458167367,5.22791666228453,1.0734551107656432,1.4794672798875594,Bad
1.98147400661338,5.121430749976336,1.1643995336183444,1.2697003449367523,Bad
2.5049268187400973,3.871144158261729,1.2070734551107656,1.8490562419114869,Moderate
1.6281433487533157,4.127562235099861,1.094124287602021,1.4445057245063584,Good
1.6561854890267294,5.413249476772925,1.0559657986785853,1.2996670499297247,Bad
2.1958793856174874,5.074103677839361,1.1095996984065293,1.4794672798875594,Moderate
1.786247479758143,4.478539802067667,1.0669156191216478,1.4894557819958172,Bad
1.7879834128683587,1.6349399997896574,1.0072998989506412,1.7941176823137703,Good
3.6275461507852,3.283531230609047,1.0705655685969686,1.7841291802055128,Moderate
2.529113142958225,2.829948571248278,1.0268169358725223,2.0288564718693216,Good
1.9029561041434315,4.0999232249718665,1.0268169358725223,1.414539019513386,Moderate
2.336006499048059,4.103898699031372,1.194608332685581,1.4894557819958172,Moderate
1.9432666445069773,3.8474806221932414,1.278663029926156,1.2896785478214672,Moderate
3.3810092723057408,2.222647581586614,1.0827827345511076,2.293563165086045,Moderate
4.662300243267124,1.89523889654302,1.0535324897007383,4.206437434248054,Moderate
2.2282446217300818,2.0766908911161828,1.0279828993392923,1.864039594407973,Good
2.091071980672268,6.549099208060325,1.1667314325689857,1.6542726594571655,Bad
1.3998805604063769,4.210384611339567,1.8483906350563544,1.094894965367146,Bad
1.7040907931822258,4.675704384590305,1.3148076175670425,1.1048834674754036,Bad
1.3617433063917748,4.829517369035474,1.0928523528954528,1.2796888470450098,Good
2.385280491166843,5.480264610918881,1.0669156191216478,1.5344058394852758,Bad
3.219767110851557,3.0403647339692688,1.115929150408084,1.5460604903911426,Moderate
2.0151245362433574,5.598582291261319,1.0143564306257289,1.8190895369185145,Bad
2.50586157179848,6.170482630964526,1.1189273221919938,1.0699219120942025,Bad
2.4497773557485165,5.720875445663262,1.0031632708900116,2.523307104253368,Bad
1.3708569713446237,4.774334002923761,1.0116595507190052,1.2447284903320084,Moderate
1.8132213584634904,3.957942008560941,1.0936818779634667,1.8490562419114869,Good
3.2293481200851644,2.8575875813762712,1.0754321585697628,1.449500574894587,Moderate
1.6533812943484474,4.939978755403175,1.0194663598911775,1.3246389045344684,Moderate
1.1558674442379997,2.975905261718709,1.0,1.1448386745766337,Good
3.145221828258652,2.680111060862614,1.0717822090944422,4.221420786744541,Moderate
3.638762993995192,2.6406402827003777,1.1374811877186164,2.093784732243495,Moderate
1.7685876577638997,5.1884458841222925,1.1702292949863973,1.4295223720098722,Moderate
2.601672115612608,6.241473239169988,1.125923047026817,1.0987139222514504,Bad
1.5750970640188784,4.979449533565411,1.108433734939759,1.2247502874472935,Moderate
1.833084522345573,6.213834229041995,1.1595025262339682,1.6992227169466243,Bad
2.292741486311756,2.0885226591504265,1.033070694131364,1.5993340998594494,Good
2.5264258165985654,3.926422178517716,1.0699572483482316,2.4034402842814773,Moderate
2.1985667119771475,3.31117024073704,1.212203643995336,1.3995556670168998,Good
2.2469393604134025,7.578463027039534,1.457054013214147,1.6542726594571655,Bad
2.357121547071672,2.7314136070590957,1.247182268169452,1.2097669349508071,Moderate
2.937710132128492,5.302788090405224,1.0827320575204042,1.5743622452547057,Bad
1.4739117384917009,3.157357256291871,1.0231163093664983,1.2896785478214672,Good
2.4357563178602417,3.40582438501099,1.0139914496696465,2.298556816806074,Good
1.9459540353635016,6.12315555882755,1.2973183054799844,1.7341842723278256,Bad
2.354434156215147,6.020645120578863,1.0644823381267003,1.5144288352687607,Bad
1.3393096199717895,4.553505884332635,1.006359757481539,1.409545367793357,Good
1.6557181447459706,5.965367100322875,1.2378546443839875,1.4445057245063584,Bad
2.074013011468467,3.4925275811659287,1.0218996688690245,1.8790229469044597,Good
2.08522985467846,4.620521018478592,1.0510992087057909,1.3446171074191833,Moderate
2.0319498333067787,5.9456790383138935,1.1061018359891177,1.1947835824543211,Bad
1.9293411909720128,5.089816265788837,1.0717822090944422,1.4794672798875594,Bad
2.1958793856174874,2.443475700177739,1.2693354061406918,1.5593788927582195,Good
1.8518960648506515,4.569218472282111,1.4057520404197434,1.5743622452547057,Bad
2.220065709835615,4.829517369035474,1.0338126607073457,1.5194224869887896,Bad
1.443065403540005,4.695487100743561,1.0109498204430625,1.2647054945485237,Good
2.3095667833751765,6.4347570017773945,1.0060832304702685,1.2647054945485237,Bad
2.158139367791844,1.9662295047484828,1.0216231418577535,1.3046619003179534,Good
1.810417099288344,3.0114005658214404,1.099765108433735,1.3346286053109258,Good
2.1958793856174874,2.447451174237245,1.0384764865915277,1.604328950247678,Good
2.381307871289799,5.216084894250287,1.1900505340069958,2.288568314697816,Bad
1.4318485603300124,2.404004922015502,1.0343426568208318,1.0899001149789174,Good
1.9755150767978145,5.1844704100627865,1.1947143319082782,1.7741394794290557,Bad
1.7851792181900763,5.361946930576443,1.058399107656432,1.414539019513386,Moderate
3.8701104738844783,3.1928525603946025,1.3381266910221532,1.8440625901914576,Moderate
2.201254102833672,5.247604724293511,1.2087057815779243,1.6742508623418806,Moderate
2.2281278179083244,3.5438301273624093,1.0863820069957248,1.2697003449367523,Moderate
2.856972247579643,2.869419349410515,1.10828164788185,1.7891228319255417,Good
2.3732457632170902,5.298907270489993,1.034978624174116,1.11986681997189,Bad
2.1260077393227643,2.518441782442708,1.0742155180722892,1.7591561269325693,Good
1.9244550375050344,5.389585940704437,1.1900505340069958,1.4245287202898431,Bad
3.8862346900298967,1.8676945405593008,1.271667305091333,1.9039960001774028,Moderate
1.877718223045164,4.829517369035474,1.0097331799455889,1.6243059544641931,Good
3.069508120466986,1.3746411030362946,1.059615748153906,2.293563165086045,Good
2.62854583068726,6.265136775238476,1.0979401476875243,1.7491676248243118,Bad
3.212522887518608,3.1100301841548963,1.1289646762534007,2.123751437236468,Moderate
2.281875183560764,3.748945658004059,1.0190792444617178,1.7042175673348532,Good
1.980889794013999,2.4276684580839896,1.241352506801399,1.5993340998594494,Good
2.522686868861901,4.234048147408054,1.0,1.6293008048524218,Moderate
2.94249380007765,1.21637937381025,1.0279828993392923,2.3014108457896043,Good
4.191192699453706,1.2642743708128688,1.0888152879906725,3.482241664028486,Moderate
1.378919079417333,4.4443696559847705,1.0804508356004665,1.0564081268105716,Good
2.457629139545825,5.432937538781906,1.270501369607462,1.4794672798875594,Moderate
4.017331597450388,1.6980743140203822,1.0656989786241742,2.912874269162009,Moderate
2.9601438185484774,5.910183734211162,1.0218996688690245,1.5344058394852758,Bad
1.862645563779885,3.1375745401386155,1.108433734939759,1.6642623602336228,Good
3.4723797874652025,2.4829464783399766,1.1119315973571706,1.7891228319255417,Moderate
1.2692043015366874,3.626652503602116,1.0038158600855034,1.4245287202898431,Good
1.448790661215191,4.399692899887466,1.114263496307812,1.349611957807412,Moderate
1.7175276184711197,6.947403847165108,1.1783909832879906,1.0,Bad
1.8733950627091192,6.158650862930282,1.180722882238632,1.5993340998594494,Bad
3.13645863926794,2.2423356435955952,1.1492421204819276,3.991675648909019,Moderate
1.5777843903785382,4.947835049377912,1.541002711232025,1.0099885021082575,Moderate
1.8468718880934685,4.364197595784735,1.0074215406140692,1.7192009198313394,Moderate
1.8945434556117209,6.391310749555651,1.0535324897007383,1.2397336399437795,Bad
2.230815144267984,6.793590862719939,1.2483482316362222,1.2297451378355222,Bad
4.7940981671087535,1.5797566336779445,1.0194663598911775,5.370144078585752,Moderate
1.5776675865567809,4.900507977240936,1.3783774613291877,1.4744724294993308,Bad
2.3404131183268726,4.742814172880536,1.0,1.7192009198313394,Bad
1.6261570388147937,6.213834229041995,1.1364166342790516,2.0488346747540365,Moderate
2.27650046634458,5.279124554336737,1.06645938593082,1.5843507473629632,Moderate
3.3836965986654013,2.810260509239296,1.0617955600466382,1.4794672798875594,Moderate
2.209316210906381,4.395717425827961,1.1445783225806452,1.3246389045344684,Moderate
3.669609328946888,2.0530273550476954,1.0218996688690245,1.9689230618833768,Moderate
3.2808436422076,2.02150752500447,1.1297389071123205,2.11376293512821,Bad
3.3595102744472736,3.181020792360359,1.158164216090167,1.4944506323840456,Moderate
1.1558674442379997,3.792297256081529,1.030314798289934,1.419533869901615,Good
2.382476296488561,3.6463405656110974,1.0,1.5194224869887896,Good
1.467602268217134,6.777878274770464,1.005829761368053,1.174805379569606,Bad
2.3067625886968948,5.097767213907848,1.0291995398367664,1.2846836974332383,Moderate
1.611318116186759,6.099492022759063,1.0535324897007383,1.0,Moderate
2.724590046641768,5.377754172670193,1.0304162083171395,1.5743622452547057,Bad
2.634855300961827,2.206840339492864,1.1143649063350174,2.7130970349876598,Moderate
2.803224817430338,5.429056718866674,1.0991061111542946,1.7841291802055128,Bad
2.2388772523406937,4.425533481274255,1.0617955600466382,1.2247502874472935,Moderate
1.9970140101594172,4.24976073535753,1.0340661298095608,1.4395120727863295,Moderate
3.7144767662837226,4.123586761040354,1.0,2.093784732243495,Bad
1.6954444725101356,6.2848248372474576,1.0377160792848814,1.3196452528144396,Bad
1.4851285817016937,3.808104498175278,1.1739806265060242,1.3695889620239272,Good
2.2066288200498567,2.5421053185111955,1.3392926544889234,1.2497221420520372,Moderate
2.912472251030225,1.9780612727827265,1.0443062479595802,1.6592675098453944,Good
1.9352045364342685,3.263843168600065,1.3579479300427515,1.5993340998594494,Bad
4.01172314359696,2.82209227727354,1.0693489280994948,3.157602759494018,Moderate
3.109047471820729,2.82209227727354,1.0391760590750097,1.8150943758088516,Good
1.8196476325598143,2.124017963253157,1.0897784593859308,1.2647054945485237,Good
1.5831591720915876,2.534154370392184,1.08861252390206,1.3596004599156697,Good
3.661196744912041,2.7944532671455464,1.035282798289934,2.173696345114155,Moderate
1.3078259270042976,2.4276684580839896,1.1042999051690634,1.1897887320660925,Good
1.9190803202888496,5.003113069633899,1.0851146614846483,1.294672199541496,Moderate
2.0231547828649634,3.8987831683897225,1.0612958694131365,1.4794672798875594,Good
3.4696924611055424,4.896627157325705,1.1562378453167508,1.9139845022856603,Bad
2.765601667923317,3.236204158472072,1.6575981344733774,1.99389611515632,Bad
2.9437009878920257,4.068403394928641,1.0493815903614458,1.709212417723082,Moderate
1.9842782657885265,3.173069844241347,1.058399107656432,1.4794672798875594,Good
2.8730964637250613,5.866832136133693,1.174893120870579,1.414539019513386,Bad
1.7515286885600987,5.772177991859743,1.026766258841819,1.5044391344923034,Bad
1.7014034023257012,2.810260509239296,1.13291877186164,1.589345597751192,Good
1.6852791861802827,3.413680678985728,1.3008161678973962,1.1348501724683762,Moderate
2.1272930328401483,3.882975926295973,1.0450159782355228,1.8490562419114869,Moderate
1.8438339567779425,4.060452446809629,1.0897784593859308,2.018867969761064,Good
4.3014332557744215,4.951810523437418,1.2010104842596192,1.6243059544641931,Bad
1.9002687132869067,6.304607553400713,1.2366886809172173,1.5244173373770182,Bad
1.9378919272907928,4.632352786512836,1.2296929560823942,1.2447284903320084,Moderate
1.980889794013999,4.182745601211574,1.0629615235134084,1.6342956552406505,Moderate
1.521349633869574,4.537698642238886,1.0167897396035757,1.724195770219568,Good
2.8193490335757563,4.218240905314305,1.212203643995336,1.6293008048524218,Moderate
1.8868318879980128,6.710768486480233,1.0233190734551108,1.4395120727863295,Bad
1.600101272976766,4.0959477509123605,1.1021984174115818,1.2697003449367523,Good
1.620782321598609,5.543398925149606,1.2238631947143412,1.3695889620239272,Moderate
1.9513287525796867,6.840917934856914,1.0338126607073457,1.569367394866477,Bad
2.385280491166843,4.447019972024441,1.3134084726000776,1.0199782028847149,Bad
3.605112464365214,2.0885226591504265,1.1058483668869024,2.5882353646275407,Bad
1.4054088446571302,4.040764384800648,1.0,1.349611957807412,Good
1.496345424911686,5.780034285834482,1.0874465604352896,1.374583812412156,Bad
2.2058109353100965,2.530273550476952,1.048334106490478,1.8790229469044597,Good
1.661092861962155,6.229641471135745,1.209871745044695,1.4345172223981009,Moderate
1.5374738500149925,2.214696633467602,1.0408083855421686,1.0,Good
2.5264258165985654,1.6902180200456445,1.4407306645938591,1.154828375353091,Bad
1.5006185356808155,5.515759915021612,1.0305267967353284,1.3096555520379822,Bad
1.496345424911686,3.046895869924171,1.0089036548775747,1.3596004599156697,Good
2.623171113471076,2.55393708654544,1.494364564321803,1.5493891919817622,Bad
1.102120014088695,2.90093917945374,1.0,1.1098783178636322,Good
1.752463441618481,3.735978040238528,1.07555382821609,1.4109717829510229,Good
1.8853660677566653,4.486396096042405,1.053633899727944,1.2447284903320084,Good
2.588235290323714,2.55393708654544,1.1165954232413524,1.834072889415001,Good
3.1732639040352018,1.7927284582943324,1.1551779090555772,1.669256011953652,Moderate
3.692043015366873,4.782190296898499,1.0194663598911775,2.5882353646275407,Bad
2.854284856723118,2.755077143127583,1.0816167990672367,1.529412187765247,Moderate
1.7685876577638997,5.791866053868725,1.0396424500582977,1.6742508623418806,Bad
1.908330821359616,4.679679858649811,1.0396424500582977,1.484462130275788,Moderate
1.8035234164143965,4.841349137069718,1.137582597745822,1.1947835824543211,Moderate
1.8076129046100615,3.390017142917241,1.1362645472211426,1.0998886170871751,Good
2.091071980672268,5.196302178097031,1.0139914496696465,2.003884617264578,Bad
2.7817258840687358,2.226528401501846,1.3450058390983288,1.4944506323840456,Moderate
2.012320341565076,2.029363818979208,1.0291995398367664,1.0,Good
1.7290950021401137,4.107779518946605,1.0024333089778468,1.349611957807412,Good
2.4497773557485165,3.630627977661622,1.0304162083171395,1.6243059544641931,Moderate
1.752463441618481,5.563086987158588,1.096774184220754,1.5843507473629632,Moderate
3.125592336516949,1.341796114973234,1.0644823381267003,2.0138731193728354,Good
1.835771848705233,3.374209900823491,1.0466381748931208,1.3995556670168998,Good
2.370558372360565,3.579325431465141,1.0437993097551497,1.4744724294993308,Good
1.633751802606744,3.6936676377480726,1.031798759424796,1.5643725444782484,Good
2.099134088744977,5.109598981942092,1.0069957248348231,1.5144288352687607,Moderate
2.918781721304792,3.378185374882997,1.064127486980179,1.5793558969747346,Moderate
1.827709740632524,5.574918755192831,1.2116967057909056,1.529412187765247,Moderate
1.5025380913644957,6.797566336779445,1.0909444228527012,1.4544954252828155,Bad
3.837862041593641,1.5284540874814636,1.0790821080450836,2.648168774613486,Moderate
1.233801134108567,3.244060452446809,1.0,1.214761785339036,Good
1.544017056926803,4.83349284309498,1.0218996688690245,1.5044391344923034,Good
3.4508808541036,2.214696633467602,1.0953962502914885,2.758047092477118,Good
1.3515079119701214,4.0447398588601535,1.0501360373105324,1.1698117278495772,Moderate
1.5687450903105522,6.083684780665313,1.034978624174116,1.729189421939597,Bad
1.9169771420317057,2.25416741162984,1.0145997699183833,1.3396222570309548,Good
3.3667544977802226,2.644615756759884,1.100981776914108,1.7341842723278256,Moderate
1.7820244830527932,4.052596152834892,1.1760590843373495,1.5743622452547057,Moderate
2.048074049452197,3.926422178517716,1.278663029926156,1.063928571095608,Moderate
1.0564347565089645,4.3720538897594725,1.1002720466381657,1.4295223720098722,Moderate
1.970257163403387,2.2778309476983267,1.0546938359891178,1.5094339848805318,Good
5.506367872185446,1.9425659686799956,1.0766487990672369,3.502219866913201,Bad
2.660093182060094,5.764227043740732,1.08861252390206,1.6892342148383668,Bad
2.5248901462528752,2.7826214991113023,1.0827320575204042,3.971698644692503,Moderate
2.8928427592885217,2.6012641586824143,1.158164216090167,1.2647054945485237,Moderate
2.528295258218465,2.699799122871596,1.0572377613680528,1.9539397093868904,Good
2.5909226811802384,5.180589590147555,1.1643995336183444,1.6143174523559356,Moderate
1.6664675791783397,3.5990134934741222,1.0174893120870578,1.3196452528144396,Good
2.104508805961162,2.25416741162984,1.0757870097162845,1.1148719695836613,Good
1.8975813869272469,4.73883869882103,1.1982121943256898,1.0,Moderate
1.4234359117983018,3.993437312663673,1.0291995398367664,1.0849052645906887,Good
2.1413140707284226,2.664303818768865,1.0401493882627284,2.103773234351753,Good
3.5234398267579823,1.8242482883375577,1.3008161678973962,1.724195770219568,Bad
3.1396133744052235,2.791140372095958,1.0364994387874078,1.709212417723082,Moderate
1.9513287525796867,6.367647213487164,1.2938204430625728,1.4644839273910732,Bad
1.6617939428801578,5.736682687757012,1.0060832304702685,1.2597118428284946,Moderate
2.88922067987048,1.8834071285087768,1.2861887508744656,1.589345597751192,Moderate
1.518779111331671,5.618365007414575,1.0145997699183833,1.5194224869887896,Moderate
2.351629961536865,5.058296435745612,1.0510992087057909,1.374583812412156,Bad
1.4066106792317452,5.062271909805117,1.0255495903614458,1.154828375353091,Good
1.1074947958017445,5.289536510206871,1.0053300707345512,1.0799116128706598,Good
1.2776169500683978,7.046033465498565,1.015816410415857,1.3396222570309548,Bad
3.041465980193572,5.878663904167937,1.0255495903614458,1.3596004599156697,Bad
3.689238820688591,4.391741951768454,1.0620490291488536,1.6542726594571655,Bad
1.877718223045164,5.661716605492043,1.0,2.0788013797470093,Bad
3.896750452321887,1.354953041027313,1.0304162083171395,2.817980502463063,Moderate
4.498954903555797,2.02150752500447,1.77419355771473,1.8190895369185145,Bad
2.259090956681778,3.9816055446294287,1.090031928488146,1.6642623602336228,Good
2.1188803843084374,3.4806958131316845,1.0912485969685193,1.294672199541496,Good
2.2496267512699277,5.334402574592724,1.101438010104936,1.5593788927582195,Bad
4.200656904865555,3.220396916378322,1.3113097551496309,1.834072889415001,Moderate
1.2982979986902408,3.567493663430897,1.0,1.2097669349508071,Good
3.69811881350106,1.4219681751732698,1.1247570835600469,1.8190895369185145,Moderate
1.720215009327644,6.576738218188319,1.101438010104936,1.3246389045344684,Bad
1.784711873909318,3.5043593492001723,1.2973183054799844,1.2597118428284946,Bad
2.0695729828138,2.920721895606996,1.2366886809172173,1.2397336399437795,Bad
2.050761440308721,3.93825394655196,1.1422463956471045,1.5194224869887896,Moderate
1.6234697124551336,5.669572899466782,1.047804110376992,1.0699219120942025,Bad
1.6288444296713185,5.208133946131275,1.0139914496696465,1.274695195324981,Moderate
1.365482254128439,3.567493663430897,1.0093276237854645,1.609322601967707,Good
3.631472074932285,3.571469137490403,1.1385153517294986,1.8190895369185145,Bad
4.146909539213116,2.4001241021002704,1.6401088223863196,2.1637066443376973,Moderate
2.856972247579643,2.869419349410515,1.10828164788185,1.7891228319255417,Good
2.2254404270518,4.009244554757423,1.0,1.2846836974332383,Good
1.6814233701249963,6.872532419044414,1.0194663598911775,1.3396222570309548,Bad
2.4637983936367918,1.8321992364565696,1.0432463116984063,2.083796230135237,Good
2.685713529565331,2.4237876381687578,1.1888845705402251,1.5843507473629632,Good
1.9169771420317057,4.356246647665724,1.0559657986785853,1.294672199541496,Good
2.789787992141444,3.950085714586204,1.1760590843373495,1.9289678547821465,Good
1.3386085390537867,2.526298076417446,1.0909444228527012,1.414539019513386,Good
5.807703802191213,3.0863666480864085,1.0326467252234746,2.238623406820129,Bad
1.693341294252992,5.866832136133693,1.0174893120870578,1.3246389045344684,Bad
3.565853545378672,4.395717425827961,1.0620490291488536,2.133739939344725,Bad
2.1475067371812324,3.4846712871911905,1.0081616883015934,2.383463280064962,Good
1.776894079959644,2.739269901033833,1.0292548620287605,1.5943392494712207,Good
1.1397432280925812,6.320320141350189,1.0279828993392923,1.824084387306743,Bad
1.4795201923451295,4.348390353690985,1.0072998989506412,1.0,Moderate
2.050761440308721,5.342258868567462,1.0174893120870578,1.544395540261733,Bad
1.671842360891389,5.772177991859743,1.0081616883015934,1.3346286053109258,Moderate
1.8384592395617576,5.630196775448819,1.0241670392537894,1.6243059544641931,Bad
2.6177963317580266,1.9741804528674949,1.036144587640886,2.2036630501071275,Good
1.7444013335457718,6.65558512036852,1.1574038087835212,1.0849052645906887,Bad
1.5131707219751074,4.005269080697916,1.0279828993392923,1.3845723145204134,Good
1.4115513970461595,3.2913875245837847,1.005829761368053,1.349611957807412,Good
2.107196196817686,5.677523847585793,1.1270890104935871,1.034961555381201,Bad
2.281875183560764,5.488215559037893,1.0734551107656432,1.374583812412156,Bad
1.825022414272864,3.5004785292849405,1.0,1.3645953103038984,Good
2.761044835446892,6.150794568955543,1.0121664889234356,1.5843507473629632,Bad
1.835771848705233,4.924171513309425,1.1235911480761758,1.5643725444782484,Bad
1.6180949307420844,6.198121641092519,1.150408083948698,1.529412187765247,Bad
2.6937437761869365,4.837468317154486,1.032849489312087,1.8790229469044597,Bad
1.703602164936155,2.9995687977871963,1.010175589584143,1.3945620152968707,Good
2.101821415104637,3.3623781327892472,1.15507190983288,1.1698117278495772,Good
1.5965959973804815,6.056140424681594,1.0093276237854645,1.0,Bad
1.356134852538346,6.174458105024032,1.0501360373105324,1.294672199541496,Bad
1.583275975913345,3.788321782022023,1.097331827438787,1.839067739803229,Good
1.6127202135259,6.797566336779445,1.2145355709288768,1.3596004599156697,Bad
3.794864110373571,1.7217378500888696,1.4966964632724449,1.2697003449367523,Moderate
1.748724493881817,3.670004101679585,1.015816410415857,1.0499449078776877,Good
2.037558287160208,3.831768034243766,1.1143649063350174,1.978912762659834,Good
1.6127202135259,5.914159208270668,1.1282549459774582,1.4794672798875594,Bad
2.800303754433434,5.200277652156537,1.100981776914108,1.7142060694431107,Bad
1.7534406336137578,2.968048967743971,1.060629624562767,1.1498335249648624,Good
1.6926402133349892,2.530273550476952,1.058509696074621,1.5843507473629632,Good
1.1065600427433622,3.3939926169767465,1.0,1.0,Good
2.741415343705189,1.4614389533355068,1.0408083855421686,2.613207219232285,Good
1.5552339001367956,4.872963621257218,1.0,1.4744724294993308,Moderate
2.1958793856174874,4.683655332709317,1.2693354061406918,1.5144288352687607,Bad
1.4234359117983018,4.596857482410105,1.0012166404974738,1.3695889620239272,Good
2.2281278179083244,5.618365007414575,1.0629615235134084,1.5643725444782484,Bad
2.07747700907142,5.855000368099449,1.0024333089778468,1.1048834674754036,Bad
5.685837428042193,1.6665544839771569,1.1727639860085504,3.811875418951183,Bad
4.867007680222138,2.1358497312874016,1.100981776914108,5.050500024439512,Bad
1.4542822467499978,5.148975105960056,1.0012166404974738,1.1098783178636322,Good
3.2742155574219995,2.029363818979208,1.3029453027594249,2.423418487166193,Moderate
2.0749477645268493,6.209953409126763,1.1410804601632336,1.5394006898735046,Bad
3.748127295913701,2.0017248088512143,1.0827320575204042,2.278579812589559,Moderate
1.658989683705011,5.11745527591683,1.0340661298095608,1.15982202707312,Bad
2.17438038775902,4.975474059505905,1.167897396035756,1.3346286053109258,Moderate
1.2692043015366874,6.26116130117897,1.0097331799455889,1.2397336399437795,Moderate
1.3477222040066357,6.363766393571932,1.0571824391760591,1.2647054945485237,Moderate
1.4864138752190772,3.886951400355479,1.064127486980179,1.0049948503882289,Good
1.0224336864199852,4.766477708949024,1.0,1.1698117278495772,Good
1.7981486991982116,4.277399745485523,1.0443062479595802,1.214761785339036,Good
2.647357437689203,5.373778698610687,1.2401865433346289,1.5643725444782484,Bad
1.427291727853588,2.9364344835564715,1.0093276237854645,2.083796230135237,Good
2.354434156215147,5.373778698610687,1.024332949863972,1.7741394794290557,Moderate
2.650044764048863,3.271699462574803,1.3824329669646327,1.639289306960679,Moderate
1.5347865236553324,4.50617881219566,1.0,1.804106184422028,Good
2.0515793250484817,3.374209900823491,1.0620490291488536,2.2186464026036137,Moderate
1.9970140101594172,5.160806873994299,1.108433734939759,1.6842393644501383,Bad
2.665701635913523,3.8474806221932414,1.0377160792848814,1.5843507473629632,Moderate
1.440261208861723,2.2896627157325704,1.026710936649825,1.3246389045344684,Good
3.4992535025398546,2.4947782463742203,1.3218033424018656,1.0699219120942025,Bad
1.9378919272907928,5.365922404635949,1.0617955600466382,1.3596004599156697,Moderate
3.0274449423052974,4.521891400145136,1.0717822090944422,2.0088794676528066,Moderate
1.544017056926803,3.752258553053648,1.0279828993392923,1.329633754922697,Bad
1.6879665770368073,5.772177991859743,1.0216231418577535,1.6193123027441645,Bad
1.2607916530049768,5.164782348053805,1.0027982899339292,1.3396222570309548,Good
2.5318005338147493,5.543398925149606,1.1865526715895842,1.6293008048524218,Bad
1.6695388553728543,4.557386704247867,1.2124156424407306,1.0899001149789174,Moderate
2.2684383582718706,3.654291513730109,1.4279051783909833,1.4345172223981009,Bad
3.2545860656802965,6.592450806137795,1.0,2.5582686596345683,Bad
1.7318991968183957,3.31117024073704,1.0316328488146134,1.0249718546047435,Good
2.33024783199702,2.498659066289452,1.0446560342013214,1.414539019513386,Good
4.456445600581796,1.3707602831210628,1.1310108418188884,1.469478777779302,Bad
1.5019538787651148,3.2756749366343088,1.026766258841819,1.0,Good
1.986264575727048,3.023232333855684,1.0571317621453555,1.9039960001774028,Good
1.4338880156849496,4.454876265999179,1.0012719626894675,1.569367394866477,Good
2.303374116922367,3.035064101889928,1.335794792071512,1.389567164908642,Moderate
1.671842360891389,5.515759915021612,1.1982121943256898,1.4794672798875594,Bad
3.7565398799485465,4.159082065143085,1.1715473455110763,2.3784684296767336,Bad
2.2872499007769487,1.9938685148764763,1.0081616883015934,2.423418487166193,Good
2.418931020796821,3.4886467612506964,1.087598647493199,1.4894557819958172,Good
3.2097186928403256,1.7927284582943324,1.0571824391760591,2.688123981714716,Good
1.720682353608403,4.064427920869136,1.0231163093664983,1.094894965367146,Good
2.1582561716136013,4.395717425827961,1.044422852701127,1.4744724294993308,Moderate
3.867423083027954,1.4851024894039944,1.614457821997668,2.238623406820129,Moderate
1.6154076043824244,5.097767213907848,1.0,1.1798002299578347,Moderate
1.9534319308368304,5.196302178097031,1.0340661298095608,1.6193123027441645,Bad
2.3796720373134144,4.999137595574393,1.0632656976292263,1.15982202707312,Bad
1.5643475650896446,5.160806873994299,1.255843647104547,1.1398450228566048,Moderate
1.835655044883476,5.022801131642881,1.1143649063350174,1.804106184422028,Bad
2.373783215589649,6.42292523374315,1.315973581033813,1.9739179122716053,Bad
2.152881454397417,5.373778698610687,1.1247570835600469,1.669256011953652,Bad
1.7390265518327226,5.208133946131275,1.072289147298873,1.5044391344923034,Moderate
1.471107543813419,3.236204158472072,1.0305267967353284,1.3845723145204134,Good
1.6141223108650409,4.581050240316355,1.0046638258841818,1.4295223720098722,Good
2.537175251030934,6.805422630754183,1.2772850959968909,1.529412187765247,Bad
1.9567034697958712,1.6744107779518946,1.030314798289934,1.2697003449367523,Good
1.5912212801642969,2.873394823470021,1.1247570835600469,1.4994454827722743,Good
4.314577974763624,1.8873826025682825,1.018249719393704,2.618202069620513,Bad
2.6152258092201235,1.907070664577264,1.0218996688690245,2.238623406820129,Moderate
2.9461227806602026,2.2903252947424884,1.0012166404974738,2.55327380924634,Good
3.2090176119223237,2.3803413859470144,1.222697231247571,2.1087680847399817,Moderate
1.8020045152534976,4.600832956469611,1.0450159782355228,1.1298553220801475,Moderate
1.301962581542042,2.4829464783399766,1.072289147298873,1.604328950247678,Good
3.546224053636969,1.812416520303314,1.0571824391760591,2.763040744197147,Moderate
1.4598907006034263,4.995162121514888,1.0279828993392923,1.3945620152968707,Moderate
2.4834278853784943,3.7213066478760655,1.0174893120870578,1.6742508623418806,Good
1.6948071144943395,3.62267702954261,1.1713952584531675,1.2197554370590649,Moderate
2.3320004697951617,1.7493768602168631,1.553574756315585,1.5194224869887896,Bad
3.3863839895219257,3.315051060652272,1.057714729887291,2.248613107596586,Moderate
1.4514780520717157,1.8321992364565696,1.2530627345511076,2.1087680847399817,Good
3.192893395776905,3.1100301841548963,1.087598647493199,2.1187565868482388,Moderate
2.12168457898672,5.791866053868725,1.0766487990672369,1.7691458277090266,Bad
1.4991496195899685,4.340534059716248,1.01703307889623,1.154828375353091,Good
2.0803224817430337,2.155537793296383,1.3626117279440342,1.4245287202898431,Moderate
2.3778875380641686,2.4316439321434955,1.031798759424796,1.6542726594571655,Good
2.371259453278568,5.046464667711368,1.0912485969685193,1.8140958851984847,Bad
1.0950627671661683,3.023232333855684,1.000121669646327,1.2247502874472935,Good
2.825541700028566,2.810260509239296,1.1301813167508743,1.2647054945485237,Moderate
1.7094655103984104,5.373778698610687,1.0364994387874078,1.389567164908642,Bad
1.5944928191233376,4.821661075060737,1.0474492592304705,1.3196452528144396,Bad
3.25178180650515,4.5850257143758615,1.519508598523125,1.7541624752125404,Bad
2.6527321549053875,5.586750523227075,1.102603973571706,2.018867969761064,Bad
1.1348570746256028,3.9619174826204473,1.0381584889234357,1.4245287202898431,Good
1.4434159439990064,3.520166591293922,1.0746210742324136,1.4594890770028446,Good
3.6578082731375146,5.586750523227075,1.335794792071512,1.804106184422028,Bad
2.47805316816231,4.604713776384843,1.0781189366498252,1.7841291802055128,Moderate
3.133771248411416,2.4868272982552084,1.0116595507190052,1.6992227169466243,Moderate
2.795162709357629,6.588569986222563,1.1982121943256898,1.943951207278633,Bad
1.4971633096514465,3.1888770863350966,1.0474543241352507,1.354605609527441,Good
3.375167146311933,5.874688430108432,1.0754321585697628,1.7391791227160542,Bad
3.1020114443666498,2.3369897878695456,1.0915803902059853,2.148723291841211,Moderate
2.289937291633473,3.0942229420611462,1.1021984174115818,1.374583812412156,Moderate
1.1800537684561272,6.375598161606176,1.0174893120870578,1.5943392494712207,Bad
2.918781721304792,3.6029889675336286,1.2448503692188106,1.03995520710123,Moderate
1.583275975913345,6.16650715690502,1.0571824391760591,1.3246389045344684,Bad
1.967452968725105,5.121430749976336,1.239020607850758,1.9489460576668611,Bad
1.5777843903785382,5.365922404635949,1.1667314325689857,2.0887898818552664,Moderate
2.26189515136006,5.014944837668143,1.0145997699183833,1.5394006898735046,Bad
1.50791280858068,3.9619174826204473,1.0198212110376992,1.0,Good
1.6674023322367215,3.740994709885048,1.0165353470656822,1.6342956552406505,Good
1.4461033348555312,3.283531230609047,1.1282549459774582,1.4295223720098722,Good
1.908330821359616,4.328702291682004,1.33113096618733,1.15982202707312,Bad
1.7038570565449818,3.92244670445821,1.0072998989506412,2.363485077180248,Good
2.9407692829124654,5.791866053868725,1.0216231418577535,1.2447284903320084,Bad
2.758388209594773,4.064427920869136,1.212080910998834,1.7891228319255417,Moderate
1.6772170781075737,4.159082065143085,1.3754372421298096,1.349611957807412,Moderate
1.9478234769834015,4.7309824048462925,1.058399107656432,2.178689996834184,Moderate
3.753735685270265,4.348390353690985,1.008516539448115,1.799112532701999,Bad
2.0856971989592186,2.498659066289452,1.2320248830159346,1.604328950247678,Good
1.8088981981274452,2.4513319941524774,1.1119315973571706,1.1698117278495772,Good
1.6503433630329214,3.520166591293922,1.1760590843373495,1.4794672798875594,Moderate
2.028555234330116,2.419812164109252,1.0736392102603964,2.303551667194302,Good
1.8707076718525943,3.725282121935572,1.0011659634667702,1.7591561269325693,Good
2.4694068474902195,2.072715417056677,1.020351207151185,1.839067739803229,Good
1.1031949833306778,5.780034285834482,1.0,1.0,Moderate
2.416243629940296,5.515759915021612,1.2868247182277497,1.7691458277090266,Bad
3.01992454339821,3.263843168600065,1.1399144966964632,2.133739939344725,Moderate
2.142131955468183,3.989461838604167,1.0069957248348231,1.0549385595977163,Good
1.478351767146368,4.036788910741142,1.095608248736883,1.2397336399437795,Good
4.92028770159382,1.650747241883407,1.0729988775748154,4.541066039558981,Bad
2.8619964243368257,2.4947782463742203,1.0012166404974738,1.6342956552406505,Good
1.7094655103984104,4.486396096042405,1.077186154683249,1.5022995117558051,Moderate
1.0241863242181275,2.979880735778215,1.0,1.154828375353091,Good
3.483129286394436,2.8852265915042645,1.0629615235134084,1.7192009198313394,Bad
1.1822737505350285,4.518010580229904,1.035282798289934,1.2397336399437795,Good
1.330896971440079,5.235772956259268,1.0,1.1398450228566048,Good
1.6073454963097151,6.150794568955543,1.0944422852701128,1.2247502874472935,Moderate
1.5412127977516563,4.462732559973917,1.0571824391760591,1.2896785478214672,Good
1.171991660383418,2.0253883449197017,1.002098717450447,1.529412187765247,Good
1.3477222040066357,6.718719434599245,1.0450159782355228,1.2297451378355222,Bad
1.443065403540005,4.293206987579272,1.0025438973960357,1.6293008048524218,Good
2.17438038775902,6.592450806137795,1.0746210742324136,1.7391791227160542,Bad
1.9835771848705237,3.997412786723179,1.0851146614846483,1.03995520710123,Bad
1.6281433487533157,5.898351966176919,1.0206830003886511,1.0899001149789174,Moderate
3.8701104738844783,4.24976073535753,1.191216469490867,1.884017797292688,Bad
3.0638996666135574,3.461007751122703,1.0523158492032647,2.348501724683761,Moderate
1.4998507005079709,5.452720254935162,1.0897784593859308,1.8490562419114869,Bad
3.477754569178251,2.829948571248278,1.0909444228527012,2.07380652935878,Moderate
4.25568956403538,4.127562235099861,1.0437993097551497,1.8540510922997155,Moderate
2.346372048142438,4.352365827750491,1.041366028760202,1.5843507473629632,Moderate
2.967154369741047,3.7764900139877793,1.1130975608239408,1.484462130275788,Moderate
2.4861152762350187,3.1415500141981214,1.174893120870579,1.7341842723278256,Moderate
1.5374738500149925,2.10035442718467,1.0,1.5244173373770182,Good
2.2142235838418074,5.290956322370981,1.018249719393704,1.6243059544641931,Bad
2.342707465290636,1.6783862520114003,1.0038158600855034,3.876803679325357,Moderate
2.5984005766535674,2.356677849878527,1.1131482378546445,1.8690344447962015,Good
1.752463441618481,2.3211825457757955,1.1447810866692576,2.018867969761064,Good
2.3060615077788915,2.2108158135523697,1.0011659634667702,1.978912762659834,Good
1.9432666445069773,5.673548373526288,1.2756315584920326,1.484462130275788,Bad
1.9728276859412897,5.30676356446473,1.0163233486202876,1.3795786628003843,Moderate
2.3114362249950764,4.734863224761524,1.006359757481539,1.7391791227160542,Bad
3.121946844737064,2.71163089090584,1.1216647773027597,2.238623406820129,Good
1.5580380948150778,4.916315219334686,1.1910137054022545,1.1398450228566048,Moderate
1.8328507857083287,6.363766393571932,1.030781189273222,1.3046619003179534,Bad
1.9378919272907928,5.271268260362,1.0069957248348231,1.6942290652265954,Moderate
4.191192699453706,3.3703290809082587,1.083948698017878,2.2436182572083574,Bad
2.4968647106673885,1.89523889654302,1.141131137193937,2.6381802725052284,Good
1.9916392929432325,5.283100028396243,1.0034978624174116,1.354605609527441,Bad
2.962948077723624,6.075828486690575,1.0425826692576758,1.4544954252828155,Bad
1.7309644437600131,5.22791666228453,1.1713952584531675,1.604328950247678,Bad
1.2159242801650063,5.847049419980437,1.026766258841819,1.2397336399437795,Moderate
1.4514780520717157,5.989030636391363,1.1294209094442285,1.204772084562579,Bad
1.771158180301802,2.435619406203001,1.0139914496696465,1.3246389045344684,Good
1.163880663687356,6.884364187078657,1.0544394714341236,1.2397336399437795,Bad
1.8975813869272469,4.553505884332635,1.2180334333462883,1.389567164908642,Bad
1.8188297478200544,5.811554115877707,1.0571824391760591,1.349611957807412,Bad
1.7270555467851765,5.902327440236425,1.1002720466381657,1.0649282603741737,Bad
1.5831591720915876,4.040764384800648,1.0151574131364167,1.5793558969747346,Moderate
1.9244550375050344,4.971498585446399,1.0209871745044694,1.294672199541496,Moderate
4.718384459317088,3.429487921079477,1.335794792071512,2.1886796976106413,Bad
1.8328507857083287,5.862856662074187,1.049882568208317,1.3995556670168998,Bad
2.2066288200498567,4.577169420401123,1.054799835211815,1.644284157348908,Moderate
2.27650046634458,5.756370749765994,1.282160892343568,1.938956356890404,Bad
1.070105318435102,5.034632899677124,1.0012166404974738,1.2447284903320084,Good
1.6039251630840845,3.711557271015849,1.284916788184998,1.6542726594571655,Moderate
3.2742155574219995,4.182745601211574,1.0523158492032647,1.639289306960679,Bad
1.6870318239784252,2.313326251801058,1.0356145915274,1.3945620152968707,Good
2.7161774626069217,3.21651609646309,1.01703307889623,1.2197554370590649,Good
2.413556303580636,3.654291513730109,1.278663029926156,1.9239730043939176,Good
1.7879834128683587,5.180589590147555,1.0851653385153517,1.3096555520379822,Moderate
1.3593397017394095,3.6503160396706034,1.0239853462883792,1.3329636551815165,Good
2.8919080062301394,5.074103677839361,1.6109599595802564,1.419533869901615,Bad
2.424539474650249,2.013556576885458,1.0547491581811117,2.038846172645779,Good
2.2030067406318143,2.2581428856893453,1.0228951045472212,1.639289306960679,Good
2.0684045576150387,3.4886467612506964,1.0623255561601244,1.8140958851984847,Good
1.7481636291474143,3.6936676377480726,1.008516539448115,1.3995556670168998,Good
3.289638692649415,2.506610014408464,1.191216469490867,1.7341842723278256,Moderate
1.25530006747017,3.0784156999673966,1.0734551107656432,1.1947835824543211,Good
2.362496264287856,2.3764605660317826,1.5200155367275554,1.7691458277090266,Bad
1.142430554452241,4.557386704247867,1.0,1.1348501724683762,Moderate
2.1093460708047878,3.6708559889780505,1.0363777691410805,1.297061145263536,Good
2.865034355652352,1.4417508913265251,1.565487748153906,1.724195770219568,Good
1.5720591327033524,2.6761355868031087,1.0178073097551497,1.3246389045344684,Good
3.5181819133635552,3.0114005658214404,1.1094982883793238,1.7491676248243118,Moderate
2.0023887918724665,5.421105770747662,1.1935483964244074,1.5543840423699908,Bad
2.1260077393227643,4.920290693394192,1.239020607850758,1.7192009198313394,Bad
3.216346777625926,3.729162941850804,1.121259221142635,2.318535019690789,Moderate
2.365183655144381,4.41152466792171,1.1346677030703458,1.5543840423699908,Bad
2.3133906734824947,3.863287864286991,1.1359169436455498,1.544395540261733,Moderate
2.698417412485118,2.5421053185111955,1.0944422852701128,1.604328950247678,Moderate
1.9366066337734087,3.71733117381656,1.0501360373105324,1.6243059544641931,Good
2.9214691121613163,1.8400555304313075,1.413913728721337,1.829079237694972,Moderate
2.842366932595122,8.217378500888696,1.024332949863972,1.6892342148383668,Bad
1.8438339567779425,2.072715417056677,1.072289147298873,1.5993340998594494,Good
1.489101201578737,4.604713776384843,1.2868247182277497,1.1947835824543211,Moderate
1.3430060642746944,3.0665839319331534,1.0152634123591138,1.544395540261733,Good
1.4514780520717157,3.5478056014219157,1.0,1.4395120727863295,Good
3.661196744912041,2.7944532671455464,1.035282798289934,2.173696345114155,Moderate
1.0785179024699485,4.336558585656741,1.0279828993392923,2.198668199718899,Moderate
2.668856371050806,3.157357256291871,1.209871745044695,1.9639294101633475,Moderate
2.5591415931701604,2.569649674494915,1.0669156191216478,1.484462130275788,Good
1.3928445329522974,3.0429203958646656,1.0174893120870578,1.0249718546047435,Good
1.5692549380250704,4.947835049377912,1.094124287602021,1.3596004599156697,Bad
1.550910739800751,5.922015502245406,1.1947143319082782,1.154828375353091,Bad
1.8814571707818284,4.6803424376597285,1.024485036921881,1.4345172223981009,Moderate
1.14021057237334,3.019256859796178,1.0012166404974738,1.2097669349508071,Good
1.3117348239791344,5.393561414763943,1.0,1.11986681997189,Moderate
1.9325171455777437,4.9281469873689305,1.0652934224640498,1.7491676248243118,Moderate
2.2282446217300818,6.320320141350189,1.0510992087057909,1.2247502874472935,Bad
1.7470886599054318,4.596857482410105,1.3089778561989895,1.3695889620239272,Moderate
5.0745193118554335,1.149837510385663,1.1204481368052857,4.2014425838598255,Moderate
2.7442195383834718,6.596426280197301,1.015816410415857,1.2796888470450098,Bad
2.3513628800206323,3.1375745401386155,1.0979401476875243,1.0849052645906887,Good
2.956404870811813,5.855000368099449,1.2133696074621063,1.958934559775119,Bad
2.201254102833672,6.691080424471251,1.0209871745044694,1.389567164908642,Bad
1.7632128760508503,5.129287043951074,1.1562378453167508,1.0649282603741737,Bad
1.7515286885600987,3.823817086124754,1.0754321585697628,1.9988897668763488,Good
2.128695130179289,4.277399745485523,1.0524679362611735,1.983906414379863,Moderate
1.6533812943484474,4.624496492538098,1.0121664889234356,1.6143174523559356,Moderate
1.9405792536504527,4.443044497964936,1.1667314325689857,1.5493891919817622,Good
2.133302076719493,4.691511626684054,1.0445182464049747,1.4794672798875594,Bad
1.9301127024661389,3.6581723336453416,1.0152634123591138,1.3945620152968707,Good
2.7890869112234418,1.855862772525057,1.6830371364166343,1.943951207278633,Moderate
1.9029561041434315,4.261592503391773,1.247182268169452,1.2647054945485237,Moderate
4.627180797546299,1.8005847522690703,1.121259221142635,4.121532169657366,Moderate
1.992690849823372,2.873394823470021,1.0725011457442677,1.709212417723082,Good
1.6261570388147937,5.314619858439468,1.1119315973571706,1.0,Moderate
2.421618411653345,3.8435998022780096,1.130586872910999,2.4833518971521373,Moderate
1.196294788423303,4.293206987579272,1.0928523528954528,1.2447284903320084,Good
3.3810092723057408,4.013125374672654,1.2110377085114652,1.7891228319255417,Moderate
2.451179453087658,6.54512373400082,1.034978624174116,1.5194224869887896,Bad
1.658989683705011,3.3032192926180284,1.0,1.6592675098453944,Good
1.835771848705233,5.898351966176919,1.0093276237854645,1.414539019513386,Bad
2.561361575249062,4.111754993006111,1.1154294597745822,2.633185422117,Moderate
1.145117945308766,4.123586761040354,1.0338126607073457,1.3596004599156697,Good
2.230815144267984,5.373778698610687,1.0617955600466382,1.4295223720098722,Moderate
3.2036428947061384,2.139825205346908,1.0816167990672367,1.669256011953652,Good
1.171991660383418,3.5004785292849405,1.053633899727944,1.5244173373770182,Good
1.4353538359262972,5.1844704100627865,1.0,1.0899001149789174,Moderate
1.2075116316332957,3.315051060652272,1.01703307889623,1.3096555520379822,Good
2.758388209594773,2.818116803214034,1.044183514963078,1.5593788927582195,Moderate
1.5916886244450557,3.740994709885048,1.0012719626894675,1.449500574894587,Good
4.627948632719144,3.208565148344078,1.0209871745044694,1.7391791227160542,Bad
1.4514780520717157,1.8321992364565696,1.2530627345511076,2.1087680847399817,Good
1.5468212516050852,3.390017142917241,1.0279828993392923,1.3945620152968707,Good
1.443065403540005,4.072284214843873,1.167897396035756,1.0,Good
3.609435624701259,3.220396916378322,1.335794792071512,1.7491676248243118,Moderate
1.0,3.224372390437828,1.0,1.11986681997189,Good
1.3547327551992052,4.936003281343668,1.0314807617567043,1.2996670499297247,Moderate
1.832316687172728,3.5596373694561594,1.121259221142635,1.354605609527441,Moderate
2.0292624424502543,5.148975105960056,1.0769529731830547,1.569367394866477,Bad
2.915276445708507,3.4728395191569468,1.0389327197823552,1.6942290652265954,Good
1.6910378532313222,3.788321782022023,1.005829761368053,1.7541624752125404,Good
1.8937422755598876,2.687967354837353,1.0013325176836378,1.7192009198313394,Good
2.5254910635401826,5.645909363398294,1.0559657986785853,1.4994454827722743,Bad
2.408181521867587,5.989030636391363,1.0314807617567043,1.3246389045344684,Bad
1.4111675117081697,3.413680678985728,1.1434123591138747,1.3046619003179534,Good
3.804211511963664,3.73313841591031,1.083948698017878,2.2685901118131016,Moderate
1.748724493881817,6.990850099386852,1.1459977271667314,1.4744724294993308,Bad
1.620782321598609,4.135418529074598,1.3567819665759813,1.2597118428284946,Moderate
3.13645863926794,6.458420537845882,1.1655654970851146,2.1836848472224126,Bad
2.78710060128492,2.7274381329995894,1.3614457924601633,1.2097669349508071,Moderate
2.2066288200498567,4.616545544419086,1.0,1.4544954252828155,Moderate
1.112168432099926,3.973749250654691,1.0206830003886511,1.2846836974332383,Good
1.7278931675654987,4.060452446809629,1.072289147298873,1.409545367793357,Good
2.6236384577518344,3.626652503602116,1.1618141655654877,1.5943392494712207,Moderate
1.6154076043824244,3.92244670445821,1.0,1.5543840423699908,Good
1.7497760507619564,5.176614116088049,1.0816167990672367,1.639289306960679,Bad
1.9879747100914311,2.443475700177739,1.0457902090944422,1.409545367793357,Good
1.4138549025646945,4.596857482410105,1.1049358725223477,1.0,Moderate
1.636555997285026,5.488215559037893,1.1131482378546445,1.1248616703601186,Bad
2.2576888593426365,4.880819915231955,1.062628387096774,1.7691458277090266,Bad
3.596699880330368,3.863287864286991,1.0656989786241742,1.864039594407973,Moderate
1.4094148739100274,2.4001241021002704,1.0089036548775747,1.2846836974332383,Good
2.915276445708507,3.0902474680016403,1.0425826692576758,1.799112532701999,Moderate
2.418931020796821,2.1792013293648704,1.0571317621453555,1.5244173373770182,Good
1.9618445148716763,5.551255219124344,1.059615748153906,1.5394006898735046,Bad
1.7067781195418856,7.061840707592314,1.2180334333462883,1.2896785478214672,Bad
2.724590046641768,5.377754172670193,1.0304162083171395,1.5743622452547057,Bad
3.596699880330368,1.0867978502992122,1.0912485969685193,4.471142928796578,Moderate
2.994028084815699,6.052164950622088,1.3894286917994558,1.6592675098453944,Bad
1.5552339001367956,3.7764900139877793,1.0,1.544395540261733,Good
1.6422812549602122,3.031088627830422,1.209871745044695,1.669256011953652,Bad
1.5267244155826232,5.026776605702387,1.0466381748931208,1.409545367793357,Moderate
1.9459540353635016,4.979449533565411,1.0474492592304705,1.03995520710123,Moderate
1.6288444296713185,4.068403394928641,1.0582976976292269,1.644284157348908,Moderate
2.819933246175137,7.39313021255114,1.0133831294209097,1.669256011953652,Bad
2.4323678460857145,4.399692899887466,1.0513019727944035,2.278579812589559,Bad
2.827411141648466,2.4553074682119838,1.4418966280606296,2.0488346747540365,Moderate
1.4837264843625526,7.168326619900508,1.197046258841819,1.0,Bad
1.7150739642518391,5.811554115877707,1.0827320575204042,1.1947835824543211,Moderate
1.765900266907375,5.121430749976336,1.0,1.1648168774613483,Moderate
3.649746165064805,1.2681551907281006,1.3031480668480373,1.7391791227160542,Moderate
2.1233204129631047,4.679679858649811,1.1072677714729888,1.3795786628003843,Bad
1.4851285817016937,2.159513267355889,1.0457902090944422,1.4744724294993308,Good
4.188388504775424,2.0885226591504265,1.0133831294209097,1.9489460576668611,Moderate
1.8922066052141973,5.815529589937213,1.2425184702681695,1.589345597751192,Bad
1.556285457016935,3.165213550266609,1.054799835211815,1.2647054945485237,Good
1.636555997285026,2.975905261718709,1.026710936649825,1.354605609527441,Good
2.201254102833672,4.9123397452751805,1.0,1.349611957807412,Moderate
1.4456147066094602,6.032476888613106,1.092465237465993,1.1398450228566048,Bad
1.3925896413434706,5.145094286044824,1.026766258841819,1.2397336399437795,Moderate
1.4626948952817085,2.8575875813762712,1.0610535934706569,1.2397336399437795,Good
2.6339205479034447,4.845324611129223,1.114613282549553,1.5394006898735046,Bad
1.970257163403387,5.665692079551549,1.0802987485425573,1.2297451378355222,Bad
2.263063576558821,4.5731939463416165,1.606296161678974,1.5843507473629632,Bad
2.9590922616683377,2.415836690049746,1.313641654100272,1.0199782028847149,Good
2.9180806403867887,1.9860122209017383,1.0072998989506412,2.5183134525333384,Moderate
1.4756643762898434,3.125742772104372,1.0338126607073457,1.2397336399437795,Good
1.827242396351765,5.06615272972035,1.0559657986785853,1.0,Moderate
3.286951301792891,5.594701471346087,1.3113097551496309,2.0238628201492928,Bad
1.1908032028884965,3.0272078079151896,1.095608248736883,1.154828375353091,Good
1.784711873909318,6.292775785366469,1.1539059463661097,1.0,Bad
2.50586157179848,5.598582291261319,1.0304162083171395,1.5843507473629632,Bad
2.421618411653345,3.0035442718467023,1.0163233486202876,1.349611957807412,Good
3.506965070153562,3.326882828686516,1.126531367275554,3.192564314875219,Moderate
2.967154369741047,3.7764900139877793,1.1130975608239408,1.484462130275788,Moderate
1.521349633869574,5.582869703311843,1.1830548091721729,1.3596004599156697,Bad
1.353330657860064,4.040764384800648,1.081515389040031,1.5943392494712207,Good
1.6879665770368073,5.287075502455749,1.1539059463661097,1.4944506323840456,Good
2.43505523694224,5.969342574382381,1.0524679362611735,1.234738789555551,Bad
1.9244550375050344,5.389585940704437,1.1900505340069958,1.4245287202898431,Bad
1.4104345693390634,3.784440962106791,1.0186552755538285,1.2896785478214672,Good
1.954016143436211,4.7151751627525424,1.030314798289934,1.2796888470450098,Bad
2.668505830591805,5.665692079551549,1.0961151869413135,1.374583812412156,Bad
3.762148333801975,1.3589285150868189,1.097331827438787,3.2924529319623943,Moderate
1.803279102291361,3.153381782232365,1.0226528286047416,1.6592675098453944,Good
1.0932273153939032,3.3939926169767465,1.0,1.2097669349508071,Good
2.6677046505399717,7.878232701955133,1.170330705013603,1.1897887320660925,Bad
1.4234359117983018,3.43336874099471,1.010175589584143,1.2597118428284946,Good
2.6876679780527493,3.973749250654691,1.2553439564710454,1.8740292951844304,Moderate
1.580471781235063,6.067972192715837,1.0,1.354605609527441,Bad
1.2660495663994038,5.192421358181798,1.0559657986785853,1.2397336399437795,Moderate
1.7309644437600131,6.020645120578863,1.1702292949863973,1.4395120727863295,Bad
1.5132875257968648,5.310739038524236,1.1352506708122814,1.409545367793357,Moderate
2.328049069386566,3.0942229420611462,1.1119315973571706,1.4944506323840456,Good
2.4273436693285317,2.11616166927842,1.0109498204430625,1.824084387306743,Good
2.289937291633473,3.859312390227485,1.3019821313641664,1.1448386745766337,Moderate
1.927142428361559,2.301494483766814,1.072289147298873,1.6293008048524218,Good
3.647058838705145,3.571469137490403,1.4127477652545668,2.093784732243495,Moderate
2.0426993322360127,3.4491759830884594,1.2623396813058687,1.729189421939597,Bad
2.212003601762906,5.543398925149606,1.108433734939759,1.4594890770028446,Bad
1.10375584806508,5.172638642028543,1.0024333089778468,1.11986681997189,Good
1.510366462799961,3.5319983593281656,1.0,1.4644839273910732,Good
4.429550666038697,2.849731287401533,1.087598647493199,3.312431134847109,Moderate
1.4178275224417378,3.1060547100953904,1.073773108433735,1.2397336399437795,Good
2.3460215076834365,5.358066110661212,1.0571824391760591,1.5044391344923034,Bad
1.419229619780879,3.058727637958415,1.0198212110376992,1.0,Good
1.8438339567779425,6.464667711367962,1.1317528083948698,2.0238628201492928,Bad
2.074013011468467,3.224372390437828,1.3509522052079286,1.4744724294993308,Bad
2.808716402965145,4.186721075271079,1.097331827438787,2.238623406820129,Bad
4.140716872760306,2.250191937570333,1.2116967057909056,3.14761425738576,Moderate
4.469393862121484,1.6586035358581448,1.114263496307812,2.9877910316444405,Bad
3.023589126250011,5.022801131642881,1.3066459292654489,2.1836848472224126,Bad
3.182143896847671,4.9321224614284365,1.4325689762922658,1.374583812412156,Bad
1.8636971206600248,3.965798302535679,1.0425826692576758,2.148723291841211,Good
1.773962374980084,2.818116803214034,1.1888845705402251,1.8190895369185145,Good
2.2019870452027783,6.087660254724819,1.1640815359502523,2.133739939344725,Bad
1.9762480191669205,1.4456317112417572,1.0546938359891178,1.419533869901615,Good
2.131382521035814,5.046464667711368,1.0326467252234746,1.5194224869887896,Moderate
1.3505264631817822,6.158650862930282,1.0389327197823552,1.3596004599156697,Bad
1.81427291534363,3.468864045097441,1.4827050136027982,1.0,Moderate
2.393693139698553,2.1792013293648704,1.0508780038865138,1.5993340998594494,Good
1.518779111331671,3.445200509028953,1.0036499494753206,1.2497221420520372,Good
2.099134088744977,4.648160028606586,1.0,1.6742508623418806,Moderate
3.338712422003673,1.5797566336779445,1.0012166404974738,2.718090686707688,Good
1.6799044689640985,4.24976073535753,1.380101040031092,1.6892342148383668,Moderate
1.378919079417333,3.8987831683897225,1.0116595507190052,1.0,Good
2.0561361575249064,2.301494483766814,1.072289147298873,1.779134329817284,Good
2.211419389163525,4.612664724503855,1.0437993097551497,1.469478777779302,Bad
4.22144863010702,1.915021612696276,1.1338312662261951,3.217536169479963,Moderate
3.534189325687216,2.0411955870134517,1.1107656338904004,2.538290456749854,Moderate
1.7632128760508503,6.075828486690575,1.3066459292654489,1.414539019513386,Bad
2.3759330895767503,1.0,1.0909444228527012,1.6245696614681315,Good
3.212522887518608,3.125742772104372,1.0304162083171395,2.4184236367779635,Moderate
1.3386085390537867,4.589001188435367,1.0,1.11986681997189,Moderate
1.9943266837997573,5.212109420190781,1.125923047026817,1.174805379569606,Bad
1.9762480191669205,4.8611318532229735,1.0384764865915277,1.374583812412156,Moderate
3.4772659409321807,2.344846081844284,1.1017560077730275,2.8129856520748344,Moderate
3.856673648595584,3.125742772104372,1.3859308293820445,1.6942290652265954,Moderate
2.51427422033019,2.0530273550476954,1.031798759424796,1.5943392494712207,Good
6.016097041466476,3.677955049798597,1.0729988775748154,2.523307104253368,Bad
3.223739730728601,3.445200509028953,1.081515389040031,2.0788013797470093,Moderate
1.6326835410386775,6.42292523374315,1.0292548620287605,1.0,Moderate
3.291040789988556,3.113911004070128,1.092465237465993,4.640954656646155,Bad
2.3095667833751765,5.574918755192831,1.0194663598911775,1.2497221420520372,Moderate
3.5770703885886648,4.872963621257218,1.0401493882627284,1.6243059544641931,Bad
1.6691549700348642,2.0253883449197017,1.1200932856587642,1.0749167624824312,Good
2.1582561716136013,3.670004101679585,1.0781189366498252,1.314650402426211,Good
2.657288987381812,4.2970878074945045,1.0852206607073456,1.8790229469044597,Moderate
2.193191994760963,4.447019972024441,1.083948698017878,1.829079237694972,Bad
8.29352041494531,3.764658245953535,1.0699572483482316,3.007769234529156,Bad
5.366157299812106,1.2918187267965882,1.135047906723669,4.061598759671421,Moderate
1.5267244155826232,5.014944837668143,1.174893120870579,1.3196452528144396,Moderate
1.6281433487533157,5.129287043951074,1.0535324897007383,1.389567164908642,Moderate
3.7557751406252016,1.4811270153444884,1.673921483093665,1.9689230618833768,Moderate
1.438041226782822,4.237928967323287,1.1037699090555773,1.0,Moderate
1.914172947353424,5.32257080655848,1.0121664889234356,1.4594890770028446,Moderate
1.8518960648506515,3.7764900139877793,1.0279828993392923,1.2297451378355222,Moderate
2.719916410343586,2.975905261718709,1.4127477652545668,1.6842393644501383,Moderate
2.5899879281218565,5.771704721138374,1.035282798289934,1.7941176823137703,Bad
2.007763509088651,3.6345087975768537,1.0046638258841818,1.3246389045344684,Good
1.611318116186759,4.376029363818979,1.068685285658764,1.3596004599156697,Good
1.174678986743078,4.151225771168347,1.0046638258841818,1.11986681997189,Good
1.4971633096514465,5.744538981731751,1.047804110376992,1.11986681997189,Moderate
1.496345424911686,5.582869703311843,1.1935483964244074,1.274695195324981,Moderate
1.6674023322367215,4.072284214843873,1.0097331799455889,1.0,Good
2.230815144267984,5.373778698610687,1.0617955600466382,1.4295223720098722,Moderate
1.9137056030726651,6.4859648938296015,1.0023318989506411,1.899001149789174,Bad
1.6772170781075737,2.849731287401533,1.030314798289934,1.389567164908642,Good
1.6169265055433228,5.338283394507956,1.018249719393704,1.03995520710123,Moderate
1.7900865911255024,5.2042531262160425,1.0579479113874857,1.3196452528144396,Bad
2.573162631058436,2.6130959267166585,1.020351207151185,1.6892342148383668,Good
3.893946257643605,1.5284540874814636,1.122881417800233,2.0887898818552664,Moderate
2.768289058779841,5.342258868567462,1.3171395165176836,1.709212417723082,Bad
1.6561854890267294,2.55393708654544,1.052149938593082,1.5643725444782484,Good
2.754852168994083,5.148975105960056,1.2751651675087443,1.174805379569606,Bad
2.2254404270518,2.447451174237245,1.0139914496696465,1.5394006898735046,Good
3.5852493004831314,2.049051880988189,1.0326467252234746,1.9339627051703752,Bad
1.9394108284516915,3.957942008560941,1.068132287602021,1.2197554370590649,Good
3.394796638053636,2.6761355868031087,1.1630308060629615,2.5882353646275407,Moderate
1.556285457016935,5.492096378953125,1.1574038087835212,1.1298553220801475,Bad
1.6261570388147937,4.084115982878117,1.0757870097162845,1.174805379569606,Moderate
1.3305464309810775,2.4316439321434955,1.0,1.4544954252828155,Good
1.6926402133349892,5.369897878695455,1.0912485969685193,1.0,Moderate
3.1844807472451944,3.677955049798597,1.041366028760202,1.5244173373770182,Good
2.4722110421685017,2.1121861952189143,1.1399144966964632,2.1187565868482388,Good
2.4861152762350187,5.365922404635949,1.1562378453167508,1.7741394794290557,Bad
1.4514780520717157,6.63977787827477,1.0623255561601244,1.529412187765247,Bad
1.2579874583266948,3.165213550266609,1.0023318989506411,1.0,Good
1.8045135077825896,4.813804781085999,1.2153466552662262,1.1048834674754036,Moderate
3.0612122757570326,2.017532050944964,1.0443062479595802,1.449500574894587,Good
1.6422812549602122,5.9496545123734,1.1787407695297318,1.779134329817284,Bad
1.5294117419422832,6.056140424681594,1.3248449716284494,2.058823176862294,Moderate
2.110467735776727,3.729162941850804,1.1180148278274389,2.303551667194302,Good
2.383995197649459,5.638053069423556,1.1061018359891177,1.4794672798875594,Bad
5.349332067245549,1.4433600117791825,1.1094982883793238,3.137624556609303,Bad
2.7666532248034565,5.081959971814099,1.0944422852701128,1.314650402426211,Bad
1.827709740632524,4.600832956469611,1.0571317621453555,1.5993340998594494,Bad
2.278720448423481,4.561362178307373,1.024332949863972,1.864039594407973,Good
1.2272746963815475,5.986569628640241,1.0213203109211038,1.2996670499297247,Moderate
1.857270846563701,5.55523069318385,1.2028760202098718,1.3695889620239272,Bad
1.9338024390951272,6.651609646309014,1.0218996688690245,1.234738789555551,Bad
2.142131955468183,2.226528401501846,1.0396424500582977,1.834072889415001,Good
1.550910739800751,5.152950580019562,1.2973183054799844,1.1798002299578347,Bad
2.588235290323714,2.55393708654544,1.1165954232413524,1.834072889415001,Good
3.848611540522875,3.5951326735588904,1.1643995336183444,1.4295223720098722,Moderate
2.2281278179083244,5.697211909594775,1.3066459292654489,1.7391791227160542,Bad
2.0061510874741093,2.1989840455181264,1.0314807617567043,1.2996670499297247,Good
1.314422214835659,6.702912192505495,1.0151574131364167,1.0649282603741737,Bad
2.3893699793625087,2.0806663651756887,1.02215313797124,1.374583812412156,Good
4.945525582692087,1.3194577369245817,1.1459977271667314,5.210322051512632,Bad
2.101821415104637,4.592882008350599,1.2063738826272834,1.5643725444782484,Moderate
4.58939073015374,4.34441487963148,1.0,2.428413337554421,Bad
2.962948077723624,3.82779256018426,1.0,1.918979352673889,Moderate
1.2888337932783904,5.7405635076722445,1.026766258841819,1.3396222570309548,Moderate
2.1233204129631047,3.740994709885048,1.2713124539448115,1.0820140768929667,Good
1.9762480191669205,5.653860311517306,1.0076316921881072,1.1997784328425498,Moderate
1.2720084962149694,3.7962727301410335,1.0,1.2697003449367523,Good
3.6965832076522354,3.315051060652272,1.6754054442285269,1.4944506323840456,Bad
1.468303349135137,3.6108452615083664,1.0024333089778468,1.11986681997189,Good
1.2327495772284274,4.320751343562993,1.0089036548775747,1.2397336399437795,Good
1.2411621612632735,3.9816055446294287,1.0127194869801788,1.3046619003179534,Good
2.598984789252948,4.845324611129223,1.0186552755538285,1.5394006898735046,Bad
1.7347033914966776,3.819936266209522,1.0194663598911775,1.604328950247678,Good
1.9163929294323248,2.415836690049746,1.1340847353284105,1.4594890770028446,Good
2.01582561716136,4.955785997496924,1.0571317621453555,1.5943392494712207,Bad
1.7417139426892472,4.73883869882103,1.0862805969685192,1.9139845022856603,Moderate
1.975865617256816,3.0823911740269025,1.0343426568208318,1.5244173373770182,Good
2.3684551941034213,6.040333182587844,1.015816410415857,1.3446171074191833,Moderate
4.109870537808611,1.9860122209017383,1.0425826692576758,3.4372916065390275,Moderate
1.6421644511384548,5.507903621046875,1.0340661298095608,1.4045505174051285,Bad
2.241564643197218,5.642028543483062,1.1690633595025262,1.409545367793357,Bad
1.1750629365779326,7.640366837394696,1.102603973571706,1.7391791227160542,Bad
1.3896685783465663,2.9995687977871963,1.2681694426739214,1.0,Good
2.009516146886793,5.373778698610687,1.0127194869801788,1.4045505174051285,Bad
3.341516616681955,4.005269080697916,1.132614597745822,1.0998886170871751,Good
2.163747757148408,5.989030636391363,1.0060832304702685,1.314650402426211,Bad
2.8352289355981397,5.669572899466782,1.0254390019432569,1.5244173373770182,Bad
2.6065582690795863,4.628377312453329,1.2022400528565875,1.7491676248243118,Bad
1.365482254128439,3.3978734368919787,1.037310523124757,1.918979352673889,Good
1.9513287525796867,6.840917934856914,1.0338126607073457,1.569367394866477,Bad
2.643267949493538,3.204684328428846,1.0669156191216478,1.9139845022856603,Good
2.761044835446892,5.259436492327756,1.0462326187329964,1.5593788927582195,Bad
3.751866243650365,3.863287864286991,1.137582597745822,2.543285307138082,Moderate
2.2086151299883783,2.3882923340660263,1.0050877947920716,1.6143174523559356,Good
3.4284471676836143,2.447451174237245,1.0218996688690245,1.7841291802055128,Moderate
2.193191994760963,3.3860416688577346,1.4045860769529732,1.4544954252828155,Moderate
1.967452968725105,3.882975926295973,1.0559657986785853,1.3246389045344684,Moderate
1.4262401709734485,3.92244670445821,1.0788609032258063,1.3596004599156697,Good
2.676918479123516,5.314619858439468,1.032849489312087,1.744172774436083,Bad
1.2944421826349544,7.404961980585384,1.0316328488146134,1.409545367793357,Bad
2.2684383582718706,4.032908090825909,1.0524679362611735,1.3945620152968707,Good
1.4010022253783163,3.973749250654691,1.0012166404974738,1.0099885021082575,Moderate
1.3589390472166285,3.5319983593281656,1.0097331799455889,1.274695195324981,Good
1.0678914635583363,3.19805853832967,1.004123783909833,1.2293100212790242,Good
2.572111074178296,3.165213550266609,1.1935483964244074,1.6193123027441645,Moderate
1.835771848705233,4.608689250444348,1.0687912848814614,1.4295223720098722,Good
5.1306035279053965,3.4925275811659287,1.0089036548775747,2.2436182572083574,Bad
2.131382521035814,5.993006110450869,1.0034978624174116,1.3845723145204134,Bad
2.037324550522963,5.172638642028543,1.0,1.5194224869887896,Moderate
1.9782024676543388,3.788321782022023,1.0489700738437622,1.7491676248243118,Good
1.3028548311666652,4.15510659108358,1.018249719393704,1.2397336399437795,Good
2.2394614649400744,4.746694992795767,1.029148862806063,1.034961555381201,Bad
1.3950432955627512,4.032908090825909,1.0944422852701128,1.3596004599156697,Good
3.453568244960124,2.0845471850909205,1.0524679362611735,2.0488346747540365,Moderate
3.882729414433612,4.951810523437418,1.0,2.0288564718693216,Bad
2.191789897421822,2.4245448713229494,1.0089036548775747,1.5793558969747346,Good
1.14021057237334,5.444012073661958,1.0340661298095608,1.15982202707312,Good
1.4178275224417378,3.1060547100953904,1.073773108433735,1.2397336399437795,Good
3.3030755179383093,1.7887529842348264,1.2658375437232805,1.958934559775119,Moderate
2.8435353577938844,3.1100301841548963,2.3198600948309367,1.7491676248243118,Bad
1.9190803202888496,5.314619858439468,1.0559657986785853,1.589345597751192,Bad
1.825022414272864,3.6424597456958656,1.0186552755538285,1.314650402426211,Good
1.81427291534363,4.951810523437418,1.026583754372328,1.6980480221108998,Moderate
2.4028068046514024,4.652040848521818,1.1527399828993392,2.4184236367779635,Good
4.126695834872033,4.076259688903379,1.0874465604352896,2.493340399260395,Bad
2.5962973983964237,4.762502234889517,1.130586872910999,1.3096555520379822,Moderate
1.98147400661338,4.312895049588255,1.0547491581811117,1.3196452528144396,Good
2.134069847395474,2.865443875351009,1.041974349008939,1.5493891919817622,Moderate
1.8384592395617576,5.046464667711368,1.191216469490867,1.3046619003179534,Bad
2.1851298866882534,2.0608836490224327,1.034978624174116,1.5843507473629632,Good
2.6043595064691325,5.63407759536405,1.2063738826272834,1.604328950247678,Bad
1.599283388237006,4.131443055015092,1.0350452514574426,1.7192009198313394,Good
3.661196744912041,1.7217378500888696,1.083948698017878,2.488346747540366,Moderate
2.17438038775902,3.0429203958646656,1.0206830003886511,1.3795786628003843,Good
1.297246441810101,5.014944837668143,1.032849489312087,1.3046619003179534,Moderate
1.9701403595816296,6.2178097031015005,1.3309282020987174,1.419533869901615,Bad
3.434756637958181,2.6249276947509017,1.5316750874465606,1.5593788927582195,Bad
1.2081489896490918,7.211678217977977,1.0356145915274,1.11986681997189,Bad
1.2860295986001085,3.43336874099471,1.0717822090944422,1.314650402426211,Good
1.8733950627091192,3.90663946236446,1.2075398460940536,1.4544954252828155,Moderate
1.437457014183441,4.34441487963148,1.0535324897007383,1.5543840423699908,Good
1.8814571707818284,3.977630070569923,1.0023318989506411,1.3346286053109258,Moderate
4.718384459317088,3.4018489109514847,1.1119315973571706,3.3374029894518524,Bad
2.0023887918724665,6.482084073914369,1.036144587640886,1.5643725444782484,Bad
3.1257091403387065,3.5004785292849405,1.4978624267392149,2.578246862519284,Moderate
5.380178337700381,2.163488741415395,1.1192314963078118,2.817980502463063,Bad
2.26189515136006,4.399692899887466,1.243329554605519,2.053829525142265,Moderate
3.8126241604953743,1.7335696181231135,1.0851653385153517,3.3174247865671376,Moderate
2.209316210906381,5.791866053868725,1.2215312957637,1.3246389045344684,Bad
1.4219170106374035,4.683655332709317,1.2611737178390985,1.4894557819958172,Bad
3.2466407614293447,2.790572447230314,1.0742155180722892,1.9289678547821465,Moderate
1.419229619780879,4.991281301599655,1.0174893120870578,1.11986681997189,Good
1.674529687251049,6.2848248372474576,1.0174893120870578,1.4245287202898431,Bad
4.053786321758647,1.4062555872237938,1.0693489280994948,2.003884617264578,Moderate
2.17169306139936,5.058296435745612,1.0524679362611735,1.2197554370590649,Moderate
1.25261274111051,4.214265431254798,1.0198212110376992,1.2796888470450098,Good
2.851597465866593,3.871144158261729,1.1900505340069958,1.779134329817284,Moderate
2.1973982867783857,2.325158019835301,1.0038158600855034,1.409545367793357,Good
1.8841444971414885,5.673548373526288,1.0326467252234746,2.0638180272505227,Bad
3.010152300961117,2.404004922015502,1.571317537504858,1.764150977320798,Bad
2.0292624424502543,5.500047327072137,1.0268169358725223,1.3995556670168998,Moderate
1.8216339424983363,3.050871343983677,1.0291995398367664,1.3795786628003843,Good
2.142515905303038,1.7848721643195944,1.0279828993392923,1.4445057245063584,Good
1.7627455317700913,6.340102857503444,1.0571824391760591,1.0749167624824312,Bad
2.500253182441916,5.724850919722768,1.015816410415857,1.3396222570309548,Bad
2.1905046039044382,6.695055898530757,1.0023318989506411,1.5344058394852758,Bad
1.6288444296713185,3.8987831683897225,1.0466381748931208,1.1847950803460634,Good
2.846222748650409,5.137143337925812,1.1515740474154683,2.7880137974700907,Bad
2.1797551694720694,4.719150636812048,1.4115818017877964,1.3695889620239272,Moderate
1.0886831887998012,4.324726817622498,1.0,1.0849052645906887,Good
1.5748633273816344,4.577169420401123,1.0036499494753206,1.6865096420204058,Good
1.14021057237334,4.415405487836942,1.0,1.11986681997189,Good
1.9405792536504527,4.514035106170399,1.0233190734551108,1.1098783178636322,Good
2.390888880523407,1.5797566336779445,1.0407023863194715,2.0488346747540365,Good
1.9029561041434315,5.6025577653208245,1.2949864065293433,1.0149833524964862,Bad
2.1851298866882534,5.089816265788837,1.1434123591138747,1.449500574894587,Moderate
2.9601438185484774,4.289231513519767,1.032849489312087,1.8790229469044597,Bad
2.125470286950206,6.0285014145536,1.0023318989506411,1.314650402426211,Bad
2.920884899561935,4.135418529074598,1.0401493882627284,1.354605609527441,Moderate
1.544017056926803,4.107779518946605,1.000121669646327,1.2846836974332383,Good
1.5939086065239567,5.2042531262160425,1.0466381748931208,1.978912762659834,Moderate
1.5106001994372047,5.618365007414575,1.046055179168286,1.3246389045344684,Moderate
1.405792794491985,6.304607553400713,1.1947143319082782,1.0,Bad
1.905643494999956,4.865012673138205,1.1923824329576371,1.154828375353091,Moderate
1.658989683705011,4.616545544419086,1.0547491581811117,1.6742508623418806,Bad
2.7077648140752117,3.271699462574803,1.090031928488146,1.8140958851984847,Good
1.825022414272864,3.5004785292849405,1.0,1.3645953103038984,Good
2.78710060128492,1.5482368036347192,1.4652157015157403,1.5943392494712207,Bad
1.8035234164143965,2.569649674494915,1.0,1.1897887320660925,Good
2.27112568463153,5.314619858439468,1.247182268169452,1.5993340998594494,Bad
2.8202448305279315,5.00074671602705,1.037310523124757,1.4235290310112778,Bad
2.007763509088651,5.716899971603756,1.0513019727944035,1.059933409985945,Bad
1.7712749841235595,4.608689250444348,1.145744258064516,1.8540510922997155,Bad
1.2860295986001085,4.226097199289042,1.0757870097162845,1.0,Good
1.2579874583266948,5.279124554336737,1.010175589584143,1.0499449078776877,Good
1.9352045364342685,5.145094286044824,1.0979401476875243,1.9039960001774028,Moderate
3.798603058110235,2.029363818979208,1.0,2.613207219232285,Moderate
1.5944928191233376,3.930302998432948,1.001338310143801,1.4245287202898431,Good
3.2950134098656,4.691511626684054,1.2355227454333464,1.7741394794290557,Bad
1.346670647126496,5.705068203569513,1.2856587547609797,1.1798002299578347,Bad
1.712152901254935,4.782190296898499,2.2172561212592306,1.314650402426211,Bad
1.2767990653286376,6.221785177161006,1.0023318989506411,1.0299667049929724,Bad
4.848312941538817,4.699367920658792,1.0466381748931208,2.688123981714716,Bad
1.386981187490042,4.908458925359948,1.0268169358725223,1.0,Moderate
3.5518324429935326,1.532429561540969,1.1374811877186164,3.8018869168429257,Moderate
1.4178275224417378,3.199289042205231,1.0717822090944422,1.0,Good
2.071208816790185,3.737113889969816,1.0729988775748154,1.5843507473629632,Good
1.6369065377440275,3.871144158261729,1.1154294597745822,1.3446171074191833,Good
3.6107209182186426,4.127562235099861,1.225079835211815,2.0887898818552664,Bad
3.773365177011968,4.218240905314305,1.0453056572094832,2.045504774495217,Bad
2.55072894463845,2.569649674494915,1.3954105402254178,1.5993340998594494,Bad
2.104508805961162,4.742814172880536,1.0594636610959969,1.569367394866477,Moderate
1.6852791861802827,3.689786817832841,1.1842207446560435,1.6143174523559356,Good
1.3386085390537867,4.667848090615568,1.0501360373105324,1.4794672798875594,Moderate
1.1766652966815998,5.704310970415321,1.0024333089778468,1.354605609527441,Good
1.5831591720915876,2.660422998853633,1.0116595507190052,1.0,Good
2.647357437689203,3.145525488257628,1.0944422852701128,1.6542726594571655,Moderate
1.878769779925304,5.251580198353017,1.228900116595414,1.3928970651674613,Bad
2.194594092100104,5.432937538781906,1.167897396035756,1.419533869901615,Bad
1.914172947353424,5.748514455791256,1.024332949863972,1.0,Bad
2.1711272949032496,3.5319983593281656,1.367275553828216,1.3096555520379822,Bad
1.959390860652396,5.271268260362,1.138748533229693,1.6243059544641931,Moderate
3.607916723540361,2.8536121073167653,1.1995302448503693,1.7691458277090266,Bad
1.9029561041434315,4.691511626684054,1.135047906723669,2.2735849622013298,Moderate
1.0953431995333696,6.158650862930282,1.018249719393704,1.1947835824543211,Moderate
1.4391929472936569,4.214265431254798,1.0851146614846483,1.1448386745766337,Good
2.972845250587411,1.9736125280018508,1.1086394931986008,1.6763916837465784,Good
1.2418632421812763,4.178770127152067,1.0139914496696465,1.7192009198313394,Good
1.5944928191233376,5.148975105960056,1.0072998989506412,1.5194224869887896,Bad
4.294948547518786,1.2484671287191191,1.0742155180722892,3.287458081574165,Moderate
3.055837558540848,1.8242482883375577,1.0466381748931208,1.834072889415001,Moderate
2.0143597969200124,4.971498585446399,1.0190792444617178,1.4395120727863295,Moderate
1.4649148773606095,3.3939926169767465,1.4990283622230858,1.4395120727863295,Bad
5.057694014792013,1.2602988967533628,1.0547491581811117,4.1814655796433104,Bad
1.658989683705011,4.462732559973917,1.0699572483482316,1.419533869901615,Good
2.088384589815744,1.6389154738491634,1.1539059463661097,1.349611957807412,Moderate
3.3134744764085418,2.222647581586614,1.100981776914108,2.248613107596586,Moderate
1.443065403540005,4.913948865727837,1.0012166404974738,1.389567164908642,Good
3.461630353032833,1.5205977935067256,1.1783909832879906,2.9728076791479543,Bad
2.255001468486112,2.790572447230314,1.2728332685581034,1.4944506323840456,Moderate
2.3488257023617183,4.87684444117245,1.0364994387874078,1.3346286053109258,Bad
4.421138017506987,1.4614389533355068,1.0790821080450836,2.2635964600930727,Moderate
1.5912212801642969,1.7940536163141676,1.1130975608239408,1.034961555381201,Good
1.5697222823058292,2.9837615556934467,1.0559657986785853,1.3246389045344684,Good
1.8223350234163396,6.0718530126310695,1.0163233486202876,1.4395120727863295,Moderate
3.5933114085558406,2.02150752500447,1.1643995336183444,2.058823176862294,Moderate
2.9769691156118983,2.829948571248278,1.049882568208317,1.7941176823137703,Good
2.40720432987231,3.2913875245837847,1.1386978561989896,1.1798002299578347,Good
2.451179453087658,1.812416520303314,1.413913728721337,1.374583812412156,Moderate
1.50791280858068,6.884364187078657,1.064127486980179,1.4794672798875594,Bad
1.8132213584634904,6.115299264852813,1.0609039689078896,2.126748107735765,Bad
2.096446697888452,5.827361357971456,1.1597357077341623,2.19367334933067,Bad
2.1958793856174874,5.44476930681615,1.0163233486202876,1.3396222570309548,Bad
2.4269931288695297,2.573625148554421,1.0279828993392923,2.07380652935878,Good
1.684227629300143,5.358066110661212,1.033070694131364,1.6642623602336228,Moderate
1.8814571707818284,5.290956322370981,1.1935483964244074,1.0,Moderate
1.6786191754467146,4.936003281343668,1.0608323886513795,1.234738789555551,Moderate
1.6234697124551336,5.831336832030962,1.02215313797124,1.3346286053109258,Moderate
5.310073083762143,1.863719066499795,1.100981776914108,5.015538469058312,Moderate
4.008918948918677,2.628808514666134,1.1362645472211426,2.4034402842814773,Moderate
1.7318991968183957,3.319026534711778,1.184930474931986,1.3945620152968707,Good
1.929829819218084,3.354521838814509,1.097331827438787,1.3096555520379822,Good
3.148918272561557,1.6192274118401817,1.180722882238632,2.5882353646275407,Good
3.093192014110022,3.0272078079151896,1.0617955600466382,1.99389611515632,Moderate
2.5506121408166926,5.196302178097031,1.1574038087835212,1.6642623602336228,Bad
2.382476296488561,3.6463405656110974,1.0,1.5194224869887896,Good
3.3555376545702296,3.173069844241347,1.018249719393704,2.298556816806074,Moderate
1.5347865236553324,5.653860311517306,1.0408083855421686,1.2647054945485237,Moderate
3.047074369550136,7.503496944774565,1.0121664889234356,1.729189421939597,Bad
1.7873992002689778,5.208133946131275,1.0074621158181112,1.8091010348102567,Moderate
2.064198265597615,3.685811343773335,1.029148862806063,1.6592675098453944,Good
2.430147864006813,6.383454455580914,1.0,2.2086567018271563,Bad
1.634219146887503,3.259867694540559,1.0,1.329633754922697,Good
2.529113142958225,5.6025577653208245,1.2028760202098718,1.11986681997189,Bad
2.8596595739393025,3.875119632321235,1.174893120870579,1.4644839273910732,Moderate
1.488333430902757,3.382160848942503,1.0,1.469478777779302,Good
2.2086151299883783,4.734863224761524,1.0377160792848814,1.414539019513386,Bad
1.0953431995333696,6.158650862930282,1.018249719393704,1.1947835824543211,Moderate
1.5858464984512477,3.125742772104372,1.064127486980179,1.3046619003179534,Good
2.2791877927042394,5.492096378953125,1.2133696074621063,1.0,Bad
1.6420369408371769,4.273424271426018,1.3089778561989895,1.469478777779302,Moderate
1.2019032422767315,4.419380961896448,1.0,1.2397336399437795,Good
2.264855170463171,5.55523069318385,1.0359113781577924,1.4794672798875594,Bad
2.6930426952689337,1.7730403962853507,1.2110377085114652,1.6143174523559356,Good
3.4772659409321807,2.0530273550476954,1.0432463116984063,2.428413337554421,Moderate
3.077920704501832,3.524142065353428,1.1853867081228138,1.8740292951844304,Good
2.660794262978097,2.534154370392184,1.2448503692188106,1.6243059544641931,Moderate
1.443065403540005,5.243629250234005,1.0457902090944422,1.4794672798875594,Moderate
2.598984789252948,3.5004785292849405,1.2191993688301594,2.388456931784991,Good
1.988951902086708,4.636328260572341,1.4792071511853866,1.3795786628003843,Bad
3.4696924611055424,1.2721306647876065,1.1667314325689857,2.1687014947259264,Moderate
2.33024783199702,5.287075502455749,1.6750874465604353,1.7541624752125404,Moderate
1.5540866944064815,3.871144158261729,1.081515389040031,1.3246389045344684,Good
1.0785179024699485,4.770358528864255,1.0012166404974738,1.154828375353091,Good
2.295545745486902,5.074103677839361,1.0036499494753206,2.2635964600930727,Bad
2.881625916078529,2.6249276947509017,1.0851653385153517,2.11376293512821,Good
2.072260373670325,1.560068571668963,1.068132287602021,1.3096555520379822,Good
1.9835771848705237,4.774334002923761,1.2611737178390985,1.3695889620239272,Moderate
1.489101201578737,2.93255366364124,1.1737271574038088,1.3196452528144396,Good
1.7927739819820272,6.777878274770464,1.15507190983288,1.0,Bad
1.8922066052141973,5.728731739638,1.0754372234745433,1.3845723145204134,Bad
1.3305464309810775,3.823817086124754,1.0620490291488536,1.639289306960679,Good
1.2606748491832194,5.145094286044824,1.0046638258841818,1.0,Moderate
1.8062108072709209,5.385610466644931,1.0,1.3346286053109258,Moderate
2.7817258840687358,4.028932616766404,1.060629624562767,1.5993340998594494,Moderate
2.0515793250484817,7.065721527507546,1.0036499494753206,1.2896785478214672,Bad
1.8223350234163396,4.005269080697916,1.1935483964244074,1.174805379569606,Bad
2.034637224163303,5.985149816476131,1.1853867081228138,1.4744724294993308,Bad
2.144118265406705,3.4965030552254346,1.0754321585697628,3.057714142406843,Good
3.988354704118592,4.131443055015092,1.0213203109211038,2.178689996834184,Bad
2.281875183560764,4.234048147408054,1.1830548091721729,1.4544954252828155,Moderate
5.318485732293854,2.218672107527108,1.1861471154294598,3.312431134847109,Bad
1.752463441618481,5.314619858439468,1.1713952584531675,1.0,Bad
4.841769734627006,1.70593060799512,1.1557309071123203,4.151498874650338,Bad
1.8814571707818284,3.6463405656110974,1.1294209094442285,1.1298553220801475,Good
1.9870824604668085,4.703343394718299,1.3297115616012438,1.4395120727863295,Moderate
1.878769779925304,4.821661075060737,1.0699572483482316,1.5943392494712207,Moderate
1.658989683705011,3.2480359265063155,1.0401493882627284,1.1048834674754036,Good
1.4542822467499978,4.916315219334686,1.0304162083171395,1.8440625901914576,Bad
1.5320991327988076,3.299338472702797,1.4978624267392149,1.1947835824543211,Bad
1.405792794491985,2.889107411419497,1.0827827345511076,1.0,Good
2.4329520586850952,1.8360800563718012,1.0152634123591138,1.8140958851984847,Good
2.388084685845125,5.831336832030962,1.0109498204430625,1.419533869901615,Bad
3.7384293538646074,3.6108452615083664,1.7982490291488535,1.6342956552406505,Bad
2.0534487666683816,4.064427920869136,1.0757870097162845,1.3596004599156697,Moderate
2.209316210906381,5.791866053868725,1.2215312957637,1.3246389045344684,Bad
2.101821415104637,4.959666817412156,1.1364166342790516,1.5244173373770182,Moderate
1.6253391540750337,4.81768560100123,1.142458394092499,1.4944506323840456,Moderate
1.0938135918929506,6.35269185869188,1.0050877947920716,1.094894965367146,Moderate
2.0426993322360127,3.729162941850804,1.2331908184998055,1.2447284903320084,Moderate
1.2159242801650063,4.975474059505905,1.0024333089778468,1.254716992440266,Good
1.084126356323377,5.922015502245406,1.0279828993392923,2.198668199718899,Bad
1.419229619780879,5.030657425617618,1.1480761849980567,1.0,Moderate
1.0214989333616031,6.592450806137795,1.0,1.3246389045344684,Bad
1.8132213584634904,3.871144158261729,1.0427107469879515,2.5882353646275407,Good
2.1721604056801187,7.006562687336327,1.0072998989506412,1.569367394866477,Bad
1.639593928600552,3.429487921079477,1.0396424500582977,1.3396222570309548,Good
2.3602975016774024,2.447451174237245,1.2919954823163622,1.094894965367146,Good
1.5831591720915876,2.534154370392184,1.08861252390206,1.3596004599156697,Good
2.0319498333067787,4.959666817412156,1.0163233486202876,1.6243059544641931,Bad
2.182442495831729,2.9640734936844653,1.053633899727944,1.6892342148383668,Good
1.8223350234163396,5.500047327072137,1.1313979572483484,1.4594890770028446,Bad
2.9429680455229192,4.064427920869136,1.1562378453167508,1.859045942687944,Bad
2.057187714405046,4.687536152624549,1.2275131441896618,1.3046619003179534,Moderate
3.302257633198549,4.052596152834892,1.0717822090944422,1.6243059544641931,Bad
1.233801134108567,4.174889307236835,1.0687912848814614,1.0,Good
2.177768859533548,3.8474806221932414,1.097331827438787,1.0449500574894588,Moderate
2.5237384257420405,3.4018489109514847,1.047804110376992,1.2996670499297247,Moderate
2.351629961536865,3.4097052049262224,1.01703307889623,1.3446171074191833,Good
2.905589210138933,1.4377754172670194,1.073773108433735,1.918979352673889,Good
1.5394282985024108,4.525866874204642,1.0114475522736106,1.1298553220801475,Good
2.43505523694224,4.896627157325705,1.1993781577924605,1.389567164908642,Moderate
1.171991660383418,5.914159208270668,1.0233190734551108,1.8091010348102567,Bad
2.7358068898517605,4.707318868777804,1.0802987485425573,1.918979352673889,Bad
2.007763509088651,5.5710379352776,1.0198212110376992,1.254716992440266,Moderate
2.010450899945176,5.701187383654281,1.228527020598523,1.938956356890404,Bad
1.518779111331671,5.910183734211162,1.0356145915274,1.389567164908642,Bad
1.8465213476344668,5.60653323938033,1.0443062479595802,1.1997784328425498,Bad
1.755150767978141,4.403573719802698,1.0932763218033423,1.6542726594571655,Bad
2.2086151299883783,5.8707129560489255,1.077588940536339,1.354605609527441,Bad
2.034754027985061,3.0429203958646656,1.006569909055577,1.609322601967707,Good
3.5602450915252435,1.410136407139026,1.2567126840264282,3.1026641998963016,Moderate
3.2321523792603117,5.436913012841412,1.0656989786241742,1.5843507473629632,Bad
1.5777843903785382,7.03420169746432,1.246016332685581,1.414539019513386,Bad
2.1357056813718587,5.2042531262160425,1.0,1.6642623602336228,Bad
1.8008360900547362,4.9321224614284365,1.222697231247571,1.529412187765247,Moderate
1.510366462799961,6.359790919512426,1.041366028760202,1.7142060694431107,Bad
1.9117511545852464,4.600832956469611,1.0279828993392923,1.6293008048524218,Moderate
2.028555234330116,2.419812164109252,1.0736392102603964,2.303551667194302,Good
2.0231547828649634,5.874688430108432,1.1294209094442285,1.8690344447962015,Bad
2.160943562470126,5.354090636601706,1.0524679362611735,1.6942290652265954,Bad
3.669609328946888,3.346665544839772,1.0705655685969686,2.4384018396626788,Moderate
1.639593928600552,5.054320961686106,1.0,1.2697003449367523,Moderate
2.3732457632170902,3.074534880052165,1.0501360373105324,1.639289306960679,Good
2.107196196817686,6.048189476562582,1.167897396035756,1.779134329817284,Bad
1.905643494999956,3.7962727301410335,1.222697231247571,1.4994454827722743,Good
2.0684045576150387,3.567493663430897,1.0,1.7391791227160542,Good
2.9994028020318835,2.5512867705057687,1.4690467003497862,1.3645953103038984,Moderate
2.5264258165985654,5.381729646729699,1.0293154170229304,1.419533869901615,Bad
2.101821415104637,4.084115982878117,1.064127486980179,1.7142060694431107,Good
2.760226950707132,1.9347096747052572,1.3346288286047416,1.804106184422028,Bad
2.5936100075398985,3.232228684412566,1.1772250198212204,2.2186464026036137,Moderate
3.29232608350594,4.81768560100123,1.1655654970851146,1.5543840423699908,Moderate
1.4622275510009497,4.5298423482641486,1.0069957248348231,1.6143174523559356,Good
1.6046581054531908,5.748514455791256,1.036144587640886,1.4944506323840456,Moderate
2.045386658595673,5.929871796220144,1.079284872133696,1.6143174523559356,Bad
2.3006867905627075,3.5990134934741222,1.0121664889234356,1.2297451378355222,Good
1.171056907325036,3.0161332730351376,1.0,1.2697003449367523,Good
2.388084685845125,6.04430865664735,1.0316328488146134,1.669256011953652,Bad
2.60961741986356,3.390017142917241,1.0699572483482316,1.5044391344923034,Good
1.5885338893077725,6.075828486690575,1.1364166342790516,1.0849052645906887,Bad
1.518779111331671,5.563086987158588,1.1399144966964632,1.3645953103038984,Bad
1.7555347178129956,6.3426585193988405,1.1132641150408085,1.578488061198138,Bad
1.927142428361559,3.0272078079151896,1.2518460940536338,1.3046619003179534,Good
1.8465213476344668,4.896627157325705,1.1061018359891177,1.1048834674754036,Bad
2.4525815504267987,4.135418529074598,1.243329554605519,1.7541624752125404,Bad
1.2551832636484126,3.374209900823491,1.0,1.0,Good
1.5912212801642969,2.774765205136565,1.015816410415857,1.2697003449367523,Good
2.2282446217300818,5.440888486900918,1.0340661298095608,1.799112532701999,Bad
1.550910739800751,4.139394003134104,1.5036921881072678,1.2846836974332383,Moderate
1.9378919272907928,3.8474806221932414,1.1760590843373495,1.094894965367146,Moderate
1.5912212801642969,5.089816265788837,1.0571317621453555,2.0238628201492928,Bad
1.967452968725105,5.701187383654281,1.1445783225806452,1.1997784328425498,Bad
1.8693055745134532,5.13326251801058,1.0928523528954528,1.5194224869887896,Bad
2.7918911703985883,3.5004785292849405,1.0629615235134084,1.529412187765247,Good
1.8492087384909917,2.5421053185111955,1.0466381748931208,1.3046619003179534,Good
1.784711873909318,6.111323790793307,1.1247570835600469,2.283573464309588,Bad
2.444168901895088,4.080235162962885,1.0717822090944422,1.5793558969747346,Moderate
3.052682823403565,1.9465414427395011,1.0827320575204042,2.31354016930256,Moderate
1.3977306864192758,5.070128203779855,1.1177613587252235,1.1348501724683762,Moderate
3.106897597833628,3.555661895396653,1.1434123591138747,1.5993340998594494,Moderate
1.4702896590736587,5.13326251801058,1.0961151869413135,1.7541624752125404,Moderate
2.854284856723118,3.0074250917619345,1.167897396035756,1.829079237694972,Moderate
1.7605255496911902,3.8435998022780096,1.0932763218033423,1.2397336399437795,Good
1.7823750235117948,3.7962727301410335,1.0652934224640498,1.059933409985945,Good
1.959390860652396,5.559206167243356,1.1434123591138747,1.1448386745766337,Bad
3.1472081381971737,6.099492022759063,1.1842207446560435,1.9039960001774028,Bad
3.133771248411416,4.178770127152067,1.0921103863194714,2.4334069892744496,Moderate
2.228511703246314,3.149406308172859,1.052149938593082,1.3945620152968707,Good
1.5777843903785382,5.365922404635949,1.1667314325689857,2.0887898818552664,Moderate
2.456554170303842,4.671823564675073,1.0862805969685192,1.0149833524964862,Bad
1.6730107860901504,6.170482630964526,1.0194663598911775,1.0,Bad
1.908330821359616,4.679679858649811,1.0396424500582977,1.484462130275788,Moderate
2.2598387333297376,2.4908027723147144,1.1165954232413524,1.7891228319255417,Good
1.5251887452369337,3.327640061840708,1.0013325176836378,1.0,Good
2.242265724115221,5.302788090405224,1.1131482378546445,1.8890126476809168,Bad
3.4391541631790887,1.812416520303314,1.0517683637776911,1.864039594407973,Good
1.4626948952817085,3.5083348232596783,1.0097331799455889,1.4994454827722743,Good
1.734035719954528,3.788321782022023,1.0629615235134084,1.8091010348102567,Good
2.5955963174784205,5.263411966387261,1.0316328488146134,1.529412187765247,Bad
1.752463441618481,3.4886467612506964,1.0454722114263506,1.0549385595977163,Moderate
2.160943562470126,6.036357708528338,1.1216647773027597,1.6492790077371366,Moderate
1.7282771174003533,2.3843168600065203,1.012392422852701,1.3129854522968014,Good
2.106121227575703,3.681835869713829,1.164951832102604,1.2247502874472935,Moderate
1.852480277450032,3.5911571994993845,1.0381584889234357,1.5094339848805318,Good
1.171991660383418,5.633793632931228,1.037310523124757,1.2397336399437795,Moderate
1.950627671661684,2.4757527633751564,1.0669156191216478,1.6193123027441645,Good
2.741415343705189,3.2007088543693403,1.1690633595025262,1.2497221420520372,Moderate
5.382982596875528,2.93255366364124,1.0620490291488536,3.432297954818999,Bad
2.2394614649400744,2.0845471850909205,1.0425826692576758,1.834072889415001,Good
1.4461033348555312,4.470683508092929,1.0510992087057909,1.4445057245063584,Good
1.9366066337734087,1.812416520303314,1.015816410415857,1.0449500574894588,Good
3.231005173529997,4.545554936213623,1.268381441119316,1.3645953103038984,Bad
2.9937943481784552,2.356677849878527,1.0523158492032647,1.9289678547821465,Moderate
2.385280491166843,4.447019972024441,1.3134084726000776,1.0199782028847149,Bad
2.187817277544778,3.6463405656110974,1.3462883793237466,1.1947835824543211,Moderate
2.457042798549913,6.316439321434957,1.020351207151185,1.834072889415001,Bad
2.8395627379168404,1.208996350556882,1.090031928488146,2.098779582631724,Moderate
1.6561854890267294,6.083684780665313,1.1569475755926937,1.1348501724683762,Bad
2.5675542417018717,5.13326251801058,1.0304162083171395,1.7391791227160542,Bad
1.6691549700348642,4.435188203990197,1.0909444228527012,1.2447284903320084,Moderate
1.5347865236553324,2.1831768034243764,1.3567819665759813,1.2447284903320084,Moderate
2.054383519726764,5.30676356446473,1.0012166404974738,1.4345172223981009,Bad
2.5254910635401826,4.478539802067667,1.0,1.5044391344923034,Moderate
3.1424175690835057,1.6152519377806758,1.048665899727944,3.82685877144767,Moderate
1.9478234769834015,3.4886467612506964,1.032849489312087,1.3645953103038984,Good
3.192893395776905,3.1100301841548963,1.087598647493199,2.1187565868482388,Moderate
2.918781721304792,4.419380961896448,1.6645938593082006,1.4345172223981009,Bad
4.036727352554847,1.5876129276526822,2.0820054504469487,2.643173924225257,Moderate
1.720682353608403,5.026776605702387,1.0340661298095608,1.03995520710123,Moderate
1.3493580379830206,3.2401796325315777,1.1200932856587642,1.3995556670168998,Good
3.1760680987134835,5.097767213907848,1.0,1.978912762659834,Bad
2.264855170463171,5.55523069318385,1.0359113781577924,1.892341349271536,Bad
2.8730964637250613,5.866832136133693,1.174893120870579,1.414539019513386,Bad
1.7390265518327226,4.581050240316355,1.0233190734551108,1.154828375353091,Good
1.6127202135259,3.516191117234416,1.1352506708122814,1.0998886170871751,Good
3.535899460051599,1.8360800563718012,1.0279828993392923,2.133739939344725,Moderate
1.8035234164143965,1.650747241883407,1.1585697722502917,1.469478777779302,Good
1.4165422289243543,5.034632899677124,1.0011659634667702,1.0249718546047435,Moderate
2.0803224817430337,3.614820735567872,1.037310523124757,1.3995556670168998,Good
1.3842937966335174,3.3860416688577346,1.0268169358725223,1.2397336399437795,Good
1.1990990475984495,4.545554936213623,1.0194663598911775,1.0,Good
1.825022414272864,4.486396096042405,1.1492421204819276,1.1798002299578347,Good
1.6960286851095163,5.642028543483062,1.1597357077341623,2.743063739980632,Bad
2.292624682489998,5.283100028396243,1.2087057815779243,1.11986681997189,Bad
1.2817494576727395,2.180431833240432,1.005891127866304,1.3878039239868556,Good
1.854583455707176,1.7650894481663388,1.083948698017878,1.354605609527441,Good
1.611318116186759,6.099492022759063,1.0535324897007383,1.0,Moderate
1.6369065377440275,5.488215559037893,1.0326467252234746,1.5743622452547057,Bad
2.803224817430338,3.701618585867085,1.1095996984065293,2.0688128776387518,Moderate
1.7318991968183957,3.319026534711778,1.184930474931986,1.3945620152968707,Good
1.776766569658366,5.042489193651862,1.0534219012825496,1.4295223720098722,Moderate
1.6449686458167367,5.200277652156537,1.197046258841819,1.0,Moderate
1.4622275510009497,4.5298423482641486,1.0069957248348231,1.6143174523559356,Good
2.289937291633473,9.077122093328986,1.0656989786241742,1.943951207278633,Bad
4.911875053062109,2.7984287412050524,1.099765108433735,2.618202069620513,Bad
1.3160346364502011,2.845755813342027,1.0228951045472212,1.2397336399437795,Good
7.285756905856658,3.437344215054216,1.020351207151185,2.783018947081862,Bad
1.740311845350106,3.748945658004059,1.0025438973960357,1.469478777779302,Good
1.6253391540750337,3.33871459672076,1.0912485969685193,1.419533869901615,Good
2.5254910635401826,4.135418529074598,1.0401493882627284,1.604328950247678,Bad
2.510301600453147,4.218240905314305,1.1154294597745822,1.5144288352687607,Bad
3.5882872317986574,5.381729646729699,1.0620490291488536,1.9039960001774028,Bad
2.5318005338147493,3.382160848942503,1.0198212110376992,1.4644839273910732,Moderate
2.0265751160905943,2.155537793296383,1.008516539448115,1.764150977320798,Good
3.426694529885472,1.650747241883407,1.6377769234356785,2.2436182572083574,Moderate
1.7820244830527932,2.908890127572752,1.1492421204819276,1.7591561269325693,Good
1.929829819218084,3.740994709885048,1.1434123591138747,1.1448386745766337,Moderate
2.9617796525248625,4.190601895186311,1.0501360373105324,1.5884370072558047,Moderate
1.0224336864199852,4.766477708949024,1.0,1.1698117278495772,Good
1.8973476502900024,6.817254398788426,1.0304162083171395,1.414539019513386,Bad
2.7526321869151813,4.352365827750491,1.1434123591138747,2.5183134525333384,Moderate
2.4323678460857145,4.399692899887466,1.0513019727944035,2.278579812589559,Bad
2.241564643197218,1.3194577369245817,1.4279051783909833,1.2097669349508071,Bad
1.9513287525796867,5.30676356446473,1.1818888457054022,1.174805379569606,Bad
2.9913406939591747,3.930302998432948,1.2868247182277497,1.4345172223981009,Moderate
1.620782321598609,4.376029363818979,1.0757870097162845,1.9539397093868904,Moderate
1.9513287525796867,5.30676356446473,1.1818888457054022,1.174805379569606,Bad
2.132901422196712,3.535973833387672,1.126531367275554,1.5194224869887896,Good
2.83662497023201,3.4531514571479653,1.0972738748542556,3.052719292018614,Moderate
1.6674023322367215,4.103898699031372,1.0048665899727944,1.3596004599156697,Good
4.367857996135305,2.4789710042804707,1.0632656976292263,2.508323751756881,Bad
3.49574822694357,4.360222121725229,1.1058483668869024,2.2635964600930727,Bad
2.096446697888452,4.620521018478592,1.0454722114263506,1.469478777779302,Moderate
1.3036727159064254,4.320751343562993,1.0163233486202876,1.1448386745766337,Good
1.6852791861802827,3.7764900139877793,1.1643995336183444,1.0749167624824312,Good
3.218131276875172,4.762502234889517,1.2976363031480762,1.544395540261733,Bad
1.1009515888899335,5.890495672202181,1.0279828993392923,2.198668199718899,Bad
3.7653030689392586,6.42292523374315,1.2431014380101049,1.8091010348102567,Bad
1.4219170106374035,4.466708034033423,1.289156617178391,1.1448386745766337,Moderate
1.5019538787651148,5.077984497754594,1.0693489280994948,1.11986681997189,Good
1.9898866551450904,5.757601253641555,1.018249719393704,1.469478777779302,Bad
3.9399820556823366,1.453582659360769,1.6167897489312089,2.47336339504388,Moderate
1.580471781235063,2.250191937570333,1.6086280606296153,1.3596004599156697,Moderate
2.643267949493538,3.204684328428846,1.0669156191216478,1.9139845022856603,Good
2.01582561716136,6.884364187078657,1.1877186070734551,1.094894965367146,Bad
3.546224053636969,2.3369897878695456,1.2165632957637,2.3784684296767336,Moderate
2.158011857490566,4.348390353690985,1.1055718398756316,1.7142060694431107,Moderate
1.440261208861723,3.5438301273624093,1.0535324897007383,1.2697003449367523,Good
2.558674248889402,2.415836690049746,1.1072677714729888,1.3945620152968707,Good
1.9835771848705237,6.521460197932333,1.0163233486202876,1.529412187765247,Bad
1.448790661215191,3.165213550266609,1.079284872133696,1.0549385595977163,Good
1.4542822467499978,3.800153550056266,1.067413350952196,1.3446171074191833,Good
2.905344896015898,2.924602715522228,1.0333129700738437,2.07380652935878,Moderate
3.248595209916763,2.55393708654544,1.0166625573260786,4.221420786744541,Moderate
3.5234398267579823,2.02150752500447,1.1282549459774582,2.053829525142265,Moderate
1.193490593745021,6.000862404425607,1.0121664889234356,1.059933409985945,Moderate
2.281875183560764,4.656016322581324,1.083948698017878,1.2497221420520372,Bad
1.7234865482866848,2.356677849878527,1.0012166404974738,1.609322601967707,Good
2.2282446217300818,5.081959971814099,1.0279828993392923,1.5943392494712207,Bad
1.1773663775996026,4.916315219334686,1.0279828993392923,1.6992227169466243,Good
1.171056907325036,4.762502234889517,1.0279828993392923,1.11986681997189,Good
3.159242866146927,6.012694172459851,1.0133831294209097,1.3995556670168998,Moderate
2.037324550522963,3.2520114005658214,1.1119315973571706,1.4794672798875594,Good
1.5636464841716418,2.8930828854790027,1.051968245627672,1.3096555520379822,Good
3.047775450468139,3.0272078079151896,1.034978624174116,1.834072889415001,Moderate
2.3993015290551174,5.1884458841222925,1.018249719393704,1.7891228319255417,Bad
2.27112568463153,2.620952220691396,1.041974349008939,1.6642623602336228,Good
1.1788321978409504,3.1020792360358844,1.0292548620287605,1.414539019513386,Good
1.4246043369970636,3.705499405782316,1.1982121943256898,1.254716992440266,Moderate
3.25178180650515,2.71163089090584,1.0644823381267003,1.884017797292688,Moderate
4.135108483403743,2.3961486280407645,1.092465237465993,2.967814027427925,Bad
2.5237384257420405,4.837468317154486,1.409249902837155,1.5743622452547057,Bad
1.9378919272907928,5.358066110661212,1.1247570835600469,1.2397336399437795,Bad
1.059122147365489,3.7213066478760655,1.0268169358725223,1.5344058394852758,Good
1.827709740632524,3.224372390437828,1.0076316921881072,1.214761785339036,Good
1.3547327551992052,4.746694992795767,1.2565099199378158,1.3246389045344684,Good
1.246770615116702,5.077984497754594,1.0,1.2397336399437795,Good
1.4944759832917862,6.316439321434957,1.137582597745822,1.0,Bad
2.9698417605975718,5.314619858439468,1.271667305091333,2.0887898818552664,Bad
3.448193463247075,2.5421053185111955,1.1900505340069958,3.372364544833053,Moderate
1.7578381588346657,5.038608373736629,1.0991061111542946,1.3396222570309548,Bad
1.8440676934151865,6.079803960750081,1.0340661298095608,1.2796888470450098,Moderate
1.1370558372360566,2.6682792928283705,1.0279828993392923,1.2846836974332383,Good
2.315175172731741,5.1844704100627865,1.0804508356004665,1.034961555381201,Bad
1.9002687132869067,4.896627157325705,1.2203653322969297,1.7391791227160542,Bad
1.620782321598609,1.6152519377806758,1.029148862806063,1.6293008048524218,Good
1.8599581729233607,3.81198531809051,1.0396424500582977,1.0499449078776877,Good
2.643267949493538,2.2305038755613515,1.0291995398367664,2.0488346747540365,Good
1.86802028099607,3.606964441593135,1.0454722114263506,1.4245287202898431,Good
2.01812905818303,6.119180084768044,1.2296929560823942,1.274695195324981,Bad
2.048074049452197,8.071421810418265,1.1364166342790516,1.0449500574894588,Bad
1.8833266124017285,2.920721895606996,1.0364994387874078,1.409545367793357,Good
1.7627455317700913,6.600401754256807,1.1562378453167508,1.274695195324981,Bad
1.4837264843625526,4.865012673138205,1.0987563249125534,1.274695195324981,Moderate
2.099134088744977,2.518441782442708,1.2541779930042751,1.943951207278633,Moderate
1.748724493881817,4.557386704247867,1.0012166404974738,1.644284157348908,Moderate
3.9140855970998256,2.719581839024852,1.4582199766809172,1.779134329817284,Moderate
1.330896971440079,3.464983225182209,1.033070694131364,1.2397336399437795,Good
1.7066613157201282,2.829948571248278,1.0305267967353284,1.1897887320660925,Good
1.7262908074618315,3.673979575739091,1.0534219012825496,1.4345172223981009,Good
2.397432087435217,5.484240084978387,1.1235911480761758,1.5643725444782484,Bad
2.0212003343775446,4.786165770958005,1.2541779930042751,1.669256011953652,Bad
2.437742627798764,4.83349284309498,1.0338126607073457,1.7391791227160542,Moderate
1.9898866551450904,5.961486280407644,1.083948698017878,2.198668199718899,Bad
1.9835771848705237,3.413680678985728,1.032849489312087,1.3695889620239272,Good
2.064198265597615,4.54953041027313,1.0,1.3845723145204134,Moderate
1.8062108072709209,3.326882828686516,1.1422463956471045,1.6892342148383668,Moderate
1.9169771420317057,5.417224950832431,1.1155815468324912,1.4544954252828155,Moderate
1.9943266837997573,2.1437060252621394,1.0746210742324136,1.2197554370590649,Good
1.908330821359616,4.135418529074598,1.1993781577924605,1.0299667049929724,Bad
2.2400988229558703,3.910614936423966,1.058399107656432,1.859045942687944,Good
1.8303971314890488,4.218240905314305,1.0384764865915277,1.2497221420520372,Moderate
1.8411466304182824,3.0272078079151896,1.2739992320248736,1.0,Good
3.394796638053636,2.4908027723147144,1.0425826692576758,2.3784684296767336,Moderate
1.0671842554381985,3.421536972960466,1.072289147298873,1.11986681997189,Good
1.378919079417333,3.8987831683897225,1.0116595507190052,1.0,Good
1.249574809794984,2.404004922015502,1.006359757481539,1.2397336399437795,Good
2.7355519982429337,5.085935445873605,1.0127194869801788,1.3845723145204134,Moderate
1.7038570565449818,4.1157304670656165,1.1873637559269334,1.0849052645906887,Moderate
2.457042798549913,6.316439321434957,1.020351207151185,1.834072889415001,Bad
1.4111675117081697,2.561793380520177,1.0408083855421686,1.0749167624824312,Good
2.2657509674153458,5.4014177087386805,1.1585697722502917,1.709212417723082,Bad
1.0925390048550874,4.936003281343668,1.0644823381267003,1.2397336399437795,Good
2.037558287160208,1.5402858555157073,1.0060832304702685,1.8690344447962015,Good
5.318485732293854,2.218672107527108,1.1861471154294598,3.312431134847109,Bad
1.4122190685883091,4.15510659108358,1.083948698017878,1.5094339848805318,Good
2.539862641887459,3.169189024326115,1.1165954232413524,1.7192009198313394,Good
2.5237384257420405,2.250191937570333,1.0454722114263506,1.773686382849562,Good
2.096446697888452,3.701618585867085,1.01703307889623,1.6642623602336228,Moderate
1.880522417723446,4.640209080487574,1.0036499494753206,1.709212417723082,Bad
2.3060615077788915,2.250191937570333,1.5083560139914498,1.0299667049929724,Moderate
1.2956106078337162,5.271268260362,1.0396424500582977,1.0,Moderate
2.4834278853784943,3.7213066478760655,1.0174893120870578,1.6742508623418806,Good
1.4514780520717157,4.253736209417036,1.02215313797124,1.4544954252828155,Good
2.081090316915879,2.8024042152645583,1.2658375437232805,1.8940062994009452,Bad
2.744102734561713,3.729162941850804,1.1783909832879906,1.6243059544641931,Moderate
1.6977388194738996,4.904483451300443,1.0,1.3346286053109258,Moderate
1.6315318205278428,3.074534880052165,1.1690633595025262,1.0,Good
2.547924749960168,2.246311117655101,1.1364166342790516,1.6842393644501383,Good
2.842366932595122,2.25416741162984,1.3297115616012438,1.8540510922997155,Moderate
4.146909539213116,2.4001241021002704,1.6401088223863196,2.1637066443376973,Moderate
2.620483722614551,5.290956322370981,1.2296929560823942,1.6942290652265954,Bad
1.7515286885600987,5.484240084978387,1.008516539448115,1.4944506323840456,Bad
2.284562574417289,3.9461102405266977,1.2087057815779243,2.488346747540366,Moderate
1.4178275224417378,3.1060547100953904,1.073773108433735,1.2397336399437795,Good
2.822036424432281,2.364628797997539,1.0582976976292269,1.7941176823137703,Good
2.9657522724019056,6.620089816265788,1.0194663598911775,1.4395120727863295,Bad
2.298349940165184,5.716899971603756,1.0206830003886511,1.2697003449367523,Bad
2.253081912802432,2.172670193409968,1.0,2.132074989215316,Good
2.3759330895767503,2.620952220691396,1.0734551107656432,1.4445057245063584,Good
2.631233221543785,4.0959477509123605,1.172561221919938,1.2597118428284946,Moderate
1.7820244830527932,2.0885226591504265,1.02215313797124,1.6992227169466243,Good
1.2767990653286376,3.40582438501099,1.029148862806063,1.0,Good
1.8492087384909917,7.432506336569103,1.180722882238632,1.1997784328425498,Bad
1.8814571707818284,1.7414259120978512,1.0431403124757093,1.5194224869887896,Good
2.7526321869151813,4.273424271426018,1.0,2.058823176862294,Moderate
3.069508120466986,1.9702049788079887,1.2165632957637,3.377358196553083,Good
1.9394108284516915,4.277399745485523,1.0804508356004665,1.6592675098453944,Moderate
2.107196196817686,2.0806663651756887,1.0339992226972403,1.2697003449367523,Good
2.040011941379488,6.395286223615157,1.0909444228527012,1.644284157348908,Bad
2.948926975338485,3.0272078079151896,1.0012166404974738,1.6942290652265954,Moderate
2.016593452334205,1.4890779634635003,1.0153905946366109,1.4794672798875594,Good
2.131382521035814,2.364628797997539,1.0174893120870578,1.7891228319255417,Good
1.518779111331671,5.910183734211162,1.0356145915274,1.389567164908642,Bad
1.249574809794984,3.2401796325315777,1.0038158600855034,1.3246389045344684,Good
3.790955213398734,3.4806958131316845,1.0127194869801788,1.839067739803229,Moderate
3.156438671468645,3.4491759830884594,1.0133831294209097,2.718090686707688,Good
3.7653030689392586,6.42292523374315,1.2431014380101049,1.8091010348102567,Bad
4.052851568700266,3.1100301841548963,1.3229693058686358,1.7341842723278256,Moderate
2.7498279922369,3.1100301841548963,1.1313979572483484,1.4894557819958172,Moderate
1.212302200746964,5.925990976304912,1.0,1.1947835824543211,Moderate
3.329053436060786,1.5679248656437008,1.1585697722502917,3.0137625755277497,Moderate
2.719916410343586,4.419380961896448,1.46404973804897,1.859045942687944,Moderate
4.86981187490042,1.4299191232922814,1.0377160792848814,5.265260611110349,Moderate
2.761044835446892,5.259436492327756,1.0462326187329964,1.5593788927582195,Bad
2.405494195507927,6.107348316733801,1.1755290882238632,1.0899001149789174,Moderate
3.6303504099603456,2.660422998853633,1.099765108433735,2.19367334933067,Moderate
1.7318991968183957,2.3093507777415523,1.0036499494753206,1.5094339848805318,Good
2.177067778615545,2.518441782442708,1.1061018359891177,1.4894557819958172,Good
2.134069847395474,5.803697821902969,1.01703307889623,1.4644839273910732,Bad
2.02634137945335,6.000862404425607,1.1289646762534007,1.1698117278495772,Bad
1.6422812549602122,2.620952220691396,1.5001943256898562,1.4445057245063584,Bad
3.29232608350594,4.81768560100123,1.1655654970851146,1.5543840423699908,Moderate
2.0695729828138,5.32257080655848,1.145744258064516,1.0,Bad
6.159749166533894,1.1222931544019437,1.1070650073843762,4.705882917020329,Bad
2.9429680455229192,1.3589285150868189,1.283870955305091,1.764150977320798,Good
1.6288444296713185,6.26116130117897,1.0121664889234356,1.4345172223981009,Bad
1.833084522345573,5.077984497754594,1.1574038087835212,2.083796230135237,Moderate
1.5374738500149925,4.652040848521818,1.258492032646716,1.804106184422028,Bad
2.245069918793503,2.758957963042815,1.192230345899728,2.5482801575263108,Good
1.6422812549602122,2.6012641586824143,1.1690633595025262,1.2697003449367523,Good
1.2714242836155885,2.4868272982552084,1.0011659634667702,2.123751437236468,Good
2.578771084911864,2.861563055435777,1.0559657986785853,1.669256011953652,Moderate
4.236060072293676,1.997843988935982,1.0754321585697628,2.1886796976106413,Moderate
1.914172947353424,3.930302998432948,1.0340661298095608,1.3645953103038984,Good
1.8814571707818284,4.87684444117245,1.216867469879518,1.15982202707312,Bad
2.990990153500173,1.8715753604745329,1.192230345899728,2.2036630501071275,Good
2.418931020796821,5.141118811985318,1.1270890104935871,1.6542726594571655,Bad
1.404571223876808,2.3369897878695456,1.0559657986785853,2.038846172645779,Good
1.6261570388147937,2.1279934373126634,1.137582597745822,1.5593788927582195,Good
1.6100328226693752,5.8391931260057,1.1877186070734551,1.4994454827722743,Bad
2.082425660000178,6.6358970583595385,1.008516539448115,1.389567164908642,Bad
2.3114362249950764,3.232228684412566,1.2087057815779243,1.4944506323840456,Moderate
1.7363392254730623,3.21651609646309,1.0909444228527012,1.0,Good
3.243369222470304,2.372485091972277,1.0036499494753206,1.5643725444782484,Moderate
1.8115855244871053,4.801973013051755,1.349786241741158,1.1798002299578347,Bad
2.817129051496855,4.478539802067667,1.0194663598911775,1.5144288352687607,Moderate
2.096446697888452,2.467139236246227,1.415079664205208,1.2647054945485237,Good
1.3168758690549398,4.032908090825909,1.031798759424796,1.3346286053109258,Good
1.7014034023257012,3.117886478129634,1.0268169358725223,1.9739179122716053,Good
2.045386658595673,3.6424597456958656,1.3824329669646327,1.5793558969747346,Bad
1.5692549380250704,3.985581018688935,1.0060832304702685,1.5244173373770182,Moderate
3.4696924611055424,4.896627157325705,1.1562378453167508,1.9139845022856603,Bad
1.7555347178129956,6.3426585193988405,1.1132641150408085,1.578488061198138,Bad
1.6234697124551336,4.521891400145136,1.02215313797124,1.1398450228566048,Moderate
2.639295329616494,3.244060452446809,1.1755290882238632,1.5593788927582195,Moderate
3.736910452703708,2.55393708654544,1.0523158492032647,2.902885767053752,Moderate
1.6503433630329214,4.596857482410105,1.0431403124757093,1.7691458277090266,Good
2.357121547071672,3.934278472492454,1.037310523124757,1.5843507473629632,Moderate
2.30752732802024,6.103467496818569,1.0610535934706569,1.6592675098453944,Moderate
2.397432087435217,3.0665839319331534,1.26980179712398,1.5394006898735046,Moderate
4.194130467138536,1.8045602263285765,1.8501471216478815,1.9916258375860525,Bad
1.670206526915004,4.163057539202592,1.1788472164788184,1.4245287202898431,Good
1.3816064702738573,5.168757822113311,1.114263496307812,1.4245287202898431,Moderate
2.1681098735906605,4.048620678775386,1.0687912848814614,1.3596004599156697,Good
1.835655044883476,2.9443854316754834,1.026710936649825,1.4245287202898431,Good
2.0749477645268493,1.8597435924402888,1.101438010104936,1.709212417723082,Moderate
1.8814571707818284,4.557386704247867,1.1702292949863973,1.1498335249648624,Bad
2.1693562110018365,5.614389533355069,1.0127194869801788,1.5094339848805318,Bad
2.113271994951874,2.6012641586824143,1.0717822090944422,1.744172774436083,Good
5.18668774395536,3.0942229420611462,1.0218996688690245,4.381242813817661,Bad
3.5602450915252435,1.410136407139026,1.2567126840264282,3.1026641998963016,Moderate
2.698417412485118,2.9428709653671,1.475709288767975,2.083796230135237,Moderate
1.833084522345573,4.880819915231955,1.1900505340069958,1.0149833524964862,Moderate
1.7795708288335126,3.2520114005658214,1.2068301158181112,1.3645953103038984,Good
1.5831591720915876,6.075828486690575,1.1002720466381657,1.0,Bad
1.773962374980084,2.8812511174447586,1.0,1.4345172223981009,Good
1.4290443656517304,2.2108158135523697,1.0292548620287605,1.2597118428284946,Good
1.7014034023257012,3.169189024326115,1.6844150703458998,1.294672199541496,Bad
5.930785297268952,1.4259436492327755,1.1776914108045085,3.617091836496863,Bad
2.5984005766535674,2.356677849878527,1.1131482378546445,1.8690344447962015,Good
2.7736637759960256,3.934278472492454,1.1271950097162844,1.6992227169466243,Good
2.289937291633473,1.954397736714239,1.1472143956471046,1.11986681997189,Good
2.128695130179289,3.299338472702797,1.125923047026817,1.0049948503882289,Good
1.7067781195418856,5.957510806348138,1.0060832304702685,1.419533869901615,Bad
1.641897369622222,5.259436492327756,1.121259221142635,1.0649282603741737,Bad
1.7470886599054318,3.457032277063197,1.0827827345511076,1.2846836974332383,Good
2.193191994760963,5.251580198353017,1.1585697722502917,1.1897887320660925,Bad
1.6422812549602122,4.569218472282111,1.071123211815002,1.0,Moderate
2.744102734561713,3.421536972960466,1.205207919160513,1.0649282603741737,Moderate
1.7685876577638997,3.512310297319184,1.037310523124757,1.4295223720098722,Good
2.6822931963397,5.361946930576443,1.1364166342790516,1.764150977320798,Bad
3.254702869502054,2.2699746537235885,1.0389327197823552,1.5993340998594494,Moderate
1.1101821221614043,5.208133946131275,1.307811892732219,1.8091010348102567,Bad
1.908330821359616,3.212540622403584,1.5001943256898562,1.414539019513386,Bad
5.102561452128848,5.365922404635949,1.0,2.977802529536183,Bad
1.1629394609425154,4.324726817622498,1.167897396035756,1.4295223720098722,Moderate
2.1140367342752184,2.4868272982552084,1.1630308060629615,1.6642623602336228,Good
2.811520662140292,5.279124554336737,1.150864317139526,2.173696345114155,Bad
2.3067625886968948,5.097767213907848,1.0291995398367664,1.2846836974332383,Moderate
4.246342162445287,2.0924981332099324,1.1469102215312863,3.726970154360495,Moderate
2.217027778520089,6.588569986222563,1.0304162083171395,1.5194224869887896,Bad
1.6730107860901504,6.000862404425607,1.0364994387874078,1.0,Bad
3.265802908890289,2.017532050944964,1.0060832304702685,2.743063739980632,Moderate
1.5320991327988076,5.436913012841412,1.0,1.3845723145204134,Moderate
2.2576888593426365,4.15510659108358,1.0851146614846483,1.2447284903320084,Moderate
2.27112568463153,5.077984497754594,1.2565099199378158,1.409545367793357,Moderate
2.703792194198168,3.90663946236446,1.0699572483482316,1.6143174523559356,Moderate
2.236657270261792,2.8024042152645583,1.0437993097551497,1.11986681997189,Good
4.527698060250349,1.3154822628650755,1.1204481368052857,3.402331249826026,Moderate
1.634219146887503,4.73883869882103,1.1200932856587642,1.1798002299578347,Bad
2.273813075488055,4.182745601211574,1.0174893120870578,1.3446171074191833,Good
3.731301998850279,2.530273550476952,1.1459977271667314,2.8329638549595493,Moderate
1.7685876577638997,4.616545544419086,1.7636999704624952,1.15982202707312,Moderate
1.948641361723162,5.168757822113311,1.1095996984065293,1.4894557819958172,Bad
1.3493580379830206,4.7111996886930365,1.0909444228527012,1.5244173373770182,Moderate
3.0162280990953048,1.4456317112417572,1.1017560077730275,2.9877910316444405,Good
2.986503429115549,3.710516075428836,1.2882238631947145,2.311484453340042,Moderate
1.2551832636484126,5.957510806348138,1.0279828993392923,2.198668199718899,Bad
1.9338024390951272,4.778309476983267,1.0377160792848814,2.2336297551001,Good
1.252379004473266,5.614389533355069,1.1527399828993392,1.8140958851984847,Bad
1.4434159439990064,3.516191117234416,1.4104158663039257,1.4794672798875594,Bad
2.6258584398307354,4.663872616556061,1.0559657986785853,1.7491676248243118,Bad
1.857270846563701,5.551255219124344,1.0944422852701128,1.2447284903320084,Bad
1.171991660383418,6.142843620836532,1.0093276237854645,1.11986681997189,Bad
1.7444013335457718,4.73883869882103,1.0046638258841818,1.5044391344923034,Bad
2.88115857179777,5.050440141770873,1.137582597745822,2.2685901118131016,Bad
2.7252911275597707,4.577169420401123,1.0874465604352896,1.7941176823137703,Bad
1.287548499761007,4.640209080487574,1.0582976976292269,1.0,Good
2.69093951701179,5.452720254935162,1.0766487990672369,1.6293008048524218,Bad
1.7685876577638997,3.512310297319184,1.2425184702681695,1.0,Bad
3.2209355360503187,2.849731287401533,1.0802987485425573,1.7142060694431107,Good
2.800303754433434,3.81198531809051,1.0559657986785853,1.2796888470450098,Moderate
1.3056590258449472,4.778309476983267,1.0024333089778468,1.2497221420520372,Good
2.0695729828138,4.5731939463416165,1.179556946754761,1.4544954252828155,Moderate
2.9590922616683377,1.2248035926506315,1.2355227454333464,1.5743622452547057,Good
1.408480120851645,4.94395422946268,1.0,1.034961555381201,Bad
2.701104803341643,5.705068203569513,1.2436844057520404,2.693118832102945,Bad
1.6154076043824244,5.097767213907848,1.0,1.1798002299578347,Moderate
2.7498279922369,4.7309824048462925,1.1362645472211426,1.799112532701999,Bad
2.418931020796821,6.343983677418676,1.0304162083171395,1.8540510922997155,Bad
5.478325796408897,2.3211825457757955,1.0097331799455889,3.26748107735765,Bad
2.187817277544778,4.494347044161417,1.026710936649825,2.043839824365808,Moderate
1.5535980661604107,3.1888770863350966,1.0851653385153517,1.6842393644501383,Good
1.6730107860901504,2.534154370392184,1.0644823381267003,1.0,Good
1.5468212516050852,3.571469137490403,1.0036499494753206,1.0699219120942025,Moderate
1.967452968725105,4.502203338136154,1.0524679362611735,1.7192009198313394,Moderate
2.724590046641768,5.263411966387261,1.041366028760202,1.3596004599156697,Moderate
1.8465213476344668,5.60653323938033,1.0443062479595802,1.1997784328425498,Bad
2.402105723733399,5.259436492327756,1.1034150579090556,1.9489460576668611,Bad
2.54231629610674,4.995162121514888,1.041974349008939,1.859045942687944,Bad
2.456554170303842,4.975474059505905,1.0046638258841818,1.829079237694972,Bad
1.469905709238804,4.356246647665724,1.0,1.0332966052517916,Moderate
1.5885338893077725,4.514035106170399,1.005829761368053,1.779134329817284,Good
3.972464224610418,2.4276684580839896,1.0364994387874078,1.9239730043939176,Moderate
1.964648774046823,3.784440962106791,1.1615376385542169,1.3645953103038984,Good
1.2692043015366874,5.425081244807168,1.0048665899727944,1.0,Good
1.752463441618481,2.1831768034243764,1.0,1.1897887320660925,Good
2.9107196132320823,3.5951326735588904,1.1200932856587642,2.293563165086045,Moderate
1.771158180301802,3.8987831683897225,1.1119315973571706,1.214761785339036,Good
1.8115855244871053,4.056571626894398,1.036144587640886,1.4445057245063584,Moderate
2.9484842043631314,2.818116803214034,1.0853478429848429,1.6542726594571655,Good
2.12168457898672,5.582869703311843,1.2822623023707735,1.0,Bad
2.010450899945176,6.087660254724819,1.1597357077341623,1.5643725444782484,Bad
3.4172303244736217,2.167369561330627,1.0571824391760591,2.238623406820129,Moderate
1.6987160114691764,6.627946110240527,1.071123211815002,1.5493891919817622,Bad
1.6422812549602122,5.665692079551549,1.08861252390206,1.5993340998594494,Moderate
2.134069847395474,2.61697674663189,1.0402254178002333,1.409545367793357,Good
2.0235371847750683,4.920290693394192,1.0559657986785853,1.7891228319255417,Moderate
2.533903712071893,1.863719066499795,1.0534219012825496,1.8190895369185145,Good
3.131467807389745,1.582880220438985,1.095941357170618,2.3584902267920187,Moderate
2.762914277066792,6.667416888402763,1.162067634667703,1.7491676248243118,Bad
2.413556303580636,5.477141024157841,1.083948698017878,2.07380652935878,Bad
3.421319812669287,5.886520198142675,1.3905946272833267,1.8091010348102567,Bad
1.529995954541664,3.5083348232596783,1.0559657986785853,1.3596004599156697,Good
2.2979993997061827,4.186721075271079,1.4407306645938591,1.154828375353091,Moderate
1.914172947353424,5.748514455791256,1.024332949863972,1.0,Bad
1.5592415418113073,3.7764900139877793,1.009444228527011,1.5244173373770182,Good
2.160943562470126,4.892651683266199,1.216867469879518,1.6842393644501383,Moderate
2.005076118232126,4.971498585446399,1.1737271574038088,1.034961555381201,Bad
1.740311845350106,4.443044497964936,1.0279828993392923,1.2397336399437795,Moderate
2.1525309139384152,6.710768486480233,1.0218996688690245,1.449500574894587,Bad
6.41212817100716,1.3667848090615569,1.1058483668869024,5.070477028656027,Bad
1.0673010592599557,4.967617765531168,1.0,1.3596004599156697,Good
2.1367572382519984,5.4053931827981865,1.0652934224640498,1.9539397093868904,Moderate
1.9997014010159415,4.679679858649811,1.1364166342790516,1.958934559775119,Moderate
1.620782321598609,5.093791739848342,1.1095996984065293,1.15982202707312,Good
1.9620782515089203,6.253305007204232,1.0991061111542946,1.4644839273910732,Bad
3.2321523792603117,3.957942008560941,1.048665899727944,1.569367394866477,Moderate
1.0026873908565246,2.810260509239296,1.0011659634667702,1.1398450228566048,Good
2.08522985467846,2.869419349410515,1.1155815468324912,1.4445057245063584,Good
1.5374738500149925,4.553505884332635,1.172561221919938,1.274695195324981,Good
1.50791280858068,5.101648033823081,1.0151574131364167,1.234738789555551,Moderate
2.0426993322360127,2.7471261950085712,1.4955304998056742,1.4395120727863295,Bad
3.913575749385308,1.9860122209017383,1.0985484679362612,2.133739939344725,Moderate
2.879204123310352,2.4276684580839896,1.0254390019432569,1.724195770219568,Good
1.7685876577638997,6.766046506736219,1.108433734939759,1.1048834674754036,Bad
1.7390265518327226,4.186721075271079,1.1270890104935871,1.2796888470450098,Good
1.823800843657687,3.2520114005658214,1.0,1.4994454827722743,Good
1.7175276184711197,4.431212729930692,1.2670035071900505,1.7391791227160542,Good
1.9943266837997573,4.896627157325705,1.1131482378546445,1.604328950247678,Moderate
1.2916379879566726,3.894807694330217,1.0394304516129032,1.2397336399437795,Good
2.753700448483248,3.821640040806453,1.0,1.8447757977702903,Moderate
2.845171191770269,2.02150752500447,1.0173980598523125,1.8890126476809168,Moderate
1.8088981981274452,2.4513319941524774,1.1119315973571706,1.1698117278495772,Good
1.9870824604668085,2.873394823470021,1.67037294364555,1.2097669349508071,Bad
1.2848611734013469,4.904483451300443,1.0,1.414539019513386,Good
2.0348815382863386,5.1844704100627865,1.3322969296541003,1.724195770219568,Bad
1.908330821359616,4.328702291682004,1.33113096618733,1.15982202707312,Bad
1.827709740632524,4.600832956469611,1.0571317621453555,1.5993340998594494,Bad
2.488802602594679,4.514035106170399,1.0699572483482316,1.214761785339036,Bad
1.988951902086708,5.389585940704437,1.1643995336183444,2.798002299578348,Moderate
2.099134088744977,5.294931796430487,1.0,1.4544954252828155,Moderate
1.408480120851645,4.123586761040354,1.0268169358725223,1.2497221420520372,Good
2.02634137945335,3.823817086124754,1.0291995398367664,1.3795786628003843,Good
1.639593928600552,3.098198416120652,1.216867469879518,1.1048834674754036,Moderate
2.134069847395474,2.865443875351009,1.041974349008939,1.5493891919817622,Moderate
1.082924521748762,4.459135702491508,1.0133251768363778,1.346282057548593,Good
1.6674023322367215,1.0,1.0024333089778468,1.5593788927582195,Good
1.8438339567779425,3.662147807704848,1.1480761849980567,1.0998886170871751,Good
1.862645563779885,4.525866874204642,1.0034978624174116,1.469478777779302,Good
1.2687369572559284,4.447019972024441,1.3218033424018656,1.1398450228566048,Bad
1.7820244830527932,6.111323790793307,1.0431403124757093,1.5344058394852758,Bad
1.8814571707818284,2.072715417056677,1.0116595507190052,1.5743622452547057,Good
2.1805730542118296,1.9386851487647636,1.2907788138359892,1.1798002299578347,Moderate
3.0827112736155,2.7826214991113023,1.3859308293820445,1.834072889415001,Moderate
2.0235371847750683,6.012694172459851,1.1301813167508743,1.5943392494712207,Bad
1.229945318053281,3.894807694330217,1.033070694131364,1.2447284903320084,Good
1.38417699281176,2.715606364965346,1.0152634123591138,1.3196452528144396,Good
1.878769779925304,3.110787417309088,1.0017489312087058,1.1567486418090407,Good
1.0813221616450948,4.419380961896448,1.0036499494753206,1.3046619003179534,Good
2.2442520340537424,4.447019972024441,1.2017100567431014,2.333518372187275,Good
2.064198265597615,5.685380141560532,1.0991061111542946,1.7318181013015803,Bad
3.104210206977104,4.186721075271079,1.234356781966576,1.9539397093868904,Moderate
2.6581068721215724,4.324726817622498,1.030314798289934,1.4345172223981009,Moderate
1.334211013832879,4.778309476983267,1.0,1.1648168774613483,Good
1.5159749166533891,4.3720538897594725,1.0291995398367664,1.2397336399437795,Moderate
2.3573658611947077,2.573625148554421,1.5748153999222696,1.3845723145204134,Bad
2.1413140707284226,2.7432453750933394,1.0343426568208318,2.0088794676528066,Good
1.7766497658366087,3.4491759830884594,1.031980452390206,1.0,Good
2.134069847395474,5.803697821902969,1.01703307889623,1.4644839273910732,Bad
2.6957300861254585,4.20640913728006,1.0991061111542946,1.5843507473629632,Bad
1.6046581054531908,5.858881188014681,1.0046638258841818,2.158712992617669,Moderate
1.510366462799961,5.1844704100627865,1.0090031900505247,1.4295223720098722,Bad
1.733651834616538,5.156926054079068,1.0,1.294672199541496,Bad
2.1020551517418813,7.554799490971047,1.048665899727944,1.6892342148383668,Bad
1.1182442302341136,6.194146167033013,1.0069957248348231,1.4794672798875594,Moderate
2.0265751160905943,2.155537793296383,1.008516539448115,1.764150977320798,Good
3.776296881991528,1.6665544839771569,1.1144754947532065,3.432297954818999,Bad
1.5455359580877015,3.926422178517716,1.3839875569374271,1.2597118428284946,Moderate
3.877121025077048,2.0017248088512143,1.0571824391760591,2.79300744919012,Moderate
2.3488257023617183,4.999137595574393,1.0,1.804106184422028,Bad
1.4729769854333186,5.588264989535459,1.159380856587641,1.6193123027441645,Moderate
3.832253587740213,1.7690649222258448,1.0547491581811117,2.348501724683761,Moderate
3.235891326996976,4.892651683266199,1.205207919160513,2.223640054323643,Bad
1.7175276184711197,5.807673295962474,1.0489700738437622,1.11986681997189,Bad
2.488802602594679,4.904483451300443,1.2191993688301594,1.349611957807412,Moderate
1.9432666445069773,4.9123397452751805,1.047804110376992,1.3645953103038984,Moderate
1.5951301771391335,3.512310297319184,1.014657722502915,1.4245287202898431,Good
2.8619964243368257,3.4491759830884594,1.0523158492032647,1.6642623602336228,Moderate
1.2138579941144032,3.425512447019972,1.00777303381267,1.2397336399437795,Good
4.087436851388626,1.4772461954292564,1.0778654675476098,3.771920211849953,Moderate
1.6261570388147937,7.353659434388902,1.1037699090555773,1.4744724294993308,Bad
1.4514780520717157,3.267723988515297,1.068132287602021,1.3446171074191833,Good
2.269569891264092,2.367184459892936,1.0396424500582977,1.918979352673889,Good
2.27650046634458,2.83789951936729,1.3754372421298096,1.0749167624824312,Moderate
2.698417412485118,2.9428709653671,1.475709288767975,2.083796230135237,Moderate
1.5047580734433967,3.8909268744149847,1.0216231418577535,1.4994454827722743,Good
1.400418012778936,4.060452446809629,1.0268169358725223,1.544395540261733,Good
1.292923281474056,3.973749250654691,1.0279828993392923,2.0238628201492928,Good
2.3436846572859134,6.620089816265788,1.1877186070734551,1.2197554370590649,Bad
5.412660506628462,4.15510659108358,1.1200932856587642,2.5183134525333384,Bad
1.784711873909318,4.758526760830012,1.3218033424018656,1.5044391344923034,Moderate
2.410868912724111,5.081959971814099,1.1049358725223477,1.6942290652265954,Moderate
2.3383099400697285,2.52232260235794,1.1783909832879906,1.5344058394852758,Good
2.6241483054663526,2.63278398872564,1.0046638258841818,1.744172774436083,Good
1.7094655103984104,2.4908027723147144,1.0534219012825496,1.5993340998594494,Good
1.571257952651519,3.12186195218914,1.1411864593859309,1.3795786628003843,Good
1.9647655778685804,6.091635728784325,1.197046258841819,1.6842393644501383,Moderate
1.8120741527331763,4.939978755403175,1.0279828993392923,1.469478777779302,Bad
2.5318005338147493,4.557386704247867,1.0034978624174116,1.4295223720098722,Moderate
3.341516616681955,3.6108452615083664,1.3662110003886514,2.0638180272505227,Bad
2.2254404270518,5.810702228579241,1.0397651830547998,1.648690461651075,Bad
2.255001468486112,4.805853832966987,1.1235911480761758,2.0138731193728354,Bad
1.81427291534363,4.545554936213623,1.054799835211815,1.0,Moderate
2.4269931288695297,4.663872616556061,1.0559657986785853,1.7491676248243118,Bad
3.105962844775246,3.62267702954261,1.1447810866692576,2.0638180272505227,Moderate
4.470545582632319,1.1325158019835302,1.245183505635445,3.2824644298541363,Moderate
2.012320341565076,2.0608836490224327,1.024332949863972,1.2597118428284946,Good
1.6814233701249963,5.287075502455749,1.011801479984454,2.003884617264578,Bad
1.5965959973804815,4.9123397452751805,1.099765108433735,1.5244173373770182,Moderate
1.4998507005079709,1.8834071285087768,1.0,1.0449500574894588,Good
3.5825619741234718,1.5876129276526822,1.1492421204819276,2.388456931784991,Moderate
1.2176769179631486,4.403573719802698,1.1072677714729888,1.0799116128706598,Moderate
2.2442520340537424,5.164782348053805,1.2670035071900505,1.0,Bad
1.852480277450032,5.093791739848342,1.0048665899727944,2.043839824365808,Bad
1.9378919272907928,4.005269080697916,1.0326467252234746,1.3346286053109258,Good
2.222753036195275,4.036788910741142,1.0396424500582977,1.6193123027441645,Moderate
3.596699880330368,1.0867978502992122,1.0912485969685193,4.471142928796578,Moderate
1.5831591720915876,4.040764384800648,1.0151574131364167,1.5793558969747346,Moderate
3.2798239467785635,3.5990134934741222,1.0523158492032647,2.148723291841211,Moderate
2.78441327492526,2.82209227727354,1.263505644772639,1.4994454827722743,Moderate
1.9478234769834015,1.654722715942913,1.031798759424796,1.8540510922997155,Good
1.6926402133349892,3.287506704668553,1.0432463116984063,1.5094339848805318,Good
1.4810390935060278,6.221785177161006,1.0513019727944035,1.8740292951844304,Bad
2.148658457692067,2.280102647160901,1.0026650353672757,1.839067739803229,Good
2.647357437689203,1.4811270153444884,1.0816167990672367,1.2497221420520372,Good
1.5858464984512477,3.914590410483472,1.1294209094442285,1.4345172223981009,Good
1.611318116186759,4.991281301599655,1.0474492592304705,1.2996670499297247,Good
1.7543328832383809,3.859312390227485,1.0510992087057909,1.2996670499297247,Good
3.0726947170553727,5.105623507882586,1.5001943256898562,1.884017797292688,Bad
2.0235371847750683,6.4347570017773945,1.0072998989506412,1.2397336399437795,Bad
1.825022414272864,5.006993889549131,1.15507190983288,1.5044391344923034,Moderate
2.4161268261185387,5.6893556156200376,1.048665899727944,1.5394006898735046,Bad
1.4879327763799757,4.963642291471661,1.0,1.374583812412156,Good
1.833084522345573,2.703774596931102,1.1434123591138747,1.3695889620239272,Moderate
2.7252911275597707,4.186721075271079,1.1189273221919938,1.764150977320798,Moderate
2.7526321869151813,5.925990976304912,1.0717822090944422,1.5094339848805318,Bad
1.583275975913345,3.788321782022023,1.097331827438787,1.839067739803229,Good
3.885533609111894,3.1888770863350966,1.0109498204430625,2.4084351346697064,Moderate
2.846222748650409,3.050871343983677,1.0676253493975905,1.859045942687944,Moderate
2.093759307031928,4.021076322791666,1.2017100567431014,1.2597118428284946,Good
2.214690928122566,2.9917125038124586,1.036144587640886,1.764150977320798,Good
1.9378919272907928,4.995162121514888,1.2203653322969297,1.589345597751192,Bad
1.233801134108567,4.088091456937622,1.0023318989506411,1.204772084562579,Good
1.6169265055433228,6.000862404425607,1.0072998989506412,1.15982202707312,Moderate
4.471613844200386,1.6073956438059378,1.1313979572483484,3.716981652252237,Bad
1.427291727853588,3.725282121935572,1.283326855810338,1.349611957807412,Moderate
2.230047373592004,4.320751343562993,1.1515740474154683,2.0138731193728354,Moderate
3.2742155574219995,2.0570028291072013,1.0121664889234356,2.0338513222575503,Good
1.927142428361559,3.1849016122755907,1.0226528286047416,2.038846172645779,Good
1.7067781195418856,6.659560594428026,1.034978624174116,1.469478777779302,Bad
2.1179456312500555,3.4728395191569468,1.4337349397590362,1.3995556670168998,Moderate
2.4968647106673885,4.967617765531168,1.1513620489700738,1.8690344447962015,Moderate
2.278720448423481,4.7111996886930365,1.0036499494753206,1.5593788927582195,Bad
3.907967360028744,1.398304639104782,1.10828164788185,2.0088794676528066,Moderate
1.5025380913644957,3.571469137490403,1.0,1.4045505174051285,Good
2.071208816790185,4.163057539202592,1.1216647773027597,1.449500574894587,Moderate
1.7470886599054318,4.671823564675073,1.13291877186164,1.0749167624824312,Moderate
1.2047074369550137,5.803697821902969,1.01703307889623,1.3096555520379822,Moderate
2.144819346324708,6.209953409126763,1.1982121943256898,1.639289306960679,Bad
1.556285457016935,4.419380961896448,1.036144587640886,1.744172774436083,Moderate
1.773962374980084,6.493915841948613,1.0,1.6992227169466243,Bad
2.096446697888452,3.701618585867085,1.01703307889623,1.6642623602336228,Moderate
2.967154369741047,2.463163762186721,1.197046258841819,1.469478777779302,Moderate
2.918781721304792,3.125742772104372,1.0979401476875243,2.148723291841211,Moderate
3.0370259515389053,1.6902180200456445,1.060629624562767,2.882907564169037,Good
1.880522417723446,3.1297182461638777,1.0508780038865138,1.639289306960679,Good
1.9782024676543388,3.875119632321235,1.0174893120870578,1.3645953103038984,Good
2.1916563244152734,4.028932616766404,1.0250373354061406,1.1123751437236469,Moderate
1.9567034697958712,6.497796661863846,1.1772250198212204,1.449500574894587,Bad
2.1797551694720694,1.903189844662032,1.0151574131364167,1.3995556670168998,Good
2.392057305722169,5.531567157115362,1.3253012048192772,1.948510941110364,Bad
2.0487751303702,4.5850257143758615,1.0510992087057909,1.3596004599156697,Bad
1.6253391540750337,2.6012641586824143,1.006359757481539,1.374583812412156,Good
2.7890869112234418,3.0784156999673966,1.0291995398367664,1.3695889620239272,Moderate
2.12168457898672,3.62267702954261,1.1897970649047804,1.5344058394852758,Good
1.1881158765288364,2.6761355868031087,1.0104935872522347,1.11986681997189,Good
1.5777843903785382,7.03420169746432,1.246016332685581,1.414539019513386,Bad
1.86533295463641,6.265136775238476,1.0705655685969686,1.2097669349508071,Bad
1.55897284787346,3.023232333855684,1.4232413525068015,1.4295223720098722,Bad
2.445804735871473,5.058296435745612,1.054799835211815,2.1886796976106413,Bad
1.7014034023257012,3.117886478129634,1.0268169358725223,1.9739179122716053,Good
1.9835771848705237,6.521460197932333,1.0163233486202876,1.529412187765247,Bad
1.7900865911255024,5.235772956259268,1.0396424500582977,1.4395120727863295,Moderate
1.3112674796983756,3.823817086124754,1.0610535934706569,1.329633754922697,Good
2.4028068046514024,5.724850919722768,1.0699572483482316,1.724195770219568,Bad
1.2047074369550137,5.937822744339156,1.0279828993392923,2.198668199718899,Bad
3.1253252550007167,1.962348684833251,1.276331130975515,1.5244173373770182,Good
1.3393096199717895,3.334833776805528,1.0,1.2497221420520372,Good
1.4262401709734485,4.797997538992249,1.3601277419354838,2.1087680847399817,Moderate
2.0534487666683816,4.762502234889517,1.409249902837155,1.3596004599156697,Moderate
1.8035234164143965,2.620952220691396,1.0,1.4395120727863295,Good
1.330896971440079,3.5871817254398786,1.006359757481539,1.214761785339036,Good
2.096446697888452,5.827361357971456,1.1597357077341623,2.19367334933067,Bad
2.427726071238636,3.346665544839772,1.0594636610959969,1.9539397093868904,Moderate
1.9029561041434315,4.269543451510785,1.06139778313253,1.294672199541496,Bad
2.107196196817686,5.038608373736629,1.0994558973960358,1.7341842723278256,Bad
1.6225349593967515,6.5175793780171,1.0218996688690245,1.9172412837842967,Bad
3.052682823403565,1.9465414427395011,1.0827320575204042,2.31354016930256,Moderate
1.658989683705011,5.302788090405224,1.083948698017878,1.3795786628003843,Bad
3.010152300961117,3.0272078079151896,1.0826161803342402,2.248613107596586,Moderate
2.545120555281886,5.957510806348138,1.1459977271667314,1.7341842723278256,Bad
3.359998902693345,3.630627977661622,1.1362645472211426,2.543285307138082,Moderate
1.5374738500149925,3.4965030552254346,1.0781189366498252,1.15982202707312,Good
3.1095849241932885,3.070559405992659,1.5940006436066847,2.5732520121310545,Bad
2.104859346420163,4.257711683476542,1.0133831294209097,1.5843507473629632,Moderate
2.539512101428458,3.752826477919292,1.2518460940536338,1.0749167624824312,Good
2.2086151299883783,5.8707129560489255,1.077588940536339,1.354605609527441,Bad
2.430657711721332,3.334833776805528,1.026710936649825,1.884017797292688,Good
2.057187714405046,4.8611318532229735,1.1216647773027597,1.6742508623418806,Bad
2.4217352154751026,5.369897878695455,1.0304162083171395,1.2297451378355222,Moderate
3.861315423442663,2.561793380520177,1.0666259401476876,1.99389611515632,Moderate
1.070105318435102,6.004837878485112,1.0279828993392923,2.198668199718899,Moderate
2.131382521035814,2.648591230819389,1.122425184609405,1.0249718546047435,Good
1.6261570388147937,4.084115982878117,1.0757870097162845,1.174805379569606,Moderate
2.1958793856174874,5.929871796220144,1.2436844057520404,1.0749167624824312,Bad
2.315175172731741,5.1844704100627865,1.0804508356004665,1.034961555381201,Bad
3.3863839895219257,3.315051060652272,1.057714729887291,2.248613107596586,Moderate
3.506965070153562,1.6586035358581448,1.0559657986785853,3.4572698094237424,Good
2.4323678460857145,5.267292786302494,1.1294209094442285,1.5643725444782484,Bad
1.0364547243082598,4.435188203990197,1.0048665899727944,1.2097669349508071,Good
2.394744696578693,5.141118811985318,1.0589972701127088,1.4994454827722743,Bad
2.2281278179083244,3.7283110545523375,1.1993781577924605,1.4994454827722743,Moderate
1.5320991327988076,5.373778698610687,1.0443062479595802,1.3196452528144396,Bad
2.255001468486112,2.1121861952189143,1.06645938593082,1.834072889415001,Good
3.1472081381971737,4.797997538992249,1.2518460940536338,1.5244173373770182,Bad
1.4907370355551222,5.042489193651862,1.0048665899727944,1.349611957807412,Good
3.5691250843377134,3.346665544839772,1.1690633595025262,1.604328950247678,Moderate
2.5049268187400973,3.871144158261729,1.2070734551107656,1.8490562419114869,Moderate
1.518779111331671,4.825636549120242,1.0,1.349611957807412,Good
1.653763696258552,6.482084073914369,1.1155815468324912,1.6342956552406505,Bad
3.342042395122025,1.7790982615188835,1.0097940147687523,2.917869119550238,Moderate
2.0684045576150387,4.734863224761524,1.032849489312087,1.7691458277090266,Bad
1.832316687172728,3.934278472492454,1.095141857753595,1.186460030475473,Moderate
1.9459540353635016,2.569649674494915,1.096774184220754,1.4894557819958172,Good
1.193490593745021,4.565337652366879,1.1386978561989896,1.2197554370590649,Bad
3.3595102744472736,3.181020792360359,1.158164216090167,1.4944506323840456,Moderate
2.0023887918724665,5.417224950832431,1.0944422852701128,1.7142060694431107,Bad
1.722902335687304,5.791866053868725,1.0116595507190052,1.11986681997189,Bad
1.9197814012068528,4.403573719802698,1.1362645472211426,1.0,Moderate
4.283731639811929,3.425512447019972,1.1058483668869024,2.2436182572083574,Moderate
2.901255407820232,2.443475700177739,1.0656989786241742,1.978912762659834,Moderate
2.462906144012168,2.766908911161827,1.0826767353284104,1.9139845022856603,Good
1.787540641893005,5.137143337925812,1.152080985619899,1.484462130275788,Moderate
2.269569891264092,2.367184459892936,1.0396424500582977,1.918979352673889,Good
1.6691549700348642,4.348390353690985,1.130586872910999,1.0249718546047435,Moderate
1.5692549380250704,6.38742992964042,1.0410010198212205,1.3082291368803167,Bad
2.440429954158424,4.790141245017511,1.384764865915274,1.7391791227160542,Bad
1.1800537684561272,3.910614936423966,1.0314807617567043,1.544395540261733,Good
2.924156438520976,1.7414259120978512,1.0851146614846483,1.724195770219568,Good
2.1179456312500555,8.197690438879714,1.1609016712009328,1.5943392494712207,Bad
2.842366932595122,5.965367100322875,1.0340661298095608,1.3396222570309548,Bad
2.0292624424502543,3.445200509028953,1.029148862806063,1.4894557819958172,Moderate
1.5858464984512477,5.858881188014681,1.030314798289934,1.094894965367146,Bad
1.034935823147361,4.94395422946268,1.0,1.1897887320660925,Good
3.426694529885472,2.530273550476952,1.212203643995336,2.098779582631724,Moderate
2.451179453087658,3.512310297319184,1.3404586179556937,1.5094339848805318,Moderate
1.1693042695268934,5.334402574592724,1.0233190734551108,1.2497221420520372,Bad
2.096446697888452,4.9321224614284365,1.0559657986785853,1.4944506323840456,Moderate
2.0515793250484817,6.075828486690575,1.06645938593082,1.11986681997189,Bad
3.061095471935275,3.299338472702797,1.0450159782355228,1.6542726594571655,Moderate
3.5315019348306915,1.5837321077374504,1.5853089871745043,1.9889012647680917,Moderate
1.2019032422767315,5.906208260151656,1.053633899727944,2.198668199718899,Bad
2.5030573771201974,4.589001188435367,1.1812805254566654,1.7591561269325693,Bad
2.037324550522963,3.054752163898909,1.3509522052079286,1.3596004599156697,Bad
3.5986861902688894,6.190170692973507,1.2600077823552274,1.9988897668763488,Bad
2.3409973309262533,3.894807694330217,1.3043140303148075,1.0849052645906887,Moderate
1.8465213476344668,4.636328260572341,1.0827827345511076,1.8440625901914576,Moderate
2.2030067406318143,2.9285781895817338,1.0,1.5593788927582195,Good
2.0319498333067787,5.223941188225024,1.0535324897007383,1.9739179122716053,Bad
1.835771848705233,4.865012673138205,1.1154294597745822,1.3695889620239272,Moderate
1.445869598218287,5.7603462238255,1.0,1.3196452528144396,Moderate
2.413322566943392,1.7020497880798882,1.0054749102215312,2.55327380924634,Good
1.835771848705233,5.764227043740732,1.1947143319082782,1.419533869901615,Bad
2.211419389163525,4.592882008350599,1.100981776914108,1.864039594407973,Good
2.437742627798764,2.109535879179244,1.0559657986785853,1.529412187765247,Good
1.2821737825448225,6.152782305985297,1.0011659634667702,1.0899001149789174,Bad
1.6971804056203514,5.182009402311664,1.063960904780412,1.6592675098453944,Moderate
1.6561854890267294,5.780034285834482,1.0012166404974738,1.254716992440266,Moderate
3.8701104738844783,4.24976073535753,1.191216469490867,1.884017797292688,Bad
1.9943266837997573,5.137143337925812,1.1189273221919938,1.3645953103038984,Moderate
1.459540160144425,3.579325431465141,1.342790516906335,1.2397336399437795,Bad
1.7935918667217872,2.829948571248278,1.0145997699183833,1.214761785339036,Good
1.6100328226693752,5.109598981942092,1.335794792071512,1.5993340998594494,Bad
1.967452968725105,4.22221637937381,1.666925758258842,1.409545367793357,Bad
1.2821737825448225,4.979449533565411,1.0011659634667702,1.0149833524964862,Good
1.980889794013999,3.579325431465141,1.0253012141469102,1.2846836974332383,Good
2.2086151299883783,4.920290693394192,1.015816410415857,1.3196452528144396,Bad
2.660093182060094,6.42292523374315,1.1154294597745822,1.609322601967707,Bad
2.2547571543630767,3.346665544839772,1.036144587640886,1.5743622452547057,Good
2.6797226738017974,3.875119632321235,1.0316328488146134,1.3695889620239272,Moderate
2.948926975338485,3.0272078079151896,1.0012166404974738,1.6942290652265954,Moderate
2.410868912724111,2.6524720507346213,1.3929265542168676,3.8018869168429257,Moderate
3.0638996666135574,5.006993889549131,1.174893120870579,2.15371814222944,Bad
1.3601074724153897,5.003113069633899,1.0279828993392923,1.2996670499297247,Good
2.8762724183307915,5.180589590147555,1.241670504469491,1.4994454827722743,Bad
2.284328837780045,6.971067383233596,1.0231163093664983,1.3096555520379822,Bad
2.1973982867783857,3.7213066478760655,1.0228951045472212,1.6842393644501383,Moderate
1.8945434556117209,3.614820735567872,1.1180148278274389,1.5244173373770182,Good
1.368169580488099,2.684086534922121,1.0011659634667702,1.4744724294993308,Good
1.4407285531424818,3.5004785292849405,1.0757870097162845,1.4345172223981009,Good
4.421138017506987,1.9898930408169704,1.0656989786241742,3.94672559141956,Moderate
1.647656036673261,6.182314398998769,1.0757870097162845,1.0,Bad
1.4224544630099625,5.827361357971456,1.1058483668869024,1.2697003449367523,Bad
1.102120014088695,6.12315555882755,1.0186552755538285,1.0,Moderate
2.518901160898415,4.052596152834892,1.0326467252234746,1.799112532701999,Moderate
1.5858464984512477,5.137143337925812,1.1200932856587642,1.7491676248243118,Moderate
2.2226362323735174,3.673979575739091,1.2226465542168674,1.389567164908642,Good
2.7736637759960256,4.521891400145136,1.3859308293820445,1.4994454827722743,Bad
5.374569948343817,3.0784156999673966,1.0218996688690245,2.648168774613486,Bad
1.3757643442800491,3.354521838814509,1.0279828993392923,1.3995556670168998,Good
3.605112464365214,3.054752163898909,1.0742155180722892,1.7941176823137703,Moderate
1.518779111331671,6.079803960750081,1.1310108418188884,1.4594890770028446,Bad
3.03866178551529,1.5205977935067256,1.006326569762923,3.617091836496863,Good
2.4646162783765515,2.758957963042815,1.0944422852701128,1.419533869901615,Moderate
4.516481217040356,1.6467717678239011,1.141131137193937,3.1276360545010453,Bad
1.833084522345573,4.0999232249718665,1.041974349008939,1.314650402426211,Good
1.7578381588346657,3.516191117234416,1.0093276237854645,1.0,Good
1.8841444971414885,5.858881188014681,1.1364166342790516,1.5843507473629632,Bad
1.1155569038744535,4.147250297108842,1.0,1.11986681997189,Good
2.545120555281886,4.979449533565411,1.0255495903614458,1.8890126476809168,Bad
2.025807280917749,3.550929188182956,1.0439731395258454,1.5813540768636658,Good
1.6879665770368073,3.4925275811659287,1.3439564803731052,1.2896785478214672,Bad
2.1905046039044382,5.164782348053805,1.0,1.4544954252828155,Bad
1.437457014183441,5.567062461218094,1.0279828993392923,2.198668199718899,Bad
2.744486619899704,3.1297182461638777,1.7784333867081228,1.6492790077371366,Bad
2.393693139698553,1.7454013861573572,1.024332949863972,1.409545367793357,Good
3.5245915472688174,2.561793380520177,1.0213203109211038,2.093784732243495,Moderate
2.144819346324708,5.906208260151656,1.162067634667703,1.4045505174051285,Bad
3.664000939590324,1.997843988935982,1.106335017489312,3.252497724861164,Moderate
1.7683539211266557,2.159513267355889,1.0178073097551497,1.4445057245063584,Good
2.6339205479034447,4.056571626894398,1.1982121943256898,1.3845723145204134,Moderate
2.502239492380437,2.71163089090584,1.108433734939759,1.484462130275788,Good
1.2767990653286376,3.40582438501099,1.029148862806063,1.0,Good
2.1973982867783857,3.7213066478760655,1.0228951045472212,1.6842393644501383,Moderate
1.9394108284516915,2.52232260235794,1.0291995398367664,1.709212417723082,Good
2.177768859533548,4.387861131853223,1.0304162083171395,1.4345172223981009,Moderate
1.8814571707818284,1.7414259120978512,1.0431403124757093,1.5194224869887896,Good
1.9163929294323248,2.419812164109252,1.2005441212592305,1.294672199541496,Bad
3.105962844775246,3.62267702954261,1.1447810866692576,2.0638180272505227,Moderate
2.0534487666683816,6.46627683182062,1.2203653322969297,1.389567164908642,Bad
1.6691549700348642,6.295331447261866,1.159152739992227,1.11986681997189,Moderate
2.819933246175137,1.7020497880798882,1.1970969358725223,2.128746287624696,Good
1.7094655103984104,5.385610466644931,1.0279828993392923,1.3945620152968707,Bad
1.5067610880698452,3.563518189371391,1.0305267967353284,1.0,Good
1.8814571707818284,5.827361357971456,1.180722882238632,1.6293008048524218,Bad
2.3732457632170902,1.1696202265389186,1.0503692188107268,1.3645953103038984,Good
2.741415343705189,3.382160848942503,1.3940924897007383,1.6942290652265954,Moderate
1.6910378532313222,4.853748829969605,1.083948698017878,1.633581248993618,Good
1.8973476502900024,4.742814172880536,1.0985484679362612,1.1798002299578347,Bad
1.4256793062390465,4.356246647665724,1.0,1.2597118428284946,Good
3.037514579784976,5.223941188225024,1.0661413882627284,1.7142060694431107,Moderate
5.377374143022099,1.7177623760293637,1.0656989786241742,3.901775533930101,Bad
1.8411466304182824,3.173069844241347,1.037310523124757,1.5593788927582195,Good
2.0431666765167718,4.975474059505905,1.0291995398367664,1.529412187765247,Bad
1.5692549380250704,2.9285781895817338,1.0178073097551497,1.4245287202898431,Good
1.647656036673261,5.342258868567462,1.0559657986785853,1.4644839273910732,Bad
1.5294117419422832,6.186289873058275,1.0186552755538285,1.0,Moderate
1.496345424911686,3.464983225182209,1.0279828993392923,1.0,Good
1.601970714596666,6.221785177161006,1.0050877947920716,1.023973363994378,Bad
2.5871837334435743,2.10035442718467,1.0048665899727944,1.7591561269325693,Good
3.4670050702490176,5.862856662074187,1.35445006762534,1.6542726594571655,Bad
2.755436381593464,3.070559405992659,1.122881417800233,1.639289306960679,Moderate
3.347125006038519,4.514035106170399,1.1204481368052857,2.0088794676528066,Bad
1.9002687132869067,5.92760009675757,1.1200932856587642,1.5493891919817622,Moderate
3.596699880330368,1.0867978502992122,1.0912485969685193,4.471142928796578,Moderate
2.0265751160905943,3.1888770863350966,1.0699572483482316,1.094894965367146,Good
3.1095849241932885,3.737113889969816,1.4407306645938591,2.333518372187275,Bad
3.008197852473699,2.4395002261182333,1.0279828993392923,1.9539397093868904,Good
1.7907876720435052,3.0863666480864085,1.0384764865915277,1.3096555520379822,Good
3.050462841324664,3.070559405992659,1.1294209094442285,1.8190895369185145,Moderate
1.2075116316332957,4.052596152834892,1.0,1.0,Good
2.1582561716136013,6.0166696465193565,1.2401865433346289,1.4045505174051285,Bad
1.467602268217134,3.681835869713829,1.0617955600466382,1.0849052645906887,Good
2.682526932976944,2.751101669068077,1.0255495903614458,2.1687014947259264,Moderate
1.9169771420317057,4.975474059505905,1.0304162083171395,1.7391791227160542,Bad
1.3117348239791344,4.797997538992249,1.0944422852701128,1.1847950803460634,Moderate
3.4508808541036,5.547374399209112,1.0165353470656822,1.7391791227160542,Bad
1.720215009327644,6.012694172459851,1.1021984174115818,1.484462130275788,Bad
1.954016143436211,2.3409652619290515,1.034978624174116,1.3196452528144396,Good
1.620782321598609,4.896627157325705,1.1247570835600469,1.0149833524964862,Moderate
1.9088194496056867,3.0665839319331534,1.0152634123591138,1.0799116128706598,Good
3.2385786533566354,1.453582659360769,1.5092887679751263,2.098779582631724,Moderate
2.8704090728685365,1.5876129276526822,1.0489700738437622,1.983906414379863,Good
1.9378919272907928,5.925990976304912,1.1061018359891177,1.2996670499297247,Moderate
2.284328837780045,6.403142517589895,1.2360296836377769,1.4245287202898431,Bad
2.854284856723118,2.7944532671455464,1.096774184220754,1.8940062994009452,Moderate
1.3998805604063769,4.210384611339567,1.8483906350563544,1.094894965367146,Bad
1.2418632421812763,5.586750523227075,1.034978624174116,1.11986681997189,Good
2.273813075488055,1.5482368036347192,1.0268169358725223,1.3596004599156697,Good
3.024640683130151,1.3746411030362946,1.1094982883793238,2.128746287624696,Good
1.9309982444168448,3.953966534501435,1.116798187329965,1.0099885021082575,Good
2.201254102833672,2.4553074682119838,1.3194714434512242,1.329633754922697,Moderate
2.0235371847750683,5.716899971603756,1.0425826692576758,1.2497221420520372,Bad
1.6786191754467146,5.148975105960056,1.1386425340069957,1.3596004599156697,Bad
3.090773381688209,3.879095106380741,1.3579479300427515,2.743063739980632,Bad
1.3505264631817822,4.742814172880536,1.0389327197823552,1.8091010348102567,Good
2.4323678460857145,2.1950085714586205,1.0,1.3995556670168998,Good
2.219831973198371,4.939978755403175,1.2056134753206371,1.449500574894587,Moderate
2.2388772523406937,4.502203338136154,1.059615748153906,1.2247502874472935,Moderate
2.83662497023201,3.4531514571479653,1.0972738748542556,3.052719292018614,Moderate
1.3950432955627512,5.642028543483062,1.0594636610959969,1.254716992440266,Moderate
2.7526321869151813,3.3860416688577346,1.1034150579090556,1.943951207278633,Moderate
1.468303349135137,3.7213066478760655,1.083948698017878,1.3596004599156697,Good
1.773962374980084,4.293206987579272,1.0559657986785853,1.354605609527441,Good
1.905643494999956,4.865012673138205,1.1923824329576371,1.154828375353091,Moderate
1.1149726912750728,6.730551202633488,1.0,1.0,Moderate
2.573162631058436,4.94395422946268,1.097331827438787,1.9039960001774028,Bad
3.235891326996976,4.892651683266199,1.205207919160513,2.223640054323643,Bad
1.7873992002689778,4.131443055015092,1.1410804601632336,1.3046619003179534,Good
2.768289058779841,5.06615272972035,1.2483482316362222,1.958934559775119,Bad
2.5156763176693318,4.904483451300443,1.2238631947143412,1.3845723145204134,Bad
1.7390265518327226,7.3733474963978844,1.1282549459774582,1.0,Bad
2.281524643101763,3.342690070780266,1.0534219012825496,1.859045942687944,Good
1.6422812549602122,5.9496545123734,1.1772250198212204,1.2647054945485237,Bad
1.6870318239784252,3.2401796325315777,1.0,1.9139845022856603,Good
2.0880340493567418,3.382160848942503,1.0255495903614458,1.374583812412156,Good
2.2078503906650333,3.81198531809051,1.113203560046638,2.213651552215385,Good
2.459241561160366,5.728731739638,1.4232413525068015,1.5843507473629632,Bad
1.925530006747017,4.20640913728006,1.1165954232413524,1.0998886170871751,Moderate
1.908330821359616,5.823385883911951,1.0676253493975905,1.5993340998594494,Moderate
3.54762615097611,1.9110461386367696,1.1882486031869413,2.07380652935878,Moderate
1.2355537719067096,7.120999547763533,1.0571824391760591,1.314650402426211,Bad
1.8411466304182824,3.0272078079151896,1.2739992320248736,1.0,Good
1.8415305157562725,4.801973013051755,1.0638942774970852,1.3446171074191833,Bad
1.8538156205343312,4.338735630975043,1.0306479347065682,1.419533869901615,Good
1.3977306864192758,6.024525940494094,1.0676253493975905,1.0,Bad
2.0936425032101704,4.853180905103962,1.0279828993392923,1.2796888470450098,Bad
1.988951902086708,6.131011852802288,1.3917605907500972,1.6193123027441645,Moderate
1.8973476502900024,3.287506704668553,1.0364994387874078,1.1498335249648624,Good
3.7761693716902496,2.4553074682119838,1.143564446171784,2.443396690050907,Moderate
1.9701403595816296,6.2178097031015005,1.3309282020987174,1.419533869901615,Bad
2.98596597674299,7.613958331142266,1.4010882145355616,1.6992227169466243,Bad
3.0612122757570326,4.667848090615568,1.247182268169452,1.5394006898735046,Moderate
2.670775926734486,3.6029889675336286,1.052149938593082,1.4544954252828155,Moderate
2.0830098725995585,5.5394234510901,1.0466381748931208,1.2996670499297247,Moderate
1.084126356323377,5.922015502245406,1.0279828993392923,2.198668199718899,Bad
4.182780050921995,1.4772461954292564,1.1557309071123203,3.0876808473998154,Moderate
1.7515286885600987,6.233616945195251,1.0194663598911775,1.274695195324981,Bad
2.096446697888452,6.134987326861794,1.0206830003886511,1.2397336399437795,Bad
1.2748127553901158,6.075828486690575,1.0279828993392923,2.198668199718899,Bad
2.163630953326651,3.3623781327892472,1.0501360373105324,1.3172946644747907,Good
1.4262401709734485,5.9456790383138935,1.0,1.7192009198313394,Bad
1.2215327340184348,4.103898699031372,1.024332949863972,1.234738789555551,Good
2.424539474650249,5.180589590147555,1.0,2.0088794676528066,Moderate
3.337243505912826,1.2326598866253695,1.130586872910999,1.724195770219568,Moderate
2.489036339231923,3.117886478129634,1.0863820069957248,1.7741394794290557,Good
2.811520662140292,4.328702291682004,1.083948698017878,1.709212417723082,Bad
1.4998507005079709,2.861563055435777,1.0279828993392923,1.3695889620239272,Good
1.8465213476344668,3.855431570312253,1.0046638258841818,1.5244173373770182,Good
1.964648774046823,4.83349284309498,1.1459977271667314,1.059933409985945,Moderate
2.012320341565076,2.0608836490224327,1.024332949863972,1.2597118428284946,Good
1.580471781235063,5.318595332498974,1.1148464920326466,1.6243059544641931,Moderate
1.7038570565449818,3.5004785292849405,1.0513019727944035,1.4594890770028446,Good
1.491788592435262,4.226097199289042,1.0466381748931208,1.4894557819958172,Good
1.4038064845534632,5.334402574592724,1.1338312662261951,1.11986681997189,Moderate
1.3716248065174683,6.721843021360285,1.003997553050913,1.1798002299578347,Moderate
1.6926402133349892,4.920290693394192,1.0036499494753206,1.0,Moderate
2.3842639560841707,4.257711683476542,1.0489700738437622,1.859045942687944,Moderate
2.214690928122566,5.803697821902969,1.33113096618733,1.2497221420520372,Bad
1.8922066052141973,3.863287864286991,1.282160892343568,1.5993340998594494,Bad
1.967452968725105,1.6270837058149197,1.0781189366498252,1.2597118428284946,Good
1.5750970640188784,4.719150636812048,1.0209871745044694,1.0299667049929724,Moderate
1.9762480191669205,5.653860311517306,1.0076316921881072,1.1997784328425498,Moderate
2.0684045576150387,6.86070065101017,1.2518460940536338,1.864039594407973,Bad
2.110467735776727,3.204684328428846,1.0470621438010106,1.8091010348102567,Good
1.4907370355551222,3.6661232817643534,1.1946636548775749,1.449500574894587,Good
2.0515793250484817,6.075828486690575,1.06645938593082,1.11986681997189,Bad
2.2576888593426365,4.880819915231955,1.062628387096774,1.7691458277090266,Bad
2.0032845888246413,4.364197595784735,1.0186552755538285,1.4120421936533716,Bad
1.862645563779885,4.734863224761524,1.0279828993392923,1.1897887320660925,Moderate
2.362496264287856,3.9619174826204473,1.0652934224640498,1.5044391344923034,Good
3.7200851556402874,2.948266251590716,1.1399144966964632,6.988346148206266,Bad
3.0137354242729524,4.131443055015092,1.1796796797512632,1.609322601967707,Moderate
3.7649525284802574,4.53372316817938,1.0,2.603218717124027,Bad
3.1767691796314863,2.948266251590716,1.6844150703458998,1.644284157348908,Bad
3.808301000159329,1.5994446956869262,1.1200932856587642,2.7530522420888897,Moderate
1.6480399220112514,5.746905335338599,1.0493032102603963,1.7072142378341502,Moderate
1.3449180093283537,3.287506704668553,1.0072998989506412,1.03995520710123,Good
1.112168432099926,5.815529589937213,1.0279828993392923,1.3596004599156697,Good
1.5328002137168106,3.098198416120652,1.005829761368053,1.214761785339036,Good
3.0424007332519545,6.373421116287875,1.3952584531675087,1.4994454827722743,Bad
2.263063576558821,5.093791739848342,1.0431403124757093,1.414539019513386,Moderate
3.3160237794779963,2.534154370392184,1.0620490291488536,2.8928972649454945,Moderate
2.332935222853544,3.701618585867085,1.2856587547609797,1.8740292951844304,Bad
1.8518960648506515,5.9180400281859,1.2355227454333464,2.228634904711871,Bad
1.131681120019872,5.772177991859743,1.0,1.839067739803229,Bad
2.071208816790185,5.283100028396243,1.068132287602021,1.544395540261733,Bad
1.7122697050766924,5.9180400281859,1.0909444228527012,1.3396222570309548,Moderate
2.315175172731741,4.474564328008161,1.2457628635833655,1.1148719695836613,Bad
1.4739117384917009,5.267292786302494,1.2541779930042751,1.0049948503882289,Moderate
2.128695130179289,3.82779256018426,1.0408083855421686,1.7491676248243118,Good
1.7065338054188504,3.839624328218504,1.2989082378546444,1.6642623602336228,Bad
1.6799044689640985,2.3291334938948074,1.0,1.2497221420520372,Good
1.7599413370918096,4.376029363818979,1.0454722114263506,1.0049948503882289,Moderate
2.440429954158424,5.9496545123734,1.0676253493975905,1.6143174523559356,Bad
1.5132875257968648,5.645909363398294,1.079284872133696,1.2497221420520372,Bad
2.3168110067081256,1.7532576801320952,1.0432463116984063,1.5244173373770182,Good
1.556285457016935,3.165213550266609,1.054799835211815,1.2647054945485237,Good
2.69093951701179,5.724850919722768,1.0790821080450836,2.423418487166193,Bad
2.3175787773841057,5.358066110661212,1.0093276237854645,1.2697003449367523,Moderate
3.052682823403565,1.3238118275611834,1.143564446171784,2.323529870079017,Moderate
1.5580380948150778,4.916315219334686,1.1910137054022545,1.1398450228566048,Moderate
2.244789486426302,2.581481442529159,1.7054022448503692,1.294672199541496,Bad
2.1851298866882534,3.942134766467192,1.1655654970851146,1.9639294101633475,Good
3.3353239502291463,1.1774765205136566,1.4523902153128645,2.383463280064962,Bad
1.862645563779885,4.092066930997129,1.0746210742324136,1.0699219120942025,Good
3.5770703885886648,3.33871459672076,1.0340661298095608,1.908989651897432,Moderate
1.4622275510009497,3.1888770863350966,1.0,1.2697003449367523,Good
1.5697222823058292,4.612664724503855,1.4244073159735715,1.2796888470450098,Bad
1.0161242161454185,6.4859648938296015,1.0,1.0,Moderate
1.647656036673261,4.43906902390543,1.0326467252234746,1.5244173373770182,Moderate
1.7683539211266557,2.707750070990608,1.0292548620287605,1.5993340998594494,Good
1.98147400661338,5.724850919722768,1.0279828993392923,1.943951207278633,Bad
2.177067778615545,5.547374399209112,1.289156617178391,1.5993340998594494,Bad
3.3723629516336517,1.6389154738491634,1.041974349008939,2.383463280064962,Moderate
2.413322566943392,1.7020497880798882,1.0054749102215312,2.55327380924634,Good
2.152881454397417,4.675704384590305,1.036144587640886,1.4544954252828155,Moderate
1.8411466304182824,4.766477708949024,1.0233190734551108,1.0998886170871751,Bad
4.788489713255325,2.404004922015502,1.0717822090944422,1.544395540261733,Bad
1.3089060559954468,4.801121125753289,1.0,1.0849052645906887,Good
1.7578381588346657,1.8834071285087768,1.1294209094442285,1.1847950803460634,Good
2.1233204129631047,4.001293606638411,1.1690633595025262,1.3196452528144396,Good
1.1149726912750728,5.677523847585793,1.06645938593082,1.1348501724683762,Moderate
2.187817277544778,4.634719140119684,1.1154294597745822,1.839067739803229,Moderate
2.558674248889402,2.30546995782632,1.108433734939759,1.6243059544641931,Good
1.948641361723162,5.60653323938033,1.246016332685581,1.0,Bad
1.9782024676543388,3.875119632321235,1.0174893120870578,1.3645953103038984,Good
2.214690928122566,2.1910330973991146,1.1842207446560435,1.2247502874472935,Good
2.354434156215147,2.104329901244176,1.0734551107656432,1.5943392494712207,Good
2.2282446217300818,2.715606364965346,1.0474492592304705,1.5244173373770182,Good
1.0224336864199852,5.346234342626968,1.0,1.15982202707312,Good
2.222753036195275,4.987305827540149,1.4080839393703848,1.3695889620239272,Moderate
2.020732990096786,3.5990134934741222,1.0279828993392923,2.0288564718693216,Good
1.6422812549602122,5.9496545123734,1.1787407695297318,1.779134329817284,Bad
3.621937761428635,3.914590410483472,1.0,1.709212417723082,Bad
1.647656036673261,6.209953409126763,1.0617955600466382,1.419533869901615,Bad
2.811520662140292,2.33301431381004,1.0032849405363389,3.142619406997532,Moderate
1.6420369408371769,4.640209080487574,1.037310523124757,1.4445057245063584,Good
1.378568538958331,4.502203338136154,1.033070694131364,1.7591561269325693,Good
1.9110182122161403,4.888676209206693,1.054799835211815,1.409545367793357,Moderate
1.2551832636484126,5.957510806348138,1.0279828993392923,2.198668199718899,Bad
1.9205461405301976,6.54512373400082,1.2175034372328022,1.5943392494712207,Bad
1.653763696258552,5.413249476772925,1.2734692359113875,1.414539019513386,Moderate
1.2848611734013469,4.498227864076648,1.0433734939759036,1.2397336399437795,Good
2.0426993322360127,5.1844704100627865,1.1888845705402251,1.4894557819958172,Bad
1.658989683705011,5.290956322370981,1.0827320575204042,1.2896785478214672,Good
2.9261108870083947,2.8575875813762712,1.0394304516129032,1.5993340998594494,Moderate
1.368169580488099,6.162626336989788,1.0093276237854645,1.7192009198313394,Bad
2.36565099942514,3.1612380762071037,1.083948698017878,2.31354016930256,Good
2.1169684392547783,2.467139236246227,1.156449843762145,2.043839824365808,Good
2.152881454397417,3.92244670445821,1.756704245627672,1.3246389045344684,Bad
2.3573658611947077,2.573625148554421,1.5748153999222696,1.3845723145204134,Bad
3.0330533316618618,4.612664724503855,1.0888152879906725,2.053829525142265,Bad
1.404571223876808,3.382160848942503,1.024485036921881,1.2896785478214672,Good
1.7927739819820272,5.145094286044824,1.1655654970851146,1.6293008048524218,Moderate
3.024640683130151,3.662147807704848,1.192230345899728,4.341287606716431,Bad
2.260376250199161,2.1358497312874016,1.1877186070734551,1.644284157348908,Good
4.101457953773765,3.244060452446809,1.097331827438787,2.2436182572083574,Bad
3.3729471642330315,3.918471230398704,1.1130975608239408,1.6942290652265954,Moderate
1.8917392609334387,3.208565148344078,1.033070694131364,1.6642623602336228,Good
2.424539474650249,2.1082107211594083,1.0948985184609406,1.9739179122716053,Good
1.682591795323758,2.758957963042815,1.0338126607073457,1.839067739803229,Good
4.718384459317088,1.650747241883407,1.0097331799455889,3.152607909105789,Bad
2.441364707216806,4.557386704247867,1.0827320575204042,1.4295223720098722,Moderate
2.54231629610674,5.3264516264737125,1.0060832304702685,1.8140958851984847,Bad
1.9513287525796867,6.840917934856914,1.0338126607073457,1.569367394866477,Bad
1.5428486317280417,3.319026534711778,1.0124756999611348,1.5144288352687607,Good
1.8008360900547362,4.257711683476542,1.1049358725223477,2.288568314697816,Good
1.3337011661183609,2.684086534922121,1.0279828993392923,1.0649282603741737,Good
1.8492087384909917,2.8852265915042645,1.034978624174116,1.329633754922697,Good
3.605112464365214,1.350977566967807,1.0644823381267003,3.0027743841409267,Moderate
1.7122697050766924,4.320751343562993,1.4133837326078509,2.123751437236468,Moderate
1.5384086030733746,1.2997696749156,1.0,1.7691458277090266,Good
2.0588235483814312,3.524142065353428,1.1539059463661097,1.3995556670168998,Bad
2.017928795418504,5.819505063996719,1.0,1.779134329817284,Bad
1.491788592435262,3.520166591293922,1.1713952584531675,1.3845723145204134,Good
1.6288444296713185,1.9268533807305197,1.0151574131364167,1.6742508623418806,Good
1.948641361723162,5.60653323938033,1.246016332685581,1.0,Bad
2.93490593745021,2.4276684580839896,1.5934706474931986,1.7591561269325693,Moderate
1.8160255531417728,2.557817906460671,1.1800638849591916,1.254716992440266,Good
2.6661689801942816,3.1020792360358844,1.053633899727944,1.1997784328425498,Good
2.072260373670325,1.560068571668963,1.068132287602021,1.3096555520379822,Good
1.0,4.703343394718299,1.0,1.03995520710123,Good
2.3436846572859134,1.9938685148764763,1.3987563155849203,1.414539019513386,Moderate
1.9057602988217133,4.83349284309498,1.068132287602021,1.824084387306743,Good
2.6554195457619123,5.026776605702387,1.137582597745822,1.7042175673348532,Bad
2.4296805197260545,4.151225771168347,1.037310523124757,1.414539019513386,Good
2.413556303580636,1.1814519945731623,1.7331519626894676,1.6992227169466243,Bad
1.54078137822447,5.168757822113311,1.2238631947143412,1.0946312583632078,Bad
4.273215877519938,1.4299191232922814,1.355616003109211,2.213651552215385,Moderate
2.220065709835615,4.28137521954503,1.3567819665759813,1.4894557819958172,Moderate
2.273813075488055,7.207702743918471,1.2366886809172173,1.8091010348102567,Bad
1.682591795323758,4.340534059716248,1.9455888161678971,1.2846836974332383,Bad
2.578771084911864,4.589001188435367,1.0377160792848814,1.799112532701999,Bad
2.3383099400697285,7.448313578662852,1.2903225806451613,1.2597118428284946,Bad
1.3547327551992052,4.797997538992249,1.041366028760202,1.544395540261733,Good
1.967452968725105,6.4149742856241385,1.0364994387874078,1.2796888470450098,Bad
2.8575096999522014,2.8772756433852527,1.386430520015546,1.7142060694431107,Moderate
2.6554195457619123,4.399692899887466,1.2215312957637,1.7192009198313394,Bad
1.9432666445069773,6.813373578873195,1.13291877186164,2.018867969761064,Bad
1.2103158908084422,5.2752437344215055,1.0,1.2397336399437795,Good
3.2842639754332303,1.3234332109840876,1.679751272444617,2.618202069620513,Moderate
1.9244550375050344,4.565337652366879,1.4372328021764478,1.8140958851984847,Moderate
3.0134238399201583,5.819505063996719,1.024332949863972,1.4644839273910732,Bad
1.3981980307000346,5.831336832030962,1.049882568208317,1.034961555381201,Moderate
1.9137056030726651,2.565768854579683,1.2017100567431014,1.8740292951844304,Moderate
2.4637983936367918,3.3939926169767465,1.0559657986785853,1.529412187765247,Moderate
1.3244998499265457,4.356246647665724,1.08861252390206,2.7130970349876598,Bad
3.437444028814705,1.3154822628650755,1.8418188791294208,1.839067739803229,Moderate
1.888935066255157,6.213834229041995,1.0145997699183833,1.6492790077371366,Bad
2.0588235483814312,4.778309476983267,1.2203653322969297,1.4544954252828155,Moderate
2.0235371847750683,6.4347570017773945,1.0072998989506412,1.2397336399437795,Bad
2.803108013608581,3.4846712871911905,1.0863820069957248,1.604328950247678,Good
1.3547327551992052,3.390017142917241,1.037310523124757,1.314650402426211,Good
1.8076129046100615,5.768202517800238,1.0851653385153517,1.0,Bad
2.588235290323714,2.55393708654544,1.1165954232413524,1.834072889415001,Good
1.4864138752190772,4.967617765531168,1.0384764865915277,1.3346286053109258,Bad
2.845171191770269,5.772177991859743,1.01703307889623,1.234738789555551,Bad
2.012320341565076,4.324726817622498,1.12531472677808,1.329633754922697,Moderate
2.1797551694720694,2.975905261718709,1.0326467252234746,1.4345172223981009,Good
1.8760823890687792,3.5833009055246468,1.1037699090555773,1.5793558969747346,Moderate
1.9057602988217133,4.83349284309498,1.068132287602021,1.824084387306743,Good
1.658989683705011,3.3860416688577346,1.226296503692188,1.6193123027441645,Moderate
3.1767691796314863,2.948266251590716,1.6844150703458998,1.644284157348908,Bad
1.389785382168324,3.8435998022780096,1.0,1.314650402426211,Good
1.5750970640188784,2.762933437102321,1.324135241352507,1.5194224869887896,Bad
5.492346834297171,2.344846081844284,1.0255495903614458,1.8490562419114869,Bad
2.948342762739104,5.578894229252337,1.266573941702293,1.11986681997189,Bad
1.6029054676550485,7.499616124859334,1.0535324897007383,1.3096555520379822,Bad
2.0684045576150387,1.7769212162005823,1.0462326187329964,1.5943392494712207,Good
5.139016176437107,1.2248035926506315,1.1180148278274389,4.725859921236844,Bad
1.5159749166533891,3.3978734368919787,1.0368865542168677,1.4045505174051285,Good
3.675084209793768,2.715606364965346,1.1172616680917218,2.7780240966936334,Moderate
2.424539474650249,2.4276684580839896,1.058509696074621,1.6293008048524218,Good
1.9997014010159415,5.79584152792823,1.1463720823940924,1.0,Moderate
1.8492087384909917,4.719150636812048,1.0979401476875243,1.7391791227160542,Moderate
1.5468212516050852,3.4886467612506964,1.0669156191216478,1.2097669349508071,Good
1.8975813869272469,4.73883869882103,1.1982121943256898,1.0,Moderate
1.0351801372703968,5.263411966387261,1.0,1.0899001149789174,Good
1.3520453643426806,5.638053069423556,1.1154294597745822,1.0,Moderate
5.197904651662217,1.907070664577264,1.083948698017878,3.4972250165249728,Bad
2.5936100075398985,5.137143337925812,1.1947143319082782,1.7391791227160542,Moderate
2.295545745486902,4.999137595574393,1.372755528954528,1.8690344447962015,Bad
2.3488257023617183,3.2520114005658214,1.0,1.5144288352687607,Good
2.2469393604134025,3.5833009055246468,1.122881417800233,1.6742508623418806,Good
1.6852791861802827,3.413680678985728,1.3008161678973962,1.1348501724683762,Moderate
1.776766569658366,2.10035442718467,1.0279828993392923,1.5044391344923034,Good
3.234956573938593,4.50617881219566,1.0437993097551497,1.669256011953652,Moderate
3.5770703885886648,1.8203674684223257,1.126531367275554,3.736958656468752,Moderate
3.658392485736895,4.111754993006111,1.0024333089778468,1.6742508623418806,Bad
1.5131707219751074,3.563518189371391,1.1569475755926937,1.419533869901615,Good
1.7148402276145949,4.474564328008161,1.5666537116206762,1.374583812412156,Bad
3.7172809609620048,1.4692952473102447,1.276179043917606,3.741953506856981,Moderate
2.510301600453147,3.985581018688935,1.1294209094442285,2.758047092477118,Moderate
1.6557181447459706,4.537698642238886,1.1422463956471045,1.0199782028847149,Moderate
1.8384592395617576,6.766046506736219,1.1107656338904004,1.5493891919817622,Bad
2.7526321869151813,3.342690070780266,1.0389327197823552,1.4644839273910732,Good
3.058524949397373,2.498659066289452,1.276331130975515,1.8790229469044597,Moderate
2.072260373670325,4.15510659108358,1.0559657986785853,1.0299667049929724,Good
2.264855170463171,5.55523069318385,1.0359113781577924,1.892341349271536,Bad
2.923689094240218,2.9364344835564715,1.0133831294209097,2.0887898818552664,Moderate
3.87992521975533,4.821661075060737,1.0888152879906725,2.038846172645779,Bad
1.995495108998519,3.8909268744149847,1.0206830003886511,1.3695889620239272,Good
2.2142235838418074,2.549961612485933,1.0644823381267003,1.5094339848805318,Good
1.7175276184711197,4.691511626684054,1.0046638258841818,1.589345597751192,Good
1.7148402276145949,2.9522417256502216,1.2646715802565098,1.2497221420520372,Bad
1.2334172487705768,3.750270816023895,1.0,1.0,Good
1.9325171455777437,4.687536152624549,1.197046258841819,1.5743622452547057,Good
2.1357056813718587,3.92244670445821,1.059615748153906,1.449500574894587,Moderate
1.8636971206600248,4.939978755403175,1.0814048006218422,1.5244173373770182,Moderate
1.8760823890687792,4.656016322581324,1.0874465604352896,1.3596004599156697,Moderate
4.429550666038697,2.849731287401533,1.087598647493199,3.312431134847109,Moderate
2.5506121408166926,3.729162941850804,1.3462883793237466,1.5144288352687607,Moderate
2.3678709815040406,2.8260677513330457,1.1294209094442285,1.7042175673348532,Good
1.9478234769834015,4.135418529074598,1.0407023863194715,1.4644839273910732,Good
1.9870824604668085,5.3501151625422,1.0218996688690245,1.5394006898735046,Bad
2.416243629940296,6.718719434599245,1.1947143319082782,1.4794672798875594,Bad
1.9970140101594172,4.750670466855274,1.0198212110376992,1.4245287202898431,Moderate
1.9728276859412897,4.908458925359948,1.0897784593859308,1.3096555520379822,Moderate
1.2257390260358578,5.101648033823081,1.064127486980179,1.958934559775119,Moderate
4.471613844200386,1.6073956438059378,1.1313979572483484,3.716981652252237,Bad
1.3332338218376023,4.036788910741142,1.2844928192771086,1.2397336399437795,Good
2.421618411653345,4.013125374672654,1.030314798289934,1.4045505174051285,Moderate
2.511470025651908,3.82779256018426,1.1055718398756316,1.6842393644501383,Moderate
2.220065709835615,4.28137521954503,1.3567819665759813,1.4894557819958172,Moderate
1.4353538359262972,5.764227043740732,1.0186552755538285,1.4328522722686912,Bad
1.3084632850200937,3.953966534501435,1.0231163093664983,1.0,Good
2.104508805961162,4.056571626894398,1.1760590843373495,1.4544954252828155,Good
1.5401612408715168,2.2581428856893453,1.2080467842984843,1.0,Moderate
1.5455359580877015,5.014944837668143,1.209871745044695,1.0299667049929724,Moderate
2.314123615851601,3.756801951978797,1.2739992320248736,2.0488346747540365,Moderate
2.445804735871473,4.257711683476542,1.1119315973571706,1.7391791227160542,Moderate
2.1964168379900464,4.608026671434431,1.0382923870967742,1.472416713536813,Bad
1.0967452968725104,6.272993069213213,1.0011659634667702,1.154828375353091,Moderate
1.844322585024013,4.7309824048462925,1.133554739214924,1.609322601967707,Bad
2.2979993997061827,4.009244554757423,1.0629615235134084,1.3596004599156697,Moderate
1.5159749166533891,3.3978734368919787,1.0368865542168677,1.4045505174051285,Good
1.6557181447459706,3.993437312663673,1.745044694908667,1.4295223720098722,Bad
1.9394108284516915,5.645909363398294,1.141131137193937,1.2397336399437795,Bad
1.7571370779166626,4.865012673138205,1.0029199595802565,1.4594890770028446,Moderate
2.072260373670325,4.237928967323287,1.029148862806063,1.569367394866477,Moderate
2.7498279922369,2.218672107527108,1.0742155180722892,1.8790229469044597,Moderate
2.186181443568393,3.9619174826204473,1.0194663598911775,2.018867969761064,Moderate
1.9997014010159415,4.679679858649811,1.1364166342790516,1.958934559775119,Moderate
3.1579575726295435,6.84489340891642,1.1982121943256898,2.5632635100227974,Bad
2.088384589815744,1.6389154738491634,1.1539059463661097,1.349611957807412,Moderate
1.755150767978141,4.872963621257218,1.0652934224640498,1.5044391344923034,Moderate
2.250678308150067,4.494347044161417,1.0186147003497863,1.729189421939597,Bad
2.580173182251005,3.070559405992659,1.0314807617567043,1.859045942687944,Good
5.506367872185446,1.9425659686799956,1.0766487990672369,3.502219866913201,Bad
2.101821415104637,5.657741131432537,1.4617178390983288,1.6293008048524218,Bad
1.3842937966335174,3.181020792360359,1.0,1.274695195324981,Good
1.835771848705233,2.471114710305733,1.0757870097162845,1.5244173373770182,Good
1.459540160144425,4.285256039460261,1.1410804601632336,1.2697003449367523,Good
1.5347865236553324,6.190170692973507,1.0011659634667702,1.5593788927582195,Bad
1.4066106792317452,3.0429203958646656,1.10048404508356,1.3645953103038984,Good
3.427427472254578,2.4553074682119838,1.142458394092499,2.4483903417709363,Moderate
1.970257163403387,5.223941188225024,1.0,1.7142060694431107,Bad
2.660794262978097,2.979880735778215,1.0268169358725223,1.589345597751192,Moderate
2.1152583048903955,3.5319983593281656,1.0944422852701128,1.0699219120942025,Good
2.13009722751843,2.459282942271489,1.0546938359891178,1.7941176823137703,Good
3.1753033593901385,4.135418529074598,1.0725011457442677,1.804106184422028,Moderate
1.7470886599054318,4.975474059505905,1.0001166047415468,1.3945620152968707,Moderate
1.1289937291633474,3.4806958131316845,1.0104935872522347,1.11986681997189,Good
2.0627961682584743,4.608689250444348,1.06645938593082,1.4744724294993308,Moderate
1.954016143436211,4.22221637937381,1.258841818888457,1.3645953103038984,Good
1.467602268217134,4.447019972024441,1.0163233486202876,1.314650402426211,Good
1.9432666445069773,4.269543451510785,1.0699572483482316,1.5643725444782484,Moderate
1.7094655103984104,2.6919428288968583,1.0314807617567043,1.3396222570309548,Good
2.142131955468183,6.190170692973507,1.0396424500582977,1.3835738239100477,Bad
3.815428355173657,2.52232260235794,1.149647676642052,3.2275246715882204,Moderate
2.5198826096867544,4.170913833177329,1.226296503692188,1.764150977320798,Moderate
1.684227629300143,5.358066110661212,1.033070694131364,1.6642623602336228,Moderate
1.90856455799686,4.640209080487574,1.0072998989506412,1.4794672798875594,Good
1.6039251630840845,3.429487921079477,1.0,1.059933409985945,Good
1.7309644437600131,5.22791666228453,1.1713952584531675,1.604328950247678,Bad
2.832297295115444,3.092897784041311,1.071229211037699,1.6143174523559356,Moderate
1.5831591720915876,3.169189024326115,1.0816167990672367,1.0,Good
3.0638996666135574,5.006993889549131,1.174893120870579,2.15371814222944,Bad
1.6561854890267294,5.669572899466782,1.041366028760202,1.0,Bad
1.297246441810101,6.103467496818569,1.0279828993392923,2.198668199718899,Bad
2.7273943058169143,5.93384727027965,1.015816410415857,1.3795786628003843,Bad
2.182442495831729,4.778309476983267,1.3416245534395648,1.0899001149789174,Bad
1.6977388194738996,5.4053931827981865,1.2531180567431015,1.859045942687944,Bad
2.8623469647958277,3.319026534711778,1.0233190734551108,1.609322601967707,Moderate
2.676918479123516,3.5398546533029034,1.041366028760202,1.7192009198313394,Moderate
1.6449686458167367,4.174889307236835,1.0617955600466382,1.3246389045344684,Good
2.7360406264890047,1.098629618333456,1.2658375437232805,2.8329638549595493,Moderate
2.061510874741091,5.76971698410862,1.0408083855421686,1.99389611515632,Bad
1.5131707219751074,3.563518189371391,1.1569475755926937,1.419533869901615,Good
1.300050636488383,8.757664356404405,1.0523158492032647,1.3596004599156697,Bad
1.8636971206600248,3.0035442718467023,1.0089036548775747,1.4994454827722743,Good
1.878769779925304,4.170913833177329,1.1445783225806452,1.2896785478214672,Moderate
2.8762724183307915,5.180589590147555,1.241670504469491,1.4994454827722743,Bad
1.3493580379830206,2.7826214991113023,1.0011659634667702,1.1148719695836613,Good
1.7823750235117948,3.7962727301410335,1.0652934224640498,1.059933409985945,Good
3.182143896847671,2.368509617912771,1.1609016712009328,2.0788013797470093,Moderate
1.5405451262095071,5.406718340818022,1.0413080761756703,1.7658159274502077,Bad
2.569423683321771,5.547374399209112,1.0851269179945588,1.3878039239868556,Bad
2.072260373670325,5.196302178097031,1.1061018359891177,1.589345597751192,Bad
1.8384592395617576,7.005805454182136,1.138748533229693,1.604328950247678,Bad
1.6449686458167367,5.567062461218094,1.209871745044695,1.4944506323840456,Bad
2.012320341565076,3.054752163898909,1.0017033190827829,1.4345172223981009,Good
2.98596597674299,1.3667848090615569,1.4535561507967354,2.623196920008742,Moderate
2.1020551517418813,2.6761355868031087,1.0364994387874078,1.5244173373770182,Good
1.810417099288344,4.758526760830012,1.0377160792848814,1.8890126476809168,Moderate
1.633241954892226,3.5516864213371475,1.0,1.0699219120942025,Moderate
2.4694068474902195,2.3409652619290515,1.0231163093664983,2.428413337554421,Bad
2.598984789252948,4.845324611129223,1.0186552755538285,1.5394006898735046,Bad
1.0469068281949077,4.707318868777804,1.0,1.11986681997189,Good
2.948926975338485,3.737113889969816,1.0632656976292263,1.609322601967707,Moderate
2.0523172336761606,3.6029889675336286,1.2798289933929266,1.5144288352687607,Good
1.5743292288460335,4.119611286980849,1.0076316921881072,1.544395540261733,Good
1.0644968645816737,6.359790919512426,1.0582976976292269,2.198668199718899,Bad
3.4761187352018665,1.9898930408169704,1.1192314963078118,4.0316320546784485,Moderate
1.14021057237334,5.444012073661958,1.0340661298095608,1.15982202707312,Good
1.9602866576045708,6.209953409126763,1.1055718398756316,1.6492790077371366,Bad
1.860892925981743,5.819505063996719,1.0377160792848814,1.354605609527441,Bad
2.530334713573402,3.3860416688577346,1.0304162083171395,1.4594890770028446,Bad
1.7309644437600131,3.535973833387672,1.1655654970851146,1.0,Good
2.741415343705189,1.4614389533355068,1.0408083855421686,2.613207219232285,Good
4.079725283774918,2.0924981332099324,1.3381266910221532,2.1087680847399817,Moderate
2.155568845253941,3.5871817254398786,1.132614597745822,1.6642623602336228,Good
3.097683769250084,2.814235983298802,1.0081616883015934,1.4944506323840456,Good
1.6449686458167367,5.22791666228453,1.0734551107656432,1.4794672798875594,Bad
2.569423683321771,2.4316439321434955,1.029148862806063,1.6342956552406505,Good
2.458190004280227,6.142843620836532,1.0255495903614458,1.1498335249648624,Moderate
2.0212003343775446,3.263843168600065,1.517683637776914,1.2297451378355222,Bad
3.2913359921377467,3.288358591967018,1.1767340878352115,1.761506715272218,Moderate
1.9870824604668085,4.703343394718299,1.3297115616012438,1.4395120727863295,Moderate
1.7094655103984104,2.4908027723147144,1.0534219012825496,1.5993340998594494,Good
3.0128396273207776,1.5626242335643594,1.6074620971628448,1.544395540261733,Moderate
3.885533609111894,1.9780612727827265,1.0778654675476098,2.7780240966936334,Moderate
1.440261208861723,2.2896627157325704,1.026710936649825,1.3246389045344684,Good
1.0834665533987065,6.705562508545166,1.0065842083171397,1.11986681997189,Bad
3.9416178896587217,1.5639493915841949,1.083948698017878,3.3224196369553667,Moderate
1.7515286885600987,3.823817086124754,1.0754321585697628,1.9988897668763488,Good
2.571378131809189,4.328702291682004,1.1729851908278277,2.0238628201492928,Moderate
1.6799044689640985,4.518010580229904,1.0781189366498252,1.6992227169466243,Good
2.3490594389989625,3.464983225182209,1.4535561507967354,1.4395120727863295,Moderate
1.6987160114691764,3.681835869713829,1.060629624562767,1.4245287202898431,Good
1.459540160144425,3.579325431465141,1.342790516906335,1.2397336399437795,Bad
2.245069918793503,3.3703290809082587,1.0921103863194714,1.0699219120942025,Good
2.453866843944182,5.389585940704437,1.4232413525068015,1.3246389045344684,Bad
1.7156080627874395,6.162626336989788,1.037310523124757,1.419533869901615,Bad
4.080673774665456,2.139825205346908,1.1277480077730275,3.152607909105789,Bad
1.938136241413828,5.3264516264737125,1.1465770851146522,1.0199782028847149,Bad
3.195697590455187,3.117886478129634,1.2019635258453167,5.729744538501421,Bad
1.852480277450032,5.764227043740732,1.0693489280994948,1.2247502874472935,Moderate
1.6100328226693752,3.957942008560941,1.012825486202876,1.4395120727863295,Good
1.799200256078351,3.125742772104372,1.095608248736883,1.0049948503882289,Good
3.585483037120375,2.829948571248278,1.0389327197823552,2.0488346747540365,Moderate
2.570358436380153,2.90093917945374,1.0863820069957248,2.458380042547393,Moderate
2.0431666765167718,7.207702743918471,1.0291995398367664,1.449500574894587,Bad
3.11157123413181,4.34441487963148,1.0340661298095608,2.018867969761064,Bad
1.7234865482866848,2.356677849878527,1.0012166404974738,1.609322601967707,Good
1.84126343424004,3.326882828686516,1.0304162083171395,1.5643725444782484,Good
3.265802908890289,2.017532050944964,1.0060832304702685,2.743063739980632,Moderate
2.1693562110018365,4.829517369035474,1.0114475522736106,1.669256011953652,Bad
1.6987160114691764,3.689786817832841,1.054799835211815,1.2996670499297247,Good
1.9405792536504527,5.732707213697506,1.051185396035756,1.4045505174051285,Bad
1.9352045364342685,6.367647213487164,1.15507190983288,1.604328950247678,Bad
2.388084685845125,3.800153550056266,1.041366028760202,1.484462130275788,Good
2.78441327492526,5.626221301389313,1.0443062479595802,1.5244173373770182,Bad
2.5563373984918787,8.020213918366059,1.0291995398367664,1.744172774436083,Bad
1.5106001994372047,4.589001188435367,1.114263496307812,1.0049948503882289,Moderate
3.5041608754752804,5.713019151688525,1.100981776914108,2.5133186021451097,Bad
1.86802028099607,5.780034285834482,1.309144410415857,1.4594890770028446,Moderate
2.132901422196712,3.535973833387672,1.126531367275554,1.5194224869887896,Good
1.4864138752190772,4.474564328008161,1.0,1.569367394866477,Moderate
2.074013011468467,3.4413196891137217,1.092465237465993,1.829079237694972,Good
1.5401612408715168,5.436913012841412,1.2296929560823942,1.609322601967707,Bad
2.598984789252948,2.3527970299632948,1.2483482316362222,1.779134329817284,Good
1.980889794013999,3.62267702954261,1.0034978624174116,1.3046619003179534,Good
2.2173783189790903,3.153381782232365,1.030314798289934,1.4245287202898431,Good
2.5532994671763527,4.868988147197712,1.0012719626894675,1.3795786628003843,Moderate
1.6046581054531908,4.865012673138205,1.0268169358725223,1.3446171074191833,Good
3.0238578846847237,3.445200509028953,1.1002720466381657,2.2086567018271563,Moderate
1.854583455707176,2.8930828854790027,1.02215313797124,1.829079237694972,Good
3.0823273237806457,2.017532050944964,1.369607452778857,1.938956356890404,Moderate
1.341295929910311,4.24976073535753,1.1107656338904004,1.034961555381201,Good
3.0050112558853126,4.581050240316355,1.0036499494753206,2.4184236367779635,Bad
1.4998507005079709,2.751101669068077,1.3964244166342792,1.8440625901914576,Moderate
1.9110182122161403,3.5911571994993845,1.0174893120870578,1.6342956552406505,Good
1.2860295986001085,3.43336874099471,1.0717822090944422,1.314650402426211,Good
1.6860121285493888,7.424650042594365,1.0228951045472212,1.1847950803460634,Bad
1.2687369572559284,2.912770947487984,1.0034978624174116,1.2996670499297247,Good
1.6584054711056306,3.953966534501435,1.239679605130198,1.4445057245063584,Good
2.0627961682584743,6.186289873058275,1.026766258841819,1.5843507473629632,Bad
1.4326664450697726,3.867263338346497,1.121259221142635,1.0649282603741737,Good
2.89845121314195,3.181020792360359,1.0145997699183833,1.6526077093277562,Moderate
2.0684045576150387,3.4886467612506964,1.0623255561601244,1.8140958851984847,Good
1.467602268217134,4.447019972024441,1.0163233486202876,1.314650402426211,Good
1.8707076718525943,5.768202517800238,1.4057520404197434,1.1248616703601186,Bad
3.5742661294135183,2.80628503517979,1.0523158492032647,2.098779582631724,Moderate
2.0856971989592186,2.104329901244176,1.0431403124757093,1.4744724294993308,Good
2.475015236846784,2.0806663651756887,1.1812805254566654,1.6992227169466243,Moderate
1.3028548311666652,4.15510659108358,1.018249719393704,1.2397336399437795,Good
1.5468212516050852,6.454445063786376,1.0,1.4295223720098722,Moderate
2.466602588315073,2.3764605660317826,1.0445182464049747,1.7491676248243118,Good
2.9725290869572314,6.5609309760945695,1.278663029926156,1.3695889620239272,Bad
2.2496267512699277,5.657741131432537,1.0036499494753206,1.419533869901615,Bad
2.0265751160905943,1.8676945405593008,1.4357337302759423,1.5993340998594494,Good
2.2442520340537424,2.648591230819389,1.2483482316362222,1.709212417723082,Bad
2.02634137945335,4.454876265999179,1.026710936649825,1.5044391344923034,Moderate
2.201254102833672,2.829948571248278,1.4535561507967354,1.2996670499297247,Moderate
2.220065709835615,4.28137521954503,1.3567819665759813,1.4894557819958172,Moderate
2.754852168994083,5.148975105960056,1.2751651675087443,1.174805379569606,Bad
2.045386658595673,6.320320141350189,1.0454722114263506,1.5543840423699908,Bad
1.634219146887503,5.906208260151656,1.0256510003886514,1.3695889620239272,Moderate
1.967452968725105,5.302788090405224,1.0072998989506412,1.6293008048524218,Moderate
1.5267244155826232,2.033339293038713,1.409249902837155,1.0,Bad
1.6303102499126658,3.421536972960466,1.006359757481539,1.274695195324981,Good
2.072260373670325,5.397442234679175,1.137582597745822,1.6792457127301093,Bad
3.034338625179245,5.101648033823081,1.072289147298873,1.6342956552406505,Bad
1.92138376131052,2.820956427542253,1.0226528286047416,1.918979352673889,Good
1.6987160114691764,4.5850257143758615,1.521181500194326,1.354605609527441,Bad
2.1475067371812324,2.9877370297529526,1.0629615235134084,1.7341842723278256,Good
1.6530307538894458,4.431212729930692,1.125923047026817,1.6742508623418806,Moderate
2.5616303336837736,3.070559405992659,1.0524679362611735,2.0488346747540365,Good
1.7605255496911902,3.5596373694561594,1.7636999704624952,1.1847950803460634,Bad
2.284328837780045,3.855431570312253,1.0304162083171395,2.533296805029825,Good
2.7145416286305366,3.567493663430897,1.06645938593082,1.4994454827722743,Moderate
1.5972970782984843,4.624496492538098,1.0961151869413135,1.2796888470450098,Moderate
1.8538156205343312,4.338735630975043,1.0306479347065682,1.419533869901615,Good
2.741415343705189,6.024525940494094,1.0304162083171395,1.329633754922697,Bad
1.4234359117983018,5.089816265788837,1.1993781577924605,1.034961555381201,Moderate
1.4066106792317452,5.062271909805117,1.0255495903614458,1.154828375353091,Good
1.214989527106624,4.805853832966987,1.0,1.1947835824543211,Good
3.5180651095417974,2.6012641586824143,1.0746210742324136,1.4544954252828155,Moderate
2.08522985467846,4.577169420401123,1.0279828993392923,1.7341842723278256,Bad
1.2257390260358578,4.383885657793717,1.0104935872522347,1.0,Good
1.3505264631817822,6.158650862930282,1.0389327197823552,1.3596004599156697,Bad
2.201254102833672,2.786596973170808,1.0279828993392923,1.6193123027441645,Good
2.177067778615545,6.671392362462269,1.1095996984065293,1.589345597751192,Bad
1.9325171455777437,3.953966534501435,1.030314798289934,1.6792457127301093,Moderate
4.3454243097153205,1.3786165770958003,1.0025549506412748,5.519977603550615,Bad
2.703792194198168,1.5284540874814636,1.1072677714729888,1.469478777779302,Good
1.5570183993860416,5.488215559037893,1.0,1.4544954252828155,Moderate
2.762914277066792,3.855431570312253,1.0673921399144968,1.419533869901615,Good
2.2388772523406937,5.038608373736629,1.079284872133696,1.0449500574894588,Bad
2.547924749960168,2.865443875351009,1.0394304516129032,1.2697003449367523,Moderate
2.9510301535956285,5.710463489793128,1.0,1.7403538175517783,Bad
2.0348815382863386,5.1844704100627865,1.3322969296541003,1.724195770219568,Bad
2.109883523177346,5.681404667501026,1.0754321585697628,1.3645953103038984,Bad
4.9735677229655,2.1279934373126634,1.167897396035756,3.98168714680076,Bad
1.7318991968183957,3.826088785587329,1.0024333089778468,1.5543840423699908,Good
1.7290950021401137,3.378185374882997,1.0279828993392923,1.4944506323840456,Good
2.5871837334435743,5.922015502245406,1.0145997699183833,1.938956356890404,Bad
1.7148402276145949,6.048189476562582,1.1667314325689857,1.0699219120942025,Bad
1.9835771848705237,5.058296435745612,1.012825486202876,1.4445057245063584,Moderate
1.50791280858068,3.3071947666775343,1.0897784593859308,1.0,Good
1.5692549380250704,3.764658245953535,1.0474492592304705,1.0699219120942025,Good
1.6561854890267294,4.084115982878117,1.024332949863972,1.2796888470450098,Good
1.5384086030733746,5.492096378953125,1.1195632895452778,1.3795786628003843,Bad
2.5647500470235896,5.058296435745612,1.0766487990672369,1.709212417723082,Bad
1.4541654429282402,2.660422998853633,1.0687912848814614,2.0887898818552664,Good
2.8395627379168404,1.208996350556882,1.090031928488146,2.098779582631724,Moderate
3.2798239467785635,2.2383601695360893,1.0291995398367664,1.5493891919817622,Moderate
1.8922066052141973,4.995162121514888,1.02215313797124,1.2846836974332383,Moderate
2.6339205479034447,1.6704353038923887,1.8476486684803728,1.6193123027441645,Moderate
3.748127295913701,1.5521176235499512,1.0608323886513795,2.663152127109972,Moderate
1.917614500047502,5.014944837668143,1.0610535934706569,1.469478777779302,Bad
1.4622275510009497,4.379910183734211,1.0279828993392923,1.2697003449367523,Good
2.3436846572859134,7.010538161395833,1.180722882238632,1.8890126476809168,Bad
1.5972970782984843,4.107779518946605,1.2043968348231635,1.3346286053109258,Good
1.7766497658366087,2.506610014408464,1.0093276237854645,1.1448386745766337,Good
2.7189816572852035,4.218240905314305,1.06486945355616,1.744172774436083,Moderate
1.376231688560808,4.048620678775386,1.0139914496696465,1.2796888470450098,Good
1.773962374980084,2.7984287412050524,1.0377160792848814,1.5194224869887896,Bad
1.647656036673261,6.198121641092519,1.0431403124757093,2.0288564718693216,Bad
2.494644728588487,2.845755813342027,1.0535324897007383,3.0726974949033288,Moderate
1.1750629365779326,5.99518315576917,1.0293154170229304,1.2397336399437795,Moderate
1.9647655778685804,4.592882008350599,1.15507190983288,1.349611957807412,Bad
3.2573902603585783,2.735294426974328,1.0,1.8790229469044597,Moderate
4.889441366642123,3.0902474680016403,1.0851653385153517,2.708102184599431,Bad
1.3430060642746944,3.0665839319331534,1.0152634123591138,1.544395540261733,Good
1.9786698119350976,4.983330353480644,1.1143649063350174,1.8091010348102567,Bad
2.8967941596971176,4.64418455454708,1.0715118663039254,2.0488346747540365,Moderate
2.057187714405046,3.0665839319331534,1.0012166404974738,1.5543840423699908,Good
2.241564643197218,5.377754172670193,1.5864749226583754,1.3446171074191833,Bad
2.521051034885516,5.192421358181798,1.3334628931208703,1.604328950247678,Bad
2.760226950707132,1.9347096747052572,1.3346288286047416,1.804106184422028,Bad
1.7470886599054318,1.3904483451300442,1.247182268169452,1.0799116128706598,Good
3.234956573938593,4.50617881219566,1.0437993097551497,1.669256011953652,Moderate
2.182442495831729,6.253305007204232,1.1729851908278277,1.174805379569606,Bad
2.424539474650249,2.90093917945374,1.0223863194714342,1.709212417723082,Good
3.192893395776905,5.055172848984571,1.0618569265448892,1.9664262360233624,Bad
2.170618092157377,2.849731287401533,1.0,1.589345597751192,Good
2.466602588315073,4.24976073535753,1.099765108433735,1.389567164908642,Good
3.357067262210649,2.703774596931102,1.1034150579090556,2.223640054323643,Moderate
2.133302076719493,5.040028185900739,1.083948698017878,1.5448486368412269,Bad
2.0185130080178846,5.492096378953125,1.0979401476875243,1.3845723145204134,Bad
1.3084632850200937,3.9619174826204473,1.010175589584143,1.2597118428284946,Good
2.699352165543501,3.516191117234416,1.0547491581811117,1.4395120727863295,Good
2.240796808024373,6.083684780665313,1.228527020598523,1.639289306960679,Bad
1.9730614225785337,2.7984287412050524,1.0,1.314650402426211,Good
1.995495108998519,3.575349957405635,1.0145997699183833,1.6942290652265954,Good
3.0638996666135574,2.5894323906481707,1.1095996984065293,2.148723291841211,Moderate
1.4998507005079709,5.452720254935162,1.0897784593859308,1.8490562419114869,Bad
2.346372048142438,2.971929787659203,1.6156237854644384,1.4445057245063584,Bad
1.5075622681216787,3.204684328428846,1.0292548620287605,1.3346286053109258,Good
1.9110182122161403,3.5911571994993845,1.0174893120870578,1.6342956552406505,Good
4.7940981671087535,1.8676945405593008,1.152080985619899,4.316315752111686,Bad
1.2714242836155885,5.685380141560532,1.0804508356004665,1.3346286053109258,Moderate
2.3488257023617183,2.9364344835564715,1.0024333089778468,1.829079237694972,Good
2.013138226304836,5.2752437344215055,1.053633899727944,1.2297451378355222,Bad
2.3060615077788915,6.6161143422062825,1.1107656338904004,1.6193123027441645,Bad
1.550910739800751,3.0784156999673966,1.012825486202876,2.0788013797470093,Good
2.1394446291085227,3.0429203958646656,1.2378546443839875,1.6792457127301093,Bad
1.7094655103984104,3.7804654880472848,1.0559657986785853,1.1048834674754036,Good
2.499552101523913,5.973318048441887,1.1247570835600469,1.234738789555551,Bad
2.023887725234069,2.8970583595385087,1.0571317621453555,2.2685901118131016,Good
1.0953431995333696,5.997738817664566,1.0279828993392923,1.2397336399437795,Good
1.8496760827717504,4.801973013051755,1.0462326187329964,1.4345172223981009,Moderate
1.7515286885600987,6.596426280197301,1.0340661298095608,1.294672199541496,Bad
1.9309982444168448,5.551255219124344,1.167897396035756,1.604328950247678,Bad
1.7712749841235595,5.7603462238255,1.2331908184998055,1.839067739803229,Bad
3.1391460301244645,4.557386704247867,1.0816167990672367,1.7341842723278256,Bad
3.291040789988556,3.204684328428846,1.1058483668869024,1.824084387306743,Moderate
1.468303349135137,4.214265431254798,1.0635974908666923,1.2796888470450098,Moderate
2.222753036195275,5.9456790383138935,1.0186552755538285,1.744172774436083,Moderate
2.510301600453147,3.985581018688935,1.1294209094442285,2.758047092477118,Moderate
4.191192699453706,1.2642743708128688,1.0888152879906725,3.482241664028486,Moderate
2.5506121408166926,1.6428909479086693,1.661095996890789,1.529412187765247,Bad
2.064198265597615,5.586750523227075,1.1034150579090556,1.0249718546047435,Moderate
1.4318485603300124,3.1928525603946025,1.0072998989506412,1.5643725444782484,Good
1.9916392929432325,5.673548373526288,1.2294597745821998,1.0,Bad
1.6898360186567072,4.904483451300443,1.0559657986785853,1.5144288352687607,Bad
2.381307871289799,5.216084894250287,1.1900505340069958,2.288568314697816,Bad
2.003907693033365,6.272993069213213,1.0437993097551497,1.204772084562579,Bad
2.193191994760963,3.3860416688577346,1.4045860769529732,1.4544954252828155,Moderate
1.740311845350106,3.748945658004059,1.0025438973960357,1.469478777779302,Good
2.292624682489998,2.699799122871596,1.167897396035756,2.5183134525333384,Good
1.168252712646754,3.823817086124754,1.041366028760202,1.3196452528144396,Good
2.280723463049929,2.699231198005952,1.069290975514963,2.067385263812886,Good
4.461331754048775,2.6761355868031087,1.1332519082782744,2.768035594585376,Bad
3.8190504345916985,1.6744107779518946,1.1001493136416634,3.527191721517945,Moderate
2.6957300861254585,2.3369897878695456,1.4045860769529732,2.103773234351753,Good
1.2767990653286376,4.088091456937622,1.012825486202876,1.0199782028847149,Good
2.3740636479568504,4.360222121725229,1.0401493882627284,1.3046619003179534,Moderate
1.9567034697958712,4.7111996886930365,1.1037699090555773,1.4594890770028446,Moderate
1.854583455707176,2.8930828854790027,1.02215313797124,1.829079237694972,Good
1.1654484534716072,3.6503160396706034,1.0,1.254716992440266,Good
1.980889794013999,5.567062461218094,1.324135241352507,1.5643725444782484,Bad
2.101821415104637,6.063996718656331,1.0781189366498252,1.6842393644501383,Bad
2.2388772523406937,4.845324611129223,1.0338126607073457,1.204772084562579,Moderate
2.598600839418093,4.275033391878674,1.0799511449669643,2.4877582014543043,Moderate
3.90504629703184,1.1064859123081938,1.263505644772639,2.578246862519284,Moderate
2.5425500327439834,4.462732559973917,1.036144587640886,1.609322601967707,Bad
3.7959390796155534,2.250191937570333,1.0559657986785853,2.0887898818552664,Moderate
3.829799933520932,1.1932837626074062,1.475709288767975,2.148723291841211,Moderate
2.912472251030225,4.620521018478592,1.0669156191216478,1.4944506323840456,Bad
1.8438339567779425,3.705499405782316,1.0116595507190052,1.3096555520379822,Good
1.6315318205278428,5.342258868567462,1.0093276237854645,1.0649282603741737,Bad
1.6369065377440275,2.71163089090584,1.3661095903614455,2.2336297551001,Moderate
1.6449686458167367,5.200277652156537,1.197046258841819,1.0,Moderate
1.5524296409616491,5.914159208270668,1.0462326187329964,1.4544954252828155,Bad
3.731301998850279,1.6744107779518946,1.0693489280994948,2.743063739980632,Moderate
7.023446287193919,1.0,1.0608323886513795,7.038291056083953,Bad
1.5748633273816344,5.890495672202181,1.018249719393704,1.0,Bad
1.6050419907911808,5.018825657583375,1.1049358725223477,1.3995556670168998,Moderate
1.8749139638700172,3.618796209627378,1.0152634123591138,1.4794672798875594,Good
1.376231688560808,5.890495672202181,1.079284872133696,1.034961555381201,Moderate
2.186181443568393,5.058296435745612,1.0571824391760591,1.234738789555551,Good
2.453866843944182,3.437344215054216,1.5748153999222696,1.234738789555551,Bad
1.6009935226013892,2.684086534922121,1.083948698017878,1.0,Good
2.4619289520168914,1.7375450921826194,1.1177613587252235,1.4744724294993308,Good
2.0185130080178846,5.492096378953125,1.0979401476875243,1.3845723145204134,Bad
4.280927445133647,4.013125374672654,1.0,2.098779582631724,Moderate
3.0345829393022807,1.7217378500888696,1.060629624562767,2.0088794676528066,Moderate
2.0776350908865093,1.3273140308993194,1.0256510003886514,2.598223866735798,Good
1.733651834616538,4.675704384590305,1.0766487990672369,1.484462130275788,Moderate
1.9620782515089203,6.170482630964526,1.083948698017878,1.0799116128706598,Bad
1.959390860652396,5.192421358181798,1.1154294597745822,1.4395120727863295,Bad
2.0749477645268493,3.630627977661622,1.0944422852701128,1.8740292951844304,Good
2.166806907932381,4.991281301599655,1.0559657986785853,1.709212417723082,Moderate
3.216346777625926,3.729162941850804,1.121259221142635,2.318535019690789,Moderate
1.7014034023257012,5.342258868567462,1.0909444228527012,1.329633754922697,Bad
1.4290443656517304,2.2108158135523697,1.0292548620287605,1.2597118428284946,Good
1.9002687132869067,3.914590410483472,1.7735272848814612,1.329633754922697,Bad
3.121946844737064,2.71163089090584,1.1216647773027597,2.238623406820129,Good
1.583275975913345,3.6976431118075785,1.0060832304702685,1.3196452528144396,Good
1.647656036673261,5.342258868567462,1.0559657986785853,1.4644839273910732,Bad
3.612123015557784,1.8913580766277884,1.212203643995336,2.173696345114155,Moderate
1.3757643442800491,7.349683960329396,1.0632656976292263,1.2397336399437795,Bad
4.462308946044052,2.4395002261182333,1.0746210742324136,3.007769234529156,Bad
1.6674023322367215,4.494347044161417,1.0559657986785853,1.2497221420520372,Moderate
1.168252712646754,3.350546364755004,1.0127194869801788,1.2397336399437795,Good
1.529995954541664,5.551255219124344,1.0529343272444618,1.4944506323840456,Moderate
3.192893395776905,3.1100301841548963,1.087598647493199,2.1187565868482388,Moderate
2.69093951701179,5.724850919722768,1.0790821080450836,2.423418487166193,Bad
2.2442520340537424,2.159513267355889,1.030314798289934,1.3645953103038984,Good
3.6275461507852,1.8266146419444065,1.1630308060629615,2.333518372187275,Moderate
2.1357056813718587,4.425533481274255,1.0617955600466382,1.2297451378355222,Moderate
2.365183655144381,2.648591230819389,1.5514962984842595,1.0699219120942025,Moderate
1.6786191754467146,4.771967649316912,1.010175589584143,1.6243059544641931,Moderate
1.2635959121801232,6.040333182587844,1.0462326187329964,1.3396222570309548,Moderate
1.2019032422767315,4.419380961896448,1.0,1.2397336399437795,Good
1.7390265518327226,6.312463847375451,1.0687912848814614,1.11986681997189,Moderate
3.289638692649415,1.3786165770958003,1.2087057815779243,1.5843507473629632,Good
1.285144056649402,4.111754993006111,1.0765847741935484,1.2697003449367523,Good
2.0803224817430337,5.003113069633899,1.0209871745044694,1.3845723145204134,Moderate
2.536707906750175,3.346665544839772,1.035282798289934,1.4994454827722743,Good
3.145221828258652,1.6231082317554135,1.0729988775748154,2.198668199718899,Moderate
2.2496267512699277,4.624496492538098,1.0324012592304703,1.4245287202898431,Moderate
2.0431666765167718,3.985581018688935,1.0377160792848814,1.529412187765247,Moderate
3.5718124751942377,4.770358528864255,1.2565099199378158,2.628190571728771,Bad
3.1990359481659345,2.4829464783399766,1.0610535934706569,2.018867969761064,Moderate
2.071208816790185,4.163057539202592,1.1216647773027597,1.449500574894587,Moderate
2.6180300683952704,2.6524720507346213,1.0050877947920716,1.839067739803229,Good
1.5939086065239567,3.236204158472072,1.0586308340458608,1.824084387306743,Good
2.867337796674022,1.6980743140203822,1.1345844259619122,1.918979352673889,Good
1.856886896728846,4.348390353690985,1.2961523420132142,1.1348501724683762,Good
1.86533295463641,4.801973013051755,1.0209871745044694,1.3346286053109258,Moderate
2.295545745486902,6.178338924939263,1.0535324897007383,1.4345172223981009,Bad
4.168408472574718,1.7769212162005823,1.305479993781578,3.776915062238182,Moderate
2.382476296488561,2.573625148554421,1.0048665899727944,1.779134329817284,Good
2.2066288200498567,2.1516569733811512,1.0326467252234746,1.5044391344923034,Good
1.647656036673261,7.353659434388902,1.0909444228527012,1.3596004599156697,Bad
2.93490593745021,1.903189844662032,1.1783909832879906,2.35349657507199,Good
1.8650167910062303,7.003817717152383,1.0197526249514186,1.6892342148383668,Bad
2.186181443568393,1.9110461386367696,1.284916788184998,2.0238628201492928,Bad
2.1582561716136013,6.0166696465193565,1.2401865433346289,1.4045505174051285,Bad
2.575966890233582,4.368078415699968,1.1545142666148465,2.213651552215385,Moderate
2.5962973983964237,2.4237876381687578,1.0921103863194714,1.8490562419114869,Good
1.5939086065239567,4.34441487963148,1.054799835211815,1.154828375353091,Moderate
4.003310495065248,1.4377754172670194,1.1289646762534007,3.257491376581193,Moderate
2.8059122082868626,3.177045318300853,1.081515389040031,2.338513222575504,Moderate
1.7038570565449818,3.800153550056266,1.0012166404974738,1.329633754922697,Good
1.5218382621156448,4.707318868777804,1.0524679362611735,1.4245287202898431,Moderate
2.1693562110018365,1.2366353606848752,1.0291995398367664,2.5682571617428263,Good
2.762914277066792,2.2620237056045767,1.222697231247571,1.5593788927582195,Good
1.3090474976194746,3.1375745401386155,1.0,1.274695195324981,Good
3.759344139123693,1.5482368036347192,1.122881417800233,2.3784684296767336,Moderate
3.6309346225597263,5.496071853012631,1.3113097551496309,1.7192009198313394,Bad
2.1188803843084374,5.657741131432537,1.0425826692576758,1.2647054945485237,Moderate
1.927142428361559,5.724850919722768,1.1574038087835212,1.449500574894587,Bad
1.765900266907375,5.125311569891568,1.005829761368053,1.389567164908642,Moderate
1.112168432099926,5.164782348053805,1.0012166404974738,1.2896785478214672,Good
2.665701635913523,3.737113889969816,1.0304162083171395,1.834072889415001,Moderate
2.440429954158424,5.346234342626968,1.0254390019432569,1.4644839273910732,Bad
4.157542169823728,2.52232260235794,1.1399144966964632,2.7880137974700907,Moderate
2.037324550522963,3.2520114005658214,1.1119315973571706,1.4794672798875594,Good
1.3816064702738573,6.489940367889107,1.130586872910999,1.2597118428284946,Bad
2.163630953326651,5.452720254935162,1.0594636610959969,1.3396222570309548,Bad
2.3409973309262533,5.429056718866674,1.2180334333462883,1.899001149789174,Moderate
3.019032293773587,4.514035106170399,1.2189966047415468,2.083796230135237,Bad
1.174678986743078,3.3071947666775343,1.0,1.15982202707312,Good
1.7156080627874395,6.162626336989788,1.037310523124757,1.419533869901615,Bad
2.3436846572859134,4.182745601211574,1.0524679362611735,1.4544954252828155,Moderate
3.211705002778848,3.1612380762071037,1.1643995336183444,2.173696345114155,Moderate
2.752164842634423,2.1476814993216453,1.2693354061406918,1.7741394794290557,Good
1.2131200854867243,5.13326251801058,1.0,1.214761785339036,Good
2.459241561160366,4.462732559973917,1.1737271574038088,2.2685901118131016,Moderate
1.3842937966335174,3.606964441593135,1.1189273221919938,1.3446171074191833,Good
2.822737505350284,4.253736209417036,1.008516539448115,1.3995556670168998,Moderate
1.86802028099607,3.953966534501435,1.1574038087835212,1.6492790077371366,Moderate
2.255001468486112,4.170913833177329,1.0559657986785853,1.8440625901914576,Good
1.7571370779166626,3.346665544839772,1.0523158492032647,1.5593788927582195,Good
2.937977213644725,5.237950001577569,1.050635727944034,1.626576232034461,Moderate
1.389785382168324,3.413680678985728,1.0114475522736106,1.2846836974332383,Good
3.461630353032833,2.565768854579683,1.108433734939759,2.8479472074560355,Moderate
1.6664675791783397,5.432937538781906,1.1002720466381657,1.4594890770028446,Moderate
4.9735677229655,2.1279934373126634,1.167897396035756,3.98168714680076,Bad
2.445804735871473,5.058296435745612,1.054799835211815,2.1886796976106413,Bad
2.8354732497211748,2.5854569165886647,1.4185775266226195,1.8140958851984847,Moderate
2.354434156215147,8.454013861573571,1.4605518756315583,1.604328950247678,Bad
3.5265945618952657,1.504790551412976,1.159380856587641,2.103773234351753,Moderate
1.9169771420317057,2.25416741162984,1.0145997699183833,1.3396222570309548,Good
2.33024783199702,2.498659066289452,1.0446560342013214,1.414539019513386,Good
1.5428486317280417,1.9505169167990075,1.06645938593082,1.0,Good
2.6903553044124093,2.0372201129539453,1.271667305091333,2.2685901118131016,Moderate
1.988951902086708,4.636328260572341,1.4792071511853866,1.3795786628003843,Bad
1.6046581054531908,6.470252305880126,1.0466381748931208,1.254716992440266,Bad
2.8535837758051152,4.565337652366879,1.032849489312087,1.7691458277090266,Moderate
2.5506121408166926,1.6428909479086693,1.661095996890789,1.529412187765247,Bad
2.0534487666683816,4.064427920869136,1.0757870097162845,1.3596004599156697,Moderate
1.929829819218084,3.3071947666775343,1.0206830003886511,1.8490562419114869,Good
1.5552339001367956,6.158650862930282,1.1411864593859309,2.67147567908882,Bad
1.6987160114691764,4.5850257143758615,1.521181500194326,1.354605609527441,Bad
1.4971633096514465,5.141118811985318,1.13291877186164,1.2397336399437795,Moderate
1.0510600392927798,4.955785997496924,1.0,1.0,Good
2.6957300861254585,4.971498585446399,1.1165954232413524,1.484462130275788,Bad
2.187817277544778,2.6130959267166585,1.215701506412748,1.2796888470450098,Moderate
1.66459813755844,5.886520198142675,1.13291877186164,1.1448386745766337,Bad
2.267503605213488,5.050440141770873,1.0,1.6842393644501383,Bad
1.803279102291361,5.7405635076722445,1.0038158600855034,1.2647054945485237,Bad
1.112168432099926,3.6503160396706034,1.0012166404974738,1.0299667049929724,Good
1.914172947353424,1.8400555304313075,1.0407023863194715,1.5593788927582195,Good
3.0516145618354984,2.5459861384264277,1.323075305091333,1.5394006898735046,Moderate
2.598984789252948,4.387861131853223,1.0757870097162845,1.4345172223981009,Moderate
2.440429954158424,4.608689250444348,1.08861252390206,1.3596004599156697,Moderate
1.6479003507962968,4.013125374672654,1.005829761368053,1.2896785478214672,Good
2.050761440308721,1.7295941440636076,1.2658375437232805,1.2497221420520372,Good
2.107196196817686,5.665692079551549,1.3521181406917997,1.0799116128706598,Bad
2.5264258165985654,2.4276684580839896,1.1177613587252235,1.779134329817284,Good
2.369092552119218,3.0074250917619345,1.2287297846871357,1.7691458277090266,Moderate
3.1660196807022527,5.563086987158588,1.1364166342790516,1.5194224869887896,Bad
1.6288444296713185,5.200277652156537,1.0,1.3596004599156697,Moderate
2.98865330310265,2.447451174237245,1.1119315973571706,1.7042175673348532,Moderate
3.596699880330368,1.6073956438059378,1.0936818779634667,2.0688128776387518,Moderate
1.8088981981274452,3.468864045097441,1.0116595507190052,1.03995520710123,Good
3.192893395776905,2.5972886846229084,1.1667314325689857,2.11376293512821,Moderate
1.7683539211266557,2.506610014408464,1.041974349008939,1.349611957807412,Good
3.0808725325031414,1.6993994720402177,1.4819277046249515,1.772474529299646,Moderate
2.3740636479568504,4.454876265999179,1.0474492592304705,1.354605609527441,Bad
1.020521741366326,4.64418455454708,1.0139914496696465,1.1448386745766337,Good
2.437742627798764,5.969342574382381,1.3089778561989895,1.6243059544641931,Bad
2.3194983330677856,5.089816265788837,1.2518460940536338,1.1348501724683762,Bad
1.5643475650896446,5.425081244807168,1.036144587640886,1.938956356890404,Bad
2.924156438520976,5.669572899466782,1.031798759424796,1.5144288352687607,Bad
2.7252911275597707,4.230072673348548,1.1539059463661097,1.15982202707312,Bad
1.988951902086708,5.894376492117413,1.101438010104936,1.484462130275788,Bad
3.343386058301855,5.480264610918881,1.2366886809172173,2.258601609704844,Bad
4.121087381018603,1.6704353038923887,1.1459977271667314,1.0,Moderate
1.857270846563701,2.3764605660317826,1.1655654970851146,1.3446171074191833,Good
1.7470886599054318,4.308919575528749,1.0501360373105324,1.5593788927582195,Moderate
1.9432666445069773,4.857156379163468,1.3637776914108044,1.544395540261733,Moderate
2.569423683321771,1.0,1.0773644897007384,1.9829079237694969,Good
1.4837264843625526,4.747168263517137,1.0314807617567043,1.7391791227160542,Moderate
1.94501928230512,3.8514560962527473,1.1216647773027597,1.0499449078776877,Good
1.5412127977516563,4.545554936213623,1.0915803902059853,1.2497221420520372,Good
2.2066288200498567,4.348390353690985,1.2751651675087443,1.609322601967707,Bad
1.492521534804368,4.794022064932743,1.2543899914496697,1.3246389045344684,Moderate
1.8411466304182824,4.754645940914779,1.1049358725223477,1.5044391344923034,Moderate
1.7444013335457718,2.297519009707308,1.191216469490867,1.204772084562579,Good
2.2442520340537424,5.081959971814099,1.0635974908666923,1.764150977320798,Moderate
1.5885338893077725,3.930302998432948,1.0209871745044694,1.274695195324981,Good
5.416633126505506,1.3864728710705383,1.1216647773027597,4.111542468880908,Bad
1.8973476502900024,4.458851740058686,1.0340661298095608,1.0,Moderate
1.3255555991028831,7.014797597888161,1.0413080761756703,1.2197554370590649,Bad
4.781128686100619,2.810260509239296,1.0326467252234746,2.443396690050907,Bad
2.4646162783765515,5.247604724293511,1.1189273221919938,1.644284157348908,Bad
1.6786191754467146,5.996981584510375,1.018249719393704,1.0,Bad
2.502239492380437,2.971929787659203,1.0524679362611735,1.4994454827722743,Moderate
3.579874583266947,2.6249276947509017,1.0085220520792848,4.141509173873882,Moderate
2.17169306139936,4.667848090615568,1.114263496307812,1.7741394794290557,Bad
1.3574201460557298,5.882544724083169,1.0944422852701128,1.0,Bad
4.384683293198727,1.4284046569838982,1.0450159782355228,2.5133186021451097,Moderate
1.992690849823372,5.827361357971456,1.0851653385153517,1.779134329817284,Bad
1.4407285531424818,4.723031456727281,1.0023318989506411,1.0499449078776877,Moderate
4.146325326613735,2.4001241021002704,1.0742155180722892,4.141509173873882,Bad
2.250678308150067,4.7111996886930365,1.0145997699183833,1.409545367793357,Bad
1.4221613247604388,6.868556944984908,1.0851146614846483,1.4045505174051285,Bad
1.7712749841235595,5.582869703311843,1.0501360373105324,1.884017797292688,Moderate
2.3114362249950764,5.855000368099449,1.06645938593082,1.824084387306743,Bad
1.353330657860064,4.040764384800648,1.081515389040031,1.5943392494712207,Good
1.4702896590736587,3.942134766467192,1.0233190734551108,1.0,Good
2.113271994951874,3.0035442718467023,1.3381266910221532,1.4644839273910732,Moderate
2.875783790084721,4.707318868777804,1.3661095903614455,1.3246389045344684,Bad
4.000506300386967,2.3961486280407645,1.0,2.11376293512821,Moderate
3.058524949397373,2.498659066289452,1.276331130975515,1.8790229469044597,Moderate
2.021982165370004,4.746694992795767,1.054799835211815,1.389567164908642,Good
1.6505770996701652,3.989461838604167,1.0012166404974738,1.5144288352687607,Good
1.521349633869574,5.590725997286581,1.0174893120870578,1.3396222570309548,Good
1.776766569658366,2.10035442718467,1.0279828993392923,1.5044391344923034,Good
2.460994198958509,1.7295941440636076,1.0139914496696465,1.8940062994009452,Good
3.993729485831641,1.7295941440636076,1.4244073159735715,1.9489460576668611,Moderate
2.3678709815040406,2.8930828854790027,1.1154294597745822,1.529412187765247,Good
1.5455359580877015,3.374209900823491,1.138748533229693,1.4794672798875594,Good
3.422838713830185,3.882975926295973,1.081515389040031,2.098779582631724,Moderate
1.7851792181900763,5.791866053868725,1.048334106490478,1.5194224869887896,Bad
1.9217677111453744,4.762502234889517,1.064127486980179,1.529412187765247,Good
3.2466407614293447,3.0823911740269025,1.083948698017878,1.6592675098453944,Moderate
2.113271994951874,4.663872616556061,1.0036499494753206,1.7431742838257174,Moderate
3.5041608754752804,5.713019151688525,1.100981776914108,2.5133186021451097,Bad
1.9755150767978145,2.246311117655101,1.0687912848814614,1.3596004599156697,Good
2.738611149026907,2.273855473638821,1.1034150579090556,2.4334069892744496,Good
1.132065005357862,2.6722547668878764,1.0,1.3096555520379822,Good
1.6422812549602122,6.202002461007751,1.2576758554216867,1.2647054945485237,Moderate
2.14335352608336,3.267723988515297,1.2391266070734552,2.2086567018271563,Good
5.1782751599205135,1.6940988399608763,1.0742155180722892,3.4372916065390275,Moderate
1.905643494999956,3.997412786723179,1.1235911480761758,1.1947835824543211,Moderate
1.7683539211266557,5.432937538781906,1.0,3.02774743741387,Bad
1.3493580379830206,3.2401796325315777,1.1200932856587642,1.3995556670168998,Good
2.4243057380130053,5.5275916830558565,1.1352506708122814,1.6742508623418806,Bad
2.9657522724019056,4.628377312453329,1.1070650073843762,1.824084387306743,Bad
1.7148402276145949,5.097767213907848,1.0104935872522347,1.2597118428284946,Bad
2.884430110756811,2.411955870134514,1.087598647493199,1.729189421939597,Good
2.289937291633473,2.273855473638821,1.004501609016712,1.724195770219568,Good
1.518662307509914,5.2752437344215055,1.1049358725223477,1.0849052645906887,Moderate
2.26189515136006,2.234479349620857,1.0020351123202489,2.093784732243495,Moderate
1.1155569038744535,4.667848090615568,1.0034978624174116,1.0,Good
1.1397432280925812,3.429487921079477,1.0,1.9289678547821465,Good
2.193191994760963,2.131874257227896,1.053633899727944,1.274695195324981,Good
2.441364707216806,6.9632110892588575,1.0231163093664983,1.804106184422028,Bad
3.8701104738844783,1.0591588401712189,1.2213192973183056,2.2685901118131016,Moderate
3.338712422003673,1.8873826025682825,1.482069046249514,3.372364544833053,Bad
1.7282771174003533,4.427237255871185,1.1154294597745822,1.3346286053109258,Moderate
2.054383519726764,3.567493663430897,1.0038158600855034,1.0799116128706598,Good
2.064198265597615,3.326882828686516,1.0338126607073457,1.414539019513386,Good
1.7417139426892472,4.0999232249718665,1.0534219012825496,2.1087680847399817,Good
1.1397432280925812,2.9364344835564715,1.0384764865915277,1.5593788927582195,Good
1.992690849823372,2.975905261718709,1.0547491581811117,1.0,Good
1.9029561041434315,4.261592503391773,1.247182268169452,1.2647054945485237,Moderate
2.760226950707132,1.9347096747052572,1.3346288286047416,1.804106184422028,Bad
1.639360191963308,2.561793380520177,1.0888152879906725,1.0249718546047435,Good
1.639593928600552,6.363766393571932,1.3404586179556937,1.4794672798875594,Bad
2.131382521035814,5.697211909594775,1.0570151574038087,1.4644839273910732,Bad
2.9590922616683377,2.2699746537235885,1.5083560139914498,2.138734789732954,Bad
2.5506121408166926,5.196302178097031,1.1574038087835212,1.6642623602336228,Bad
2.7709763851395013,4.54953041027313,1.0559657986785853,1.744172774436083,Moderate
1.860892925981743,4.521891400145136,1.0072998989506412,1.1448386745766337,Good
1.408480120851645,5.2042531262160425,1.0,1.294672199541496,Good
3.1680869342058244,1.5521176235499512,1.0790821080450836,2.083796230135237,Good
2.088384589815744,4.821661075060737,1.1853867081228138,1.4395120727863295,Bad
1.8088981981274452,2.4513319941524774,1.1119315973571706,1.1698117278495772,Good
3.010619645241876,2.02150752500447,1.0097331799455889,2.388456931784991,Good
1.415023327763456,2.8260677513330457,1.020351207151185,1.3096555520379822,Good
1.4622275510009497,5.212109420190781,1.125923047026817,1.0,Good
1.7627455317700913,3.236204158472072,1.0559657986785853,1.9689230618833768,Good
2.954535429191913,2.3093507777415523,1.0863820069957248,1.5394006898735046,Good
1.682591795323758,4.868988147197712,1.3940924897007383,1.4794672798875594,Bad
1.80480870993178,2.80628503517979,1.0,1.449500574894587,Good
2.163747757148408,5.989030636391363,1.0060832304702685,1.314650402426211,Bad
3.689238820688591,2.033339293038713,1.068132287602021,3.557158426510917,Moderate
1.7014034023257012,6.04430865664735,1.0501360373105324,1.2197554370590649,Bad
2.335622549213204,4.640209080487574,1.0408083855421686,1.314650402426211,Moderate
1.8169603062001547,6.12315555882755,1.1072677714729888,1.2197554370590649,Bad
2.0561361575249064,3.662147807704848,1.0407023863194715,1.544395540261733,Good
2.289937291633473,4.675704384590305,1.1434123591138747,1.544395540261733,Moderate
2.0426993322360127,4.5850257143758615,1.2180334333462883,1.1847950803460634,Bad
4.3454243097153205,2.5854569165886647,1.1058483668869024,2.1886796976106413,Moderate
2.0856971989592186,4.43906902390543,1.0314807617567043,1.0799116128706598,Bad
2.269415550267148,2.924602715522228,1.048334106490478,1.4944506323840456,Good
3.03024913698358,3.792297256081529,1.100981776914108,2.303551667194302,Moderate
1.8328507857083287,6.363766393571932,1.030781189273222,1.3046619003179534,Bad
1.3421138146500715,6.103467496818569,1.0055965798678586,1.5244173373770182,Bad
1.825022414272864,5.4763837910036495,1.2938204430625728,1.0549385595977163,Bad
1.4570865059251443,5.026776605702387,1.0228951045472212,1.4045505174051285,Good
1.5294117419422832,4.194577369245817,1.1270890104935871,1.274695195324981,Good
3.612123015557784,1.8913580766277884,1.212203643995336,2.173696345114155,Moderate
3.848611540522875,3.5951326735588904,1.1643995336183444,1.4295223720098722,Moderate
1.7148402276145949,4.139394003134104,1.0046638258841818,1.03995520710123,Good
3.058524949397373,3.4806958131316845,1.1469102215312863,1.8890126476809168,Moderate
1.6530307538894458,3.070559405992659,1.3031480668480373,1.4544954252828155,Moderate
4.479898982430818,2.971929787659203,1.0644823381267003,2.7330740392041744,Bad
2.7252911275597707,4.825636549120242,1.150408083948698,2.093784732243495,Bad
1.857270846563701,4.971498585446399,1.517683637776914,1.4644839273910732,Bad
2.8784711809412453,5.06425964683487,1.1760590843373495,1.544395540261733,Moderate
1.2848611734013469,4.498227864076648,1.0433734939759036,1.2397336399437795,Good
1.7178781589301209,4.979449533565411,1.099765108433735,1.7192009198313394,Bad
1.193490593745021,5.614389533355069,1.0921103863194714,1.2226094660425957,Bad
2.0880340493567418,3.1849016122755907,1.031798759424796,1.4445057245063584,Good
2.456554170303842,4.975474059505905,1.0046638258841818,1.829079237694972,Bad
1.9513287525796867,3.0390395759494333,1.1853867081228138,1.2846836974332383,Moderate
2.4028068046514024,3.3584973128740154,1.4550262883793237,1.0249718546047435,Moderate
2.1721604056801187,2.9600980196249598,1.0547491581811117,1.6842393644501383,Good
1.674529687251049,4.502203338136154,1.220047334628838,1.5993340998594494,Moderate
2.768289058779841,5.231797482199762,1.068132287602021,1.779134329817284,Bad
1.954016143436211,4.22221637937381,1.258841818888457,1.3645953103038984,Good
1.5951301771391335,5.145094286044824,1.0356145915274,1.3446171074191833,Good
1.824438201673483,2.411955870134514,1.1386978561989896,1.4894557819958172,Good
3.148918272561557,1.2129718246163876,1.035282798289934,2.383463280064962,Moderate
3.212522887518608,1.958373210773745,1.090031928488146,3.037735939522128,Moderate
2.381307871289799,5.898351966176919,1.037310523124757,1.987138023846305,Bad
1.950627671661684,4.537698642238886,1.0012166404974738,1.2247502874472935,Good
1.5580380948150778,5.200277652156537,1.1422463956471045,1.0749167624824312,Moderate
2.533903712071893,2.660422998853633,1.1399144966964632,1.9539397093868904,Good
3.104210206977104,4.186721075271079,1.234356781966576,1.9539397093868904,Moderate
2.0227360047232343,2.1831768034243764,1.0912485969685193,1.5094339848805318,Good
2.3786204804332747,3.993437312663673,1.0046638258841818,1.3346286053109258,Moderate
1.301962581542042,4.308919575528749,1.0,1.0,Good
1.55897284787346,5.5710379352776,1.1247570835600469,1.5993340998594494,Bad
2.443117345014948,1.9347096747052572,1.130586872910999,1.5493891919817622,Good
3.490139837587006,2.222647581586614,1.0851653385153517,4.436182572083577,Moderate
2.390888880523407,2.9955933237276904,1.0109498204430625,1.2197554370590649,Good
2.6937437761869365,3.2913875245837847,1.0523158492032647,1.7341842723278256,Moderate
2.327560441140495,1.512741499531988,1.053633899727944,1.5394006898735046,Good
5.772767979043851,4.036788910741142,1.034978624174116,2.443396690050907,Bad
1.2860295986001085,3.43336874099471,1.0717822090944422,1.314650402426211,Good
1.459540160144425,4.1157304670656165,1.1783909832879906,1.2796888470450098,Moderate
1.929829819218084,3.6661232817643534,1.0979401476875243,1.1698117278495772,Good
1.496345424911686,5.582869703311843,1.1935483964244074,1.274695195324981,Moderate
1.214989527106624,6.131011852802288,1.054799835211815,1.839067739803229,Bad
1.6977388194738996,5.4053931827981865,1.2531180567431015,1.859045942687944,Bad
2.7498279922369,4.648160028606586,1.024332949863972,1.8091010348102567,Bad
2.2759162537451987,2.569649674494915,1.0385677388262728,1.983906414379863,Good
3.369558692458505,5.11745527591683,1.0717822090944422,1.918979352673889,Bad
2.5899879281218565,3.800153550056266,1.166680755538282,1.7841291802055128,Moderate
1.773962374980084,2.865443875351009,1.0559657986785853,1.6642623602336228,Good
3.762148333801975,2.510490834323696,1.0218996688690245,2.178689996834184,Moderate
2.242265724115221,6.624065290325294,1.032849489312087,1.3645953103038984,Bad
2.2872499007769487,3.6463405656110974,1.2774970944422852,1.449500574894587,Good
2.160943562470126,5.381729646729699,1.0769529731830547,1.6592675098453944,Bad
1.4837264843625526,5.764227043740732,1.035282798289934,1.4295223720098722,Bad
2.706479520557828,4.387861131853223,1.371939379712398,1.544395540261733,Moderate
1.8008360900547362,4.498227864076648,1.06645938593082,1.2896785478214672,Moderate
3.148918272561557,1.6192274118401817,1.180722882238632,2.5882353646275407,Good
1.090295610414343,4.140056582144021,1.0125923047026817,1.03995520710123,Good
2.3993015290551174,3.070559405992659,1.10828164788185,1.529412187765247,Good
3.3555376545702296,3.71733117381656,1.058399107656432,1.8790229469044597,Moderate
1.8132213584634904,4.999137595574393,1.0597816587640887,1.329633754922697,Moderate
1.6315318205278428,3.074534880052165,1.1690633595025262,1.0,Good
2.7834785218668774,3.953966534501435,1.149647676642052,2.11376293512821,Moderate
1.878769779925304,3.110787417309088,1.0017489312087058,1.1567486418090407,Good
1.9217677111453744,2.029363818979208,1.1492421204819276,1.3596004599156697,Moderate
1.755150767978141,4.782190296898499,1.0909444228527012,1.0,Bad
2.250678308150067,4.936003281343668,1.2384629646327243,1.8490562419114869,Bad
2.553533203813597,3.90663946236446,1.059615748153906,1.669256011953652,Moderate
1.4864138752190772,4.782190296898499,1.0,1.409545367793357,Moderate
2.3320004697951617,2.1082107211594083,1.0,1.5394006898735046,Good
1.0030712761945146,5.2042531262160425,1.0026650353672757,1.059933409985945,Good
2.0319498333067787,2.372485091972277,1.0629615235134084,1.6492790077371366,Good
1.967452968725105,5.164782348053805,1.246016332685581,2.045504774495217,Bad
1.0196294917417033,4.971498585446399,1.0,1.0,Good
2.005076118232126,4.955785997496924,1.35445006762534,1.409545367793357,Bad
2.193191994760963,2.045171061072957,1.6715895841430235,2.333518372187275,Bad
1.2131200854867243,5.791866053868725,1.0629615235134084,2.198668199718899,Bad
2.109883523177346,3.685811343773335,1.241352506801399,1.204772084562579,Moderate
2.4273436693285317,3.752826477919292,1.0474492592304705,1.2497221420520372,Moderate
1.389912892469602,3.9461102405266977,1.0,1.11986681997189,Good
2.421618411653345,4.376029363818979,1.3754372421298096,1.294672199541496,Moderate
4.07341581350035,1.2918187267965882,1.116798187329965,2.578246862519284,Moderate
1.601970714596666,6.375598161606176,1.1095996984065293,1.1897887320660925,Bad
2.9644669788845226,3.421536972960466,1.1737271574038088,1.9539397093868904,Moderate
2.5318005338147493,3.382160848942503,1.0198212110376992,1.4644839273910732,Moderate
2.6677046505399717,2.500930765752027,1.276179043917606,1.7591561269325693,Bad
1.2327495772284274,4.918681572941535,1.018249719393704,1.2697003449367523,Good
2.012320341565076,3.772609194072547,1.2358558538670812,1.4445057245063584,Bad
4.961182454556746,1.2248035926506315,1.4349009032258064,2.4084351346697064,Bad
1.1101821221614043,4.28137521954503,1.0279828993392923,1.4794672798875594,Good
1.81388903000564,5.673548373526288,1.234356781966576,1.8740292951844304,Bad
1.720215009327644,3.228347864497334,1.2017100567431014,1.3995556670168998,Good
1.9970140101594172,4.750670466855274,1.0198212110376992,1.4245287202898431,Moderate
2.4243057380130053,4.391741951768454,1.197046258841819,1.3845723145204134,Moderate
1.0671842554381985,5.22791666228453,1.0186552755538285,1.2397336399437795,Good
1.6561854890267294,5.780034285834482,1.0012166404974738,1.254716992440266,Moderate
1.905643494999956,4.462732559973917,1.0979401476875243,1.0749167624824312,Moderate
1.8636971206600248,3.031088627830422,1.0048665899727944,1.1897887320660925,Good
2.9994028020318835,3.512310297319184,1.1562378453167508,2.093784732243495,Good
2.0856971989592186,1.6428909479086693,1.0816167990672367,1.5394006898735046,Good
2.222753036195275,5.160806873994299,1.1982121943256898,1.0998886170871751,Bad
2.0265751160905943,3.579325431465141,1.0256510003886514,1.4245287202898431,Good
2.499552101523913,4.880819915231955,1.071123211815002,1.1947835824543211,Moderate
1.4998507005079709,2.861563055435777,1.0279828993392923,1.3695889620239272,Good
2.160943562470126,4.234048147408054,1.179556946754761,1.2846836974332383,Moderate
1.599283388237006,1.9741804528674949,1.0314807617567043,1.419533869901615,Good
1.5858464984512477,3.5398546533029034,1.1527399828993392,1.1048834674754036,Good
4.146325326613735,2.9837615556934467,1.1070650073843762,2.4034402842814773,Bad
1.6449686458167367,5.685380141560532,1.1853867081228138,1.0649282603741737,Bad
1.6870318239784252,6.430781527717889,1.2299464251846093,1.5543840423699908,Bad
3.9528347328687135,2.3843168600065203,1.0948985184609406,3.7968920664546975,Moderate
3.596699880330368,2.3409652619290515,1.1982121943256898,3.192564314875219,Moderate
2.7189816572852035,1.7690649222258448,1.0364994387874078,1.9289678547821465,Moderate
4.976371917643782,1.2287790667101377,1.1995302448503693,4.625971304149669,Bad
1.7793370921962686,3.630627977661622,1.1072677714729888,1.4594890770028446,Good
1.580471781235063,4.068403394928641,1.0513019727944035,1.779134329817284,Moderate
1.86533295463641,6.265136775238476,1.0705655685969686,1.2097669349508071,Bad
1.7879834128683587,4.648160028606586,1.3812670034978625,1.11986681997189,Good
2.8999701143028487,3.133693720223384,1.121259221142635,2.2336297551001,Moderate
2.601672115612608,3.2913875245837847,1.4605518756315583,1.9489460576668611,Moderate
2.8166617072160967,2.214696633467602,1.06645938593082,2.867924211672551,Good
1.5580380948150778,6.911908543062377,1.122425184609405,1.5993340998594494,Bad
1.6691549700348642,2.0253883449197017,1.1200932856587642,1.0749167624824312,Good
2.278720448423481,2.2896627157325704,1.0547491581811117,1.4295223720098722,Good
2.996715411175359,4.632352786512836,1.0151574131364167,2.228634904711871,Moderate
4.781861628469725,4.360222121725229,1.0890364928099494,2.3285235217990463,Bad
2.06688565645414,5.784009759893987,1.1842207446560435,1.0,Bad
4.219234775230255,4.080235162962885,1.1192314963078118,2.31354016930256,Moderate
3.6578082731375146,1.0788469021802003,1.1958802953750487,2.288568314697816,Moderate
2.98596597674299,2.234479349620857,1.234356781966576,1.5743622452547057,Moderate
2.5318005338147493,5.543398925149606,1.1865526715895842,1.6992227169466243,Bad
1.6901164510239082,2.703774596931102,1.053167508744656,1.3596004599156697,Good
2.220065709835615,4.872963621257218,1.0151574131364167,1.5793558969747346,Moderate
1.8115855244871053,4.056571626894398,1.036144587640886,1.4445057245063584,Moderate
1.7793370921962686,6.38742992964042,1.0,1.9539397093868904,Bad
1.5965959973804815,4.9123397452751805,1.099765108433735,1.5244173373770182,Moderate
3.2030771282100283,3.1297182461638777,1.1840980116595414,2.038846172645779,Moderate
1.5019538787651148,1.7138815561141318,1.035282798289934,1.2796888470450098,Good
1.748724493881817,4.289231513519767,1.0389327197823552,1.094894965367146,Good
2.418931020796821,1.3312895049588254,1.0470621438010106,1.779134329817284,Good
1.336505360796643,5.231797482199762,1.0218996688690245,1.374583812412156,Moderate
3.559352841900621,2.0096757569702257,1.234356781966576,3.422308254042542,Moderate
4.454788547136964,2.904914653513246,1.0778654675476098,2.103773234351753,Moderate
1.9336688660885784,5.614389533355069,1.0190792444617178,1.764150977320798,Bad
1.7262908074618315,5.058296435745612,1.0165353470656822,1.4894557819958172,Moderate
1.5455359580877015,3.374209900823491,1.138748533229693,1.4794672798875594,Good
2.9725290869572314,3.800153550056266,1.1177613587252235,1.544395540261733,Moderate
1.112168432099926,3.5398546533029034,1.0255495903614458,1.1498335249648624,Good
1.599283388237006,6.864581470925402,1.1585697722502917,1.3995556670168998,Bad
3.0128396273207776,5.819505063996719,1.2087057815779243,1.839067739803229,Bad
1.5468212516050852,6.324295615409695,1.049882568208317,1.2397336399437795,Bad
2.43505523694224,3.4846712871911905,1.0501360373105324,1.644284157348908,Good
1.733651834616538,6.288800311306964,1.1037699090555773,1.5943392494712207,Bad
2.267503605213488,2.167369561330627,1.0729988775748154,1.8690344447962015,Good
2.8928427592885217,2.3409652619290515,1.0620490291488536,2.897890916665524,Good
3.093192014110022,3.0272078079151896,1.0617955600466382,1.99389611515632,Moderate
2.2078503906650333,7.47197711473134,1.1857047057909056,1.349611957807412,Bad
1.7793370921962686,3.973749250654691,1.0256510003886514,1.3596004599156697,Moderate
1.7014034023257012,5.026776605702387,1.212203643995336,1.1798002299578347,Bad
1.4622275510009497,4.5298423482641486,1.0069957248348231,1.6143174523559356,Good
2.1357056813718587,4.494347044161417,1.032849489312087,1.5493891919817622,Bad
1.2075116316332957,5.5339335107222105,1.0097331799455889,1.2397336399437795,Moderate
1.8973476502900024,3.287506704668553,1.0364994387874078,1.1498335249648624,Good
1.9701403595816296,5.492096378953125,1.0617955600466382,1.5493891919817622,Bad
3.0612122757570326,1.9386851487647636,1.0862805969685192,1.834072889415001,Good
1.633751802606744,3.1375745401386155,1.0139914496696465,1.5993340998594494,Good
2.47805316816231,1.9268533807305197,1.0314807617567043,1.5643725444782484,Good
2.418931020796821,4.226097199289042,1.064127486980179,1.9988897668763488,Moderate
1.443065403540005,3.165213550266609,1.1094982883793238,1.11986681997189,Good
1.830046591030047,2.167369561330627,1.0012166404974738,1.5993340998594494,Good
1.880522417723446,3.4491759830884594,1.0888152879906725,2.493340399260395,Moderate
3.1760680987134835,5.026776605702387,1.0693489280994948,1.9539397093868904,Bad
3.041465980193572,5.878663904167937,1.0255495903614458,1.3596004599156697,Bad
1.7820244830527932,1.757233154191601,1.0687912848814614,1.6742508623418806,Good
1.9782024676543388,5.815529589937213,1.064127486980179,1.3995556670168998,Bad
2.323883023412641,2.1155937444127764,1.186749027594248,1.525130544955851,Good
1.7712749841235595,5.6025577653208245,1.0921103863194714,1.294672199541496,Bad
2.1233204129631047,6.030205189150531,1.1935483964244074,1.824084387306743,Bad
1.8580887313034609,2.4868272982552084,1.0343426568208318,1.419533869901615,Good
2.2442520340537424,1.7217378500888696,1.0466381748931208,1.544395540261733,Good
3.678021977478598,1.9780612727827265,1.1240980862806065,2.618202069620513,Moderate
2.1125709140338707,3.023232333855684,1.329965030703459,1.561481356780526,Moderate
2.6930426952689337,2.250191937570333,1.0617955600466382,1.918979352673889,Good
2.4357563178602417,4.604713776384843,1.0559657986785853,1.389567164908642,Bad
2.7387279528486643,1.757233154191601,1.280994956859697,1.5643725444782484,Good
1.4864138752190772,4.082222899992638,1.0676253493975905,1.274695195324981,Good
3.1902060049203804,5.60653323938033,1.1842207446560435,1.8140958851984847,Bad
2.1905046039044382,4.253736209417036,1.0538670812281383,1.7691458277090266,Moderate
1.415023327763456,4.73883869882103,1.094124287602021,1.3096555520379822,Good
2.289937291633473,9.077122093328986,1.0656989786241742,1.943951207278633,Bad
3.561062976265004,2.849731287401533,1.2215312957637,1.7591561269325693,Moderate
1.6326835410386775,6.42292523374315,1.0292548620287605,1.0,Moderate
1.9253897905634163,4.269543451510785,1.0766487990672369,1.544395540261733,Good
2.8999701143028487,3.133693720223384,1.121259221142635,2.2336297551001,Moderate
1.4739117384917009,3.157357256291871,1.0231163093664983,1.2896785478214672,Good
4.785685518577044,1.5442613295752132,1.1362645472211426,3.42730310443077,Bad
2.072684698542408,2.6537025546101827,1.1103769794014768,1.3469832784454283,Good
2.867721682012012,1.997843988935982,1.0338126607073457,1.7841291802055128,Good
2.854284856723118,5.925990976304912,1.0377160792848814,1.5593788927582195,Moderate
1.7278931675654987,4.060452446809629,1.072289147298873,1.409545367793357,Good
1.6180949307420844,5.338283394507956,1.1783909832879906,1.744172774436083,Moderate
2.534487924671274,5.026776605702387,1.024485036921881,1.4045505174051285,Bad
1.5347865236553324,4.565337652366879,1.024485036921881,1.3446171074191833,Good
2.640463754815255,1.9307342006457515,1.176413935483871,2.59323021501577,Good
2.6258584398307354,2.573625148554421,1.0757870097162845,1.484462130275788,Good
1.5860802350884915,3.98832598887288,1.0060832304702685,1.3845723145204134,Good
2.0684045576150387,1.5994446956869262,1.1058483668869024,1.1798002299578347,Good
1.7820244830527932,4.052596152834892,1.1760590843373495,1.5743622452547057,Moderate
1.6449686458167367,1.9347096747052572,1.053167508744656,1.349611957807412,Good
1.7431160400283885,6.671392362462269,1.152080985619899,2.318535019690789,Bad
2.6124216145418417,1.6349399997896574,1.209871745044695,2.648168774613486,Good
2.06688565645414,2.8660118002166524,1.0034978624174116,1.3346286053109258,Moderate
2.08522985467846,2.246311117655101,1.0632656976292263,1.314650402426211,Good
3.053150167684324,5.156926054079068,1.02215313797124,2.288568314697816,Bad
2.8730964637250613,2.364628797997539,1.08861252390206,2.0887898818552664,Moderate
2.354434156215147,5.397442234679175,1.0909444228527012,1.6792457127301093,Bad
2.3851469181602942,1.7730403962853507,1.245183505635445,1.3596004599156697,Good
2.7763511668525505,3.760777426038303,1.3264671682860474,1.8690344447962015,Bad
1.8440676934151865,5.882544724083169,1.0,1.1248616703601186,Moderate
1.7515286885600987,4.2970878074945045,1.0304162083171395,1.314650402426211,Moderate
1.7766497658366087,5.93384727027965,1.029148862806063,1.449500574894587,Moderate
2.138509876050141,4.123586761040354,1.1204481368052857,1.5743622452547057,Moderate
4.533306514103778,2.3211825457757955,1.0,2.8879024145572654,Bad
1.8760823890687792,2.841780339282521,1.2483482316362222,1.4594890770028446,Good
2.0431666765167718,4.64418455454708,1.1399144966964632,1.329633754922697,Bad
1.661092861962155,3.760777426038303,1.7089001072677807,1.1348501724683762,Bad
1.2848611734013469,5.768202517800238,1.047804110376992,1.2397336399437795,Moderate
1.5912212801642969,4.896627157325705,1.215701506412748,1.5543840423699908,Bad
2.1553351086166974,5.219965714165518,1.090031928488146,1.8190895369185145,Bad
1.193490593745021,6.959235615199352,1.0228951045472212,1.6792457127301093,Bad
1.9352045364342685,5.298907270489993,1.1294209094442285,1.2697003449367523,Bad
2.010450899945176,4.884795389291462,1.0524679362611735,2.1886796976106413,Moderate
1.8733950627091192,5.645909363398294,1.095608248736883,1.6342956552406505,Moderate
1.4702896590736587,3.942134766467192,1.0233190734551108,1.0,Good
2.0803224817430337,3.0942229420611462,1.0314807617567043,1.4245287202898431,Good
1.835771848705233,5.543398925149606,1.0489700738437622,1.4245287202898431,Bad
1.7290950021401137,4.107779518946605,1.0024333089778468,1.349611957807412,Good
1.81427291534363,4.383885657793717,1.0081616883015934,1.729189421939597,Moderate
2.2066288200498567,4.348390353690985,1.2751651675087443,1.609322601967707,Bad
2.475365777305785,2.068834597141445,1.0338126607073457,1.0249718546047435,Good
4.841769734627006,1.70593060799512,1.1557309071123203,4.151498874650338,Bad
1.5912212801642969,5.417224950832431,1.0617955600466382,1.0,Bad
2.819933246175137,1.997843988935982,1.0432463116984063,2.6381802725052284,Good
1.5724096731623538,6.395286223615157,1.0268169358725223,1.1903772781521544,Bad
1.4944759832917862,6.316439321434957,1.137582597745822,1.0,Bad
2.6930426952689337,4.750670466855274,1.2728332685581034,1.2996670499297247,Moderate
4.409538772386889,1.3234332109840876,1.1895205378935094,3.4422864569272567,Moderate
2.48074049452197,5.003113069633899,1.2063738826272834,1.1648168774613483,Moderate
1.357664460178765,2.534154370392184,1.0,1.3396222570309548,Good
3.053150167684324,5.6498848374578,1.179556946754761,1.7192009198313394,Bad
1.8492087384909917,5.472408316944144,1.121259221142635,1.5344058394852758,Bad
2.267503605213488,2.167369561330627,1.0729988775748154,1.8690344447962015,Good
4.157542169823728,2.52232260235794,1.1399144966964632,2.7880137974700907,Moderate
2.518363708525856,4.068403394928641,1.1130975608239408,1.0449500574894588,Moderate
3.218131276875172,2.10035442718467,1.0769529731830547,1.4544954252828155,Moderate
3.0450880596116146,2.2028648654333582,1.054799835211815,1.9988897668763488,Good
3.1620470608252087,1.6980743140203822,1.0790821080450836,2.363485077180248,Good
1.7712749841235595,5.661716605492043,1.0862805969685192,1.4894557819958172,Bad
3.0020901928884083,5.93384727027965,1.0279828993392923,1.5344058394852758,Bad
3.061095471935275,3.934278472492454,1.0,1.8940062994009452,Moderate
1.1397432280925812,2.912770947487984,1.0186552755538285,1.8890126476809168,Good
2.5049268187400973,4.383885657793717,1.3766031776136805,1.449500574894587,Moderate
1.7935918667217872,4.273424271426018,1.141131137193937,1.0,Good
3.0182144090338268,3.457032277063197,1.06645938593082,1.5793558969747346,Moderate
1.8303971314890488,4.218240905314305,1.0384764865915277,1.2497221420520372,Moderate
2.0776350908865093,4.348390353690985,1.5538282254178002,1.374583812412156,Moderate
1.5552339001367956,3.524142065353428,1.031798759424796,1.3645953103038984,Good
1.835771848705233,3.374209900823491,1.0466381748931208,1.3995556670168998,Good
1.7459202347066702,5.192421358181798,1.032849489312087,1.3596004599156697,Moderate
2.132901422196712,4.340534059716248,1.0802987485425573,1.918979352673889,Moderate
2.418931020796821,5.141118811985318,1.1270890104935871,1.6542726594571655,Bad
2.2400988229558703,3.910614936423966,1.058399107656432,1.859045942687944,Good
1.1908032028884965,3.5004785292849405,1.036144587640886,1.2397336399437795,Good
3.6724135881220334,3.2756749366343088,1.0888152879906725,2.318535019690789,Moderate
1.9647655778685804,8.21340302682919,1.2949864065293433,1.5344058394852758,Bad
1.9762480191669205,4.632352786512836,1.058509696074621,1.6892342148383668,Moderate
1.4541654429282402,6.576738218188319,1.2296929560823942,1.3596004599156697,Bad
2.8535837758051152,4.565337652366879,1.032849489312087,1.7691458277090266,Moderate
2.93490593745021,6.474133125795357,1.0076316921881072,1.5344058394852758,Bad
1.529995954541664,2.6130959267166585,1.0178073097551497,1.314650402426211,Good
2.4077141775868283,3.831768034243766,1.0788609032258063,2.0688128776387518,Good
4.864203421046992,2.502634540348958,1.0508780038865138,2.4184236367779635,Bad
1.661092861962155,3.3978734368919787,1.1888845705402251,1.0449500574894588,Good
3.19875674123916,4.478539802067667,1.1873637559269334,1.3695889620239272,Bad
2.2030067406318143,4.865012673138205,1.08861252390206,1.314650402426211,Bad
2.2496267512699277,3.670004101679585,1.0012166404974738,1.2247502874472935,Moderate
3.0370259515389053,3.29536299864329,1.1352506708122814,2.213651552215385,Moderate
4.224843229083684,2.766908911161827,1.0912485969685193,2.5183134525333384,Bad
1.5218382621156448,4.072284214843873,1.068685285658764,1.3645953103038984,Good
1.7651673245382686,4.53372316817938,1.10048404508356,1.8940062994009452,Good
1.4852621547082423,3.0303313946762302,1.0133251768363778,2.1687014947259264,Good
2.967154369741047,3.7764900139877793,1.1130975608239408,1.484462130275788,Moderate
2.245069918793503,2.758957963042815,1.192230345899728,2.5482801575263108,Good
1.8062108072709209,2.5854569165886647,1.005829761368053,1.354605609527441,Good
1.8599581729233607,4.616545544419086,1.0209871745044694,1.0899001149789174,Bad
1.9058878091229916,3.9816055446294287,1.2436844057520404,1.11986681997189,Moderate
2.390888880523407,2.9955933237276904,1.0109498204430625,1.2197554370590649,Good
2.566736356962111,4.28137521954503,1.1469102215312863,1.6942290652265954,Moderate
1.693341294252992,5.440888486900918,1.247182268169452,1.274695195324981,Moderate
2.8381606405777,4.84930008518873,1.060629624562767,2.093784732243495,Bad
2.475365777305785,4.427237255871185,1.0,1.1098783178636322,Bad
3.192893395776905,4.616545544419086,1.2961523420132142,1.4744724294993308,Bad
1.799200256078351,4.648160028606586,1.0597816587640887,1.604328950247678,Moderate
2.1125709140338707,7.235341754046464,1.113203560046638,1.3795786628003843,Bad
2.370558372360565,3.579325431465141,1.0437993097551497,1.4744724294993308,Good
2.281875183560764,4.612664724503855,1.204041983676642,1.529412187765247,Bad
1.7793370921962686,4.963642291471661,1.1539059463661097,1.329633754922697,Bad
2.23385307558351,3.953966534501435,1.090031928488146,1.7741394794290557,Good
3.5518324429935326,4.210384611339567,1.0,2.4134299850579346,Moderate
2.440429954158424,4.790141245017511,1.384764865915274,1.7391791227160542,Bad
2.865034355652352,2.55393708654544,1.438398765643218,1.7391791227160542,Bad
1.8895192788545376,5.977198868357119,1.072289147298873,1.2796888470450098,Bad
1.6772170781075737,5.109598981942092,1.209871745044695,1.4594890770028446,Bad
1.833084522345573,3.149406308172859,1.0571317621453555,1.5993340998594494,Good
2.1233204129631047,4.34441487963148,1.0757870097162845,1.3396222570309548,Moderate
3.248595209916763,2.55393708654544,1.0166625573260786,4.221420786744541,Moderate
1.2660495663994038,4.995162121514888,1.047804110376992,1.274695195324981,Good
1.356134852538346,5.038608373736629,1.015816410415857,1.5643725444782484,Good
2.242265724115221,2.0885226591504265,1.033070694131364,1.6542726594571655,Good
1.3520453643426806,4.620521018478592,1.0011659634667702,1.0149833524964862,Bad
1.827709740632524,5.574918755192831,1.2116967057909056,1.529412187765247,Moderate
1.8169603062001547,5.776058811774976,1.1760590843373495,1.2697003449367523,Bad
1.8937422755598876,6.111323790793307,1.0699572483482316,1.349611957807412,Bad
1.9534319308368304,5.898351966176919,1.184930474931986,1.5144288352687607,Bad
2.620483722614551,1.4890779634635003,1.282160892343568,1.604328950247678,Good
1.6127202135259,4.143274823049335,1.204041983676642,1.4445057245063584,Moderate
1.25491618213218,6.024525940494094,1.0279828993392923,1.589345597751192,Bad
2.712098616393912,1.6665544839771569,1.769529731830548,1.6293008048524218,Bad
4.9407584259402615,2.93255366364124,1.0072998989506412,1.5543840423699908,Bad
2.4861152762350187,5.365922404635949,1.1562378453167508,1.7741394794290557,Bad
2.475365777305785,2.4789710042804707,1.2250291581811117,1.2247502874472935,Good
4.393095941730437,1.8873826025682825,1.0316328488146134,2.5682571617428263,Bad
4.339815920358756,2.755077143127583,1.10828164788185,2.688123981714716,Bad
1.929829819218084,3.6661232817643534,1.0979401476875243,1.1698117278495772,Good
2.741415343705189,5.60653323938033,1.0241670392537894,1.449500574894587,Bad
1.8035234164143965,4.166938359117824,1.369607452778857,1.1248616703601186,Good
2.2872499007769487,1.7020497880798882,1.0699572483482316,1.2846836974332383,Good
1.482190814016863,4.317154486080582,1.0466381748931208,1.484462130275788,Good
1.755150767978141,5.914159208270668,1.0874465604352896,1.5593788927582195,Bad
1.2692043015366874,6.101858376365912,1.032849489312087,1.3396222570309548,Moderate
3.1472081381971737,3.0863666480864085,1.1277480077730275,1.7192009198313394,Moderate
2.396497334376836,1.6192274118401817,1.0699572483482316,2.0088794676528066,Good
1.5356044083950926,3.914590410483472,1.0048665899727944,1.2397336399437795,Good
2.314123615851601,3.516191117234416,1.3940924897007383,1.2397336399437795,Bad
2.9495643333542807,4.632352786512836,1.0152634123591138,2.2186464026036137,Bad
1.058888410728245,2.739269901033833,1.0036499494753206,1.0699219120942025,Good
2.267503605213488,4.805853832966987,1.0594636610959969,1.7142060694431107,Moderate
1.161242161454184,5.677523847585793,1.1527399828993392,1.4994454827722743,Moderate
1.5559015716789453,2.719581839024852,1.1824971659541392,1.4994454827722743,Good
1.3386085390537867,3.772609194072547,1.2623396813058687,1.0,Good
3.07511650982355,4.7111996886930365,1.0206830003886511,2.0488346747540365,Bad
2.131382521035814,5.697211909594775,1.0570151574038087,1.4644839273910732,Bad
3.3541355572310887,2.1121861952189143,1.6377769234356785,3.177580962378733,Moderate
2.9725290869572314,6.5609309760945695,1.278663029926156,1.3695889620239272,Bad
1.2579874583266948,2.9995687977871963,1.0326467252234746,1.0699219120942025,Good
1.6915497003486424,5.387219587097588,1.4135250742324137,1.0,Bad
2.408181521867587,5.851024894039943,1.178660038865138,1.1698117278495772,Bad
2.58896823269282,3.12186195218914,1.0888152879906725,1.6842393644501383,Good
2.491489993451204,1.6073956438059378,1.270501369607462,1.7591561269325693,Good
2.437742627798764,2.8024042152645583,1.0437993097551497,1.4794672798875594,Good
1.438041226782822,4.458851740058686,1.096774184220754,2.1437296401211823,Good
2.8730964637250613,3.4097052049262224,1.1667314325689857,1.7941176823137703,Moderate
1.86802028099607,3.512310297319184,1.0676253493975905,1.1348501724683762,Good
3.171394462415301,1.8360800563718012,1.1002720466381657,2.318535019690789,Moderate
1.6234697124551336,5.243629250234005,1.4095679005052468,1.6992227169466243,Bad
1.325171713764893,5.042489193651862,1.1947143319082782,1.0899001149789174,Moderate
1.378919079417333,4.770358528864255,1.0268169358725223,1.1798002299578347,Good
2.158139367791844,6.840917934856914,1.026766258841819,1.484462130275788,Bad
1.356134852538346,5.038608373736629,1.015816410415857,1.5643725444782484,Good
1.720682353608403,4.474564328008161,1.073773108433735,1.3046619003179534,Moderate
2.539862641887459,3.71733117381656,1.1690633595025262,2.5482801575263108,Good
1.9029561041434315,5.361946930576443,1.0340661298095608,2.0138731193728354,Bad
1.9900268713286908,5.675062839834671,1.2887326482705013,1.617314122855233,Bad
3.829449393061931,2.364628797997539,1.135047906723669,2.223640054323643,Moderate
1.7066613157201282,5.622245827329807,1.018249719393704,1.4445057245063584,Bad
2.8029805033073028,2.064859123081938,1.0381584889234357,1.389567164908642,Moderate
1.4010022253783163,4.955785997496924,1.0206830003886511,1.2397336399437795,Moderate
1.3547327551992052,4.73883869882103,1.0687912848814614,1.3795786628003843,Good
1.9728276859412897,2.538129844451689,1.1853867081228138,1.0,Moderate
1.0886831887998012,4.324726817622498,1.0,1.0849052645906887,Good
2.7666532248034565,2.0570028291072013,1.0450159782355228,2.283573464309588,Moderate
1.6954444725101356,6.2848248372474576,1.0377160792848814,1.3196452528144396,Bad
2.1643381614467887,2.0570028291072013,1.0104935872522347,1.1731404294401966,Good
1.0678914635583363,3.19805853832967,1.004123783909833,1.2293100212790242,Good
1.8868318879980128,5.626221301389313,1.0687912848814614,1.5993340998594494,Moderate
1.682591795323758,4.123586761040354,1.024485036921881,1.3446171074191833,Moderate
3.2696753651366373,2.80628503517979,1.0165353470656822,1.7591561269325693,Moderate
1.693341294252992,6.328271089469201,1.1760590843373495,1.1498335249648624,Bad
1.6422812549602122,6.186289873058275,1.0816167990672367,1.5993340998594494,Bad
2.220065709835615,2.1871522774838823,1.0746210742324136,1.1947835824543211,Good
1.9366066337734087,1.812416520303314,1.015816410415857,1.0449500574894588,Good
2.4296805197260545,6.426806053658383,1.1095996984065293,1.4345172223981009,Bad
1.9513287525796867,2.920721895606996,1.079284872133696,1.5394006898735046,Good
1.9378919272907928,4.995162121514888,1.2203653322969297,1.589345597751192,Bad
1.300050636488383,5.902327440236425,1.0145997699183833,1.5144288352687607,Moderate
1.6421644511384548,4.656016322581324,1.0190792444617178,1.0799116128706598,Good
1.3729601496017674,2.979880735778215,1.0012719626894675,1.349611957807412,Good
1.8895192788545376,2.581481442529159,1.0944422852701128,1.1897887320660925,Good
1.4864138752190772,6.363766393571932,1.150408083948698,1.1348501724683762,Bad
1.5912212801642969,2.873394823470021,1.1247570835600469,1.4994454827722743,Good
2.569423683321771,5.547374399209112,1.0851269179945588,1.5993340998594494,Bad
1.3393096199717895,6.714743960539739,1.0474492592304705,1.3096555520379822,Bad
3.286951301792891,5.594701471346087,1.3113097551496309,2.0238628201492928,Bad
3.150830217615216,4.013125374672654,1.049882568208317,2.0688128776387518,Moderate
1.168252712646754,5.803697821902969,1.0717822090944422,1.609322601967707,Good
1.2096148098904391,5.610414059295563,1.0338126607073457,1.0,Good
1.193490593745021,3.299338472702797,1.0011659634667702,1.374583812412156,Good
1.6584054711056306,4.202433663220555,1.0316328488146134,1.2397336399437795,Good
1.8062108072709209,2.8536121073167653,1.0089036548775747,2.0088794676528066,Good
1.3359211481972622,4.947835049377912,1.0116595507190052,1.0899001149789174,Moderate
1.8016038607307163,3.165213550266609,1.1177613587252235,1.0,Good
1.8438339567779425,2.514466308383202,1.0766487990672369,1.5593788927582195,Good
2.128695130179289,4.036788910741142,1.204041983676642,1.4794672798875594,Good
1.6449686458167367,5.2042531262160425,1.060629624562767,1.0,Moderate
3.271411298246853,1.6231082317554135,1.0523158492032647,2.508323751756881,Good
2.400503363629732,6.024525940494094,1.1161290322580646,2.148723291841211,Bad
1.682591795323758,4.695487100743561,1.1061018359891177,1.3196452528144396,Good
1.833084522345573,6.213834229041995,1.1595025262339682,1.3396222570309548,Bad
1.8020045152534976,4.435188203990197,1.143564446171784,1.3645953103038984,Good
1.8492087384909917,5.503928146987369,1.0186552755538285,1.2297451378355222,Moderate
2.0227360047232343,2.1831768034243764,1.0912485969685193,1.5094339848805318,Good
1.8411466304182824,5.338283394507956,1.0816167990672367,1.3396222570309548,Bad
2.172670253394637,5.409274002713419,1.0011659634667702,1.6792457127301093,Bad
2.160943562470126,6.036357708528338,1.1216647773027597,1.6492790077371366,Moderate
2.7918911703985883,2.628808514666134,1.1373705993004275,2.0638180272505227,Good
2.6797226738017974,5.216084894250287,1.0121664889234356,1.7192009198313394,Bad
1.6154076043824244,4.356246647665724,1.1410804601632336,1.4744724294993308,Moderate
2.365183655144381,2.648591230819389,1.5514962984842595,1.0699219120942025,Moderate
1.556285457016935,3.125742772104372,1.0,1.0199782028847149,Good
3.131200725873513,2.7314136070590957,1.008516539448115,1.644284157348908,Moderate
2.623803440731434,3.6029889675336286,1.3264671682860474,2.158712992617669,Moderate
1.9782024676543388,5.4014177087386805,1.2996502044306255,1.0,Moderate
2.27112568463153,4.308919575528749,1.1900505340069958,1.5493891919817622,Good
2.231303772514055,5.4053931827981865,1.068685285658764,2.0688128776387518,Bad
3.3917587067381105,1.915021612696276,1.216867469879518,1.0899001149789174,Moderate
2.4941773843077284,3.93825394655196,1.2483482316362222,1.3346286053109258,Moderate
3.349929265213666,2.2818064217578327,1.0364994387874078,2.7230855370959173,Moderate
4.182780050921995,1.5679248656437008,1.0863820069957248,3.262486226969421,Moderate
2.2388772523406937,3.685811343773335,1.1247570835600469,1.0099885021082575,Good
1.857270846563701,5.176614116088049,1.2751651675087443,1.03995520710123,Bad
1.6664675791783397,3.82779256018426,1.0034978624174116,1.1398450228566048,Good
3.483129286394436,2.250191937570333,1.4075770011659543,2.4633736942674225,Good
2.2039414936901967,6.119180084768044,1.0652934224640498,1.374583812412156,Bad
3.0638996666135574,2.904914653513246,1.0356145915274,1.5593788927582195,Moderate
3.293844984666838,1.6625790099176507,1.143564446171784,1.484462130275788,Moderate
2.263063576558821,4.821661075060737,1.2378546443839875,2.058823176862294,Moderate
1.647656036673261,6.209953409126763,1.0617955600466382,1.419533869901615,Bad
1.5468212516050852,6.324295615409695,1.049882568208317,1.2397336399437795,Bad
1.773962374980084,5.018825657583375,1.0165353470656822,1.3196452528144396,Moderate
1.3477222040066357,4.746694992795767,1.0012719626894675,1.0,Good
1.8379217871891984,4.770358528864255,1.053633899727944,1.6792457127301093,Moderate
1.6234697124551336,2.9877370297529526,1.0151574131364167,1.234738789555551,Good
2.1357056813718587,4.425533481274255,1.0617955600466382,1.2247502874472935,Moderate
1.980889794013999,4.719150636812048,1.096774184220754,1.6817425385901237,Bad
1.0064496864581671,4.790141245017511,1.0,1.11986681997189,Good
1.8223350234163396,3.2480359265063155,1.1667314325689857,1.3196452528144396,Good
1.7578381588346657,3.677955049798597,1.0454722114263506,1.389567164908642,Good
1.740311845350106,4.5298423482641486,1.0039430423630005,1.604328950247678,Moderate
2.9994028020318835,3.512310297319184,1.1562378453167508,2.093784732243495,Good
1.6197307647184696,3.930302998432948,1.0228951045472212,1.7341842723278256,Good
2.152881454397417,2.913054909920806,1.4034201414691023,1.569367394866477,Moderate
1.9405792536504527,4.245879915442298,1.02215313797124,2.0138731193728354,Moderate
3.596699880330368,2.3409652619290515,1.1982121943256898,3.192564314875219,Moderate
1.3729601496017674,3.319026534711778,1.0109498204430625,1.2597118428284946,Good
2.093759307031928,2.8260677513330457,1.029148862806063,1.3596004599156697,Good
1.81427291534363,4.951810523437418,1.026583754372328,1.6980480221108998,Moderate
2.0265751160905943,2.4316439321434955,1.1772250198212204,1.329633754922697,Moderate
1.862645563779885,4.092066930997129,1.0746210742324136,1.0699219120942025,Good
1.478351767146368,6.257280481263738,1.071123211815002,1.3695889620239272,Bad
3.069508120466986,4.620521018478592,1.0571824391760591,1.6992227169466243,Bad
1.2047074369550137,2.8970583595385087,1.0877645581033812,1.2796888470450098,Good
1.2692043015366874,5.425081244807168,1.0048665899727944,1.0,Good
1.954016143436211,5.085935445873605,1.0023318989506411,1.3096555520379822,Moderate
2.1413140707284226,4.273424271426018,1.053633899727944,1.1098783178636322,Bad
1.9253897905634163,6.1468190948960375,1.0291995398367664,1.529412187765247,Bad
2.295545745486902,4.999137595574393,1.372755528954528,1.8690344447962015,Bad
1.284372545155276,3.772609194072547,1.0,1.2996670499297247,Good
1.81427291534363,5.279124554336737,1.2914885441119317,1.314650402426211,Bad
2.673847202929001,3.058727637958415,1.1034150579090556,1.9139845022856603,Moderate
1.6422812549602122,3.153381782232365,1.0186552755538285,1.5593788927582195,Good
2.9437009878920257,4.068403394928641,1.0493815903614458,1.709212417723082,Moderate
1.9898866551450904,5.673548373526288,1.0961151869413135,1.3346286053109258,Bad
1.911368752675142,4.26556797745128,1.0705655685969686,1.7591561269325693,Moderate
1.3816064702738573,4.458851740058686,1.0408083855421686,1.0,Good
2.2979993997061827,3.4925275811659287,1.1399144966964632,1.5543840423699908,Good
2.0796214008250318,2.833924045307784,1.01703307889623,1.7192009198313394,Good
1.419229619780879,4.94395422946268,1.0559657986785853,1.709212417723082,Good
2.037324550522963,7.669141697253979,1.172561221919938,1.2896785478214672,Bad
2.438560512538524,6.091635728784325,1.0316328488146134,1.589345597751192,Bad
2.539512101428458,5.9180400281859,1.0,1.8940062994009452,Bad
3.585483037120375,2.93255366364124,1.0827320575204042,1.864039594407973,Moderate
2.252314142126452,2.565768854579683,1.0174893120870578,1.3096555520379822,Good
1.1143353332592767,5.062271909805117,1.026710936649825,1.5743622452547057,Moderate
1.7766497658366087,3.4491759830884594,1.031980452390206,1.0,Good
1.4795201923451295,4.54953041027313,1.0,1.0,Good
1.9513287525796867,5.310739038524236,1.2238631947143412,1.254716992440266,Moderate
2.4619289520168914,4.454876265999179,1.1667314325689857,1.1498335249648624,Bad
1.8814571707818284,4.028932616766404,1.0594636610959969,1.2597118428284946,Good
1.8035234164143965,4.052596152834892,1.0804508356004665,1.0,Good
1.9163929294323248,6.296656605281701,1.46404973804897,1.839067739803229,Bad
3.1230218139790464,3.382160848942503,1.1294209094442285,1.884017797292688,Moderate
2.814324856818573,2.6959183029563643,1.059615748153906,2.0638180272505227,Moderate
2.082425660000178,3.815960792150016,1.048665899727944,1.4395120727863295,Moderate
4.788489713255325,2.3409652619290515,1.0717822090944422,3.0027743841409267,Moderate
5.100157847476482,4.366374641103036,1.0493032102603963,2.631231592951458,Bad
2.0023887918724665,6.482084073914369,1.172561221919938,1.724195770219568,Bad
2.2576888593426365,3.93825394655196,1.08861252390206,1.03995520710123,Good
3.308450299651358,1.5521176235499512,1.1119315973571706,2.4134299850579346,Good
2.252314142126452,3.3860416688577346,1.3964244166342792,1.4644839273910732,Moderate
1.4326664450697726,3.228347864497334,1.278663029926156,1.3246389045344684,Moderate
1.712152901254935,5.906208260151656,1.263505644772639,1.6143174523559356,Bad
2.8395627379168404,5.610414059295563,1.015816410415857,1.6143174523559356,Bad
1.7040907931822258,5.993006110450869,1.0852312382432958,1.1847950803460634,Bad
3.1844807472451944,1.6428909479086693,1.6801061235911388,1.609322601967707,Moderate
3.9722304879731736,3.319026534711778,1.5806451612903225,2.278579812589559,Bad
1.7873992002689778,4.947835049377912,1.4010882145355616,1.3246389045344684,Bad
4.461331754048775,1.5009097314977442,1.2005441212592305,3.502219866913201,Moderate
2.093759307031928,4.182745601211574,1.239020607850758,1.709212417723082,Good
2.250678308150067,4.7111996886930365,1.0145997699183833,1.409545367793357,Bad
2.6554195457619123,5.026776605702387,1.137582597745822,1.7042175673348532,Bad
2.937710132128492,3.871144158261729,1.0,1.804106184422028,Bad
1.7515286885600987,4.230072673348548,1.0582976976292269,1.3645953103038984,Good
2.371259453278568,3.729162941850804,1.083948698017878,1.5643725444782484,Good
1.5025380913644957,4.3720538897594725,1.058399107656432,1.3795786628003843,Good
1.330896971440079,3.969773776595185,1.0072998989506412,1.6243059544641931,Good
1.658989683705011,3.2480359265063155,1.0401493882627284,1.1048834674754036,Good
2.5425500327439834,5.582869703311843,1.167897396035756,1.03995520710123,Bad
4.042569478548655,3.73313841591031,1.0133831294209097,3.8018869168429257,Bad
1.634219146887503,3.823817086124754,1.0081616883015934,1.3346286053109258,Good
2.3993015290551174,5.8707129560489255,1.2652292234745433,1.3396222570309548,Bad
3.047074369550136,7.503496944774565,1.0121664889234356,1.729189421939597,Bad
1.7094655103984104,6.048189476562582,1.2063738826272834,1.094894965367146,Bad
1.5670349559461694,5.022801131642881,1.1422463956471045,1.0,Moderate
1.6369065377440275,4.226097199289042,1.0559657986785853,1.0998886170871751,Good
2.2086151299883783,1.8045602263285765,1.0,1.6492790077371366,Good
1.888935066255157,6.454445063786376,1.1119315973571706,1.389567164908642,Bad
1.419229619780879,4.821661075060737,1.3521181406917997,1.2796888470450098,Bad
2.5871837334435743,2.975905261718709,1.083948698017878,2.093784732243495,Good
2.814324856818573,5.79584152792823,1.0401493882627284,2.0638180272505227,Moderate
1.9163929294323248,2.415836690049746,1.1340847353284105,1.4594890770028446,Good
2.0487751303702,3.3978734368919787,1.018249719393704,1.409545367793357,Good
1.6281433487533157,5.003113069633899,1.0,1.2497221420520372,Good
2.012320341565076,3.772609194072547,1.2358558538670812,1.4445057245063584,Bad
2.0749477645268493,3.0665839319331534,1.079284872133696,1.2647054945485237,Good
2.817129051496855,4.581050240316355,1.092465237465993,2.523307104253368,Moderate
1.1486232209050506,4.592882008350599,1.0145997699183833,1.11986681997189,Good
2.0151245362433574,3.169189024326115,1.0048665899727944,1.604328950247678,Good
1.7963960614000691,5.145094286044824,1.0754321585697628,1.644284157348908,Bad
3.021836488451869,5.160806873994299,1.176413935483871,1.6243059544641931,Bad
2.886533289013955,4.210384611339567,1.1200932856587642,1.8740292951844304,Moderate
1.6758149807684326,2.0017248088512143,1.0012166404974738,1.5344058394852758,Good
2.243030463438566,6.651609646309014,1.010175589584143,1.3046619003179534,Bad
1.580471781235063,5.578894229252337,1.0932763218033423,1.6992227169466243,Bad
3.31067028173026,4.135418529074598,1.041366028760202,1.5394006898735046,Moderate
3.009586534465007,1.6093833808356908,1.5802769623008162,2.400943458421463,Moderate
1.3449180093283537,3.2007088543693403,1.0076316921881072,1.3196452528144396,Good
1.5468212516050852,3.567493663430897,1.0827320575204042,1.2247502874472935,Good
1.357664460178765,4.683655332709317,1.106843802565099,1.3795786628003843,Good
2.252314142126452,2.6439531777499656,1.060629624562767,1.2996670499297247,Good
2.545120555281886,5.294931796430487,1.0766487990672369,2.967814027427925,Bad
1.3117348239791344,5.858881188014681,1.0198212110376992,1.0,Moderate
1.9169771420317057,3.326882828686516,1.0127194869801788,1.5194224869887896,Good
2.1413140707284226,2.664303818768865,1.0401493882627284,2.103773234351753,Good
2.741415343705189,6.454445063786376,1.1585697722502917,1.469478777779302,Bad
2.52949709279308,5.547374399209112,1.0364994387874078,1.2447284903320084,Bad
1.773962374980084,3.3978734368919787,1.0769529731830547,1.389567164908642,Good
1.8196476325598143,2.124017963253157,1.0897784593859308,1.2647054945485237,Good
2.507614209596622,2.735294426974328,1.0921103863194714,1.5394006898735046,Good
1.5885338893077725,6.063996718656331,1.145744258064516,1.15982202707312,Bad
1.878769779925304,3.3071947666775343,1.122425184609405,1.0,Good
3.490139837587006,2.3211825457757955,1.0340661298095608,1.9139845022856603,Moderate
2.674114284445233,1.8676945405593008,1.0729988775748154,1.5943392494712207,Moderate
1.880522417723446,3.1297182461638777,1.0508780038865138,1.639289306960679,Good
2.041163661890323,5.79584152792823,1.212203643995336,1.0,Bad
1.970257163403387,6.521460197932333,1.0742155180722892,1.5144288352687607,Bad
2.43505523694224,3.772609194072547,1.0629615235134084,2.0288564718693216,Moderate
1.9137056030726651,1.3667848090615569,1.9117761274776528,1.0,Bad
4.008918948918677,1.402280113164288,1.1562378453167508,2.1687014947259264,Moderate
1.544017056926803,4.83349284309498,1.0218996688690245,1.5044391344923034,Good
4.474768579337669,1.7217378500888696,1.596157425573261,2.468368544655651,Bad
1.9244550375050344,3.342690070780266,1.0535324897007383,1.9339627051703752,Good
2.009516146886793,4.458851740058686,1.0535324897007383,1.7941176823137703,Good
3.002334507011444,4.995162121514888,1.0279828993392923,1.449500574894587,Bad
1.8868318879980128,3.9619174826204473,1.096774184220754,1.0,Good
1.6046581054531908,3.93825394655196,1.0093276237854645,1.8190895369185145,Good
1.15202833287064,4.872963621257218,1.0759535919160512,2.198668199718899,Moderate
2.200202545953532,2.3350967049840667,1.01703307889623,1.609322601967707,Good
2.2394614649400744,2.0845471850909205,1.0425826692576758,1.834072889415001,Good
2.245069918793503,3.3584973128740154,1.0948985184609406,1.254716992440266,Good
1.6960286851095163,4.052596152834892,1.1734939759036145,1.0,Moderate
2.315175172731741,4.537698642238886,1.024332949863972,1.3196452528144396,Bad
2.0023887918724665,3.535973833387672,1.095608248736883,1.943951207278633,Good
1.405792794491985,6.829086166822671,1.0,1.4445057245063584,Bad
3.281576584576706,1.2129718246163876,1.2145355709288768,1.859045942687944,Good
2.975216477813756,2.471114710305733,1.0629615235134084,1.6492790077371366,Moderate
1.8868318879980128,5.626221301389313,1.0687912848814614,1.5993340998594494,Moderate
4.590325483212123,1.3431212729930693,1.4185775266226195,2.842952357067807,Moderate
2.137181563124081,6.099492022759063,1.2681694426739214,1.7042175673348532,Bad
3.927596787273582,1.6940988399608763,1.087598647493199,2.428413337554421,Moderate
2.1693562110018365,4.829517369035474,1.0114475522736106,1.669256011953652,Bad
1.7014034023257012,4.975474059505905,1.1469102215312863,2.443396690050907,Good
1.5912212801642969,4.048620678775386,1.0766487990672369,1.8940062994009452,Good
1.5428486317280417,3.315051060652272,1.0,1.3995556670168998,Good
1.1155569038744535,2.557817906460671,1.0,1.2397336399437795,Good
2.430657711721332,3.334833776805528,1.026710936649825,1.884017797292688,Good
3.233203936140451,2.4789710042804707,1.1574038087835212,2.623196920008742,Moderate
1.6730107860901504,4.470683508092929,1.0801328379323747,1.5244173373770182,Moderate
1.6730107860901504,4.28137521954503,1.309028533229693,1.484462130275788,Bad
1.9943266837997573,5.452720254935162,1.1422463956471045,1.3096555520379822,Bad
1.2633621755428792,3.1020792360358844,1.0746210742324136,1.2697003449367523,Good
1.9001519094651491,5.594701471346087,1.0559657986785853,1.2796888470450098,Bad
2.460994198958509,2.6130959267166585,1.032849489312087,2.0338513222575503,Good
1.601970714596666,2.3961486280407645,1.0474492592304705,1.3396222570309548,Good
2.0796214008250318,3.563518189371391,1.059615748153906,1.4045505174051285,Good
1.7459202347066702,4.5298423482641486,1.100981776914108,1.4944506323840456,Moderate
1.5777843903785382,5.578894229252337,1.1270890104935871,1.8190895369185145,Bad
1.795461308341687,7.057865233532808,1.122425184609405,1.569367394866477,Bad
1.9943266837997573,6.900076775028133,1.1713952584531675,1.5993340998594494,Bad
2.405494195507927,4.967617765531168,1.1737271574038088,1.4944506323840456,Bad
1.905643494999956,4.163057539202592,1.024485036921881,1.6592675098453944,Good
1.091370579656326,3.8531598708496784,1.0,1.0,Good
3.8687083765453374,1.3154822628650755,1.1021984174115818,2.9927858820326696,Moderate
1.5998208406095653,4.291881829559438,1.026583754372328,1.3396222570309548,Good
1.4038064845534632,3.784440962106791,1.0152634123591138,1.274695195324981,Good
1.905643494999956,3.567493663430897,1.0023318989506411,1.11986681997189,Good
3.047775450468139,5.661716605492043,1.2681694426739214,2.623196920008742,Bad
1.3488694097369498,3.259867694540559,1.0279828993392923,1.2846836974332383,Good
2.27650046634458,5.756370749765994,1.282160892343568,1.938956356890404,Bad
1.2794863916882977,4.301063281554011,1.005829761368053,1.2097669349508071,Good
1.634219146887503,5.129287043951074,1.0024333089778468,1.9988897668763488,Moderate
2.6177963317580266,4.648160028606586,1.1352506708122814,1.764150977320798,Bad
1.0456852575797306,2.52232260235794,1.0,1.5743622452547057,Good
2.289937291633473,3.977630070569923,1.0827320575204042,2.2436182572083574,Good
2.550856454939728,1.5009097314977442,1.53050912397979,1.6642623602336228,Bad
1.7627455317700913,4.750670466855274,1.0377160792848814,1.3246389045344684,Bad
6.984187368207376,1.09465414427395,1.1143649063350174,5.764706093882623,Bad
2.0292624424502543,6.269112249297982,1.1853867081228138,1.3995556670168998,Bad
1.6971804056203514,5.436913012841412,1.125923047026817,1.0,Bad
2.5198826096867544,4.170913833177329,1.226296503692188,1.764150977320798,Moderate
2.1179456312500555,3.701618585867085,1.5759813354061407,1.9739179122716053,Bad
1.1009515888899335,5.1844704100627865,1.0218996688690245,1.2397336399437795,Good
1.6960286851095163,4.052596152834892,1.1734939759036145,1.0,Moderate
1.3757643442800491,5.074103677839361,1.0443062479595802,1.1448386745766337,Moderate
1.1065600427433622,5.263411966387261,1.0133831294209097,1.1498335249648624,Good
2.7494774517778984,5.141118811985318,1.1469102215312863,1.764150977320798,Bad
1.337142718812439,3.673979575739091,1.0256510003886514,1.2497221420520372,Good
1.9309982444168448,5.551255219124344,1.167897396035756,1.604328950247678,Bad
1.877718223045164,5.034632899677124,1.0340661298095608,1.529412187765247,Bad
1.389785382168324,3.413680678985728,1.0114475522736106,1.2846836974332383,Good
2.007763509088651,3.6345087975768537,1.0046638258841818,1.3246389045344684,Good
2.2442520340537424,3.879095106380741,1.4780411877186164,1.0,Bad
1.353330657860064,4.447019972024441,1.0546938359891178,1.2397336399437795,Good
1.496345424911686,5.780034285834482,1.0874465604352896,1.374583812412156,Bad
1.2944421826349544,5.129287043951074,1.0304162083171395,1.0,Good
1.8115855244871053,6.829086166822671,1.0524679362611735,1.389567164908642,Bad
1.7927739819820272,3.074534880052165,1.329965030703459,1.5144288352687607,Moderate
3.3274955787936804,5.263411966387261,1.0632656976292263,1.9739179122716053,Bad
1.5748633273816344,3.457032277063197,1.1021984174115818,1.604328950247678,Good
2.6124216145418417,4.2970878074945045,1.2541779930042751,1.6742508623418806,Bad
2.777246963804725,2.124017963253157,1.0475709288767976,2.223640054323643,Good
2.163747757148408,8.012262970247047,1.1338312662261951,1.0749167624824312,Bad
2.517078415008472,2.1871522774838823,1.058399107656432,3.402331249826026,Good
3.445272400250171,1.5245732675662316,1.0,2.083796230135237,Moderate
1.8492087384909917,4.600832956469611,1.1434123591138747,1.5094339848805318,Good
2.0265751160905943,5.657741131432537,1.058509696074621,1.419533869901615,Bad
2.2039414936901967,3.0429203958646656,1.523513399144967,1.1698117278495772,Bad
1.6127202135259,5.914159208270668,1.1282549459774582,1.4794672798875594,Bad
3.880859972813712,2.443475700177739,1.2495141951029929,2.4084351346697064,Moderate
1.967452968725105,5.551255219124344,1.0547491581811117,1.3995556670168998,Bad
1.725589726543829,5.389585940704437,1.036144587640886,1.529412187765247,Bad
1.6253391540750337,3.33871459672076,1.0912485969685193,1.419533869901615,Good
2.5815752795901457,4.458851740058686,1.1301813167508743,1.8140958851984847,Bad
2.528295258218465,3.867263338346497,1.1574038087835212,1.5993340998594494,Moderate
2.5156763176693318,4.640209080487574,1.1455110765643215,1.892341349271536,Moderate
1.443065403540005,4.34441487963148,1.0190792444617178,1.2447284903320084,Good
2.489036339231923,5.373778698610687,1.0863820069957248,1.3196452528144396,Bad
1.9970140101594172,2.9995687977871963,1.163233570151574,1.709212417723082,Good
2.1501940635408925,3.934278472492454,1.3253012048192772,1.958934559775119,Moderate
1.6288444296713185,4.005269080697916,1.1818888457054022,1.4594890770028446,Moderate
1.6977388194738996,4.904483451300443,1.0,1.3346286053109258,Moderate
2.4553857451050805,6.359790919512426,1.0145997699183833,1.2996670499297247,Bad
2.475015236846784,5.874688430108432,1.018249719393704,1.8091010348102567,Bad
2.1665520163235548,4.43906902390543,1.0804508356004665,1.0998886170871751,Moderate
1.6814233701249963,6.872532419044414,1.0194663598911775,1.3396222570309548,Bad
2.0265751160905943,4.3720538897594725,1.1838876362223083,1.9889012647680917,Moderate
1.5423600034819709,7.475952588790846,1.0279828993392923,1.2996670499297247,Bad
2.233502535124509,6.864581470925402,1.1200932856587642,1.4245287202898431,Bad
2.155568845253941,2.80628503517979,1.0408083855421686,1.4295223720098722,Good
1.0552830359981296,4.020319089637475,1.0,1.0,Good
1.9001519094651491,5.929871796220144,1.0135047990672368,1.899001149789174,Bad
2.8557506769644654,3.752826477919292,1.033070694131364,1.6492790077371366,Moderate
3.1424175690835057,1.2721306647876065,1.1094982883793238,2.0488346747540365,Good
1.9982993036768009,6.131011852802288,1.026766258841819,1.6742508623418806,Bad
3.566975210350612,2.052364776037777,1.121725612125923,3.3056730435370936,Moderate
1.7909352408696682,3.4430234637106527,1.0294556952973184,1.077057583887129,Good
2.007763509088651,4.892651683266199,1.409249902837155,1.5643725444782484,Bad
1.5524296409616491,5.748514455791256,1.0644823381267003,1.4894557819958172,Bad
1.346670647126496,4.510059632110892,1.0314807617567043,1.2647054945485237,Good
2.0992508925667344,5.709043677629019,1.0,1.5344058394852758,Bad
2.1889857027435395,4.9123397452751805,1.026766258841819,1.3246389045344684,Bad
1.400418012778936,5.425081244807168,1.0652934224640498,1.3795786628003843,Moderate
2.817129051496855,4.581050240316355,1.092465237465993,2.523307104253368,Moderate
1.914172947353424,1.8400555304313075,1.0407023863194715,1.5593788927582195,Good
3.4105703137400534,3.3308583027460217,1.1655654970851146,1.824084387306743,Moderate
1.529995954541664,3.5083348232596783,1.0559657986785853,1.3596004599156697,Good
1.3196801282300863,3.3978734368919787,1.0012166404974738,1.0,Good
1.86802028099607,5.208133946131275,1.079284872133696,1.2896785478214672,Bad
1.7683539211266557,5.977198868357119,1.0693489280994948,1.15982202707312,Bad
1.1693042695268934,5.334402574592724,1.0233190734551108,1.2497221420520372,Bad
3.2461734171485856,1.1104613863676998,1.0754321585697628,3.6520533918780633,Moderate
1.4944759832917862,6.316439321434957,1.137582597745822,1.0,Bad
1.6057096623333302,4.947835049377912,1.0110714900893898,1.7541624752125404,Moderate
1.8132213584634904,5.8707129560489255,1.0568985526622618,1.4894557819958172,Bad
2.1501940635408925,3.764658245953535,1.2110377085114652,1.1498335249648624,Moderate
1.8814571707818284,4.762502234889517,1.1287213369607465,1.5394006898735046,Moderate
3.405353678338958,3.5430728942082177,1.121259221142635,2.278579812589559,Moderate
2.2791877927042394,6.553074682119831,1.3637776914108044,1.349611957807412,Bad
1.7094655103984104,5.6025577653208245,1.097331827438787,1.824084387306743,Bad
1.7094655103984104,3.713450353901328,1.1094982883793238,1.2647054945485237,Good
3.7032598585768657,1.157788458504675,1.081515389040031,2.783018947081862,Moderate
1.55897284787346,5.267292786302494,1.0804508356004665,1.5044391344923034,Moderate
2.241564643197218,3.953966534501435,1.0139914496696465,1.2896785478214672,Moderate
1.9459540353635016,4.368078415699968,1.1165954232413524,1.1498335249648624,Good
3.849078884803634,2.83789951936729,1.0879462510687914,2.383463280064962,Moderate
2.324873114780835,2.3961486280407645,1.2611737178390985,1.409545367793357,Moderate
1.3729601496017674,3.1364386904073283,1.0304162083171395,1.3845723145204134,Bad
1.467602268217134,3.3939926169767465,1.0559657986785853,1.5993340998594494,Good
1.7014034023257012,3.334833776805528,1.1340847353284105,1.469478777779302,Good
2.782458826437841,7.128855841738271,1.2238631947143412,1.6592675098453944,Bad
1.9909063505741265,3.705499405782316,1.073773108433735,1.908989651897432,Good
2.7467900609213736,3.0114005658214404,1.0582976976292269,1.2247502874472935,Moderate
2.5030573771201974,2.7274381329995894,1.0661413882627284,2.0688128776387518,Good
1.6954444725101356,6.012694172459851,1.0729988775748154,1.8790229469044597,Bad
1.171056907325036,4.667848090615568,1.0559657986785853,1.2397336399437795,Good
1.0644968645816737,4.450616829506852,1.0,1.2397336399437795,Good
1.9190803202888496,3.354521838814509,1.0757870097162845,1.294672199541496,Good
2.222753036195275,5.803697821902969,1.1772250198212204,1.15982202707312,Bad
2.7526321869151813,3.342690070780266,1.0389327197823552,1.4644839273910732,Good
2.158139367791844,6.6161143422062825,1.2141300147687524,1.7741394794290557,Bad
2.826279608656245,3.0902474680016403,1.0304162083171395,1.4994454827722743,Moderate
1.877718223045164,4.829517369035474,1.0097331799455889,1.6243059544641931,Good
2.128695130179289,4.135418529074598,1.2331908184998055,1.2996670499297247,Bad
1.6503433630329214,6.829086166822671,1.1445783225806452,1.0,Bad
2.901255407820232,5.097767213907848,1.008516539448115,1.569367394866477,Bad
1.8900567312270968,5.212109420190781,1.277163958025651,1.2447284903320084,Bad
1.376231688560808,4.048620678775386,1.0139914496696465,1.2796888470450098,Good
3.2439534350696846,3.886951400355479,1.7112320342013214,1.1324840014421311,Bad
2.4862320800567765,1.3707602831210628,1.12531472677808,1.7341842723278256,Good
2.458190004280227,6.142843620836532,1.0255495903614458,1.1498335249648624,Moderate
2.712098616393912,1.6665544839771569,1.769529731830548,1.6293008048524218,Bad
1.967452968725105,3.654291513730109,1.3722942308589197,1.8740292951844304,Moderate
1.2902358906175315,2.774765205136565,1.0,1.7391791227160542,Good
2.8408480314342244,4.5298423482641486,1.1119315973571706,1.6143174523559356,Bad
2.819933246175137,5.661716605492043,1.0304162083171395,1.3446171074191833,Bad
2.4497773557485165,5.720875445663262,1.0031632708900116,2.523307104253368,Bad
1.6960286851095163,4.801973013051755,1.1200932856587642,1.4744724294993308,Bad
2.6903553044124093,4.691511626684054,1.0408083855421686,2.0238628201492928,Bad
3.5630492862035257,2.163488741415395,1.0,1.3446171074191833,Good
1.50791280858068,4.210384611339567,1.08861252390206,1.2247502874472935,Moderate
2.98596597674299,3.5043593492001723,1.0431403124757093,2.0138731193728354,Moderate
1.7363392254730623,4.419380961896448,1.4104158663039257,1.2896785478214672,Bad
2.222753036195275,6.158650862930282,1.8371550812281383,1.0749167624824312,Bad
1.8707076718525943,7.044329690901633,1.2844928192771086,1.4295223720098722,Bad
1.400418012778936,3.3860416688577346,1.3043140303148075,1.15982202707312,Moderate
1.9394108284516915,2.52232260235794,1.0291995398367664,1.709212417723082,Good
1.8749139638700172,4.182745601211574,1.0364994387874078,1.5493891919817622,Moderate
3.759344139123693,1.047327072136975,1.1216647773027597,1.9289678547821465,Moderate
1.7963960614000691,6.040333182587844,1.0255495903614458,1.204772084562579,Bad
1.4622275510009497,3.681835869713829,1.234356781966576,1.1348501724683762,Moderate
1.8518960648506515,6.777878274770464,1.053633899727944,1.2497221420520372,Bad
1.580471781235063,6.308488373315945,1.0209871745044694,1.11986681997189,Bad
4.0108308939723365,1.2642743708128688,1.7613680435289545,2.4483903417709363,Moderate
2.518363708525856,3.993437312663673,1.2017100567431014,1.4794672798875594,Moderate
3.483129286394436,2.250191937570333,1.4075770011659543,2.4633736942674225,Good
2.0561361575249064,2.0570028291072013,1.041974349008939,1.4245287202898431,Good
1.7475772881515026,4.537698642238886,1.0127194869801788,1.349611957807412,Moderate
2.370558372360565,5.728731739638,1.047804110376992,1.4794672798875594,Bad
2.7442195383834718,4.285256039460261,1.024332949863972,1.374583812412156,Moderate
1.459540160144425,3.579325431465141,1.342790516906335,1.2397336399437795,Bad
2.48074049452197,5.003113069633899,1.2063738826272834,1.1648168774613483,Moderate
3.5630492862035257,2.163488741415395,1.0,1.3446171074191833,Good
1.7156080627874395,2.793128109125711,1.0493032102603963,1.226415237576703,Good
2.8999701143028487,3.133693720223384,1.121259221142635,2.2336297551001,Moderate
1.5320991327988076,3.054752163898909,1.053633899727944,1.6193123027441645,Good
2.51427422033019,2.715606364965346,1.0279828993392923,1.3046619003179534,Good
2.475015236846784,2.9640734936844653,1.0231163093664983,1.7491676248243118,Good
2.06688565645414,5.780034285834482,1.041974349008939,1.6243059544641931,Bad
1.56084228949336,4.273424271426018,1.049882568208317,1.174805379569606,Good
1.5892668316768783,4.379910183734211,1.1971522580645162,1.2497221420520372,Moderate
3.125592336516949,1.341796114973234,1.0644823381267003,2.0138731193728354,Good
2.730665844775955,5.279124554336737,1.0909444228527012,1.4395120727863295,Bad
1.8841444971414885,6.722600254514476,1.121259221142635,1.03995520710123,Bad
1.4864138752190772,4.08298013314683,1.0571317621453555,1.0199782028847149,Bad
1.5106001994372047,5.55523069318385,1.08861252390206,1.5993340998594494,Moderate
2.134069847395474,4.427237255871185,1.1107656338904004,1.0,Bad
2.5129889268128065,2.71163089090584,1.0443062479595802,1.3695889620239272,Good
2.1233204129631047,5.377754172670193,1.7240575204041977,2.2086567018271563,Bad
1.725589726543829,4.143274823049335,1.2495141951029929,1.0,Moderate
3.2798239467785635,2.2383601695360893,1.0291995398367664,1.5493891919817622,Moderate
1.0245702095561178,3.882691963863151,1.0026650353672757,1.0,Good
2.499552101523913,2.755077143127583,1.0116595507190052,1.943951207278633,Good
2.191789897421822,3.701618585867085,1.072289147298873,1.274695195324981,Moderate
1.6971804056203514,5.182009402311664,1.063960904780412,1.6592675098453944,Moderate
3.4696924611055424,1.0354953041027313,1.9362611643995336,2.0088794676528066,Moderate
2.7077648140752117,3.90663946236446,1.326061612125923,1.2197554370590649,Bad
1.9730614225785337,4.332583111597236,1.216867469879518,1.2247502874472935,Bad
1.378919079417333,3.5083348232596783,1.0209871745044694,1.5044391344923034,Good
1.9057602988217133,4.83349284309498,1.068132287602021,1.824084387306743,Good
3.456744199565855,2.0570028291072013,1.035282798289934,2.053829525142265,Moderate
1.6422812549602122,2.6012641586824143,1.1690633595025262,1.2697003449367523,Good
2.317979431906888,7.7756276095621715,1.0206830003886511,1.3596004599156697,Bad
2.709166911414352,2.549961612485933,1.1597357077341623,1.7541624752125404,Good
1.8833266124017285,6.592450806137795,1.0291995398367664,1.3596004599156697,Bad
1.4094148739100274,2.4001241021002704,1.0089036548775747,1.2846836974332383,Good
1.9728276859412897,4.0999232249718665,1.034978624174116,1.7591561269325693,Good
2.2872499007769487,3.6463405656110974,1.2774970944422852,1.449500574894587,Good
3.106897597833628,4.170913833177329,1.581811124757093,2.128746287624696,Moderate
1.3171096056921838,5.724850919722768,1.0186552755538285,1.0149833524964862,Moderate
1.5075622681216787,3.670004101679585,1.0462326187329964,2.0088794676528066,Good
2.7678004305337707,5.764227043740732,1.0241670392537894,1.3645953103038984,Bad
2.416243629940296,3.859312390227485,1.1702292949863973,1.729189421939597,Moderate
1.8008360900547362,4.9321224614284365,1.222697231247571,1.529412187765247,Moderate
1.799200256078351,3.7804654880472848,1.0912485969685193,1.729189421939597,Good
1.5912212801642969,6.190170692973507,1.0693489280994948,1.744172774436083,Moderate
1.884528446976343,6.008813352544618,1.0104935872522347,1.5993340998594494,Bad
2.521051034885516,2.549961612485933,1.4162456276719784,1.0,Moderate
1.6421644511384548,5.507903621046875,1.0340661298095608,1.4045505174051285,Bad
1.583275975913345,5.294931796430487,1.0389327197823552,1.274695195324981,Good
4.0985368907768605,1.3312895049588254,1.400155460551885,3.542175074014432,Moderate
2.113271994951874,4.474564328008161,1.0072998989506412,1.204772084562579,Moderate
1.88613080708001,5.208133946131275,1.036144587640886,1.1248616703601186,Moderate
3.17045970935692,2.758957963042815,1.0340661298095608,1.938956356890404,Moderate
2.1851298866882534,2.0608836490224327,1.034978624174116,1.5843507473629632,Good
3.015527018177302,3.046895869924171,1.0827827345511076,1.9489460576668611,Moderate
1.5019538787651148,4.679679858649811,1.0,1.2597118428284946,Good
1.670206526915004,4.7111996886930365,1.184930474931986,1.2197554370590649,Bad
2.1020551517418813,5.531567157115362,1.1094982883793238,1.1947835824543211,Moderate
2.6876679780527493,3.926422178517716,1.2261950936649826,1.6842393644501383,Bad
2.538710921376624,2.3882923340660263,1.0186552755538285,2.5482801575263108,Good
2.6849805871962245,2.684086534922121,1.4337349397590362,2.043839824365808,Bad
3.7172809609620048,1.757233154191601,1.1046316984065294,1.9988897668763488,Moderate
2.1475067371812324,3.784440962106791,2.178779634667703,1.2846836974332383,Bad
1.855284536625179,5.787890579809219,1.0750450431403031,1.5493891919817622,Bad
1.9620782515089203,5.716899971603756,1.0186552755538285,1.4594890770028446,Bad
1.9459540353635016,4.979449533565411,1.0474492592304705,1.03995520710123,Moderate
2.2871330969551917,4.328702291682004,1.0324845083560046,2.7230855370959173,Moderate
1.661092861962155,3.81198531809051,1.0116595507190052,1.4994454827722743,Good
1.8196476325598143,6.308488373315945,1.0851146614846483,1.544395540261733,Bad
1.297246441810101,3.4728395191569468,1.0,1.0,Good
2.953717544452153,2.530273550476952,1.0629615235134084,1.409545367793357,Good
3.804211511963664,3.73313841591031,1.083948698017878,2.2685901118131016,Moderate
3.9948979110304026,1.5994446956869262,1.1046316984065294,3.4372916065390275,Moderate
3.823841003705367,1.4456317112417572,1.0091248596968518,5.8246395038685685,Bad
2.064198265597615,6.241473239169988,1.1094982883793238,1.1997784328425498,Bad
1.995495108998519,7.065721527507546,1.0231163093664983,1.4944506323840456,Bad
2.786282716545159,4.34441487963148,1.0425826692576758,1.5543840423699908,Moderate
3.3514481663745643,2.0017248088512143,1.271667305091333,1.8690344447962015,Moderate
1.4219170106374035,3.3860416688577346,1.0081616883015934,1.11986681997189,Good
1.5748633273816344,5.263411966387261,1.0523158492032647,1.609322601967707,Bad
1.2131200854867243,3.685811343773335,1.0,1.3196452528144396,Good
1.650831991278992,4.123586761040354,1.0046638258841818,1.2697003449367523,Good
1.693341294252992,5.3501151625422,1.2483482316362222,1.2497221420520372,Bad
2.491489993451204,2.8575875813762712,1.0489700738437622,2.053829525142265,Good
2.088384589815744,5.551255219124344,1.0781189366498252,1.5867169183892085,Bad
2.3383099400697285,3.6345087975768537,1.163233570151574,1.8940062994009452,Good
3.7061809215737695,1.5482368036347192,1.1107149568596968,2.79300744919012,Moderate
2.346372048142438,5.523710863140624,1.0338126607073457,1.7042175673348532,Bad
2.6581068721215724,2.703774596931102,1.2600077823552274,1.4245287202898431,Good
1.8650167910062303,7.003817717152383,1.0197526249514186,1.6892342148383668,Bad
5.237163570648758,2.8812511174447586,1.0364994387874078,2.4384018396626788,Moderate
1.7094655103984104,3.0074250917619345,1.0314807617567043,1.1448386745766337,Good
2.518363708525856,2.246311117655101,1.1445783225806452,1.918979352673889,Moderate
4.470545582632319,1.1325158019835302,1.245183505635445,3.2824644298541363,Moderate
1.6852791861802827,2.814235983298802,1.1935483964244074,1.1498335249648624,Good
1.521349633869574,3.768633720013041,1.0,1.174805379569606,Good
3.87992521975533,4.821661075060737,1.0888152879906725,2.038846172645779,Bad
1.445869598218287,4.170913833177329,1.0279828993392923,1.3596004599156697,Good
2.247874113471785,4.159082065143085,1.015816410415857,1.5344058394852758,Good
2.253482567325213,2.1831768034243764,1.2567126840264282,1.11986681997189,Good
2.381307871289799,1.6586035358581448,1.2518460940536338,1.1348501724683762,Good
1.9997014010159415,2.4868272982552084,1.0571317621453555,1.3096555520379822,Good
1.437457014183441,6.442613295752133,1.0072998989506412,1.3945620152968707,Bad
2.0561361575249064,3.031088627830422,1.0081616883015934,1.2247502874472935,Good
2.394744696578693,3.224372390437828,1.1200932856587642,1.724195770219568,Good
2.037324550522963,4.048620678775386,1.4337349397590362,1.449500574894587,Bad
1.5748633273816344,5.563086987158588,1.0173227578701904,1.469478777779302,Moderate
2.0803224817430337,5.626221301389313,1.0932763218033423,2.648168774613486,Bad
2.418931020796821,5.851024894039943,1.0,1.5394006898735046,Bad
2.369092552119218,3.0074250917619345,1.2287297846871357,1.7691458277090266,Moderate
2.5407584388396334,2.8575875813762712,1.1372494613291877,2.058823176862294,Good
1.8303971314890488,2.6682792928283705,1.0186552755538285,1.5543840423699908,Good
2.096446697888452,3.701618585867085,1.01703307889623,1.6642623602336228,Moderate
1.4434159439990064,4.174889307236835,1.0046638258841818,1.1048834674754036,Good
1.112168432099926,6.880388713019151,1.0874465604352896,2.198668199718899,Bad
2.4722110421685017,5.894376492117413,1.0291995398367664,1.4994454827722743,Bad
1.682591795323758,4.435188203990197,1.030314798289934,1.0,Moderate
1.56084228949336,4.273424271426018,1.049882568208317,1.174805379569606,Good
2.2759162537451987,5.208133946131275,1.0510992087057909,2.2436182572083574,Bad
1.5692549380250704,4.947835049377912,1.094124287602021,1.3596004599156697,Bad
1.5524296409616491,5.515759915021612,1.1119315973571706,1.5793558969747346,Moderate
2.744102734561713,4.257711683476542,1.0443062479595802,2.133739939344725,Bad
1.583275975913345,5.294931796430487,1.0389327197823552,1.274695195324981,Good
2.1125709140338707,4.214265431254798,1.08861252390206,1.2397336399437795,Good
3.1020114443666498,4.202433663220555,1.262021683637777,2.0238628201492928,Moderate
1.9755150767978145,4.072284214843873,1.0384764865915277,1.569367394866477,Good
1.084126356323377,5.787890579809219,1.018249719393704,1.3596004599156697,Good
2.8967941596971176,3.815960792150016,1.0190792444617178,1.484462130275788,Moderate
2.676918479123516,4.001293606638411,1.1155815468324912,1.639289306960679,Moderate
1.9562361255151124,3.930302998432948,1.0109498204430625,1.569367394866477,Good
2.3348046644734435,3.863287864286991,1.1070650073843762,1.8890126476809168,Good
7.804419213366572,2.0096757569702257,1.0466381748931208,2.917869119550238,Bad
6.0756228102105165,1.0,1.2445461951029926,4.885683146978163,Bad
2.490594196499029,2.5586697937591367,1.0730664562767198,1.6632626709550573,Good
2.128695130179289,2.4395002261182333,1.0076316921881072,1.3446171074191833,Good
1.5294117419422832,6.438637821692627,1.053633899727944,1.544395540261733,Bad
1.3430060642746944,3.0665839319331534,1.0152634123591138,1.544395540261733,Good
2.1179456312500555,4.50617881219566,1.047804110376992,2.2086567018271563,Bad
1.634219146887503,2.4316439321434955,1.0151574131364167,1.4594890770028446,Good
1.8196476325598143,6.308488373315945,1.0851146614846483,1.544395540261733,Bad
1.6530307538894458,4.924171513309425,1.1469102215312863,1.2996670499297247,Moderate
3.021836488451869,1.398304639104782,1.0802987485425573,2.0788013797470093,Good
1.9620782515089203,3.315051060652272,1.1072677714729888,1.389567164908642,Good
2.890930814234862,2.3764605660317826,1.0992121103769918,2.238623406820129,Good
2.768289058779841,5.231797482199762,1.068132287602021,1.779134329817284,Bad
2.17438038775902,1.6783862520114003,1.0,1.2697003449367523,Good
1.720215009327644,6.576738218188319,1.101438010104936,1.3246389045344684,Bad
1.7067781195418856,3.81198531809051,1.0559657986785853,1.3596004599156697,Good
1.712152901254935,5.906208260151656,1.263505644772639,1.6143174523559356,Bad
2.397432087435217,2.096378953125164,1.0186552755538285,1.3196452528144396,Good
5.192296197808789,2.514466308383202,1.138748533229693,2.4384018396626788,Bad
2.814324856818573,2.6959183029563643,1.059615748153906,2.0638180272505227,Moderate
1.898349157603227,5.752395275706488,1.0547491581811117,1.2796888470450098,Bad
3.148918272561557,1.2129718246163876,1.035282798289934,2.383463280064962,Moderate
1.929829819218084,5.271268260362,1.0888152879906725,1.3995556670168998,Moderate
1.9197814012068528,1.7454013861573572,1.0279828993392923,1.5244173373770182,Good
2.2058109353100965,4.088091456937622,1.2287297846871357,1.2597118428284946,Moderate
2.263063576558821,4.821661075060737,1.2378546443839875,2.058823176862294,Moderate
1.6557181447459706,6.363766393571932,1.0050877947920716,1.5194224869887896,Bad
1.8518960648506515,3.5478056014219157,1.0979401476875243,1.6792457127301093,Good
2.88115857179777,4.987305827540149,1.2868247182277497,1.958934559775119,Bad
2.8498873315022104,1.5679248656437008,1.0572983163622232,1.7941176823137703,Good
2.0534487666683816,4.916315219334686,1.1445783225806452,1.03995520710123,Bad
1.8411466304182824,5.4014177087386805,1.2644383987563157,1.4295223720098722,Bad
1.5401612408715168,5.780034285834482,1.1492421204819276,1.0,Bad
2.4968647106673885,3.681835869713829,1.1200932856587642,2.2086567018271563,Moderate
1.3896685783465663,4.391741951768454,1.0,1.0649282603741737,Moderate
1.8062108072709209,6.671392362462269,1.1216090073843763,1.5943392494712207,Bad
1.7470886599054318,3.930302998432948,1.054799835211815,1.5194224869887896,Good
2.814324856818573,3.326882828686516,1.0145997699183833,1.8540510922997155,Moderate
2.443117345014948,5.582869703311843,1.35445006762534,1.834072889415001,Bad
2.9214691121613163,4.87684444117245,1.0816167990672367,2.003884617264578,Bad
1.8945434556117209,3.4806958131316845,1.0291995398367664,1.2197554370590649,Good
2.2282446217300818,2.873394823470021,1.0092465293431792,1.9689230618833768,Moderate
2.107196196817686,4.7111996886930365,1.1459977271667314,1.7192009198313394,Moderate
2.760226950707132,4.277399745485523,1.1737271574038088,1.4894557819958172,Moderate
1.7900865911255024,2.924602715522228,1.4279051783909833,1.1148719695836613,Moderate
2.222753036195275,2.4237876381687578,1.0384764865915277,1.5743622452547057,Good
2.8972827879431886,2.139825205346908,1.054799835211815,1.6592675098453944,Good
4.956742425902078,2.975905261718709,1.0255495903614458,1.5643725444782484,Bad
1.6253391540750337,5.791866053868725,1.0953962502914885,1.4445057245063584,Bad
1.6852791861802827,5.050440141770873,1.2005441212592305,1.0,Bad
2.8732132675468183,5.728731739638,1.0206830003886511,1.604328950247678,Bad
2.0431666765167718,3.263843168600065,1.2275131441896618,1.6942290652265954,Good
2.3194983330677856,3.437344215054216,1.0454722114263506,1.6342956552406505,Good
3.8014073172853817,1.6862425459861383,1.2141300147687524,3.2275246715882204,Moderate
3.944422084337004,2.297519009707308,1.1289646762534007,4.526082687062494,Bad
1.720682353608403,4.999137595574393,1.073773108433735,1.5244173373770182,Bad
1.5294117419422832,5.101648033823081,1.0571317621453555,1.4594890770028446,Good
2.56727380933467,1.1726491591556851,1.0405752040419745,2.4384018396626788,Good
1.7907876720435052,5.129287043951074,1.0279828993392923,1.9639294101633475,Bad
1.827242396351765,3.6424597456958656,1.015816410415857,1.5244173373770182,Good
2.1501940635408925,5.5394234510901,1.053633899727944,1.589345597751192,Bad
2.4077141775868283,7.337852192295153,1.0,1.8490562419114869,Bad
1.7935918667217872,5.358066110661212,1.099765108433735,1.0,Moderate
2.3087488986354163,4.245879915442298,1.174893120870579,1.9539397093868904,Moderate
4.426746471360415,1.512741499531988,1.0827320575204042,2.942840974154982,Moderate
1.2355537719067096,4.868988147197712,1.0255495903614458,1.2397336399437795,Good
1.5030755437370549,2.538129844451689,1.0414146910221531,1.2397336399437795,Good
2.1272930328401483,4.360222121725229,1.0754321585697628,1.6193123027441645,Bad
2.0291456386284965,5.014944837668143,1.035282798289934,1.5394006898735046,Bad
1.1182442302341136,2.739269901033833,1.0,1.11986681997189,Good
2.827411141648466,5.847049419980437,1.1562378453167508,1.779134329817284,Bad
1.174678986743078,3.3071947666775343,1.0,1.15982202707312,Good
1.995495108998519,2.325158019835301,1.0097331799455889,1.7841291802055128,Good
2.01582561716136,3.93825394655196,1.246016332685581,1.7491676248243118,Bad
2.0856971989592186,2.8536121073167653,1.1480761849980567,1.1947835824543211,Moderate
1.6039251630840845,3.711557271015849,1.284916788184998,1.6542726594571655,Moderate
2.104859346420163,2.6682792928283705,1.0827827345511076,1.779134329817284,Good
4.104262148452047,2.573625148554421,1.026766258841819,2.083796230135237,Moderate
1.112168432099926,3.5398546533029034,1.0255495903614458,1.1498335249648624,Good
1.3813727336366135,6.237497765110482,1.0255495903614458,1.3096555520379822,Moderate
1.6691549700348642,6.509628429898089,1.1445783225806452,1.414539019513386,Bad
2.0803224817430337,4.73883869882103,1.0163233486202876,2.103773234351753,Bad
1.6870318239784252,4.470683508092929,1.0644823381267003,1.0799116128706598,Moderate
1.386981187490042,5.626221301389313,1.037310523124757,2.198668199718899,Bad
2.2078503906650333,7.692805233322464,1.1857047057909056,1.349611957807412,Bad
2.134069847395474,4.991281301599655,1.029148862806063,1.8890126476809168,Bad
1.56084228949336,3.4806958131316845,1.0,1.389567164908642,Good
1.5858464984512477,5.858881188014681,1.030314798289934,1.094894965367146,Bad
1.368169580488099,6.162626336989788,1.0093276237854645,1.7192009198313394,Bad
1.733651834616538,6.111323790793307,1.1469102215312863,1.3096555520379822,Bad
1.7974157568291056,2.814235983298802,1.0,1.3096555520379822,Good
2.289937291633473,4.908458925359948,1.1768010509133306,1.03995520710123,Bad
3.347125006038519,1.1616692784199067,1.1399144966964632,2.683130329994687,Good
2.241564643197218,5.732707213697506,1.2436844057520404,1.0799116128706598,Bad
1.914172947353424,5.417224950832431,1.1713952584531675,1.2447284903320084,Bad
2.8550526918959624,3.0373358013525027,1.0399755584920327,1.8961471208056435,Moderate
2.1973982867783857,4.139394003134104,1.0133831294209097,1.414539019513386,Good
2.160943562470126,6.336127383443938,1.2996502044306255,1.5194224869887896,Bad
2.786282716545159,4.34441487963148,1.0425826692576758,1.5543840423699908,Moderate
1.7627455317700913,5.977198868357119,1.0255495903614458,1.0,Bad
2.101821415104637,4.119611286980849,1.0186552755538285,1.4345172223981009,Good
2.2226362323735174,5.705068203569513,1.0340661298095608,1.4994454827722743,Bad
3.4159450309562382,3.997412786723179,1.1597357077341623,1.8540510922997155,Moderate
2.0212003343775446,3.263843168600065,1.517683637776914,1.2297451378355222,Bad
2.163630953326651,3.6463405656110974,1.2250291581811117,1.4594890770028446,Moderate
2.8395627379168404,2.0924981332099324,1.058509696074621,2.9877910316444405,Good
2.1152583048903955,5.669572899466782,1.216867469879518,1.2846836974332383,Bad
2.0151245362433574,3.169189024326115,1.0048665899727944,1.604328950247678,Good
1.6180949307420844,5.764227043740732,1.1340847353284105,1.0,Bad
2.27650046634458,2.090983666901549,1.216867469879518,1.2697003449367523,Good
1.7122697050766924,4.703343394718299,1.018249719393704,1.4075471879044257,Good
1.765900266907375,2.833924045307784,1.0163233486202876,1.0449500574894588,Good
1.0,2.8930828854790027,1.012825486202876,1.2397336399437795,Good
3.5265945618952657,3.255892220481053,1.041366028760202,2.3584902267920187,Moderate
1.7318991968183957,3.319026534711778,1.184930474931986,1.3945620152968707,Good
1.5777843903785382,3.953966534501435,1.096774184220754,1.4295223720098722,Good
2.545120555281886,5.957510806348138,1.1459977271667314,1.7341842723278256,Bad
2.2282446217300818,2.526298076417446,1.0364994387874078,1.0799116128706598,Good
1.7148402276145949,4.667848090615568,1.072289147298873,1.5044391344923034,Moderate
1.037340266258966,6.864581470925402,1.0213203109211038,1.11986681997189,Moderate
2.209316210906381,2.0766908911161828,1.0011659634667702,1.204772084562579,Good
3.753735685270265,4.348390353690985,1.008516539448115,1.799112532701999,Bad
1.7627455317700913,2.498659066289452,1.0377160792848814,1.4794672798875594,Good
4.0108308939723365,1.2642743708128688,1.7613680435289545,2.4483903417709363,Moderate
2.893443676575829,2.6959183029563643,1.0305267967353284,1.7192009198313394,Bad
1.803279102291361,4.924171513309425,1.0127194869801788,1.0,Moderate
2.241564643197218,2.234479349620857,1.0594636610959969,1.2297451378355222,Good
1.5858464984512477,3.516191117234416,1.150408083948698,1.2097669349508071,Good
4.673633890298875,2.068834597141445,1.1958802953750487,2.9927858820326696,Moderate
2.220065709835615,5.653860311517306,1.0687912848814614,1.2996670499297247,Bad
1.5215833705068178,3.910614936423966,1.0496060411970465,1.2597118428284946,Good
1.860892925981743,3.993437312663673,1.0145997699183833,1.709212417723082,Good
1.8492087384909917,5.176614116088049,1.1364166342790516,1.7491676248243118,Moderate
1.815005857712736,6.127131032887056,1.0778654675476098,1.6193123027441645,Bad
3.300388191578649,3.153381782232365,1.079284872133696,2.0638180272505227,Moderate
7.023446287193919,1.0,1.0608323886513795,7.038291056083953,Bad
2.0935149929088923,2.8930828854790027,1.1266594450058298,1.829079237694972,Moderate
1.7175276184711197,5.594701471346087,1.0559657986785853,1.3995556670168998,Bad
1.9898866551450904,2.663925202191769,1.058509696074621,2.158712992617669,Good
1.4219170106374035,4.687536152624549,1.0,1.3096555520379822,Good
1.8384592395617576,3.342690070780266,1.0729988775748154,1.6542726594571655,Good
2.555986858032877,5.756370749765994,1.204041983676642,1.644284157348908,Bad
3.9914259803131062,3.342690070780266,1.0413080761756703,1.724195770219568,Moderate
3.1753033593901385,1.828223762397064,1.0966681849980566,2.248613107596586,Bad
1.7515286885600987,6.233616945195251,1.0194663598911775,1.274695195324981,Bad
2.220065709835615,5.397442234679175,1.1842207446560435,1.5144288352687607,Moderate
1.4066106792317452,2.5972886846229084,1.10048404508356,1.314650402426211,Good
1.2131200854867243,3.267723988515297,1.006359757481539,1.2697003449367523,Good
1.8076129046100615,4.663872616556061,1.1055718398756316,1.4794672798875594,Bad
1.4038064845534632,5.334402574592724,1.1338312662261951,1.11986681997189,Moderate
2.64607214417182,4.005269080697916,1.1192314963078118,2.083796230135237,Moderate
1.580471781235063,3.007993016627578,1.008744656043529,1.128428906922482,Good
2.5407584388396334,2.8575875813762712,1.1372494613291877,2.058823176862294,Good
1.0938135918929506,6.35269185869188,1.0050877947920716,1.094894965367146,Moderate
2.2469393604134025,7.578463027039534,1.457054013214147,1.6542726594571655,Bad
1.491788592435262,3.457032277063197,1.0338126607073457,1.3795786628003843,Good
1.5885338893077725,2.707750070990608,1.0069957248348231,1.03995520710123,Good
2.7853904669205365,4.186721075271079,1.0407023863194715,1.3945620152968707,Moderate
4.126695834872033,1.5797566336779445,1.20318019432569,3.54716992440266,Moderate
1.9057602988217133,5.290956322370981,1.024332949863972,1.409545367793357,Bad
1.7347033914966776,3.350546364755004,1.073773108433735,1.4345172223981009,Good
2.418931020796821,5.79584152792823,1.0432463116984063,1.4794672798875594,Bad
1.171991660383418,3.204684328428846,1.005829761368053,1.254716992440266,Good
1.755150767978141,3.662147807704848,1.0314807617567043,1.329633754922697,Good
1.356134852538346,3.5951326735588904,1.0255495903614458,1.2796888470450098,Good
1.712152901254935,5.906208260151656,1.263505644772639,1.6143174523559356,Bad
1.5860802350884915,4.166938359117824,1.0104935872522347,1.3396222570309548,Good
3.579874583266947,2.6406402827003777,1.0474492592304705,2.0788013797470093,Moderate
1.1822737505350285,5.511879095106381,1.0012166404974738,1.4295223720098722,Moderate
2.768289058779841,5.665692079551549,1.2153466552662262,1.938956356890404,Bad
1.8975813869272469,5.164782348053805,1.1445783225806452,1.6193123027441645,Moderate
2.558674248889402,1.7887529842348264,1.241352506801399,1.374583812412156,Good
3.711672507108576,4.348390353690985,1.0121664889234356,2.103773234351753,Moderate
2.289937291633473,5.713019151688525,1.1643995336183444,1.154828375353091,Bad
3.0397133423954297,1.3707602831210628,1.1690633595025262,2.383463280064962,Good
3.09346070804787,4.230072673348548,1.0676253493975905,1.6293008048524218,Moderate
2.9657522724019056,5.156926054079068,1.0620490291488536,1.9339627051703752,Bad
3.3595102744472736,2.4829464783399766,1.0582976976292269,2.7230855370959173,Moderate
1.3171096056921838,4.758526760830012,1.0174893120870578,1.2297451378355222,Bad
1.825022414272864,6.060021244596825,1.1818888457054022,1.1498335249648624,Bad
1.3601074724153897,5.003113069633899,1.0279828993392923,1.2996670499297247,Good
2.0319498333067787,5.756370749765994,1.1091333074232417,1.5094339848805318,Moderate
2.32218572392431,5.468432842884638,1.2576758554216867,1.2397336399437795,Moderate
2.0319498333067787,3.1612380762071037,1.179556946754761,1.11986681997189,Good
2.01582561716136,1.812416520303314,1.0524679362611735,1.3995556670168998,Good
2.584379474268428,3.4846712871911905,1.0661413882627284,1.8140958851984847,Good
1.471107543813419,3.6661232817643534,1.0,1.3196452528144396,Good
1.550910739800751,5.582869703311843,1.0559657986785853,1.5244173373770182,Bad
2.1179456312500555,1.863719066499795,1.3031480668480373,1.729189421939597,Bad
3.506965070153562,1.6586035358581448,1.0559657986785853,3.4572698094237424,Good
2.314123615851601,3.965798302535679,1.2320248830159346,1.3596004599156697,Good
3.0358575263401435,3.4846712871911905,1.1046316984065294,2.043839824365808,Moderate
3.700455663898584,2.719581839024852,1.0961151869413135,2.533296805029825,Moderate
1.914172947353424,3.6345087975768537,1.0,1.709212417723082,Good
1.8841444971414885,3.512310297319184,1.0594636610959969,1.6342956552406505,Good
1.580471781235063,5.251580198353017,1.058399107656432,1.0899001149789174,Bad
2.754852168994083,2.498659066289452,1.0524679362611735,1.4544954252828155,Good
1.9620782515089203,2.735294426974328,1.1888845705402251,1.0149833524964862,Good
1.878769779925304,1.9780612727827265,1.2670035071900505,1.469478777779302,Moderate
2.1851298866882534,4.687536152624549,1.018249719393704,1.589345597751192,Moderate
1.6261570388147937,6.509628429898089,1.278663029926156,1.1947835824543211,Bad
1.8312929284412236,4.032908090825909,1.172561221919938,1.0499449078776877,Good
1.4542822467499978,5.9456790383138935,1.0441896712009329,1.2397336399437795,Bad
1.7431160400283885,4.719150636812048,1.0725011457442677,1.5244173373770182,Good
1.3421138146500715,3.863287864286991,1.06486945355616,1.3096555520379822,Good
1.527191759863382,5.168757822113311,1.0,1.639289306960679,Bad
3.5046282197560394,2.6406402827003777,1.2250291581811117,2.158712992617669,Moderate
3.026276517106536,3.7449701839445537,1.1235911480761758,1.799112532701999,Moderate
2.27650046634458,2.090983666901549,1.216867469879518,1.2697003449367523,Good
2.41051837226511,3.871144158261729,1.0693489280994948,1.3596004599156697,Moderate
3.3555376545702296,2.0411955870134517,1.0912485969685193,2.882907564169037,Moderate
1.3337011661183609,3.461007751122703,1.033070694131364,1.2397336399437795,Good
1.3196801282300863,5.523710863140624,1.0231163093664983,1.2397336399437795,Moderate
1.5347865236553324,5.06615272972035,1.3322969296541003,1.0,Good
1.356134852538346,3.520166591293922,1.0209871745044694,1.349611957807412,Good
3.1732639040352018,3.3584973128740154,1.0048665899727944,2.318535019690789,Moderate
4.564917588378818,3.6463405656110974,1.0013325176836378,1.6942290652265954,Bad
1.7309644437600131,2.1358497312874016,1.2110377085114652,1.4445057245063584,Good
2.371259453278568,5.338283394507956,1.059615748153906,1.724195770219568,Bad
1.88613080708001,5.208133946131275,1.036144587640886,1.1248616703601186,Moderate
1.4729769854333186,5.588264989535459,1.159380856587641,1.6193123027441645,Moderate
1.0058633454622554,3.985581018688935,1.7636999704624952,1.0,Bad
2.777870068013449,1.6625790099176507,1.0559657986785853,3.017757736637413,Good
2.075924956522126,1.3218240905314305,1.3345228293820444,1.669256011953652,Bad
1.6261570388147937,6.134987326861794,1.3905439502526231,2.038846172645779,Moderate
1.8599581729233607,6.292775785366469,1.0921103863194714,1.5743622452547057,Bad
1.835771848705233,4.707318868777804,1.0209871745044694,1.804106184422028,Moderate
1.337840703880942,6.890043435735094,1.0453056572094832,1.3129854522968014,Bad
1.7444013335457718,5.693236435535269,1.2075398460940536,1.0,Bad
2.578771084911864,4.54953041027313,1.2360296836377769,1.3795786628003843,Bad
2.9965986073536017,1.5364050356004753,1.0292548620287605,1.7891228319255417,Good
2.278210600708962,4.872963621257218,1.1002720466381657,2.623196920008742,Bad
2.651680598025248,3.117886478129634,1.0047449203264671,2.173696345114155,Good
1.5697222823058292,2.684086534922121,1.095608248736883,1.6642623602336228,Good
1.620782321598609,4.376029363818979,1.0757870097162845,1.9539397093868904,Moderate
2.2871330969551917,4.186721075271079,1.0381584889234357,1.3246389045344684,Good
2.149726719260133,1.4062555872237938,1.0356145915274,1.884017797292688,Good
3.2097186928403256,1.6665544839771569,1.032849489312087,2.912874269162009,Good
4.140716872760306,1.5719003397032068,1.0,2.278579812589559,Moderate
2.5030573771201974,2.1082107211594083,1.015816410415857,1.908989651897432,Good
3.163576668465628,5.693236435535269,1.0572377613680528,1.8190895369185145,Bad
1.8188297478200544,3.993437312663673,1.241670504469491,1.3396222570309548,Good
2.7442195383834718,1.863719066499795,1.0597816587640887,2.11376293512821,Good
2.273111994570052,2.131874257227896,1.0457902090944422,1.799112532701999,Good
2.3095667833751765,4.723031456727281,1.0060832304702685,1.2647054945485237,Good
1.86533295463641,4.510059632110892,1.0,1.1997784328425498,Moderate
4.322990623295334,1.7020497880798882,1.1897970649047804,3.557158426510917,Moderate
2.1797551694720694,4.719150636812048,1.4115818017877964,1.3695889620239272,Moderate
1.925530006747017,4.20640913728006,1.1165954232413524,1.0998886170871751,Moderate
2.012320341565076,3.054752163898909,1.0017033190827829,1.4345172223981009,Good
4.990392955532057,2.4947782463742203,1.081515389040031,2.363485077180248,Moderate
2.6903553044124093,4.20640913728006,1.0443062479595802,1.5543840423699908,Moderate
2.109883523177346,4.5731939463416165,1.0909444228527012,1.4245287202898431,Bad
2.607046897325657,4.569218472282111,1.1422463956471045,1.8490562419114869,Bad
3.392247334984181,3.0902474680016403,1.0699572483482316,1.9239730043939176,Moderate
1.862645563779885,3.875119632321235,1.204041983676642,1.0699219120942025,Moderate
2.281875183560764,4.84930008518873,1.1294209094442285,1.3645953103038984,Moderate
2.6151090053983665,3.4925275811659287,1.2530120575204042,1.4594890770028446,Moderate
1.0644968645816737,3.973749250654691,1.0,1.274695195324981,Good
3.0988354897609187,3.177045318300853,1.1282549459774582,1.7841291802055128,Moderate
2.413556303580636,2.2659991796640826,1.0034978624174116,1.4345172223981009,Good
1.6898360186567072,5.038608373736629,1.0206830003886511,1.11986681997189,Moderate
2.539862641887459,3.930302998432948,1.1643995336183444,1.899001149789174,Moderate
1.556285457016935,5.168757822113311,1.0,1.0,Moderate
1.9916392929432325,4.166938359117824,1.0851146614846483,1.449500574894587,Moderate
3.605112464365214,2.0885226591504265,1.1058483668869024,2.5882353646275407,Bad
2.0776350908865093,1.4417508913265251,1.0326467252234746,1.729189421939597,Good
2.381307871289799,5.216084894250287,1.1900505340069958,2.288568314697816,Bad
2.0749477645268493,6.209953409126763,1.1410804601632336,1.5394006898735046,Bad
1.5159749166533891,6.12315555882755,1.0050877947920716,1.5194224869887896,Moderate
1.2720084962149694,3.6976431118075785,1.0025438973960357,1.3346286053109258,Good
1.5552339001367956,4.53372316817938,1.0072998989506412,1.3596004599156697,Moderate
3.745323036738554,1.7532576801320952,1.1910137054022545,2.628190571728771,Moderate
1.5328002137168106,5.5394234510901,1.0,1.7841291802055128,Bad
1.6926402133349892,3.555661895396653,1.0534219012825496,1.2846836974332383,Good
2.906863797176796,4.872963621257218,1.0425826692576758,1.8690344447962015,Bad
1.9088194496056867,5.018825657583375,1.1289646762534007,1.824084387306743,Bad
2.1260077393227643,3.555661895396653,1.060629624562767,1.5743622452547057,Good
1.1876272482827657,3.350546364755004,1.0012719626894675,1.2397336399437795,Good
2.827411141648466,2.4553074682119838,1.4418966280606296,2.0488346747540365,Moderate
1.346670647126496,5.780034285834482,1.108433734939759,1.4245287202898431,Bad
2.522686868861901,2.904914653513246,1.1204481368052857,1.2647054945485237,Good
1.8975813869272469,4.691511626684054,1.1189273221919938,1.389567164908642,Moderate
2.475365777305785,3.879095106380741,1.1340847353284105,1.2247502874472935,Moderate
1.4944759832917862,5.776058811774976,1.0256510003886514,1.5094339848805318,Moderate
2.2496267512699277,3.953966534501435,1.034978624174116,1.4744724294993308,Good
1.737507650671824,4.790141245017511,1.0228951045472212,1.449500574894587,Moderate
3.0827112736155,2.573625148554421,1.0454722114263506,1.9889012647680917,Moderate
2.3436846572859134,3.4806958131316845,1.0151574131364167,1.3196452528144396,Moderate
1.7793370921962686,4.987305827540149,1.270501369607462,1.0,Moderate
3.319199734083728,2.502634540348958,1.3148076175670425,1.4944506323840456,Moderate
2.12063302210658,6.056140424681594,1.1364166342790516,1.5943392494712207,Bad
3.751866243650365,3.863287864286991,1.137582597745822,2.543285307138082,Moderate
1.892772371710308,4.857156379163468,1.0471291068791295,1.3371254311709402,Bad
1.0058633454622554,5.582869703311843,1.0012719626894675,1.11986681997189,Good
1.0,4.198552843305323,1.0,1.11986681997189,Good
1.6421644511384548,5.784009759893987,1.0513019727944035,1.0,Moderate
2.082425660000178,6.6358970583595385,1.008516539448115,1.389567164908642,Bad
2.8212685892594367,3.3584973128740154,1.031980452390206,1.5094339848805318,Moderate
1.5912212801642969,3.6424597456958656,1.0746210742324136,1.0899001149789174,Good
2.0803224817430337,5.547374399209112,1.0165353470656822,1.4861270804051978,Moderate
3.579874583266947,2.6249276947509017,1.0085220520792848,4.141509173873882,Moderate
1.7309644437600131,3.9461102405266977,1.3066459292654489,1.4794672798875594,Bad
1.9755150767978145,5.586750523227075,1.2145355709288768,1.3596004599156697,Moderate
2.842366932595122,1.0591588401712189,1.2968620722891566,2.288568314697816,Moderate
3.4670050702490176,2.9364344835564715,1.1737271574038088,2.8329638549595493,Moderate
2.1367572382519984,2.1121861952189143,1.3686442813835988,1.059933409985945,Bad
2.2684383582718706,9.116592871491225,1.2949864065293433,1.4445057245063584,Bad
3.019032293773587,4.514035106170399,1.2189966047415468,2.083796230135237,Bad
1.9647655778685804,5.393561414763943,1.3322969296541003,1.3845723145204134,Bad
1.740311845350106,4.5298423482641486,1.0039430423630005,1.604328950247678,Moderate
1.6141223108650409,4.581050240316355,1.0046638258841818,1.4295223720098722,Good
1.0673010592599557,7.587928441466929,1.0024333089778468,1.5793558969747346,Bad
1.5374738500149925,4.691511626684054,1.0699572483482316,1.2197554370590649,Moderate
1.2159242801650063,5.780034285834482,1.032849489312087,1.2796888470450098,Moderate
1.810417099288344,5.500047327072137,1.0377160792848814,1.5344058394852758,Bad
1.9029561041434315,2.914096105507819,1.7849203264671591,2.857935709564293,Bad
2.9180806403867887,3.5083348232596783,1.0608323886513795,1.589345597751192,Moderate
1.7543328832383809,6.797566336779445,1.0191462075398368,1.761506715272218,Bad
2.494644728588487,5.279124554336737,1.0340661298095608,1.5244173373770182,Bad
2.0856971989592186,4.241904441382792,1.06645938593082,1.779134329817284,Moderate
1.224203355690168,4.65544839771568,1.0186552755538285,1.1931186323249114,Good
2.273813075488055,4.243134945258353,1.1017560077730275,1.389567164908642,Good
1.7655497264483735,4.241904441382792,1.0559657986785853,1.449500574894587,Good
3.053150167684324,5.156926054079068,1.02215313797124,2.288568314697816,Bad
2.4646162783765515,5.468432842884638,1.2238631947143412,1.6992227169466243,Bad
2.0292624424502543,2.7471261950085712,1.0186552755538285,1.4395120727863295,Good
2.6581068721215724,4.762502234889517,1.0256510003886514,1.4544954252828155,Bad
1.002804194678282,6.091635728784325,1.0,1.11986681997189,Good
1.5692549380250704,3.3805517284898454,1.0109498204430625,1.0,Good
2.800537491070678,5.665692079551549,1.3789351045472211,1.4295223720098722,Bad
4.572565433090318,1.473270721369751,1.0279828993392923,1.9339627051703752,Bad
1.4851285817016937,5.780034285834482,1.049882568208317,1.3446171074191833,Bad
3.566437757978053,2.064859123081938,1.2366886809172173,1.8140958851984847,Moderate
1.9943266837997573,4.754645940914779,1.102603973571706,2.07380652935878,Moderate
2.091071980672268,3.236204158472072,1.270501369607462,1.0449500574894588,Good
1.376231688560808,6.008813352544618,1.036144587640886,1.3246389045344684,Bad
1.6906539033964674,5.30676356446473,1.167897396035756,1.4295223720098722,Bad
4.246342162445287,2.0924981332099324,1.1469102215312863,3.726970154360495,Moderate
1.7793370921962686,4.391741951768454,1.1049358725223477,1.7192009198313394,Good
2.6527321549053875,5.586750523227075,1.102603973571706,2.018867969761064,Bad
2.27112568463153,7.826930155758652,1.1877186070734551,1.419533869901615,Bad
1.9325171455777437,4.407549193862204,1.2191993688301594,1.0,Moderate
2.3684551941034213,4.687536152624549,1.0437993097551497,1.6542726594571655,Bad
2.458190004280227,6.781759094685695,1.0340661298095608,1.8190895369185145,Bad
2.467303669233076,2.407980396075008,1.3487099634667703,1.0499449078776877,Bad
2.7498279922369,5.3264516264737125,1.058399107656432,1.589345597751192,Bad
1.9916392929432325,3.4965030552254346,1.2028760202098718,1.908989651897432,Good
1.2692043015366874,4.987305827540149,1.018249719393704,1.0,Moderate
2.623171113471076,3.165213550266609,1.0617955600466382,1.7841291802055128,Moderate
1.980889794013999,3.93825394655196,1.174893120870579,1.7491676248243118,Moderate
1.9755150767978145,2.6524720507346213,1.1155815468324912,1.8940062994009452,Good
2.163630953326651,3.989461838604167,1.099765108433735,1.2297451378355222,Moderate
3.69484727454202,1.3667848090615569,1.0510992087057909,2.743063739980632,Moderate
1.6225349593967515,6.5175793780171,1.0218996688690245,1.9172412837842967,Bad
1.6533812943484474,4.801973013051755,1.018249719393704,2.31354016930256,Moderate
1.9394108284516915,4.951810523437418,1.059615748153906,1.3845723145204134,Bad
1.8328507857083287,3.73313841591031,1.0827320575204042,1.8940062994009452,Good
2.7252911275597707,2.3527970299632948,1.0279828993392923,1.7391791227160542,Moderate
3.3274955787936804,1.6270837058149197,1.1532976261173726,2.4034402842814773,Moderate
1.756372338593318,3.0942229420611462,1.2215312957637,1.0,Good
3.17045970935692,1.8045602263285765,1.0316328488146134,2.298556816806074,Bad
1.773962374980084,3.839624328218504,1.024485036921881,1.3596004599156697,Good
3.31908293026197,3.7804654880472848,1.0279828993392923,2.3285235217990463,Moderate
1.8518960648506515,4.569218472282111,1.4057520404197434,1.5743622452547057,Bad
1.967452968725105,2.11616166927842,1.1154294597745822,1.779134329817284,Good
2.6581068721215724,4.324726817622498,1.030314798289934,1.4345172223981009,Moderate
3.0345829393022807,1.7217378500888696,1.060629624562767,2.0088794676528066,Moderate
2.292624682489998,5.283100028396243,1.2087057815779243,1.11986681997189,Bad
1.0925390048550874,5.235772956259268,1.0,1.11986681997189,Good
2.3786204804332747,4.289231513519767,1.0979401476875243,1.1448386745766337,Moderate
3.026276517106536,1.9425659686799956,3.273610571317528,2.293563165086045,Bad
2.5828605731075296,2.569649674494915,1.0513019727944035,1.9889012647680917,Good
3.961247316903561,2.3211825457757955,1.015816410415857,1.8540510922997155,Moderate
1.9378919272907928,4.955785997496924,1.047804110376992,1.349611957807412,Good
4.429083321757938,2.00570028291072,1.2681694426739214,3.6071033343886048,Moderate
2.090304145499423,2.9877370297529526,1.002931544500583,1.525130544955851,Good
1.3816064702738573,4.22221637937381,1.0676253493975905,1.1298553220801475,Good
1.5127500734243058,4.356246647665724,1.0,1.414539019513386,Good
1.6309476079284622,5.973318048441887,1.068685285658764,1.4794672798875594,Bad
1.2714242836155885,2.4868272982552084,1.0011659634667702,2.123751437236468,Good
2.3006867905627075,5.732707213697506,1.0314807617567043,1.4395120727863295,Bad
2.4296805197260545,2.0530273550476954,1.1340847353284105,1.7691458277090266,Good
2.187328649298707,4.687536152624549,1.0023318989506411,1.3945620152968707,Moderate
2.1394446291085227,2.404004922015502,1.197046258841819,1.1997784328425498,Good
1.6730107860901504,6.553074682119831,1.1034150579090556,1.419533869901615,Bad
1.2767990653286376,4.904483451300443,1.0571317621453555,1.254716992440266,Moderate
2.32919627511688,4.308919575528749,1.0377160792848814,1.3945620152968707,Good
1.6503433630329214,4.979449533565411,1.0454722114263506,1.5394006898735046,Bad
2.570358436380153,2.90093917945374,1.0863820069957248,2.458380042547393,Moderate
1.2159242801650063,4.064427920869136,1.0097331799455889,1.0,Good
2.6043595064691325,1.303650494830832,1.0011659634667702,1.4794672798875594,Good
2.2254404270518,4.589001188435367,1.0547491581811117,1.0,Moderate
3.369558692458505,1.7257133241483755,1.0510992087057909,3.4372916065390275,Moderate
2.36565099942514,2.0530273550476954,1.0024333089778468,1.6992227169466243,Good
2.7442195383834718,5.910183734211162,1.0255495903614458,1.3945620152968707,Bad
1.6758149807684326,4.360222121725229,1.0620490291488536,1.4794672798875594,Good
1.88613080708001,5.287075502455749,1.1411864593859309,1.294672199541496,Bad
1.9338024390951272,4.261592503391773,1.0368865542168677,1.639289306960679,Good
2.1394446291085227,4.364197595784735,1.0233190734551108,1.5094339848805318,Moderate
1.3359211481972622,4.939978755403175,1.0011659634667702,1.2647054945485237,Good
2.177768859533548,5.145094286044824,1.0510992087057909,1.2647054945485237,Bad
1.8707076718525943,6.304607553400713,1.3138951232024874,1.7192009198313394,Bad
2.760226950707132,4.22221637937381,1.908278265060241,1.5543840423699908,Bad
2.0067119522085117,6.075828486690575,1.0218996688690245,1.529412187765247,Bad
2.7442195383834718,1.7138815561141318,1.0496060411970465,2.2086567018271563,Good
1.227141123374999,4.34441487963148,1.0279828993392923,1.2397336399437795,Good
1.8599581729233607,4.159082065143085,1.053633899727944,1.0249718546047435,Moderate
2.0776350908865093,4.348390353690985,1.5538282254178002,1.374583812412156,Moderate
1.827242396351765,2.580724209374967,1.0255495903614458,1.3645953103038984,Good
1.8518960648506515,3.464983225182209,1.0699572483482316,1.4994454827722743,Good
1.827242396351765,3.977630070569923,1.067413350952196,1.3945620152968707,Good
3.069508120466986,1.3746411030362946,1.059615748153906,2.293563165086045,Good
2.539862641887459,3.169189024326115,1.1165954232413524,1.7192009198313394,Good
2.2254404270518,2.325158019835301,1.263505644772639,1.449500574894587,Moderate
2.251825513880381,5.500047327072137,1.1462742541780024,1.1698117278495772,Bad
1.4598907006034263,3.989461838604167,1.0,1.3795786628003843,Good
4.696166450412264,4.609730446031362,1.0599633517294986,2.089698472350653,Bad
1.830046591030047,2.313326251801058,1.1094982883793238,1.254716992440266,Good
2.2254404270518,3.1158040869556074,1.0447726389428682,1.394855689005802,Good
2.3740636479568504,1.2642743708128688,1.0343426568208318,1.8091010348102567,Good
2.5962973983964237,6.407117991649401,1.1294209094442285,1.7142060694431107,Bad
2.6339205479034447,1.7532576801320952,1.2798289933929266,1.094894965367146,Moderate
2.7118543022708765,4.454876265999179,1.125923047026817,1.7491676248243118,Bad
1.548223348944226,4.821661075060737,1.150408083948698,1.254716992440266,Moderate
1.7873992002689778,2.577600622613927,1.2273610571317528,1.6293008048524218,Bad
1.4031054036354604,5.464552022969405,1.0338126607073457,1.0,Moderate
1.9281939852416987,4.486396096042405,1.0778654675476098,1.9239730043939176,Good
3.265802908890289,2.017532050944964,1.0060832304702685,2.743063739980632,Moderate
1.9169771420317057,4.975474059505905,1.0304162083171395,1.7391791227160542,Bad
3.734106193528561,1.532429561540969,1.0608323886513795,3.167591261602275,Moderate
2.005076118232126,5.535542631174868,1.012825486202876,1.2846836974332383,Bad
1.3493580379830206,3.2401796325315777,1.1200932856587642,1.3995556670168998,Good
2.0830098725995585,4.040764384800648,1.150408083948698,1.3396222570309548,Moderate
1.9943266837997573,5.212109420190781,1.125923047026817,1.174805379569606,Bad
4.042569478548655,1.6902180200456445,1.2080467842984843,3.18756946448699,Moderate
2.241564643197218,2.912770947487984,1.06645938593082,1.2497221420520372,Good
2.1394446291085227,2.9995687977871963,1.6202876113486204,1.0549385595977163,Bad
2.037324550522963,5.472408316944144,1.216867469879518,1.4395120727863295,Bad
1.386981187490042,5.338283394507956,1.0547491581811117,1.11986681997189,Moderate
2.193191994760963,3.886951400355479,1.0652934224640498,1.1148719695836613,Moderate
1.756372338593318,4.387861131853223,1.0174893120870578,1.6792457127301093,Moderate
1.740311845350106,4.5298423482641486,1.0039430423630005,1.604328950247678,Moderate
2.292741486311756,2.0885226591504265,1.033070694131364,1.5993340998594494,Good
1.7014034023257012,3.0114005658214404,1.4768752522347457,1.4894557819958172,Bad
1.8496760827717504,2.6761355868031087,1.0012166404974738,1.3596004599156697,Good
1.2069274190339148,6.111323790793307,1.041974349008939,1.2397336399437795,Moderate
2.685713529565331,1.8360800563718012,1.0469626086280606,1.5711306357882635,Good
1.720682353608403,5.026776605702387,1.0340661298095608,1.03995520710123,Moderate
1.438041226782822,2.8812511174447586,1.0,1.1648168774613483,Good
4.095849499920336,3.457032277063197,1.1094982883793238,2.55327380924634,Bad
2.67960586998004,2.849731287401533,1.0466381748931208,1.6293008048524218,Moderate
1.671842360891389,5.1884458841222925,1.0314807617567043,1.4894557819958172,Moderate
2.1985667119771475,5.101648033823081,1.1200932856587642,1.4544954252828155,Bad
2.158139367791844,4.620521018478592,1.0036499494753206,1.4594890770028446,Moderate
2.842366932595122,4.178770127152067,1.0121664889234356,1.8091010348102567,Moderate
1.7363392254730623,4.332583111597236,1.1958802953750487,1.414539019513386,Moderate
1.489101201578737,5.961486280407644,1.0034978624174116,1.11986681997189,Bad
3.1660196807022527,4.273424271426018,1.0629615235134084,1.5194224869887896,Bad
2.698417412485118,2.9428709653671,1.475709288767975,2.083796230135237,Moderate
2.0487751303702,4.786165770958005,1.200746885347843,1.1798002299578347,Bad
3.219767110851557,3.0403647339692688,1.115929150408084,1.5460604903911426,Moderate
2.392057305722169,5.231797482199762,1.0804508356004665,1.7941176823137703,Bad
1.712152901254935,5.145094286044824,1.029148862806063,1.8490562419114869,Moderate
1.1236190119471627,7.184039207849984,1.0209871745044694,1.764150977320798,Bad
2.280723463049929,2.699231198005952,1.069290975514963,2.067385263812886,Good
1.4122190685883091,7.259005290114953,1.1037699090555773,1.0,Bad
1.408480120851645,3.882975926295973,1.1072677714729888,1.2097669349508071,Moderate
2.7498279922369,2.325158019835301,1.0450159782355228,2.138734789732954,Moderate
2.5675542417018717,5.13326251801058,1.0304162083171395,1.7391791227160542,Bad
3.3863839895219257,1.863719066499795,1.0,3.177580962378733,Good
3.1536344122934983,4.324726817622498,1.008516539448115,2.0887898818552664,Bad
2.78710060128492,5.271268260362,1.1760590843373495,1.644284157348908,Bad
2.082425660000178,2.865443875351009,1.0279828993392923,1.4944506323840456,Good
2.233502535124509,6.6871049504117455,1.0757870097162845,1.5144288352687607,Bad
3.3863839895219257,3.315051060652272,1.057714729887291,2.248613107596586,Moderate
1.6154076043824244,4.356246647665724,1.1410804601632336,1.4744724294993308,Moderate
2.088384589815744,3.457032277063197,1.2378546443839875,1.569367394866477,Good
3.0358575263401435,5.058296435745612,1.135047906723669,2.323529870079017,Bad
1.0925390048550874,5.235772956259268,1.0,1.11986681997189,Good
2.1179456312500555,3.772609194072547,1.0093276237854645,1.6742508623418806,Good
3.644371447848621,2.9640734936844653,1.3043140303148075,2.098779582631724,Moderate
1.3477222040066357,3.4965030552254346,1.0292548620287605,1.294672199541496,Good
1.386981187490042,4.5298423482641486,1.0109498204430625,1.03995520710123,Good
1.4346527550082944,5.898351966176919,1.0304162083171395,1.2447284903320084,Bad
1.1478053361652902,3.823817086124754,1.0256510003886514,1.1648168774613483,Good
2.662897441235241,1.954397736714239,1.0425826692576758,1.9339627051703752,Good
1.030846334951696,4.951810523437418,1.0,1.11986681997189,Good
2.4803566091839797,5.989030636391363,1.1861471154294598,1.3995556670168998,Bad
2.0235371847750683,5.657741131432537,1.032849489312087,1.419533869901615,Bad
2.3849852890176524,5.598582291261319,1.1240980862806065,1.3346286053109258,Bad
1.6449686458167367,5.519735389081118,1.0127194869801788,1.374583812412156,Bad
1.671842360891389,5.1884458841222925,1.0314807617567043,1.4894557819958172,Moderate
1.948641361723162,4.971498585446399,1.0620490291488536,1.529412187765247,Moderate
1.7390265518327226,4.301063281554011,1.0233190734551108,1.3795786628003843,Good
2.142131955468183,4.900507977240936,1.3824329669646327,1.8490562419114869,Moderate
1.518779111331671,5.910183734211162,1.0356145915274,1.389567164908642,Bad
2.758388209594773,4.064427920869136,1.212080910998834,1.7891228319255417,Moderate
1.9190803202888496,5.003113069633899,1.0851146614846483,1.294672199541496,Moderate
1.518779111331671,5.393561414763943,1.0401493882627284,1.0,Moderate
2.9994028020318835,2.5512867705057687,1.4690467003497862,1.3645953103038984,Moderate
1.8917392609334387,2.8536121073167653,1.033070694131364,1.2397336399437795,Good
2.013138226304836,5.716899971603756,1.2401865433346289,1.484462130275788,Bad
1.1205810806316368,3.819936266209522,1.0,1.1997784328425498,Good
4.379074839345298,4.202433663220555,1.0851653385153517,2.15371814222944,Bad
2.160943562470126,2.017532050944964,1.1119315973571706,1.329633754922697,Good
1.6073454963097151,3.2007088543693403,1.0268169358725223,1.6542726594571655,Good
2.386682588505984,2.715606364965346,1.0314807617567043,1.3645953103038984,Good
2.252314142126452,2.6959183029563643,1.409249902837155,1.3596004599156697,Bad
3.8286482130100974,2.9640734936844653,1.121259221142635,1.764150977320798,Moderate
1.6315318205278428,3.886951400355479,1.0757870097162845,1.034961555381201,Good
1.28042114474668,4.797997538992249,1.0316328488146134,1.2996670499297247,Good
3.2601944550368605,2.7826214991113023,1.0,1.958934559775119,Good
1.56166017423312,3.334833776805528,1.0326467252234746,1.2896785478214672,Good
1.1827410948157873,6.063996718656331,1.1282549459774582,1.5044391344923034,Bad
2.901255407820232,1.9465414427395011,1.049882568208317,2.708102184599431,Good
1.556285457016935,6.919859491181389,1.1539059463661097,1.0699219120942025,Bad
3.5315019348306915,3.567493663430897,1.1470268262728331,1.943951207278633,Moderate
2.3436846572859134,3.800153550056266,1.4349009032258064,1.529412187765247,Bad
1.0673010592599557,4.967617765531168,1.0,1.3596004599156697,Good
1.8518960648506515,3.740994709885048,1.0279828993392923,1.419533869901615,Good
1.3449180093283537,3.287506704668553,1.0072998989506412,1.03995520710123,Good
2.187817277544778,3.464983225182209,1.036144587640886,1.1448386745766337,Good
1.0429979312200706,6.0166696465193565,1.0,1.254716992440266,Moderate
1.6288444296713185,5.200277652156537,1.0,1.3596004599156697,Moderate
1.131681120019872,7.026345403489582,1.0513019727944035,1.6942290652265954,Bad
1.4702896590736587,4.991281301599655,1.0163233486202876,1.2120719738988668,Bad
2.457042798549913,2.447451174237245,1.006359757481539,1.6842393644501383,Good
1.8468718880934685,5.042489193651862,1.0048665899727944,1.4544954252828155,Good
3.5602450915252435,1.915021612696276,1.1289646762534007,2.2086567018271563,Moderate
2.177768859533548,3.8474806221932414,1.097331827438787,1.0449500574894588,Moderate
1.7417139426892472,5.200277652156537,1.1235911480761758,2.133739939344725,Bad
3.260077651215102,1.863719066499795,1.1165954232413524,2.0338513222575503,Moderate
3.167655514678638,3.662147807704848,1.0851653385153517,2.0338513222575503,Moderate
1.9943266837997573,3.8514560962527473,1.0046638258841818,1.3995556670168998,Good
1.6449686458167367,4.9281469873689305,1.0617955600466382,1.3945620152968707,Bad
1.7578381588346657,1.4219681751732698,1.083948698017878,1.5094339848805318,Good
2.090838244035024,4.596857482410105,1.0705655685969686,1.9139845022856603,Moderate
2.47805316816231,4.604713776384843,1.0781189366498252,1.7841291802055128,Moderate
2.537175251030934,3.1060547100953904,1.39759035211815,1.5793558969747346,Moderate
2.284328837780045,4.048620678775386,1.0254390019432569,1.609322601967707,Good
4.937112934160376,2.739269901033833,1.035282798289934,2.9078806174419807,Bad
3.3514481663745643,2.0017248088512143,1.271667305091333,1.8690344447962015,Moderate
1.80480870993178,5.3264516264737125,1.0218996688690245,1.2697003449367523,Bad
2.0830098725995585,5.2554610182682495,1.1737271574038088,1.1398450228566048,Moderate
1.9253897905634163,6.1468190948960375,1.0291995398367664,1.529412187765247,Bad
2.968556467080188,6.730551202633488,1.0279828993392923,1.5044391344923034,Bad
1.830046591030047,4.190601895186311,1.090031928488146,1.314650402426211,Moderate
2.2058109353100965,6.73443202254872,1.0544930027205597,1.2297451378355222,Bad
2.0212003343775446,6.308488373315945,1.0897784593859308,2.0338513222575503,Bad
1.661092861962155,6.8330616408821765,1.060629624562767,1.1298553220801475,Bad
2.875783790084721,4.707318868777804,1.3661095903614455,1.3246389045344684,Bad
2.43505523694224,5.417224950832431,1.3602798289933928,1.5943392494712207,Bad
2.037324550522963,5.886520198142675,1.222697231247571,1.3945620152968707,Bad
3.11157123413181,2.6959183029563643,1.068132287602021,1.9039960001774028,Moderate
1.415023327763456,2.8260677513330457,1.020351207151185,1.3096555520379822,Good
3.876560160342646,1.3391457989335631,1.0953962502914885,2.538290456749854,Moderate
1.577540076255503,3.87644479034107,1.1475461888845706,1.4395120727863295,Moderate
1.6309476079284622,3.0942229420611462,1.0066625884181888,1.3845723145204134,Good
1.467602268217134,4.600832956469611,1.0139914496696465,1.214761785339036,Good
1.6169265055433228,4.892651683266199,1.1119315973571706,1.11986681997189,Moderate
1.3816064702738573,5.168757822113311,1.114263496307812,1.4245287202898431,Moderate
1.634219146887503,4.73883869882103,1.1200932856587642,1.1798002299578347,Bad
2.0183715663938573,3.204684328428846,1.083948698017878,1.764150977320798,Good
1.3009853895467651,3.564275422525583,1.0226528286047416,1.2530520423108564,Good
1.171991660383418,5.633793632931228,1.037310523124757,1.2397336399437795,Moderate
1.4066106792317452,3.0429203958646656,1.10048404508356,1.3645953103038984,Good
1.6127202135259,4.143274823049335,1.204041983676642,1.4445057245063584,Moderate
1.9002687132869067,5.92760009675757,1.1200932856587642,1.5493891919817622,Moderate
3.2798239467785635,3.1612380762071037,1.0851653385153517,2.19367334933067,Moderate
1.773962374980084,5.898351966176919,1.121259221142635,1.4345172223981009,Bad
2.5616303336837736,3.070559405992659,1.0524679362611735,2.0488346747540365,Good
1.4739117384917009,3.5990134934741222,1.0109498204430625,1.0,Good
2.211419389163525,1.89523889654302,1.2289509895064128,1.9889012647680917,Bad
2.43505523694224,5.969342574382381,1.0524679362611735,1.234738789555551,Bad
2.255001468486112,2.790572447230314,1.2728332685581034,1.4944506323840456,Moderate
3.0397133423954297,3.0665839319331534,1.122425184609405,2.2336297551001,Moderate
1.5240370247260986,5.929871796220144,1.0104935872522347,1.0699219120942025,Moderate
2.0749477645268493,2.506610014408464,1.33113096618733,1.354605609527441,Moderate
2.4202746839766505,3.5478056014219157,1.0559657986785853,1.5044391344923034,Moderate
2.916094330448267,3.930302998432948,1.0186552755538285,2.383463280064962,Moderate
4.126695834872033,1.4259436492327755,1.0778654675476098,2.543285307138082,Moderate
2.252314142126452,2.171345035390133,1.0,1.0,Good
5.450283656135484,2.577600622613927,1.0,3.4173146023225125,Bad
1.9459540353635016,6.12315555882755,1.2973183054799844,1.7341842723278256,Bad
1.8169603062001547,6.12315555882755,1.1072677714729888,1.2197554370590649,Bad
2.824723815288806,5.642028543483062,1.1317528083948698,2.55327380924634,Bad
2.2066288200498567,4.616545544419086,1.0,1.4544954252828155,Moderate
2.109883523177346,4.5731939463416165,1.0909444228527012,1.4245287202898431,Bad
1.7827574254218994,5.436913012841412,1.0241670392537894,1.2247502874472935,Moderate
1.6422812549602122,7.550824016911541,1.4209094535561602,1.6193123027441645,Bad
1.5052254177241555,4.868988147197712,1.1049358725223477,1.1248616703601186,Moderate
1.8922066052141973,3.5438301273624093,1.283326855810338,1.2647054945485237,Moderate
1.493541230233404,6.5569555020350645,1.041366028760202,1.2697003449367523,Bad
2.3087488986354163,4.241904441382792,1.0594636610959969,1.7491676248243118,Moderate
1.0,4.999137595574393,1.0024333089778468,1.11986681997189,Good
2.8085995991433874,5.531567157115362,1.3113097551496309,3.372364544833053,Bad
2.160943562470126,6.111323790793307,1.1037699090555773,1.5244173373770182,Bad
2.598600839418093,4.275033391878674,1.0799511449669643,2.4877582014543043,Moderate
1.7873992002689778,5.732707213697506,1.1270890104935871,1.174805379569606,Bad
2.0265751160905943,6.158650862930282,1.1900505340069958,1.4944506323840456,Bad
1.488333430902757,5.320299107095906,1.1017560077730275,1.1048834674754036,Bad
4.278123250455364,1.3864728710705383,1.0608323886513795,3.4422864569272567,Moderate
2.2066288200498567,2.5421053185111955,1.3392926544889234,1.2497221420520372,Moderate
1.720682353608403,6.706887666565001,1.0746210742324136,1.2647054945485237,Bad
1.3393096199717895,3.2480359265063155,1.0190792444617178,1.254716992440266,Good
3.167655514678638,3.662147807704848,1.0851653385153517,2.0338513222575503,Moderate
2.913407004088607,3.1415500141981214,1.1130975608239408,1.9489460576668611,Moderate
2.005076118232126,3.145525488257628,1.1574038087835212,1.1398450228566048,Good
2.6177963317580266,7.1012168316102775,1.4121117979012825,1.5643725444782484,Bad
1.5636464841716418,5.06615272972035,1.1399144966964632,1.3596004599156697,Bad
2.2066288200498567,4.577169420401123,1.054799835211815,1.644284157348908,Moderate
2.034637224163303,5.346234342626968,1.06645938593082,1.5993340998594494,Moderate
1.6503433630329214,4.596857482410105,1.0431403124757093,1.7691458277090266,Good
1.1693042695268934,3.228347864497334,1.1107656338904004,1.0199782028847149,Bad
3.490139837587006,2.3211825457757955,1.0340661298095608,1.9139845022856603,Moderate
1.8062108072709209,4.87684444117245,1.3859308293820445,1.15982202707312,Moderate
1.639593928600552,5.271268260362,1.1399144966964632,1.11986681997189,Moderate
1.7347033914966776,2.9285781895817338,1.008516539448115,1.3945620152968707,Good
1.8922066052141973,3.863287864286991,1.282160892343568,1.5993340998594494,Bad
1.9728276859412897,4.991281301599655,1.3171395165176836,1.3995556670168998,Bad
2.9617796525248625,4.190601895186311,1.0501360373105324,1.5884370072558047,Moderate
3.846274690125352,1.2761061388471124,1.097331827438787,3.3074362844588805,Moderate
5.054889820113731,2.407980396075008,1.2798289933929266,9.36071069303932,Bad
2.994028084815699,6.052164950622088,1.3894286917994558,1.6592675098453944,Bad
1.0392589834834065,2.2659991796640826,1.0255495903614458,1.983906414379863,Good
2.4726783864492603,1.508766025472482,1.1399144966964632,2.703107334211202,Good
4.533306514103778,2.3211825457757955,1.0,2.8879024145572654,Bad
1.3589390472166285,4.241904441382792,1.0534219012825496,1.314650402426211,Good
2.3397757603110763,3.4925275811659287,1.276331130975515,1.274695195324981,Moderate
2.2254404270518,4.797997538992249,1.0594636610959969,1.4345172223981009,Bad
2.4726783864492603,2.751101669068077,1.535172949863972,1.3446171074191833,Moderate
2.2281278179083244,3.2756749366343088,1.1095996984065293,1.409545367793357,Moderate
1.5776675865567809,5.026776605702387,1.0864925954139135,1.15982202707312,Moderate
2.565514786346934,1.6310591798744256,2.1076564228527013,1.6892342148383668,Bad
2.709166911414352,2.9837615556934467,1.3253012048192772,1.6642623602336228,Moderate
2.1367572382519984,1.903189844662032,1.1294209094442285,1.5593788927582195,Good
3.730367245791897,1.6665544839771569,1.145744258064516,3.2375143723646778,Moderate
1.7873992002689778,2.577600622613927,1.2273610571317528,1.6293008048524218,Bad
3.534189325687216,2.0411955870134517,1.1107656338904004,2.538290456749854,Moderate
3.184098345335089,3.125742772104372,1.1200932856587642,1.6342956552406505,Good
2.250678308150067,4.936003281343668,1.2384629646327243,1.8490562419114869,Bad
1.7262908074618315,5.713019151688525,1.1776305759813448,1.5743622452547057,Moderate
2.4778194315250657,5.200277652156537,1.1760590843373495,1.0,Bad
1.7873992002689778,4.2970878074945045,1.3439564803731052,1.4994454827722743,Moderate
5.450283656135484,2.912770947487984,1.1192314963078118,3.2375143723646778,Bad
1.131681120019872,5.1884458841222925,1.2658375437232805,1.7142060694431107,Bad
1.6449686458167367,3.93825394655196,1.0174893120870578,1.764150977320798,Moderate
3.742518842060272,2.6682792928283705,1.059615748153906,2.018867969761064,Moderate
4.494047530620371,3.3071947666775343,1.0742155180722892,2.5732520121310545,Bad
1.3359211481972622,3.0823911740269025,1.0279828993392923,1.529412187765247,Good
1.2334172487705768,3.750270816023895,1.0,1.0,Good
2.021982165370004,4.746694992795767,1.054799835211815,1.389567164908642,Good
1.6449686458167367,4.174889307236835,1.0617955600466382,1.3246389045344684,Good
1.7655497264483735,4.332583111597236,1.020351207151185,1.3795786628003843,Moderate
2.6152258092201235,1.907070664577264,1.0218996688690245,2.238623406820129,Moderate
1.467602268217134,6.525435671991839,1.0676253493975905,1.6293008048524218,Bad
2.131382521035814,4.186721075271079,1.2565099199378158,1.0,Moderate
1.3981980307000346,4.790141245017511,1.052149938593082,1.4345172223981009,Good
1.8599581729233607,6.292775785366469,1.0921103863194714,1.5743622452547057,Bad
3.131200725873513,2.1753205094496386,1.1705624314030314,2.9728076791479543,Moderate
1.4991496195899685,5.638053069423556,1.1070650073843762,1.2846836974332383,Bad
3.4284471676836143,4.53372316817938,1.1155815468324912,2.1187565868482388,Bad
1.6029054676550485,4.41152466792171,1.0003649809560824,1.5094339848805318,Good
2.996715411175359,3.902758642449229,1.3322969296541003,1.6592675098453944,Bad
2.553533203813597,2.2305038755613515,1.319978381655655,1.254716992440266,Good
2.7526321869151813,2.0253883449197017,1.0534219012825496,1.6642623602336228,Good
2.0067119522085117,4.916315219334686,1.015816410415857,1.6542726594571655,Moderate
2.556719800401983,4.407549193862204,1.1182913548387097,1.409545367793357,Bad
1.5692549380250704,4.28137521954503,1.0,1.5394006898735046,Good
3.606748298341599,1.61127646372117,1.209871745044695,1.7691458277090266,Moderate
2.510301600453147,5.736682687757012,1.3894286917994558,1.374583812412156,Bad
1.5240370247260986,6.608258048231544,1.0571317621453555,1.899001149789174,Bad
1.986264575727048,4.49037157010191,1.0069957248348231,1.254716992440266,Moderate
2.738611149026907,5.3501151625422,1.0790821080450836,1.824084387306743,Moderate
3.181166704852394,6.789710042804707,1.031798759424796,1.6243059544641931,Bad
2.393693139698553,2.1792013293648704,1.0508780038865138,1.5993340998594494,Good
2.445804735871473,5.235772956259268,1.0617955600466382,1.5943392494712207,Moderate
2.906863797176796,6.063996718656331,1.0693489280994948,1.5543840423699908,Bad
1.244550633037801,3.283531230609047,1.1130975608239408,1.1997784328425498,Good
2.3067625886968948,4.494347044161417,1.2116967057909056,1.4395120727863295,Bad
2.4243057380130053,5.109598981942092,1.2087057815779243,1.254716992440266,Bad
3.880859972813712,2.443475700177739,1.2495141951029929,2.4084351346697064,Moderate
2.4619289520168914,4.581050240316355,1.0804508356004665,2.388456931784991,Bad
3.7761693716902496,2.372485091972277,1.1021984174115818,2.917869119550238,Moderate
3.4159450309562382,2.4276684580839896,1.0524679362611735,2.748057391700661,Moderate
2.490594196499029,2.5586697937591367,1.0730664562767198,1.6632626709550573,Good
1.4971633096514465,2.869419349410515,1.0116595507190052,1.5793558969747346,Good
2.6152258092201235,3.6581723336453416,1.0304162083171395,1.918979352673889,Moderate
2.107196196817686,5.038608373736629,1.0994558973960358,1.4395120727863295,Bad
1.7605255496911902,2.155537793296383,1.1200932856587642,1.604328950247678,Good
3.1732639040352018,3.3584973128740154,1.0048665899727944,2.318535019690789,Moderate
2.8193490335757563,4.478539802067667,1.1282549459774582,1.958934559775119,Moderate
2.73335323563248,5.709043677629019,1.1713952584531675,2.05700719453972,Bad
2.88922067987048,2.6012641586824143,1.054799835211815,1.804106184422028,Moderate
1.7417139426892472,3.784440962106791,1.026766258841819,1.1448386745766337,Good
1.8303971314890488,4.474564328008161,1.029148862806063,1.529412187765247,Moderate
2.536707906750175,1.7375450921826194,1.0340661298095608,1.5743622452547057,Good
2.0588235483814312,4.387861131853223,1.095608248736883,1.1648168774613483,Moderate
1.6533812943484474,3.926422178517716,1.0279828993392923,1.669256011953652,Good
1.4221613247604388,4.967617765531168,1.215701506412748,1.469478777779302,Bad
1.405792794491985,4.20640913728006,1.3194714434512242,1.374583812412156,Bad
3.106897597833628,3.555661895396653,1.1434123591138747,1.5993340998594494,Moderate
2.0265751160905943,5.030657425617618,1.2844928192771086,1.4944506323840456,Moderate
2.292624682489998,6.541242914085588,1.335794792071512,1.1398450228566048,Bad
2.2142235838418074,4.774334002923761,1.2384629646327243,2.1187565868482388,Moderate
2.0487751303702,4.5850257143758615,1.0510992087057909,1.3596004599156697,Bad
1.6596270417208074,5.361946930576443,1.0012719626894675,1.5793558969747346,Moderate
2.177067778615545,1.7690649222258448,1.2238631947143412,1.604328950247678,Good
1.7234865482866848,3.0784156999673966,1.0255495903614458,1.419533869901615,Good
1.9405792536504527,6.099492022759063,1.0279828993392923,1.4395120727863295,Bad
2.1905046039044382,5.164782348053805,1.0,1.4544954252828155,Bad
2.651680598025248,3.117886478129634,1.0047449203264671,2.173696345114155,Good
2.647357437689203,5.480264610918881,1.0816167990672367,1.8091010348102567,Bad
1.7820244830527932,5.590725997286581,1.2296929560823942,1.6542726594571655,Bad
2.107196196817686,5.038608373736629,1.0994558973960358,1.4395120727863295,Bad
2.182442495831729,4.967617765531168,1.1002720466381657,1.1798002299578347,Bad
2.5156763176693318,4.904483451300443,1.2238631947143412,1.3845723145204134,Bad
1.408480120851645,4.328702291682004,1.2961523420132142,1.0749167624824312,Moderate
2.2039414936901967,3.9461102405266977,1.444228527011271,1.1947835824543211,Bad
2.703792194198168,4.675704384590305,1.1515740474154683,1.2796888470450098,Bad
4.1855842456002765,2.2028648654333582,1.032849489312087,2.2635964600930727,Moderate
2.23385307558351,2.6919428288968583,1.0241670392537894,1.5394006898735046,Good
2.9657522724019056,2.8852265915042645,1.0109498204430625,1.8940062994009452,Moderate
1.3305464309810775,4.589001188435367,1.0769529731830547,1.2397336399437795,Good
2.045386658595673,4.675704384590305,1.138748533229693,1.0449500574894588,Bad
1.9642281254960212,7.302830158913791,1.0363777691410805,1.5217730753284382,Bad
2.884430110756811,2.538129844451689,1.0635974908666923,2.038846172645779,Good
1.7040907931822258,5.089816265788837,1.0116595507190052,1.5993340998594494,Bad
1.4542822467499978,5.148975105960056,1.0012166404974738,1.1098783178636322,Good
2.752164842634423,1.5639493915841949,1.1410804601632336,1.7691458277090266,Good
1.817937498195432,4.131443055015092,1.1577218064516128,1.484462130275788,Moderate
2.48074049452197,5.263411966387261,1.329965030703459,1.6143174523559356,Bad
1.5320991327988076,5.373778698610687,1.0443062479595802,1.3196452528144396,Bad
2.2254404270518,4.376029363818979,1.0401493882627284,1.544395540261733,Good
1.8465213476344668,3.267723988515297,1.3626117279440342,1.3346286053109258,Moderate
1.5768885934263634,2.6217094538455874,1.0032921041585698,1.4235290310112778,Good
1.682591795323758,6.54512373400082,1.0909444228527012,1.639289306960679,Bad
2.5591415931701604,2.526298076417446,1.0218996688690245,2.6681469774982007,Good
2.0684045576150387,3.567493663430897,1.0,1.7391791227160542,Good
2.0803224817430337,4.048620678775386,1.0326467252234746,1.3845723145204134,Moderate
6.041972280580539,1.4890779634635003,1.10828164788185,5.839622856365054,Bad
2.1690056705428358,4.352365827750491,1.2844928192771086,2.228634904711871,Moderate
2.050761440308721,5.858881188014681,1.060629624562767,1.5993340998594494,Bad
4.7940981671087535,1.5797566336779445,1.0194663598911775,5.370144078585752,Moderate
3.291040789988556,3.204684328428846,1.1058483668869024,1.824084387306743,Moderate
2.632051106283545,2.414795494462733,1.2043968348231635,1.6792457127301093,Good
2.3786204804332747,4.679679858649811,1.0909444228527012,1.6642623602336228,Bad
1.6309476079284622,3.5990134934741222,1.0231163093664983,1.5543840423699908,Good
2.7736637759960256,3.934278472492454,1.1271950097162844,1.6992227169466243,Good
2.144118265406705,4.013125374672654,1.0632656976292263,1.859045942687944,Good
2.7590053800919554,4.829517369035474,1.0432463116984063,1.5793558969747346,Moderate
1.053280021371681,4.568461239127919,1.0024333089778468,1.0099885021082575,Good
4.280927445133647,4.013125374672654,1.0,2.098779582631724,Moderate
3.8286482130100974,2.9640734936844653,1.121259221142635,1.764150977320798,Moderate
2.1020551517418813,4.43906902390543,1.0961151869413135,1.2796888470450098,Moderate
1.7981486991982116,5.890495672202181,1.2028760202098718,1.6293008048524218,Bad
3.145221828258652,3.0429203958646656,1.1034150579090556,1.938956356890404,Moderate
3.988354704118592,6.063996718656331,1.2916112771084338,2.460876868407408,Bad
5.205733023097682,1.5679248656437008,1.2926544795958026,3.377358196553083,Bad
2.0776350908865093,3.1888770863350966,1.0559657986785853,1.5993340998594494,Good
1.6730107860901504,6.170482630964526,1.0194663598911775,1.0,Bad
1.247237959397461,4.671823564675073,1.029148862806063,1.409545367793357,Moderate
1.292923281474056,3.973749250654691,1.0279828993392923,2.0238628201492928,Good
3.1424175690835057,3.1415500141981214,1.0462326187329964,2.663152127109972,Moderate
1.9394108284516915,4.951810523437418,1.059615748153906,1.3845723145204134,Bad
2.0212003343775446,4.786165770958005,1.2541779930042751,1.669256011953652,Bad
1.6533812943484474,4.092066930997129,1.015816410415857,1.3795786628003843,Good
2.9644669788845226,4.423356435955954,1.130586872910999,1.864039594407973,Bad
1.8707076718525943,5.373778698610687,1.1831608083948697,2.198668199718899,Moderate
2.2254404270518,5.716899971603756,1.1713952584531675,1.5244173373770182,Bad
2.17169306139936,4.707318868777804,1.0209871745044694,1.2647054945485237,Moderate
1.274111674472113,2.715606364965346,1.0314807617567043,1.5144288352687607,Good
1.722902335687304,3.0823911740269025,1.064127486980179,1.779134329817284,Good
1.3601074724153897,5.855000368099449,1.0256510003886514,1.0,Moderate
2.1475067371812324,3.4886467612506964,1.036144587640886,1.4794672798875594,Good
3.1391460301244645,2.3488215559037893,1.138748533229693,1.6492790077371366,Good
1.8411466304182824,6.134987326861794,1.0081616883015934,2.0488346747540365,Bad
3.753735685270265,1.6902180200456445,1.1240980862806065,3.482241664028486,Moderate
1.7363392254730623,3.21651609646309,1.0909444228527012,1.0,Good
1.7599413370918096,1.0670151341459566,1.0546938359891178,1.5793558969747346,Good
3.0612122757570326,3.267723988515297,1.054799835211815,1.908989651897432,Moderate
2.770732071016466,5.559206167243356,1.1282549459774582,1.8190895369185145,Bad
2.5747984650348203,5.507903621046875,1.2308589195491644,1.2647054945485237,Bad
4.528515944990109,4.0999232249718665,1.282160892343568,2.038846172645779,Moderate
2.075924956522126,4.663872616556061,1.0852206607073456,1.824084387306743,Bad
1.9225855958851343,4.013125374672654,1.0364994387874078,1.609322601967707,Good
2.547924749960168,5.6893556156200376,1.258841818888457,1.5593788927582195,Bad
2.1020551517418813,2.2581428856893453,1.0496060411970465,1.5793558969747346,Good
1.8749139638700172,4.166938359117824,1.103027942479596,1.529412187765247,Good
2.604008966010131,2.506610014408464,1.0291995398367664,2.1187565868482388,Moderate
3.1230218139790464,1.603420169746432,1.060629624562767,2.4184236367779635,Moderate
1.34593770475739,3.346665544839772,1.0,1.0199782028847149,Good
2.663481653834621,2.163488741415395,1.0026816851923823,2.0638180272505227,Moderate
3.579874583266947,5.196302178097031,1.0133831294209097,1.6942290652265954,Bad
4.543296497955698,1.6558585656742004,1.1451612903225807,3.791184008487636,Bad
2.091071980672268,5.720875445663262,1.1247570835600469,1.2846836974332383,Bad
2.3095667833751765,5.574918755192831,1.0194663598911775,1.2497221420520372,Moderate
1.5951301771391335,5.673548373526288,1.108433734939759,1.0,Bad
1.6073454963097151,4.103898699031372,1.0233190734551108,1.5843507473629632,Moderate
1.5496254462833672,5.736682687757012,1.1233791496307812,1.3596004599156697,Bad
2.02634137945335,6.000862404425607,1.1289646762534007,1.1698117278495772,Bad
4.606215962720297,2.9522417256502216,1.018249719393704,3.062707794126872,Bad
2.219831973198371,6.154675388870776,1.0523158492032647,1.2896785478214672,Bad
3.2798239467785635,2.2383601695360893,1.0291995398367664,1.5493891919817622,Moderate
2.93783764242977,6.37162268754667,1.041974349008939,1.8091010348102567,Bad
2.5675542417018717,5.13326251801058,1.0304162083171395,1.7391791227160542,Bad
2.023887725234069,5.8707129560489255,1.1233791496307812,1.9039960001774028,Bad
1.2081489896490918,7.211678217977977,1.0356145915274,1.11986681997189,Bad
1.419229619780879,5.827361357971456,1.0559657986785853,1.3596004599156697,Bad
3.884768869788549,2.206840339492864,1.099765108433735,3.217536169479963,Bad
1.9244550375050344,5.720875445663262,1.1958802953750487,1.0199782028847149,Bad
2.113271994951874,1.5364050356004753,1.0597816587640887,1.9039960001774028,Good
2.8872343699319574,2.2620237056045767,1.1058483668869024,2.1637066443376973,Moderate
1.682591795323758,6.474133125795357,1.095608248736883,1.1398450228566048,Bad
2.096446697888452,5.55523069318385,1.087598647493199,1.2247502874472935,Bad
1.8438339567779425,6.099492022759063,1.191216469490867,1.3596004599156697,Moderate
2.370558372360565,5.334402574592724,1.1235911480761758,1.6193123027441645,Bad
2.346372048142438,5.145094286044824,1.415079664205208,1.3645953103038984,Bad
2.2388772523406937,4.425533481274255,1.059615748153906,1.2297451378355222,Moderate
3.128396531195231,2.908890127572752,1.0699572483482316,1.6642623602336228,Good
3.010619645241876,6.65558512036852,1.132614597745822,2.533296805029825,Bad
1.4864138752190772,3.82779256018426,1.0594636610959969,1.5993340998594494,Good
1.6977388194738996,5.4053931827981865,1.2531180567431015,1.859045942687944,Bad
1.712152901254935,4.774334002923761,1.0559657986785853,2.0138731193728354,Good
2.491489993451204,2.8575875813762712,1.0489700738437622,2.053829525142265,Good
2.8059122082868626,4.364197595784735,1.097331827438787,2.098779582631724,Moderate
1.5720591327033524,4.111754993006111,1.1131482378546445,1.9988897668763488,Good
3.1472081381971737,4.797997538992249,1.2518460940536338,1.5244173373770182,Bad
3.3359081628285265,1.398304639104782,1.1301813167508743,2.842952357067807,Moderate
2.061510874741091,3.181020792360359,1.2728332685581034,1.943951207278633,Moderate
1.297246441810101,6.730551202633488,1.029148862806063,2.198668199718899,Bad
1.6870318239784252,3.2401796325315777,1.0,1.9139845022856603,Good
2.706479520557828,3.6936676377480726,1.197046258841819,2.228634904711871,Moderate
2.9590922616683377,2.415836690049746,1.313641654100272,1.0199782028847149,Good
3.207551791680975,2.407980396075008,1.0903084554994171,1.709212417723082,Moderate
1.0483726484362552,6.2848248372474576,1.0,1.204772084562579,Bad
1.9835771848705237,3.3860416688577346,1.577147298872911,1.7541624752125404,Moderate
1.4795201923451295,2.968048967743971,1.0,1.0199782028847149,Good
2.2388772523406937,4.774334002923761,1.1422463956471045,1.0249718546047435,Moderate
1.7347033914966776,7.337852192295153,1.095471076564322,1.4395120727863295,Bad
1.671842360891389,3.685811343773335,1.0513019727944035,1.0,Good
1.6261570388147937,6.202002461007751,1.226296503692188,1.0,Bad
3.708868312430294,2.02150752500447,1.081515389040031,3.042730789910357,Moderate
1.948641361723162,5.168757822113311,1.1095996984065293,1.4894557819958172,Bad
2.109883523177346,5.160806873994299,1.2180334333462883,1.7142060694431107,Moderate
2.099134088744977,5.961486280407644,1.212203643995336,1.7341842723278256,Bad
2.2086151299883783,3.378185374882997,1.0437993097551497,2.093784732243495,Good
2.43505523694224,2.3843168600065203,1.0023318989506411,1.389567164908642,Good
3.4761187352018665,2.1476814993216453,1.0401493882627284,1.6243059544641931,Moderate
1.693341294252992,6.083684780665313,1.1618141655654877,1.7541624752125404,Moderate
1.7879834128683587,5.105623507882586,1.018249719393704,1.0049948503882289,Bad
2.2576888593426365,4.301063281554011,1.1165954232413524,1.3845723145204134,Bad
1.8020045152534976,4.111754993006111,1.0457902090944422,1.4045505174051285,Moderate
3.06670386129184,4.269543451510785,1.0766487990672369,1.669256011953652,Moderate
2.803108013608581,2.82209227727354,1.0036499494753206,1.7341842723278256,Good
2.1394446291085227,3.0429203958646656,1.2378546443839875,1.6792457127301093,Bad
1.7417139426892472,3.93825394655196,1.0174893120870578,2.2036630501071275,Moderate
1.9835771848705237,3.224372390437828,1.2495141951029929,1.1148719695836613,Good
1.3923559047062266,1.9741804528674949,1.0139914496696465,1.2447284903320084,Good
1.7683539211266557,4.608689250444348,1.0255495903614458,1.4245287202898431,Moderate
1.7497760507619564,3.425512447019972,1.1772250198212204,2.288568314697816,Good
1.7038570565449818,2.660422998853633,1.002068300038865,1.4245287202898431,Good
1.7038570565449818,5.279124554336737,1.0356145915274,1.4644839273910732,Bad
2.1249328345776464,4.920290693394192,1.0524679362611735,1.884017797292688,Moderate
2.6124216145418417,2.7290472534522467,1.5394481212592304,1.389567164908642,Moderate
1.9782024676543388,2.297519009707308,1.0652934224640498,1.0,Good
1.9217677111453744,5.594701471346087,1.1783909832879906,1.2647054945485237,Bad
4.847378188480436,1.7295941440636076,1.1143649063350174,3.252497724861164,Bad
1.6422812549602122,2.096378953125164,1.0,1.5244173373770182,Good
3.609435624701259,1.2406108347443812,1.1818888457054022,2.8379575066795786,Moderate
1.3729601496017674,3.950085714586204,1.0,1.0,Good
1.755150767978141,3.662147807704848,1.0314807617567043,1.329633754922697,Good
1.330896971440079,3.425512447019972,1.0038158600855034,1.414539019513386,Good
2.5237384257420405,2.687967354837353,1.2739992320248736,1.5094339848805318,Good
2.629246911605263,4.419380961896448,1.1920644352895453,2.07380652935878,Moderate
1.2635959121801232,3.6424597456958656,1.0,1.1398450228566048,Good
2.109883523177346,3.524142065353428,1.0279828993392923,1.5394006898735046,Good
1.548223348944226,5.263411966387261,1.2087057815779243,1.4395120727863295,Moderate
1.5972970782984843,5.2752437344215055,1.0470621438010106,1.2197554370590649,Moderate
1.8868318879980128,5.973318048441887,1.0,1.3196452528144396,Moderate
1.3009853895467651,2.2856872416730645,1.0011659634667702,1.0,Good
1.9378919272907928,5.519735389081118,1.4652157015157403,1.2647054945485237,Bad
1.6977388194738996,4.904483451300443,1.0,1.3346286053109258,Moderate
1.5552339001367956,3.524142065353428,1.031798759424796,1.3645953103038984,Good
1.8599581729233607,3.244060452446809,1.0186552755538285,1.2896785478214672,Good
1.929829819218084,4.7309824048462925,1.1107656338904004,1.0,Bad
1.784711873909318,4.399692899887466,1.2028760202098718,1.2996670499297247,Bad
2.4957129901565533,3.8356488541589977,1.0316328488146134,1.409545367793357,Moderate
1.5374738500149925,4.691511626684054,1.0699572483482316,1.2197554370590649,Moderate
1.7981486991982116,6.580619038103552,1.2366886809172173,1.1298553220801475,Bad
2.107196196817686,6.825205346907438,1.405085767586475,1.3446171074191833,Bad
1.9982993036768009,6.131011852802288,1.026766258841819,1.6742508623418806,Bad
3.5770703885886648,1.8203674684223257,1.126531367275554,3.736958656468752,Moderate
1.776766569658366,5.042489193651862,1.0534219012825496,1.4295223720098722,Moderate
3.0638996666135574,2.407980396075008,1.2844928192771086,1.7741394794290557,Moderate
2.712098616393912,1.6665544839771569,1.769529731830548,1.6293008048524218,Bad
1.830046591030047,5.413249476772925,1.0218996688690245,1.409545367793357,Bad
2.453866843944182,3.437344215054216,1.5748153999222696,1.234738789555551,Bad
2.303374116922367,4.482515276127173,1.979401476875243,1.2846836974332383,Bad
1.467602268217134,5.937822744339156,1.0093276237854645,1.3945620152968707,Bad
1.7470886599054318,6.328271089469201,1.0046638258841818,2.0688128776387518,Moderate
3.17045970935692,2.2108158135523697,1.1119315973571706,2.897890916665524,Moderate
1.550910739800751,4.139394003134104,1.5036921881072678,1.2846836974332383,Moderate
1.527191759863382,5.168757822113311,1.0,1.639289306960679,Bad
2.3488257023617183,4.721422336274623,1.0,1.6642623602336228,Moderate
5.3549404566021135,1.2997696749156,1.0474492592304705,4.276359346342257,Bad
2.674231088266991,5.32257080655848,1.2087057815779243,1.8540510922997155,Bad
2.3095667833751765,5.500047327072137,1.0048665899727944,1.4395120727863295,Moderate
1.3332338218376023,4.83349284309498,1.096774184220754,1.0299667049929724,Good
3.2293481200851644,5.1844704100627865,1.0024333089778468,1.884017797292688,Bad
1.1074947958017445,6.797566336779445,1.0338126607073457,1.7192009198313394,Bad
1.6664675791783397,6.730551202633488,1.283326855810338,1.6193123027441645,Bad
2.851597465866593,2.829948571248278,1.0384764865915277,2.0088794676528066,Moderate
2.2086151299883783,2.3882923340660263,1.0050877947920716,1.6143174523559356,Good
1.7593039790760132,5.890495672202181,1.1399144966964632,1.4245287202898431,Bad
1.824438201673483,6.620089816265788,1.058399107656432,1.154828375353091,Moderate
2.6488763388501013,2.920721895606996,1.0559657986785853,1.409545367793357,Moderate
1.5243875651851,4.596857482410105,1.0133831294209097,1.2996670499297247,Moderate
2.744102734561713,2.4947782463742203,1.1072677714729888,1.824084387306743,Good
1.988951902086708,2.0570028291072013,1.0656989786241742,1.294672199541496,Good
1.5860802350884915,3.98832598887288,1.0060832304702685,1.3845723145204134,Good
2.424539474650249,2.013556576885458,1.0547491581811117,2.038846172645779,Good
1.6154076043824244,4.356246647665724,1.1410804601632336,1.4744724294993308,Moderate
2.1711272949032496,3.5319983593281656,1.367275553828216,1.3096555520379822,Bad
2.372024192601913,5.440888486900918,1.0,1.2896785478214672,Bad
2.6957300861254585,1.6625790099176507,1.0256510003886514,1.7491676248243118,Good
4.052851568700266,1.09465414427395,2.3385153424018656,2.278579812589559,Bad
2.7330026951734787,3.12186195218914,1.299295353284104,1.2896785478214672,Moderate
2.768289058779841,5.231797482199762,1.068132287602021,1.779134329817284,Bad
1.3981980307000346,5.831336832030962,1.049882568208317,1.034961555381201,Moderate
1.5692549380250704,2.9285781895817338,1.0178073097551497,1.4245287202898431,Good
2.005076118232126,3.792297256081529,1.1399144966964632,1.799112532701999,Good
1.8895192788545376,5.977198868357119,1.072289147298873,1.2796888470450098,Bad
1.7150739642518391,2.7314136070590957,1.0127194869801788,1.3196452528144396,Good
1.7150739642518391,3.808104498175278,1.0025438973960357,1.3795786628003843,Good
1.9755150767978145,2.246311117655101,1.0687912848814614,1.3596004599156697,Good
2.865034355652352,2.55393708654544,1.438398765643218,1.7391791227160542,Bad
1.5328002137168106,4.048620678775386,1.094124287602021,1.414539019513386,Good
2.55072894463845,1.8755508345340384,1.003771619121648,2.578246862519284,Moderate
1.918312485116005,3.8474806221932414,1.0356145915274,1.6342956552406505,Bad
2.2086151299883783,2.549961612485933,1.0546938359891178,2.003884617264578,Good
1.825022414272864,5.4763837910036495,1.2938204430625728,1.0549385595977163,Bad
3.0450880596116146,3.705499405782316,1.246016332685581,1.544395540261733,Moderate
1.715328855860666,4.9281469873689305,1.0510992087057909,1.5993340998594494,Bad
1.7318991968183957,4.794022064932743,1.0304162083171395,1.4994454827722743,Moderate
1.4246043369970636,4.84930008518873,1.0,1.0699219120942025,Good
1.8975813869272469,4.691511626684054,1.1189273221919938,1.389567164908642,Moderate
1.1177768859533548,4.056571626894398,1.0,1.1498335249648624,Good
2.6677046505399717,2.500930765752027,1.276179043917606,1.7591561269325693,Bad
4.3454243097153205,1.3786165770958003,1.0025549506412748,5.519977603550615,Bad
1.427291727853588,3.725282121935572,1.283326855810338,1.349611957807412,Moderate
2.2496267512699277,5.657741131432537,1.0036499494753206,1.419533869901615,Bad
2.278210600708962,5.200277652156537,1.0432463116984063,1.3596004599156697,Bad
2.967154369741047,2.786596973170808,1.0827827345511076,1.5943392494712207,Moderate
2.475365777305785,4.809829307026492,1.101438010104936,1.709212417723082,Moderate
2.4296805197260545,6.426806053658383,1.1095996984065293,1.294672199541496,Bad
2.2388772523406937,4.774334002923761,1.1422463956471045,1.0249718546047435,Moderate
1.5944928191233376,5.148975105960056,1.0072998989506412,1.5194224869887896,Bad
2.134069847395474,5.874688430108432,1.6261173727166731,1.7042175673348532,Bad
1.521349633869574,4.7151751627525424,1.036144587640886,1.294672199541496,Good
1.9244550375050344,4.829517369035474,1.2087057815779243,1.1698117278495772,Moderate
2.2226362323735174,4.73883869882103,1.0316328488146134,1.5743622452547057,Moderate
3.3541355572310887,1.8767813384096,1.560823950252623,1.6542726594571655,Moderate
1.55897284787346,5.79584152792823,1.0,1.094894965367146,Bad
1.8411466304182824,4.119611286980849,1.0944422852701128,1.419533869901615,Good
2.912472251030225,5.685380141560532,1.0048665899727944,1.4345172223981009,Bad
1.992690849823372,4.742814172880536,1.2153466552662262,1.4744724294993308,Bad
1.181205488966962,2.582049367394802,1.000399763699961,1.2226094660425957,Good
4.606215962720297,2.9522417256502216,1.018249719393704,3.062707794126872,Bad
1.5524296409616491,5.768202517800238,1.0608323886513795,1.2697003449367523,Bad
2.558674248889402,5.3501151625422,1.2063738826272834,1.4644839273910732,Bad
2.502239492380437,4.734863224761524,1.203875401476875,1.729189421939597,Moderate
3.234956573938593,4.50617881219566,1.0437993097551497,1.669256011953652,Moderate
1.3928445329522974,3.0429203958646656,1.0174893120870578,1.0249718546047435,Good
1.4598907006034263,6.576738218188319,1.0632656976292263,1.5743622452547057,Moderate
2.9935394565696285,1.828223762397064,1.0216231418577535,1.9689230618833768,Good
1.906180947372515,3.4018489109514847,1.3567819665759813,2.0338513222575503,Moderate
2.5747984650348203,2.8852265915042645,1.0174893120870578,1.3995556670168998,Good
3.105962844775246,1.922877906671013,1.1313979572483484,2.39345178217322,Good
1.488333430902757,5.673548373526288,1.1017560077730275,1.1048834674754036,Bad
1.9378919272907928,5.010969363608637,1.2110377085114652,1.0099885021082575,Bad
2.389614293485544,5.736682687757012,1.0457902090944422,1.5094339848805318,Moderate
1.825022414272864,3.2401796325315777,1.246016332685581,1.1947835824543211,Good
1.7148402276145949,5.290956322370981,1.0816167990672367,1.1847950803460634,Bad
2.8619964243368257,3.4491759830884594,1.0523158492032647,1.6642623602336228,Moderate
2.4202746839766505,3.5478056014219157,1.0559657986785853,1.5044391344923034,Moderate
2.1125709140338707,4.277399745485523,1.058880693354061,1.5394006898735046,Moderate
1.1065600427433622,3.445200509028953,1.018249719393704,1.3446171074191833,Good
1.8411466304182824,3.173069844241347,1.037310523124757,1.5593788927582195,Good
1.002804194678282,3.953966534501435,1.0,1.11986681997189,Good
1.353330657860064,4.652040848521818,1.0559657986785853,1.3845723145204134,Good
2.328049069386566,3.0942229420611462,1.1119315973571706,1.4944506323840456,Good
1.400418012778936,5.216084894250287,1.0135250586863584,1.4395120727863295,Moderate
1.674529687251049,3.886951400355479,1.1247570835600469,1.3995556670168998,Good
2.211419389163525,1.89523889654302,1.2289509895064128,1.9889012647680917,Bad
2.1462851665660554,4.865012673138205,1.1075009809560823,1.5593788927582195,Bad
1.4864138752190772,6.608258048231544,1.0816167990672367,1.824084387306743,Bad
2.522686868861901,1.6862425459861383,1.0610535934706569,1.609322601967707,Good
1.496345424911686,3.2401796325315777,1.0292548620287605,1.4395120727863295,Good
1.7627455317700913,2.498659066289452,1.0377160792848814,1.4794672798875594,Good
2.893443676575829,2.6959183029563643,1.0305267967353284,1.7192009198313394,Bad
1.737507650671824,5.724850919722768,1.064360668480373,1.2796888470450098,Bad
3.1143754933069565,2.10035442718467,2.0925497147298877,2.248613107596586,Bad
1.330896971440079,5.235772956259268,1.0,1.1398450228566048,Good
2.362496264287856,5.3501151625422,1.1317528083948698,1.5493891919817622,Moderate
2.670775926734486,3.6029889675336286,1.052149938593082,1.4544954252828155,Moderate
2.187817277544778,4.908458925359948,1.0174893120870578,1.419533869901615,Moderate
3.437444028814705,4.458851740058686,1.3218033424018656,1.639289306960679,Moderate
2.303374116922367,6.98289915126784,1.1842207446560435,1.3995556670168998,Bad
1.8384592395617576,5.4566010748503935,1.1130975608239408,1.3096555520379822,Bad
1.8062108072709209,1.2208281185911256,1.0,1.5094339848805318,Good
1.7010528618666996,4.699367920658792,1.049882568208317,1.3845723145204134,Moderate
2.5318005338147493,3.208565148344078,1.3089778561989895,1.6143174523559356,Moderate
3.342042395122025,1.7790982615188835,1.0097940147687523,2.917869119550238,Moderate
2.0265751160905943,1.8676945405593008,1.4357337302759423,1.5993340998594494,Good
3.2179755169472077,2.3882923340660263,1.1294209094442285,2.0887898818552664,Good
3.764570126570153,1.8203674684223257,1.115747457442674,3.3473914915601104,Moderate
1.3036727159064254,4.320751343562993,1.0163233486202876,1.1448386745766337,Good
4.435159119892125,2.0096757569702257,1.2627959144966965,5.749722741386137,Bad
2.647357437689203,1.560068571668963,1.0384764865915277,1.7042175673348532,Good
2.0292624424502543,3.445200509028953,1.029148862806063,1.4894557819958172,Moderate
1.353330657860064,3.882975926295973,1.0233190734551108,1.1398450228566048,Good
2.6853311276552256,2.849731287401533,1.1034150579090556,2.683130329994687,Moderate
1.9835771848705237,4.747168263517137,1.0503692188107268,1.4442120507974272,Bad
3.008197852473699,2.4395002261182333,1.0279828993392923,1.9539397093868904,Good
2.2058109353100965,2.4395002261182333,1.1131482378546445,2.083796230135237,Good
2.292624682489998,5.070128203779855,1.13291877186164,1.3695889620239272,Bad
2.2142235838418074,5.231797482199762,1.0036499494753206,1.374583812412156,Bad
1.1205810806316368,5.60653323938033,1.0024333089778468,1.4045505174051285,Moderate
1.7823750235117948,4.301063281554011,1.0656989786241742,1.569367394866477,Moderate
1.0967452968725104,3.914590410483472,1.0279828993392923,1.2477251608313056,Good
2.894595397086664,5.06615272972035,1.247182268169452,1.7042175673348532,Bad
2.632051106283545,2.414795494462733,1.2043968348231635,1.6792457127301093,Good
2.757539559850607,3.729162941850804,1.2518460940536338,1.4794672798875594,Moderate
1.2579874583266948,4.147250297108842,1.0218996688690245,1.3446171074191833,Good
1.6057096623333302,3.5951326735588904,1.0048665899727944,1.0,Good
1.7793370921962686,5.811554115877707,1.0,1.9539397093868904,Moderate
2.4637983936367918,4.699367920658792,1.0401493882627284,1.589345597751192,Bad
1.4162979148013188,3.299338472702797,1.0,1.2097669349508071,Good
1.88613080708001,4.83349284309498,1.0546938359891178,1.529412187765247,Moderate
1.9169771420317057,3.326882828686516,1.0127194869801788,1.5194224869887896,Good
1.6637802528186798,6.93954755319037,1.3206373789350951,1.5993340998594494,Bad
2.6180300683952704,4.577169420401123,1.0133831294209097,1.3446171074191833,Bad
3.0370259515389053,1.6902180200456445,1.060629624562767,2.882907564169037,Good
1.467602268217134,5.705068203569513,1.024485036921881,1.0299667049929724,Moderate
2.6903553044124093,2.5421053185111955,1.0932763218033423,1.374583812412156,Good
1.440261208861723,6.773902800710958,1.099765108433735,1.1947835824543211,Bad
2.0231547828649634,5.034632899677124,1.0763170058297706,2.2146500428257507,Bad
1.249574809794984,5.231797482199762,1.1691140365332298,1.1048834674754036,Good
2.572494959516286,4.218240905314305,1.0906112864360669,1.8608619250105185,Moderate
1.6422812549602122,2.096378953125164,1.0,1.5244173373770182,Good
2.404909982908546,5.5394234510901,1.0097331799455889,1.2497221420520372,Moderate
2.410868912724111,5.661716605492043,1.1597357077341623,1.0799116128706598,Bad
5.38578679155381,1.1735010464541509,1.1727639860085504,4.900666499474649,Bad
1.4246043369970636,3.40582438501099,1.0431403124757093,1.059933409985945,Good
1.5724096731623538,6.395286223615157,1.0268169358725223,1.1903772781521544,Bad
3.300388191578649,4.163057539202592,1.060629624562767,2.503330100036852,Bad
2.1582561716136013,4.872963621257218,1.1492421204819276,1.5094339848805318,Moderate
1.580471781235063,2.699799122871596,1.0340661298095608,1.5244173373770182,Good
2.6446700468326787,2.4829464783399766,1.4057520404197434,1.6342956552406505,Good
2.8059122082868626,2.8930828854790027,1.097331827438787,1.4395120727863295,Good
1.6127202135259,6.651609646309014,1.2448503692188106,1.0,Bad
1.739816960908171,4.454876265999179,1.0457902090944422,1.4261936704192528,Bad
1.6852791861802827,5.645909363398294,1.102603973571706,2.058823176862294,Bad
1.81427291534363,3.575349957405635,1.2133696074621063,1.5593788927582195,Bad
2.392057305722169,5.480264610918881,1.1993781577924605,1.1448386745766337,Bad
2.034754027985061,2.447451174237245,1.0279828993392923,1.6243059544641931,Good
1.415023327763456,2.8260677513330457,1.020351207151185,1.3096555520379822,Good
1.3056590258449472,4.332583111597236,1.0030416292265838,1.2497221420520372,Good
1.6557181447459706,7.168326619900508,1.0932763218033423,1.544395540261733,Bad
1.6954444725101356,6.2848248372474576,1.0377160792848814,1.3196452528144396,Bad
1.4094148739100274,6.060021244596825,1.0454722114263506,2.198668199718899,Bad
2.045386658595673,5.397442234679175,1.0652934224640498,1.6592675098453944,Moderate
1.795461308341687,5.732707213697506,1.0769529731830547,1.5493891919817622,Bad
2.209316210906381,3.6936676377480726,1.101438010104936,1.6642623602336228,Moderate
1.620782321598609,5.827361357971456,1.179556946754761,1.2297451378355222,Moderate
2.9429680455229192,1.3589285150868189,1.283870955305091,1.764150977320798,Good
2.819933246175137,5.4053931827981865,1.1070650073843762,1.9039960001774028,Bad
2.405494195507927,5.109598981942092,1.2693354061406918,1.9739179122716053,Bad
5.382982596875528,1.2761061388471124,1.0,3.0726974949033288,Moderate
2.128695130179289,3.050871343983677,1.4290711138748542,1.604328950247678,Bad
4.126695834872033,1.5797566336779445,1.20318019432569,3.54716992440266,Moderate
2.761044835446892,3.1849016122755907,1.2360296836377769,4.046615407174935,Moderate
5.270814100278737,1.6073956438059378,1.2129133742712788,4.10654881716088,Bad
1.0307127619451473,4.953987568755718,1.0106601414691023,1.0,Good
2.1152583048903955,5.263411966387261,1.0279828993392923,1.4794672798875594,Moderate
2.2058109353100965,6.379478981521408,1.0559657986785853,1.4045505174051285,Bad
1.6046581054531908,5.858881188014681,1.0046638258841818,2.158712992617669,Moderate
1.8599581729233607,4.616545544419086,1.0209871745044694,1.0899001149789174,Bad
1.8384592395617576,2.628808514666134,1.0559657986785853,1.4594890770028446,Good
1.620782321598609,4.896627157325705,1.1247570835600469,1.0149833524964862,Moderate
1.633751802606744,3.555661895396653,1.0381584889234357,1.4395120727863295,Good
2.245069918793503,2.8930828854790027,1.0133831294209097,1.5543840423699908,Good
1.510366462799961,3.626652503602116,1.0218996688690245,1.214761785339036,Good
1.5384086030733746,1.2997696749156,1.0,1.7691458277090266,Good
1.4654990899599902,4.809829307026492,1.036144587640886,1.2397336399437795,Moderate
2.518363708525856,3.298013314682961,1.1002720466381657,1.5394006898735046,Good
2.241564643197218,3.6424597456958656,1.521181500194326,1.059933409985945,Bad
3.445272400250171,1.512741499531988,1.0,2.5482801575263108,Good
3.389188184200208,3.8987831683897225,1.068132287602021,2.0488346747540365,Moderate
2.7118543022708765,6.493915841948613,1.282160892343568,1.2197554370590649,Bad
2.4968647106673885,3.681835869713829,1.1200932856587642,2.2086567018271563,Moderate
2.875783790084721,2.1950085714586205,1.2576758554216867,1.892341349271536,Moderate
1.810417099288344,6.316439321434957,1.1715473455110763,2.458380042547393,Bad
1.1829365848123343,4.49037157010191,1.0262021795569374,1.2397336399437795,Good
2.242265724115221,6.624065290325294,1.032849489312087,1.3645953103038984,Bad
1.4104345693390634,7.097336011695045,1.0381584889234357,1.3396222570309548,Bad
1.8196476325598143,3.772609194072547,1.114263496307812,1.4445057245063584,Good
5.071715117177152,2.869419349410515,1.0450159782355228,3.167591261602275,Bad
2.2282446217300818,3.740994709885048,1.068132287602021,1.6492790077371366,Good
2.0487751303702,3.4806958131316845,1.0109498204430625,1.4345172223981009,Good
2.0185130080178846,4.447019972024441,1.024485036921881,1.3945620152968707,Moderate
1.647656036673261,5.791866053868725,1.0151574131364167,1.374583812412156,Moderate
2.531099452896747,4.170913833177329,1.081515389040031,1.6293008048524218,Moderate
3.2913359921377467,3.288358591967018,1.1767340878352115,1.761506715272218,Moderate
2.3786204804332747,4.707318868777804,1.0991061111542946,1.5593788927582195,Moderate
2.7252911275597707,4.577169420401123,1.0874465604352896,1.7941176823137703,Bad
1.193490593745021,4.565337652366879,1.1386978561989896,1.2197554370590649,Bad
1.7793370921962686,4.253736209417036,1.0513019727944035,1.0,Good
1.5912212801642969,5.799722347843463,1.0198212110376992,1.294672199541496,Moderate
1.9405792536504527,5.582869703311843,1.2903225806451613,1.3795786628003843,Bad
3.285031746109211,3.1888770863350966,1.0510992087057909,1.3695889620239272,Moderate
1.3574201460557298,5.882544724083169,1.0944422852701128,1.0,Bad
1.8035234164143965,3.3308583027460217,1.143564446171784,1.3096555520379822,Good
3.7061809215737695,1.5482368036347192,1.1107149568596968,2.79300744919012,Moderate
2.2576888593426365,5.803697821902969,1.1933363979790128,2.053829525142265,Bad
1.661092861962155,5.196302178097031,1.1270890104935871,1.547218403872071,Moderate
2.037324550522963,5.172638642028543,1.0,1.5194224869887896,Moderate
2.9698417605975718,1.8005847522690703,1.271667305091333,1.604328950247678,Moderate
2.620834263073552,5.042489193651862,1.1180148278274389,1.1847950803460634,Moderate
2.292624682489998,1.8992143706025264,1.1294209094442285,2.783018947081862,Good
1.964648774046823,4.837468317154486,1.01703307889623,1.1648168774613483,Moderate
1.5159749166533891,4.178770127152067,1.0610535934706569,1.3346286053109258,Moderate
2.054383519726764,7.448313578662852,1.0401493882627284,1.2846836974332383,Bad
2.1985667119771475,5.06615272972035,1.1095996984065293,1.7891228319255417,Bad
2.252314142126452,6.075828486690575,1.1189273221919938,1.7042175673348532,Bad
1.980889794013999,6.233616945195251,1.0862805969685192,1.469478777779302,Bad
1.0,3.784440962106791,1.0,1.11986681997189,Good
1.229945318053281,4.040764384800648,1.0,1.3596004599156697,Good
1.6772170781075737,3.6661232817643534,1.1235911480761758,1.0749167624824312,Good
1.3386085390537867,4.383885657793717,1.0746210742324136,1.274695195324981,Good
1.440261208861723,3.620405330080035,1.0097331799455889,1.389567164908642,Good
1.518779111331671,5.969342574382381,1.0340661298095608,1.2647054945485237,Moderate
1.7497760507619564,5.847049419980437,1.163233570151574,1.409545367793357,Bad
2.0023887918724665,5.645909363398294,1.1527399828993392,1.5943392494712207,Moderate
2.1179456312500555,2.0924981332099324,1.0804508356004665,1.174805379569606,Good
1.408480120851645,5.342258868567462,1.0046638258841818,1.234738789555551,Moderate
1.6941091294258368,3.977630070569923,1.0074621158181112,1.839067739803229,Good
1.0953431995333696,4.612664724503855,1.0,1.2297451378355222,Good
3.605112464365214,2.0885226591504265,1.1058483668869024,2.5882353646275407,Bad
1.9755150767978145,5.642028543483062,1.0991061111542946,1.604328950247678,Bad
1.9504801028355208,4.450900791939674,1.0944422852701128,1.5244173373770182,Bad
2.17438038775902,3.157357256291871,1.444228527011271,1.5593788927582195,Bad
1.7820244830527932,6.75023926464247,1.2366886809172173,1.2597118428284946,Bad
1.7390265518327226,3.808104498175278,1.0705655685969686,1.254716992440266,Good
3.810988326518989,1.4929587833787323,1.6074620971628448,2.043839824365808,Moderate
2.181465303836452,3.934278472492454,1.0089036548775747,1.0799116128706598,Good
3.969659965435271,1.5245732675662316,1.0632656976292263,3.197557966595248,Moderate
2.2361899259810336,2.068834597141445,1.137582597745822,1.4594890770028446,Good
2.187817277544778,4.395717425827961,1.162067634667703,1.5793558969747346,Moderate
3.333103968150245,5.026776605702387,1.0778654675476098,2.338513222575504,Bad
1.8760823890687792,6.4347570017773945,1.0757870097162845,1.5194224869887896,Bad
2.453866843944182,5.369897878695455,1.2518460940536338,1.4594890770028446,Bad
3.3514481663745643,1.0591588401712189,1.6067201305868637,2.533296805029825,Moderate
2.511470025651908,4.41152466792171,1.032849489312087,1.274695195324981,Moderate
5.966258572788872,1.4219681751732698,1.0888152879906725,4.566037894163724,Bad
1.7178781589301209,5.32257080655848,1.0316328488146134,1.0,Moderate
2.6446700468326787,5.610414059295563,1.239020607850758,2.148723291841211,Bad
2.424794366259076,5.397442234679175,1.1993781577924605,1.9539397093868904,Bad
2.1550802170078707,3.437344215054216,1.2467582992615625,1.7042175673348532,Good
2.160943562470126,4.892651683266199,1.216867469879518,1.6842393644501383,Moderate
2.0856971989592186,4.581050240316355,1.0932763218033423,1.3096555520379822,Moderate
4.808119204997029,3.764658245953535,1.0024333089778468,3.14761425738576,Bad
1.3601074724153897,5.018825657583375,1.0104935872522347,1.11986681997189,Moderate
1.478351767146368,6.257280481263738,1.071123211815002,1.3695889620239272,Bad
3.761638486087457,3.918471230398704,1.349786241741158,2.1187565868482388,Bad
2.663481653834621,4.43906902390543,1.2203653322969297,1.724195770219568,Bad
1.9378919272907928,5.365922404635949,1.0617955600466382,1.3596004599156697,Moderate
2.292624682489998,6.541242914085588,1.335794792071512,1.1398450228566048,Bad
1.6879665770368073,4.786165770958005,1.130586872910999,1.2647054945485237,Moderate
1.9110182122161403,4.589001188435367,1.1643995336183444,1.5943392494712207,Bad
1.3842937966335174,3.181020792360359,1.0,1.274695195324981,Good
1.6422812549602122,6.202002461007751,1.2576758554216867,1.2647054945485237,Moderate
2.295545745486902,5.074103677839361,1.0036499494753206,2.2635964600930727,Bad
1.9432666445069773,2.3921731539812585,1.33113096618733,1.5194224869887896,Bad
4.781861628469725,4.360222121725229,1.0890364928099494,2.3285235217990463,Bad
1.5405451262095071,5.406718340818022,1.0413080761756703,1.7658159274502077,Bad
2.4077141775868283,7.337852192295153,1.0,1.8490562419114869,Bad
1.8973476502900024,4.54953041027313,1.0888152879906725,1.354605609527441,Moderate
2.245069918793503,2.5459861384264277,1.0097331799455889,1.4944506323840456,Good
2.7118543022708765,3.6581723336453416,1.0443062479595802,1.3396222570309548,Moderate
3.1518499130442525,1.453582659360769,1.125923047026817,2.0288564718693216,Good
1.6073454963097151,3.614820735567872,1.1072677714729888,1.2796888470450098,Good
1.825022414272864,6.079803960750081,1.1352506708122814,1.4445057245063584,Bad
1.8384592395617576,3.555661895396653,1.0081616883015934,1.0,Moderate
2.803108013608581,3.4846712871911905,1.0863820069957248,1.604328950247678,Good
3.103158650096964,5.448744780875656,1.0255495903614458,1.3695889620239272,Bad
2.5452373591036435,5.535542631174868,1.278663029926156,1.7341842723278256,Bad
3.3302997734719626,3.0784156999673966,1.1691140365332298,2.528301954641596,Moderate
1.4318485603300124,5.235772956259268,1.0291995398367664,1.3196452528144396,Bad
1.28042114474668,3.7094748798418222,1.0,1.3196452528144396,Good
2.012320341565076,3.5398546533029034,1.0279828993392923,1.6792457127301093,Good
1.222807321056298,1.9702049788079887,1.0381584889234357,1.5743622452547057,Good
1.936740206779958,5.653860311517306,1.159380856587641,1.5943392494712207,Moderate
1.8841444971414885,4.87684444117245,1.0979401476875243,1.354605609527441,Bad
1.740311845350106,4.443044497964936,1.0279828993392923,1.2397336399437795,Moderate
1.6664675791783397,5.041353343920575,1.0,1.492785682254636,Moderate
2.494644728588487,3.050871343983677,1.1216647773027597,1.7042175673348532,Good
3.893946257643605,1.3667848090615569,1.1824971659541392,3.132630904889274,Moderate
1.90856455799686,5.058296435745612,1.058399107656432,1.2297451378355222,Bad
1.599283388237006,2.8536121073167653,1.2495141951029929,1.5993340998594494,Moderate
1.8196476325598143,3.677955049798597,1.072289147298873,1.7491676248243118,Moderate
1.611318116186759,4.376029363818979,1.068685285658764,1.3596004599156697,Good
1.459540160144425,4.979449533565411,1.0932763218033423,1.11986681997189,Moderate
1.325171713764893,3.0272078079151896,1.1352506708122814,1.2497221420520372,Good
1.8411466304182824,6.134987326861794,1.0081616883015934,2.0488346747540365,Bad
2.854284856723118,4.482515276127173,1.1515740474154683,1.9489460576668611,Bad
2.109883523177346,5.642028543483062,1.2798289933929266,1.1048834674754036,Bad
3.7761693716902496,2.4553074682119838,1.143564446171784,2.443396690050907,Moderate
2.413556303580636,3.133693720223384,1.0279828993392923,1.4944506323840456,Good
1.9432666445069773,5.30676356446473,1.2191993688301594,1.5194224869887896,Bad
1.1654484534716072,5.022801131642881,1.0097331799455889,1.1947835824543211,Good
1.670206526915004,3.71733117381656,1.0255495903614458,1.409545367793357,Good
1.7040907931822258,6.6319215843000325,1.0,1.5094339848805318,Bad
1.773962374980084,2.975905261718709,1.0445182464049747,1.4994454827722743,Good
2.2388772523406937,6.351934625537688,1.0944422852701128,1.4245287202898431,Bad
1.5860802350884915,6.060021244596825,1.0888152879906725,1.0,Bad
1.9755150767978145,5.677523847585793,1.1189273221919938,1.484462130275788,Bad
2.956404870811813,2.751101669068077,1.313641654100272,1.799112532701999,Moderate
1.905643494999956,5.081959971814099,1.0874465604352896,1.6742508623418806,Moderate
2.555986858032877,2.872826898604377,1.1017560077730275,1.6312989847413533,Moderate
3.0919418068869717,4.395717425827961,1.0523158492032647,1.604328950247678,Bad
1.7935918667217872,4.273424271426018,1.141131137193937,1.0,Good
1.4756643762898434,4.754645940914779,1.030314798289934,1.3596004599156697,Good
2.010450899945176,5.965367100322875,1.071123211815002,2.133739939344725,Bad
1.229945318053281,4.040764384800648,1.0,1.3596004599156697,Good
2.0561361575249064,5.543398925149606,1.0139914496696465,1.4644839273910732,Bad
1.5939086065239567,4.178770127152067,1.0,1.1048834674754036,Good
2.1958793856174874,4.395717425827961,1.034978624174116,1.1498335249648624,Bad
1.4262401709734485,3.244060452446809,1.0165353470656822,1.2497221420520372,Good
1.5019538787651148,4.679679858649811,1.0,1.2597118428284946,Good
1.9898866551450904,1.9386851487647636,1.0826767353284104,1.8790229469044597,Good
1.7685876577638997,4.805853832966987,1.1585697722502917,1.0099885021082575,Moderate
1.6906539033964674,4.498227864076648,1.1119315973571706,1.6293008048524218,Moderate
2.7790384932122105,5.448744780875656,1.1842207446560435,2.158712992617669,Bad
2.107196196817686,5.492096378953125,1.1061018359891177,1.4445057245063584,Moderate
1.058888410728245,4.166938359117824,1.0024333089778468,1.0749167624824312,Good
2.397432087435217,3.1888770863350966,1.2798289933929266,1.1398450228566048,Bad
1.5384086030733746,4.632352786512836,1.0255495903614458,1.3596004599156697,Moderate
1.8733950627091192,6.158650862930282,1.180722882238632,1.5993340998594494,Bad
1.8438339567779425,4.135418529074598,1.121259221142635,1.389567164908642,Good
1.0950479973841791,6.269112249297982,1.0,1.11986681997189,Moderate
1.986264575727048,4.230072673348548,1.191216469490867,2.1637066443376973,Good
2.182442495831729,3.748945658004059,1.0023318989506411,1.2597118428284946,Good
1.682591795323758,4.435188203990197,1.030314798289934,1.0,Moderate
3.2170797199950325,1.1222931544019437,1.5491643995336184,3.172586111990504,Moderate
2.8345774527690004,2.0253883449197017,1.1130975608239408,1.094894965367146,Moderate
2.0695729828138,5.32257080655848,1.145744258064516,1.0,Bad
1.733651834616538,3.255892220481053,1.2145355709288768,1.0,Good
3.7438041355776552,1.6428909479086693,1.614457821997668,2.2436182572083574,Moderate
1.4971633096514465,2.5459861384264277,1.0,1.3596004599156697,Good
1.7122697050766924,2.849731287401533,1.0454722114263506,1.3446171074191833,Good
1.5240370247260986,5.835217651946195,1.2028760202098718,1.0,Moderate
1.6154076043824244,5.243629250234005,1.0209871745044694,1.884017797292688,Moderate
1.297246441810101,3.133693720223384,1.0291995398367664,1.4944506323840456,Good
2.803224817430338,3.33871459672076,1.239679605130198,1.3945620152968707,Moderate
3.22344452857941,3.457032277063197,1.079284872133696,1.6459491074783177,Moderate
2.498086281282565,4.884795389291462,1.2645655810338128,2.07380652935878,Bad
1.6906539033964674,3.3978734368919787,1.0897784593859308,1.094894965367146,Good
1.7040907931822258,4.107779518946605,1.0340458701904391,1.7050985884616463,Good
2.4028068046514024,3.815960792150016,1.041974349008939,1.4345172223981009,Good
2.023887725234069,1.812416520303314,1.2448503692188106,1.2647054945485237,Good
1.6127202135259,3.461007751122703,1.2145355709288768,1.3596004599156697,Bad
1.5294117419422832,4.194577369245817,1.1270890104935871,1.274695195324981,Good
1.9916392929432325,4.285256039460261,1.0338126607073457,1.469478777779302,Moderate
2.772128105650336,3.9619174826204473,1.0909444228527012,1.5743622452547057,Moderate
1.674529687251049,5.196302178097031,1.029148862806063,1.5493891919817622,Moderate
3.8687083765453374,1.3154822628650755,1.1021984174115818,2.9927858820326696,Moderate
1.8188297478200544,5.7405635076722445,1.1313979572483484,1.864039594407973,Moderate
2.545120555281886,4.376029363818979,1.135047906723669,2.0488346747540365,Bad
3.664000939590324,1.997843988935982,1.106335017489312,3.252497724861164,Moderate
2.3490594389989625,4.092066930997129,1.4780411877186164,1.9539397093868904,Bad
3.5691250843377134,2.0372201129539453,1.367275553828216,2.0338513222575503,Moderate
1.795461308341687,5.752395275706488,1.1713952584531675,1.829079237694972,Bad
1.8355275345821973,2.33301431381004,1.032849489312087,1.0149833524964862,Good
2.8732132675468183,3.0272078079151896,1.143564446171784,2.31354016930256,Moderate
1.6674023322367215,2.924602715522228,1.0936818779634667,1.5194224869887896,Good
2.9797733102901804,3.737113889969816,1.0863820069957248,1.908989651897432,Moderate
2.4646162783765515,2.758957963042815,1.0944422852701128,1.419533869901615,Moderate
3.108767039453528,4.916315219334686,1.0389327197823552,1.6842393644501383,Bad
3.697141621505784,3.21651609646309,1.0699572483482316,1.8790229469044597,Bad
2.017291437402708,5.050440141770873,1.2391266070734552,1.5044391344923034,Bad
3.7653030689392586,6.42292523374315,1.2431014380101049,1.8091010348102567,Bad
1.1906863990667391,5.344625222174311,1.01703307889623,1.204772084562579,Moderate
1.6288444296713185,3.8987831683897225,1.0466381748931208,1.1847950803460634,Good
1.2215327340184348,6.533291965966576,1.0194663598911775,1.329633754922697,Moderate
1.8355275345821973,3.620405330080035,1.0,1.5194224869887896,Good
2.230815144267984,6.793590862719939,1.2483482316362222,1.2297451378355222,Bad
5.044874811478353,2.5421053185111955,1.0279828993392923,2.4134299850579346,Bad
2.273111994570052,4.999137595574393,1.0,1.449500574894587,Bad
2.2791877927042394,1.907070664577264,1.4500582883793238,1.3795786628003843,Bad
2.5254910635401826,4.478539802067667,1.0,1.5044391344923034,Moderate
1.4864138752190772,6.608258048231544,1.0816167990672367,1.824084387306743,Bad
2.2066288200498567,3.1928525603946025,1.2180334333462883,2.6581572767217434,Moderate
1.7981486991982116,5.3264516264737125,1.0550330446949088,1.354605609527441,Moderate
2.539512101428458,5.468432842884638,1.0790821080450836,1.4045505174051285,Bad
2.901255407820232,1.9465414427395011,1.049882568208317,2.708102184599431,Good
2.037324550522963,3.054752163898909,1.3509522052079286,1.3596004599156697,Bad
1.550910739800751,6.178338924939263,1.0932763218033423,1.4644839273910732,Bad
1.6691549700348642,5.168757822113311,1.0384764865915277,1.9639294101633475,Moderate
3.184098345335089,3.125742772104372,1.1200932856587642,1.6342956552406505,Good
2.67960586998004,5.085935445873605,1.130586872910999,1.804106184422028,Bad
5.349332067245549,1.4433600117791825,1.1094982883793238,3.137624556609303,Bad
1.2692043015366874,6.101858376365912,1.032849489312087,1.3396222570309548,Moderate
1.2902358906175315,4.01710084873216,1.0069957248348231,1.389567164908642,Good
1.8922066052141973,2.360653323938033,1.0011659634667702,1.1098783178636322,Good
1.5748633273816344,3.0390395759494333,1.0012166404974738,1.6592675098453944,Good
1.8465213476344668,5.8391931260057,1.1235911480761758,1.5144288352687607,Bad
1.8492087384909917,4.640209080487574,1.0326467252234746,1.4245287202898431,Good
2.3011541348434656,7.322139604345677,1.0291995398367664,1.349611957807412,Bad
1.5858464984512477,2.790572447230314,1.0827320575204042,1.4644839273910732,Good
1.682591795323758,2.2856872416730645,1.1888845705402251,1.329633754922697,Good
3.2224544372112174,5.6498848374578,1.3881106412747766,1.7142060694431107,Bad
1.143014767051622,5.507903621046875,1.0,1.2197554370590649,Moderate
3.0078154505635943,2.447451174237245,1.048665899727944,1.724195770219568,Moderate
2.037324550522963,7.669141697253979,1.172561221919938,1.2896785478214672,Bad
2.569423683321771,4.49037157010191,1.0391760590750097,1.3995556670168998,Moderate
3.649746165064805,1.2681551907281006,1.3031480668480373,1.7391791227160542,Moderate
1.4626948952817085,3.677955049798597,1.0165353470656822,1.449500574894587,Good
3.305061827876831,1.8360800563718012,1.2238631947143412,1.839067739803229,Moderate
2.383995197649459,2.648591230819389,1.064127486980179,1.639289306960679,Good
2.43505523694224,3.689786817832841,1.034978624174116,1.2197554370590649,Moderate
3.778973630865396,1.6389154738491634,1.1119315973571706,3.2025528169834763,Moderate
2.6180300683952704,4.364197595784735,1.0462326187329964,1.7891228319255417,Bad
3.159242866146927,2.9955933237276904,1.0863820069957248,2.128746287624696,Bad
2.0796214008250318,3.054752163898909,1.0048665899727944,1.0799116128706598,Good
2.712098616393912,1.6665544839771569,1.769529731830548,1.6293008048524218,Bad
1.9378919272907928,6.280944017332225,1.1235911480761758,1.3096555520379822,Bad
2.4329520586850952,2.755077143127583,1.0340661298095608,2.703107334211202,Good
3.59950407500865,2.368509617912771,1.01703307889623,1.978912762659834,Moderate
1.6154076043824244,5.8391931260057,1.191216469490867,1.3196452528144396,Bad
1.3925896413434706,3.224372390437828,1.0012719626894675,1.3945620152968707,Good
1.9590403201933944,2.404004922015502,1.052149938593082,1.5593788927582195,Good
2.906863797176796,4.872963621257218,1.0425826692576758,1.8690344447962015,Bad
2.811775553749118,4.387861131853223,1.3014521352506805,1.5843507473629632,Bad
3.1555531295179384,1.4259436492327755,1.141387292654489,1.899001149789174,Moderate
2.814324856818573,4.0959477509123605,1.0912485969685193,1.4045505174051285,Good
1.9002687132869067,6.304607553400713,1.2366886809172173,1.5244173373770182,Bad
3.6524335559213297,2.9285781895817338,1.0944422852701128,2.123751437236468,Bad
4.129500029550314,1.5482368036347192,1.097331827438787,2.872919062060779,Moderate
1.7927739819820272,1.9741804528674949,1.030314798289934,1.0,Good
1.4879327763799757,5.563086987158588,1.0802987485425573,2.278579812589559,Moderate
2.1805730542118296,2.4276684580839896,1.0231163093664983,1.4544954252828155,Good
1.4570865059251443,5.129287043951074,1.0304162083171395,1.3196452528144396,Moderate
1.7417139426892472,4.0999232249718665,1.0534219012825496,2.1087680847399817,Good
1.1065600427433622,3.445200509028953,1.018249719393704,1.3446171074191833,Good
2.1233204129631047,3.740994709885048,1.2713124539448115,1.0820140768929667,Good
1.4206317171200198,2.975905261718709,1.0050877947920716,1.3995556670168998,Good
2.665701635913523,2.25416741162984,1.0766487990672369,1.2996670499297247,Good
4.079024202856916,1.2169472986758938,1.048665899727944,3.402331249826026,Moderate
1.4971633096514465,5.744538981731751,1.047804110376992,1.11986681997189,Moderate
2.4296805197260545,4.151225771168347,1.037310523124757,1.414539019513386,Good
2.3993015290551174,2.948266251590716,1.1958802953750487,1.0549385595977163,Good
1.6154076043824244,5.097767213907848,1.0,1.1798002299578347,Moderate
2.315175172731741,5.1844704100627865,1.0804508356004665,1.034961555381201,Bad
1.3224843229083685,5.492096378953125,1.0036499494753206,1.2697003449367523,Good
2.3759330895767503,1.7650894481663388,1.0011659634667702,1.314650402426211,Good
2.9261108870083947,2.8575875813762712,1.0394304516129032,1.5993340998594494,Moderate
1.6234697124551336,4.991281301599655,1.0116595507190052,1.2697003449367523,Moderate
3.271411298246853,3.677955049798597,1.0115581406917995,5.015538469058312,Bad
2.1833772488901118,1.3431212729930693,1.0218996688690245,1.589345597751192,Good
1.988951902086708,4.561362178307373,1.2191993688301594,1.374583812412156,Moderate
2.558674248889402,5.862856662074187,1.222697231247571,1.3196452528144396,Bad
1.8132213584634904,6.115299264852813,1.0609039689078896,2.126748107735765,Bad
1.7712749841235595,5.7603462238255,1.2331908184998055,1.839067739803229,Bad
2.575966890233582,4.936003281343668,1.20318019432569,1.7891228319255417,Bad
3.422838713830185,2.246311117655101,1.0109498204430625,2.967814027427925,Moderate
1.9755150767978145,4.072284214843873,1.0384764865915277,1.569367394866477,Good
3.490139837587006,4.514035106170399,1.0060832304702685,2.1187565868482388,Moderate
1.491788592435262,5.969342574382381,1.060629624562767,1.374583812412156,Bad
2.83115008938513,4.592882008350599,1.0364994387874078,1.329633754922697,Moderate
2.7360406264890047,3.437344215054216,1.041974349008939,1.7142060694431107,Moderate
1.7347033914966776,6.280944017332225,1.1119315973571706,1.2647054945485237,Moderate
2.5936100075398985,3.232228684412566,1.1772250198212204,2.2186464026036137,Moderate
2.7133732034317752,3.153381782232365,1.121259221142635,1.8091010348102567,Moderate
3.843725387055897,2.443475700177739,1.0136098748542557,4.635959806257926,Bad
1.8868318879980128,1.9741804528674949,1.0116595507190052,1.254716992440266,Good
1.980889794013999,4.20640913728006,1.0888152879906725,1.6992227169466243,Good
1.5885338893077725,6.063996718656331,1.145744258064516,1.15982202707312,Bad
1.773962374980084,4.092066930997129,1.1532976261173726,2.07380652935878,Moderate
3.234956573938593,4.431212729930692,1.0523158492032647,1.983906414379863,Moderate
2.566736356962111,5.531567157115362,1.0827827345511076,1.7841291802055128,Moderate
2.177067778615545,4.64418455454708,1.1562378453167508,1.0,Moderate
2.1947276651066527,3.1507314661926946,1.1012714558880683,1.7341842723278256,Good
2.456554170303842,4.975474059505905,1.0046638258841818,1.829079237694972,Bad
1.8328507857083287,5.081959971814099,1.2627959144966965,1.1498335249648624,Moderate
1.6852791861802827,3.6661232817643534,1.0991061111542946,1.314650402426211,Good
2.430147864006813,2.2659991796640826,1.0012166404974738,1.5094339848805318,Good
1.980889794013999,4.880819915231955,1.3334628931208703,1.2497221420520372,Moderate
1.9244550375050344,4.750670466855274,1.137582597745822,1.724195770219568,Moderate
1.878769779925304,3.3071947666775343,1.122425184609405,1.0,Good
2.1413140707284226,2.6919428288968583,1.0763170058297706,1.609322601967707,Good
1.7655497264483735,4.494347044161417,1.0437993097551497,1.2796888470450098,Moderate
1.8468718880934685,2.71163089090584,1.0015816494364556,1.4345172223981009,Good
2.462906144012168,3.4413196891137217,1.0717822090944422,1.3645953103038984,Good
4.526805810625726,1.6980743140203822,1.1144754947532065,3.6220866868850914,Moderate
2.382476296488561,3.6463405656110974,1.0,1.5194224869887896,Good
2.1663182796863105,6.872532419044414,1.2261950936649826,1.5843507473629632,Bad
2.131382521035814,5.993006110450869,1.0034978624174116,1.3845723145204134,Bad
2.6554195457619123,3.145525488257628,1.0769529731830547,1.5144288352687607,Moderate
1.4568527692879003,3.054752163898909,1.0,1.3911446122594722,Good
1.833084522345573,4.545554936213623,1.130586872910999,1.744172774436083,Moderate
2.2871330969551917,5.886520198142675,1.0218996688690245,2.1187565868482388,Bad
1.9225855958851343,4.64418455454708,1.0145997699183833,1.4045505174051285,Bad
1.6421644511384548,4.376029363818979,1.0401493882627284,1.0,Good
3.4312513623618965,1.9662295047484828,1.1362645472211426,2.098779582631724,Moderate
3.262998714212007,2.4908027723147144,1.0729988775748154,1.604328950247678,Moderate
2.012320341565076,4.324726817622498,1.12531472677808,1.329633754922697,Moderate
1.824438201673483,2.841780339282521,1.026710936649825,1.419533869901615,Good
2.814324856818573,2.6959183029563643,1.059615748153906,2.0638180272505227,Moderate
2.1797551694720694,1.903189844662032,1.0151574131364167,1.3995556670168998,Good
2.281524643101763,3.342690070780266,1.0534219012825496,1.859045942687944,Good
2.281524643101763,4.15510659108358,1.0699572483482316,2.138734789732954,Good
3.9722304879731736,3.319026534711778,1.5806451612903225,2.278579812589559,Bad
1.7234865482866848,2.356677849878527,1.0012166404974738,1.609322601967707,Good
2.0319498333067787,3.354521838814509,1.005829761368053,1.274695195324981,Good
3.17887235788863,2.33301431381004,1.0169114092499028,2.703107334211202,Moderate
1.6926402133349892,3.054752163898909,1.0279828993392923,1.5493891919817622,Good
2.187817277544778,4.458851740058686,1.0734551107656432,1.1698117278495772,Moderate
2.045386658595673,6.986874625327346,1.0757870097162845,1.6342956552406505,Bad
3.8182325498519374,1.2839624328218504,1.0559657986785853,2.55327380924634,Moderate
3.25178180650515,2.71163089090584,1.0644823381267003,1.884017797292688,Moderate
1.4622275510009497,5.018825657583375,1.02215313797124,1.4395120727863295,Moderate
2.5647500470235896,5.855000368099449,1.083948698017878,1.709212417723082,Bad
1.174678986743078,5.160806873994299,1.0093276237854645,1.7192009198313394,Moderate
2.3732457632170902,5.298907270489993,1.034978624174116,1.11986681997189,Bad
2.4325092877097423,4.521891400145136,1.4392098499805674,1.3329636551815165,Bad
2.0426993322360127,5.058296435745612,1.2238631947143412,1.294672199541496,Bad
1.2821737825448225,3.930302998432948,1.122425184609405,1.0,Good
2.977903868670281,5.6025577653208245,1.180722882238632,1.7042175673348532,Bad
1.986264575727048,3.023232333855684,1.0571317621453555,1.9039960001774028,Good
1.8922066052141973,4.939978755403175,1.0314807617567043,1.329633754922697,Bad
1.8733950627091192,3.90663946236446,1.2075398460940536,1.4544954252828155,Moderate
2.177067778615545,4.54953041027313,1.150408083948698,1.5344058394852758,Moderate
1.9163929294323248,2.526298076417446,1.367275553828216,1.094894965367146,Bad
2.668505830591805,4.979449533565411,1.0571824391760591,1.569367394866477,Bad
1.854583455707176,3.871144158261729,1.014657722502915,1.374583812412156,Moderate
2.676918479123516,3.350546364755004,1.1240980862806065,1.6342956552406505,Good
1.7122697050766924,2.849731287401533,1.0454722114263506,1.3446171074191833,Good
1.7431160400283885,4.636328260572341,1.090031928488146,2.1187565868482388,Good
2.2979993997061827,7.14466308383202,1.072289147298873,1.7941176823137703,Bad
2.8435353577938844,2.90093917945374,1.047804110376992,1.5643725444782484,Moderate
2.144118265406705,4.013125374672654,1.0632656976292263,1.859045942687944,Good
2.3488257023617183,4.87684444117245,1.0364994387874078,1.3346286053109258,Bad
1.7066613157201282,4.009244554757423,1.005839919160513,1.314650402426211,Good
2.8732132675468183,4.210384611339567,1.0669156191216478,2.148723291841211,Moderate
2.589658026659521,4.963642291471661,1.0582976976292269,1.764150977320798,Moderate
2.088384589815744,2.83789951936729,1.5724834729887291,1.544395540261733,Bad
4.619886524646434,4.565337652366879,1.0571317621453555,2.223640054323643,Bad
2.533903712071893,2.8536121073167653,1.0851653385153517,1.899001149789174,Moderate
3.375634490592692,2.419812164109252,1.1877186070734551,1.5094339848805318,Moderate
2.284562574417289,3.7094748798418222,1.0326467252234746,1.0199782028847149,Moderate
2.048074049452197,5.32257080655848,1.024485036921881,1.1997784328425498,Bad
2.647357437689203,5.480264610918881,1.0816167990672367,1.8091010348102567,Bad
2.091071980672268,2.82209227727354,1.102603973571706,2.0638180272505227,Good
1.5401612408715168,5.780034285834482,1.1492421204819276,1.0,Bad
3.8014073172853817,2.8812511174447586,1.068132287602021,1.8190895369185145,Moderate
2.2086151299883783,1.6073956438059378,1.243329554605519,1.234738789555551,Good
1.2767990653286376,4.383885657793717,1.005829761368053,1.2097669349508071,Good
1.7014034023257012,2.317301725860564,1.0559657986785853,1.3945620152968707,Good
1.7571370779166626,1.449607185301263,1.0470621438010106,1.4944506323840456,Good
1.6281433487533157,2.3961486280407645,1.1574038087835212,1.1648168774613483,Good
3.80292621844628,1.303650494830832,1.3591138655266226,2.763040744197147,Moderate
1.287548499761007,4.182745601211574,1.0804508356004665,1.0249718546047435,Good
1.5777843903785382,6.821229872847932,1.172561221919938,1.1798002299578347,Bad
1.7468057766573766,5.847049419980437,1.1049358725223477,1.1148719695836613,Bad
2.7360406264890047,3.437344215054216,1.041974349008939,1.7142060694431107,Moderate
1.6906539033964674,4.498227864076648,1.1119315973571706,1.6293008048524218,Moderate
1.4038064845534632,7.542967722936803,1.0401493882627284,1.0,Bad
4.0044789202640105,1.3589285150868189,1.932763301982122,2.763040744197147,Moderate
1.776766569658366,3.859312390227485,1.0559657986785853,2.5133186021451097,Moderate
2.88922067987048,2.6012641586824143,1.054799835211815,1.804106184422028,Moderate
2.698417412485118,3.7804654880472848,1.1818888457054022,1.529412187765247,Moderate
1.5267244155826232,4.139394003134104,1.096774184220754,1.8940062994009452,Moderate
1.1374063776950578,4.064427920869136,1.0,1.4794672798875594,Good
3.5518324429935326,2.273855473638821,1.0985484679362612,1.5943392494712207,Moderate
2.1179456312500555,3.287506704668553,1.0314807617567043,1.709212417723082,Good
1.7827574254218994,5.436913012841412,1.0241670392537894,1.2247502874472935,Moderate
1.5697222823058292,6.107348316733801,1.0699572483482316,1.5993340998594494,Moderate
2.3320004697951617,2.6406402827003777,1.0340661298095608,1.4295223720098722,Good
1.8008360900547362,3.4531514571479653,1.032879906723669,1.329633754922697,Good
1.6369065377440275,3.788321782022023,1.0687912848814614,1.2447284903320084,Good
4.07341581350035,1.2918187267965882,1.116798187329965,2.578246862519284,Moderate
2.292741486311756,4.813804781085999,1.274962403420132,1.1498335249648624,Bad
2.144819346324708,4.959666817412156,1.0559657986785853,1.8440625901914576,Bad
3.867423083027954,1.4851024894039944,1.614457821997668,2.238623406820129,Moderate
3.7172809609620048,1.757233154191601,1.1046316984065294,1.9988897668763488,Moderate
1.2660495663994038,2.167369561330627,1.0279828993392923,1.8140958851984847,Good
2.0992508925667344,4.888676209206693,1.0750450431403031,1.4594890770028446,Bad
3.6854149305812727,2.7826214991113023,1.0992121103769918,2.1886796976106413,Moderate
1.6852791861802827,3.6661232817643534,1.0991061111542946,1.314650402426211,Good
2.511470025651908,2.0372201129539453,1.0535324897007383,1.943951207278633,Good
3.8911420629653226,1.5797566336779445,1.0571824391760591,2.773030444973604,Moderate
1.4971633096514465,4.636328260572341,1.0582976976292269,1.2796888470450098,Moderate
2.216226598468256,6.060021244596825,1.1602657038476487,1.4045505174051285,Bad
1.3117348239791344,2.561793380520177,1.005829761368053,1.3945620152968707,Good
2.6661689801942816,2.3093507777415523,1.914108054411193,1.604328950247678,Bad
2.408181521867587,5.989030636391363,1.0314807617567043,1.3246389045344684,Bad
2.4637983936367918,3.3939926169767465,1.0559657986785853,1.529412187765247,Moderate
2.289937291633473,3.977630070569923,1.0827320575204042,2.2436182572083574,Good
1.732039413001996,5.251580198353017,1.0817333758258842,1.5194224869887896,Bad
4.109870537808611,1.9860122209017383,1.0425826692576758,3.4372916065390275,Moderate
1.8088981981274452,4.754645940914779,1.0932763218033423,1.2996670499297247,Moderate
2.023887725234069,4.770358528864255,1.0209871745044694,1.6293008048524218,Moderate
2.3011541348434656,2.774765205136565,1.116798187329965,1.6742508623418806,Good
2.467303669233076,2.407980396075008,1.3487099634667703,1.0499449078776877,Bad
2.62854583068726,3.563518189371391,1.036144587640886,1.9239730043939176,Good
2.096446697888452,4.880819915231955,1.0788609032258063,2.11376293512821,Moderate
2.250678308150067,5.314619858439468,1.5219419075009717,1.389567164908642,Bad
1.5468212516050852,2.3843168600065203,1.0279828993392923,1.4544954252828155,Good
1.4486738573934337,6.008813352544618,1.0,1.294672199541496,Moderate
2.721785851963486,1.3006215622140656,1.2194448348231637,1.492785682254636,Good
1.3923559047062266,1.9741804528674949,1.0139914496696465,1.2447284903320084,Good
2.050761440308721,4.561362178307373,1.064127486980179,1.4594890770028446,Moderate
2.01582561716136,6.884364187078657,1.1877186070734551,1.094894965367146,Bad
4.502460179152081,2.301494483766814,1.149647676642052,2.053829525142265,Bad
1.3386085390537867,4.561362178307373,1.0233190734551108,1.0149833524964862,Bad
1.5159749166533891,6.643753352334276,1.1865526715895842,1.1448386745766337,Bad
2.253482567325213,4.076259688903379,1.192230345899728,1.2297451378355222,Moderate
2.131382521035814,3.973749250654691,1.036144587640886,1.3995556670168998,Good
1.835771848705233,3.374209900823491,1.0466381748931208,1.3995556670168998,Good
2.7387279528486643,3.875119632321235,1.047804110376992,1.744172774436083,Moderate
1.8465213476344668,5.55523069318385,1.122425184609405,1.7192009198313394,Bad
1.88613080708001,6.170482630964526,1.0888152879906725,2.3584902267920187,Bad
2.23385307558351,4.131443055015092,1.0231163093664983,1.2996670499297247,Good
1.9786698119350976,2.684086534922121,1.1058483668869024,1.8140958851984847,Good
2.547924749960168,4.285256039460261,1.0510992087057909,1.5044391344923034,Moderate
2.242265724115221,5.302788090405224,1.1131482378546445,1.8890126476809168,Bad
2.9725290869572314,4.794022064932743,1.406918003886514,1.4544954252828155,Bad
2.0561361575249064,3.662147807704848,1.0407023863194715,1.544395540261733,Good
1.0785179024699485,3.801762670508924,1.0060832304702685,1.0,Good
1.720215009327644,6.576738218188319,1.101438010104936,1.3246389045344684,Bad
1.2418632421812763,3.4806958131316845,1.0,1.0449500574894588,Good
2.1125709140338707,3.378185374882997,1.0827827345511076,1.918979352673889,Good
2.3194983330677856,2.2818064217578327,1.258841818888457,1.8940062994009452,Good
1.5776675865567809,7.882113521870365,1.0304162083171395,1.3795786628003843,Bad
2.558674248889402,3.819936266209522,1.2238631947143412,1.6342956552406505,Moderate
1.7963960614000691,6.040333182587844,1.0255495903614458,1.204772084562579,Bad
2.2173783189790903,5.902327440236425,1.2331908184998055,2.083796230135237,Bad
2.48074049452197,5.263411966387261,1.329965030703459,1.6143174523559356,Bad
3.0316512343227204,4.068403394928641,1.1760590843373495,1.484462130275788,Bad
1.6530307538894458,5.342258868567462,1.1061018359891177,1.314650402426211,Moderate
1.2364885249650917,4.34441487963148,1.036144587640886,1.0,Good
4.015228419193244,1.410136407139026,1.2443839782355228,2.1886796976106413,Moderate
2.0534487666683816,5.886520198142675,1.1982121943256898,1.0199782028847149,Bad
2.491489993451204,1.6073956438059378,1.270501369607462,1.7591561269325693,Good
2.413556303580636,3.0429203958646656,1.1643995336183444,1.469478777779302,Good
1.7309644437600131,5.22791666228453,1.1713952584531675,1.604328950247678,Bad
2.096446697888452,2.4553074682119838,1.032849489312087,1.6293008048524218,Good
3.852520437497712,3.4018489109514847,1.024332949863972,2.5682571617428263,Bad
2.4726783864492603,2.751101669068077,1.535172949863972,1.3446171074191833,Moderate
1.7309644437600131,5.22791666228453,1.1713952584531675,1.604328950247678,Bad
3.649746165064805,1.2681551907281006,1.3031480668480373,1.7391791227160542,Moderate
1.948641361723162,4.0249571427068975,1.064127486980179,1.3945620152968707,Good
1.8895192788545376,6.4347570017773945,1.0617955600466382,1.5194224869887896,Bad
2.662897441235241,5.464552022969405,1.0,2.0488346747540365,Bad
1.0307127619451473,4.953987568755718,1.0106601414691023,1.0,Good
1.6127202135259,5.547374399209112,1.0,1.2497221420520372,Moderate
1.8088981981274452,4.754645940914779,1.0932763218033423,1.2996670499297247,Moderate
2.47805316816231,3.232228684412566,1.3576944609405364,1.6542726594571655,Bad
1.7014034023257012,3.0114005658214404,1.4768752522347457,1.4894557819958172,Bad
3.4508808541036,2.975905261718709,1.015816410415857,1.4894557819958172,Moderate
1.9110182122161403,6.584594512163057,1.1154294597745822,1.484462130275788,Bad
2.803108013608581,4.068403394928641,1.024332949863972,1.839067739803229,Bad
2.800303754433434,3.421536972960466,1.0450159782355228,2.982797379924412,Moderate
2.440429954158424,5.338283394507956,1.4222873874854256,1.4295223720098722,Bad
2.3168110067081256,4.9321224614284365,1.041974349008939,1.6243059544641931,Moderate
2.3740636479568504,4.360222121725229,1.0401493882627284,1.3046619003179534,Moderate
3.0961480989043944,2.3882923340660263,1.0676253493975905,1.859045942687944,Moderate
1.964648774046823,4.83349284309498,1.1459977271667314,1.059933409985945,Moderate
1.7094655103984104,4.691511626684054,1.289156617178391,1.15982202707312,Moderate
2.1525309139384152,3.4846712871911905,1.0717822090944422,1.5793558969747346,Moderate
1.2720084962149694,2.2699746537235885,1.0279828993392923,1.0,Good
2.187817277544778,1.8873826025682825,1.006359757481539,1.3196452528144396,Good
2.2086151299883783,2.6761355868031087,1.0669156191216478,1.6243059544641931,Good
1.468303349135137,3.7213066478760655,1.083948698017878,1.3596004599156697,Good
3.5630492862035257,1.5639493915841949,1.0291995398367664,2.4184236367779635,Moderate
3.405353678338958,3.5430728942082177,1.121259221142635,2.278579812589559,Moderate
2.757539559850607,3.729162941850804,1.2518460940536338,1.4794672798875594,Moderate
4.3454243097153205,1.4574634792760008,1.0766487990672369,2.867924211672551,Moderate
1.249574809794984,2.404004922015502,1.006359757481539,1.2397336399437795,Good
2.792475382997969,6.194146167033013,1.180722882238632,1.6892342148383668,Bad
2.8112869255030475,3.737113889969816,1.142458394092499,1.8540510922997155,Moderate
1.7094655103984104,5.748514455791256,1.1585697722502917,1.0,Moderate
1.8665013798351715,3.40582438501099,1.0356145915274,1.7042175673348532,Good
2.3348046644734435,4.656016322581324,1.048665899727944,1.9239730043939176,Bad
2.1833772488901118,2.5421053185111955,1.1119315973571706,1.8690344447962015,Good
1.5580380948150778,4.119611286980849,1.010175589584143,1.414539019513386,Moderate
2.459241561160366,2.372485091972277,1.101438010104936,1.5394006898735046,Good
2.7467900609213736,1.89523889654302,1.2949864065293433,1.908989651897432,Moderate
2.4619289520168914,4.454876265999179,1.1667314325689857,1.1498335249648624,Bad
1.9782024676543388,3.326882828686516,1.0198212110376992,1.6143174523559356,Good
2.096446697888452,3.1928525603946025,1.015816410415857,1.2996670499297247,Good
2.2684383582718706,2.534154370392184,1.1130975608239408,1.414539019513386,Good
2.1152583048903955,1.3746411030362946,1.3416245534395648,1.5094339848805318,Bad
1.7178781589301209,5.417224950832431,1.006359757481539,1.3995556670168998,Bad
3.3527334598919483,3.579325431465141,1.041366028760202,2.493340399260395,Moderate
1.214989527106624,4.7111996886930365,1.1628096012436844,1.0,Bad
1.5580380948150778,5.977198868357119,1.0012166404974738,1.15982202707312,Moderate
1.8020045152534976,6.154675388870776,1.0279828993392923,1.9289678547821465,Bad
2.3488257023617183,2.9364344835564715,1.0024333089778468,1.829079237694972,Good
2.922620832672151,3.5871817254398786,1.0862805969685192,1.6342956552406505,Moderate
2.865034355652352,1.4417508913265251,1.565487748153906,1.724195770219568,Good
3.543419858958687,4.036788910741142,1.0948985184609406,1.804106184422028,Moderate
1.6225349593967515,5.137143337925812,1.0827320575204042,1.7691458277090266,Good
1.6369065377440275,4.005269080697916,1.0151574131364167,1.0099885021082575,Good
1.9163929294323248,2.526298076417446,1.367275553828216,1.094894965367146,Bad
2.761044835446892,4.719150636812048,1.0559657986785853,1.7691458277090266,Bad
2.825541700028566,1.1261739743171757,1.115747457442674,2.098779582631724,Good
1.9001519094651491,5.862856662074187,1.0705655685969686,1.1298553220801475,Bad
2.0599919735801926,4.131443055015092,1.0474492592304705,1.544395540261733,Moderate
2.1260077393227643,6.592450806137795,1.197046258841819,1.5943392494712207,Bad
2.98596597674299,2.096378953125164,1.064127486980179,2.003884617264578,Moderate
1.2692043015366874,6.101858376365912,1.032849489312087,1.3396222570309548,Moderate
1.8035234164143965,3.3308583027460217,1.143564446171784,1.3096555520379822,Good
1.9762480191669205,4.8611318532229735,1.0384764865915277,1.374583812412156,Moderate
1.6906539033964674,4.498227864076648,1.1119315973571706,1.6293008048524218,Moderate
3.010152300961117,5.239748430318774,1.2541779930042751,1.4395120727863295,Bad
1.658989683705011,5.11745527591683,1.0340661298095608,1.15982202707312,Bad
2.040011941379488,5.559206167243356,1.0198212110376992,1.3945620152968707,Bad
1.633751802606744,7.60998285708276,1.0510992087057909,1.569367394866477,Bad
4.435159119892125,2.0096757569702257,1.2627959144966965,5.749722741386137,Bad
1.773962374980084,5.267292786302494,1.2075398460940536,1.0849052645906887,Moderate
2.040362481838489,5.981174342416625,1.0,1.484462130275788,Bad
2.3488257023617183,4.87684444117245,1.0364994387874078,1.3346286053109258,Bad
1.7963960614000691,2.6919428288968583,1.0050877947920716,1.6243059544641931,Good
2.760226950707132,4.277399745485523,1.1737271574038088,1.4894557819958172,Moderate
1.6073454963097151,3.2007088543693403,1.0268169358725223,1.6542726594571655,Good
3.271411298246853,4.198552843305323,1.049882568208317,2.058823176862294,Moderate
4.454788547136964,2.904914653513246,1.0778654675476098,2.103773234351753,Moderate
2.918781721304792,7.803266619690165,1.247182268169452,1.5793558969747346,Bad
2.241564643197218,4.040764384800648,1.367275553828216,1.4395120727863295,Bad
1.5748633273816344,5.653860311517306,1.0291995398367664,1.3246389045344684,Bad
1.3439832562699714,6.233616945195251,1.083948698017878,1.1947835824543211,Moderate
1.2403974219399283,2.9364344835564715,1.0368865542168677,1.5044391344923034,Good
1.6127202135259,6.797566336779445,1.2145355709288768,1.3596004599156697,Bad
2.2282446217300818,7.641597341270257,1.1002720466381657,1.4644839273910732,Bad
3.919184203238736,2.841780339282521,1.0425826692576758,2.098779582631724,Moderate
2.005564746478197,5.590725997286581,1.0470621438010106,2.178689996834184,Bad
1.4749314339207371,5.776058811774976,1.0165353470656822,1.3046619003179534,Moderate
1.544017056926803,4.83349284309498,1.0218996688690245,1.5044391344923034,Good
1.5347865236553324,2.557817906460671,1.1165954232413524,1.2497221420520372,Good
2.02634137945335,1.7730403962853507,1.048665899727944,3.50721471730143,Good
2.98596597674299,2.096378953125164,1.064127486980179,2.003884617264578,Moderate
2.800303754433434,3.5516864213371475,1.1094982883793238,1.839067739803229,Moderate
2.445804735871473,5.519735389081118,1.3940924897007383,1.374583812412156,Bad
2.754852168994083,3.153381782232365,1.0629615235134084,1.9039960001774028,Moderate
1.5243875651851,3.942134766467192,1.0012719626894675,1.414539019513386,Good
4.031352635338663,1.8400555304313075,1.191216469490867,4.026637204290219,Moderate
2.131382521035814,6.746263790582964,1.1049358725223477,1.4395120727863295,Bad
2.12168457898672,5.996981584510375,1.1447810866692576,1.0,Bad
1.5328002137168106,3.165213550266609,1.0021899696851924,1.3645953103038984,Good
1.7318991968183957,4.009244554757423,1.0644823381267003,1.5144288352687607,Good
2.822036424432281,3.145525488257628,1.1399144966964632,1.6492790077371366,Moderate
2.7355519982429337,2.2423356435955952,1.0623255561601244,3.3473914915601104,Good
1.6982486671884178,5.862856662074187,1.0734551107656432,1.234738789555551,Bad
2.0426993322360127,5.006993889549131,1.0676253493975905,1.744172774436083,Moderate
3.633621948919387,1.2287790667101377,2.43645549008939,2.058823176862294,Bad
2.314123615851601,4.383885657793717,1.1294209094442285,1.1248616703601186,Bad
2.357121547071672,2.7314136070590957,1.247182268169452,1.2097669349508071,Moderate
2.292741486311756,5.038608373736629,1.1155815468324912,1.4644839273910732,Moderate
2.69093951701179,3.323002008771284,1.0316328488146134,1.3845723145204134,Moderate
2.2684383582718706,6.718719434599245,1.114263496307812,1.669256011953652,Bad
1.80480870993178,4.147250297108842,1.0048665899727944,1.2896785478214672,Good
2.2173783189790903,5.338283394507956,1.2739992320248736,1.0549385595977163,Bad
1.9281939852416987,7.716468769390953,1.0535324897007383,1.6942290652265954,Bad
2.854284856723118,5.081959971814099,1.2320248830159346,1.3196452528144396,Bad
2.668856371050806,6.888245006993889,1.1364166342790516,1.3845723145204134,Bad
2.491489993451204,2.8575875813762712,1.0489700738437622,2.053829525142265,Good
1.7963960614000691,2.9364344835564715,1.949086678585309,1.0549385595977163,Bad
1.2748127553901158,6.0166696465193565,1.0510992087057909,1.5493891919817622,Bad
2.1958793856174874,5.44476930681615,1.0163233486202876,1.3396222570309548,Bad
2.2361899259810336,2.068834597141445,1.137582597745822,1.4594890770028446,Good
2.099134088744977,2.0885226591504265,1.6902448596968518,1.254716992440266,Good
1.9378919272907928,5.590725997286581,1.13291877186164,1.2097669349508071,Moderate
1.193490593745021,6.959235615199352,1.0228951045472212,1.6792457127301093,Bad
1.249574809794984,3.4728395191569468,1.0661413882627284,1.0998886170871751,Good
3.052682823403565,3.157357256291871,1.035282798289934,1.639289306960679,Good
1.5912212801642969,2.774765205136565,1.015816410415857,1.2697003449367523,Good
1.7578381588346657,6.119180084768044,1.315973581033813,1.1298553220801475,Bad
1.7578381588346657,5.464552022969405,1.071229211037699,2.173696345114155,Moderate
2.3759330895767503,6.931691259215633,1.336960755538282,2.148723291841211,Bad
2.901255407820232,2.443475700177739,1.0742155180722892,1.569367394866477,Good
1.7290950021401137,3.378185374882997,1.0279828993392923,1.4944506323840456,Good
2.017928795418504,3.046895869924171,1.018249719393704,1.449500574894587,Good
3.689238820688591,2.033339293038713,1.068132287602021,3.557158426510917,Moderate
1.954016143436211,6.572762744128813,1.2075398460940536,1.0,Bad
3.669609328946888,4.364197595784735,1.099765108433735,2.508323751756881,Bad
3.0022069967101657,1.449607185301263,1.109387699961135,1.724195770219568,Good
1.9029561041434315,4.0999232249718665,1.0268169358725223,1.414539019513386,Moderate
3.17045970935692,4.865012673138205,1.100981776914108,1.9988897668763488,Bad
1.5697222823058292,6.107348316733801,1.0699572483482316,1.5993340998594494,Moderate
2.1374901806211044,3.81198531809051,1.0693489280994948,1.4944506323840456,Moderate
3.8701104738844783,1.350977566967807,1.114263496307812,2.977802529536183,Moderate
1.5683786191259992,4.975474059505905,1.0524679362611735,1.449500574894587,Moderate
1.4823243870234115,4.052596152834892,1.032849489312087,1.0199782028847149,Good
2.7498279922369,2.218672107527108,1.0742155180722892,1.8790229469044597,Moderate
1.5294117419422832,4.194577369245817,1.1270890104935871,1.274695195324981,Good
2.0067119522085117,3.516191117234416,1.0032849405363389,1.4594890770028446,Moderate
1.9730614225785337,5.480264610918881,1.1017560077730275,1.469478777779302,Bad
1.2692043015366874,6.26116130117897,1.0097331799455889,1.2397336399437795,Moderate
1.7543328832383809,3.512310297319184,1.0152634123591138,1.7841291802055128,Good
1.1297999399706182,5.531567157115362,1.0138748449280994,1.2397336399437795,Moderate
3.5395640429034008,1.595563875771694,1.589972785075787,2.0488346747540365,Moderate
5.401911007699228,3.244060452446809,1.0693489280994948,2.383463280064962,Bad
2.155568845253941,1.4614389533355068,1.0501360373105324,1.644284157348908,Good
1.693341294252992,3.689786817832841,1.1562378453167508,2.967814027427925,Good
2.1905046039044382,4.498227864076648,1.1340847353284105,1.254716992440266,Bad
1.228670731015418,2.4553074682119838,1.0,1.4794672798875594,Good
2.3490594389989625,5.535542631174868,1.13291877186164,2.4084351346697064,Bad
1.286204836581177,2.745801036988736,1.133554739214924,1.0,Bad
2.2039414936901967,6.170482630964526,1.3276331037699185,1.4345172223981009,Bad
2.3123709780534587,3.2913875245837847,1.0877645581033812,1.8740292951844304,Good
1.4756643762898434,3.934278472492454,1.0501360373105324,1.0,Moderate
2.789787992141444,1.97143548268355,1.3579479300427515,1.669256011953652,Good
1.733651834616538,5.452720254935162,1.0851146614846483,1.5543840423699908,Moderate
1.5748633273816344,2.9364344835564715,1.0851653385153517,1.11986681997189,Good
1.878769779925304,5.223941188225024,1.1818888457054022,1.0,Moderate
4.847378188480436,3.914590410483472,1.1557309071123203,1.5493891919817622,Bad
1.7935918667217872,5.243629250234005,1.0669156191216478,1.3845723145204134,Moderate
2.2598387333297376,2.4908027723147144,1.1165954232413524,1.7891228319255417,Good
1.684227629300143,4.348390353690985,1.0401493882627284,1.1847950803460634,Good
1.8411466304182824,2.6761355868031087,1.0408083855421686,1.4445057245063584,Good
1.6503433630329214,5.827361357971456,1.0757870097162845,1.0,Bad
3.7649525284802574,1.473270721369751,1.0693489280994948,3.1026641998963016,Moderate
1.5524296409616491,4.896627157325705,1.044073066459386,1.3196452528144396,Bad
1.8975813869272469,6.9632110892588575,1.1095996984065293,1.4594890770028446,Bad
1.7347033914966776,3.350546364755004,1.073773108433735,1.4345172223981009,Good
2.096446697888452,2.467139236246227,1.026710936649825,2.07380652935878,Good
3.0946124285587047,5.085935445873605,1.0879462510687914,1.5425555845751646,Moderate
1.86802028099607,3.512310297319184,1.0676253493975905,1.1348501724683762,Good
2.241564643197218,3.023232333855684,1.0909444228527012,1.4045505174051285,Good
2.5591415931701604,2.569649674494915,1.0669156191216478,1.484462130275788,Good
2.091071980672268,3.792297256081529,1.029148862806063,1.354605609527441,Good
1.548223348944226,3.831768034243766,1.0223863194714342,1.2197554370590649,Moderate
1.7965362775836695,5.902327440236425,1.1772250198212204,1.1997784328425498,Bad
2.076817206146749,7.483808882765584,1.0133831294209097,1.3995556670168998,Bad
1.5423600034819709,7.475952588790846,1.0279828993392923,1.2996670499297247,Bad
3.9914259803131062,3.342690070780266,1.0413080761756703,1.724195770219568,Moderate
1.4138549025646945,3.705499405782316,1.1177613587252235,1.4594890770028446,Moderate
1.5720591327033524,4.31687052364776,1.033070694131364,1.4894557819958172,Good
3.331561654627503,5.271268260362,1.2203653322969297,1.7741394794290557,Bad
2.260376250199161,2.1358497312874016,1.1877186070734551,1.644284157348908,Good
2.8435353577938844,3.204684328428846,1.2856587547609797,1.978912762659834,Good
4.157542169823728,3.2007088543693403,1.0610535934706569,2.1687014947259264,Moderate
1.6814233701249963,5.287075502455749,1.011801479984454,2.003884617264578,Bad
3.1199838826635204,1.8597435924402888,1.0669156191216478,1.978912762659834,Moderate
1.8223350234163396,3.464983225182209,1.6004663723280217,1.2796888470450098,Bad
3.437444028814705,4.975474059505905,1.13291877186164,2.3285235217990463,Bad
1.7823750235117948,2.8536121073167653,1.0116595507190052,1.99389611515632,Good
1.8045135077825896,4.813804781085999,1.2153466552662262,1.1048834674754036,Moderate
2.636607938759969,4.955785997496924,1.0582976976292269,1.729189421939597,Bad
2.010450899945176,5.176614116088049,1.08861252390206,1.544395540261733,Moderate
1.55897284787346,3.271699462574803,1.012825486202876,1.7142060694431107,Good
1.9898866551450904,5.358066110661212,1.0,2.0238628201492928,Bad
1.7627455317700913,5.977198868357119,1.0652934224640498,2.198668199718899,Bad
2.392057305722169,5.231797482199762,1.0804508356004665,1.7941176823137703,Bad
1.6366377793093156,3.0784156999673966,1.0623255561601244,1.569367394866477,Good
1.102120014088695,4.699367920658792,1.0,1.0199782028847149,Moderate
3.338712422003673,1.5797566336779445,1.0012166404974738,2.718090686707688,Good
1.852480277450032,5.093791739848342,1.0048665899727944,2.043839824365808,Bad
2.668505830591805,2.1279934373126634,1.049882568208317,1.8140958851984847,Good
2.0212003343775446,4.151225771168347,1.125923047026817,1.9639294101633475,Good
2.1805730542118296,3.914590410483472,1.097331827438787,2.0088794676528066,Good
1.9366066337734087,2.829948571248278,1.0,1.314650402426211,Good
1.9642281254960212,4.872963621257218,1.1037699090555773,1.6942290652265954,Moderate
3.008197852473699,2.4395002261182333,1.0279828993392923,1.9539397093868904,Good
6.42895346807058,1.1893082885479005,1.0985484679362612,5.105438584037228,Bad
2.0151245362433574,4.41152466792171,1.425826720559658,1.3645953103038984,Bad
2.396497334376836,2.9285781895817338,1.0069348900116597,4.5960045991566965,Moderate
1.98147400661338,5.724850919722768,1.0279828993392923,1.943951207278633,Bad
4.61451180743025,4.28137521954503,1.1760590843373495,2.2685901118131016,Bad
2.660794262978097,5.937822744339156,1.234356781966576,1.7142060694431107,Bad
1.9205461405301976,5.129287043951074,1.0826767353284104,1.4295223720098722,Bad
2.57748579139448,3.149406308172859,1.2996502044306255,1.7741394794290557,Moderate
1.389785382168324,3.512310297319184,1.0890364928099494,1.2996670499297247,Good
2.2254404270518,4.151225771168347,1.0279828993392923,1.5244173373770182,Moderate
1.80480870993178,5.014944837668143,1.1049358725223477,1.1798002299578347,Moderate
2.012320341565076,3.5398546533029034,1.0279828993392923,1.6792457127301093,Good
2.054383519726764,3.567493663430897,1.0038158600855034,1.0799116128706598,Good
1.4541654429282402,4.691511626684054,1.1492421204819276,1.0749167624824312,Moderate
6.294117612913425,2.4001241021002704,1.0233190734551108,2.648168774613486,Bad
2.782458826437841,7.128855841738271,1.2238631947143412,1.6592675098453944,Bad
3.1990359481659345,2.4829464783399766,1.0610535934706569,2.018867969761064,Moderate
2.335622549213204,2.415836690049746,1.0524679362611735,1.5643725444782484,Good
2.382476296488561,6.746263790582964,1.1824971659541392,1.4395120727863295,Bad
1.7683539211266557,2.506610014408464,1.041974349008939,1.349611957807412,Good
1.229945318053281,4.040764384800648,1.0,1.3596004599156697,Good
1.3400743592951343,2.703774596931102,1.0012719626894675,1.409545367793357,Good
1.7290950021401137,3.378185374882997,1.0279828993392923,1.4944506323840456,Good
1.8749139638700172,3.618796209627378,1.0152634123591138,1.4794672798875594,Good
2.6151090053983665,4.336558585656741,1.2623396813058687,1.2896785478214672,Moderate
2.1475067371812324,2.9877370297529526,1.0629615235134084,1.7341842723278256,Good
3.5602450915252435,2.0253883449197017,1.0608323886513795,2.8379575066795786,Bad
2.346372048142438,5.145094286044824,1.415079664205208,1.3645953103038984,Bad
2.620834263073552,5.492096378953125,1.0,1.5394006898735046,Bad
1.9916392929432325,2.2620237056045767,1.0676253493975905,1.9689230618833768,Good
2.144118265406705,3.4965030552254346,1.0754321585697628,3.057714142406843,Good
1.5468212516050852,4.766477708949024,1.1824971659541392,1.3246389045344684,Moderate
2.0803224817430337,3.614820735567872,1.037310523124757,1.3995556670168998,Good
4.317382233938771,1.4299191232922814,1.0510992087057909,4.286349047118714,Moderate
3.9247925925953,1.8085357003880815,1.1800638849591916,4.506104484177779,Bad
2.064198265597615,5.586750523227075,1.1034150579090556,1.0249718546047435,Moderate
2.057187714405046,5.661716605492043,1.0291995398367664,1.6992227169466243,Bad
2.757539559850607,3.729162941850804,1.2518460940536338,1.4794672798875594,Moderate
1.2956106078337162,6.115299264852813,1.0279828993392923,1.1648168774613483,Moderate
2.39254593396824,5.4053931827981865,1.0139914496696465,1.2597118428284946,Bad
1.7793370921962686,5.267292786302494,1.093043140303148,1.4245287202898431,Bad
1.419229619780879,4.821661075060737,1.3521181406917997,1.2796888470450098,Bad
2.6241483054663526,2.526298076417446,1.0343426568208318,1.859045942687944,Good
2.327560441140495,3.6936676377480726,1.0104935872522347,1.354605609527441,Moderate
2.4077141775868283,5.097767213907848,1.049882568208317,1.589345597751192,Bad
1.6100328226693752,4.8611318532229735,1.037310523124757,1.4744724294993308,Moderate
2.639295329616494,4.821661075060737,1.1317528083948698,1.4295223720098722,Moderate
5.726698771629266,1.5837321077374504,1.3064793750485817,4.546059691279009,Bad
2.945655436379444,5.251580198353017,1.28799068169452,2.2635964600930727,Bad
2.0291456386284965,5.578894229252337,1.0407023863194715,2.0338513222575503,Moderate
1.9728276859412897,4.648160028606586,1.191216469490867,1.3446171074191833,Moderate
2.6180300683952704,4.577169420401123,1.0133831294209097,1.3446171074191833,Bad
4.642670751525421,2.889107411419497,1.0316328488146134,2.213651552215385,Moderate
2.3383099400697285,5.996981584510375,1.2087057815779243,1.0,Bad
2.48074049452197,2.3882923340660263,1.083948698017878,1.6642623602336228,Good
1.6449686458167367,4.301063281554011,1.049882568208317,1.0749167624824312,Good
2.082425660000178,6.6358970583595385,1.008516539448115,1.389567164908642,Bad
1.8035234164143965,2.0096757569702257,1.0535324897007383,1.3795786628003843,Good
1.174678986743078,5.2752437344215055,1.0127089094442283,1.0,Good
2.4619289520168914,5.657741131432537,1.1049358725223477,1.2647054945485237,Bad
2.0936425032101704,4.537698642238886,1.0620490291488536,1.5194224869887896,Moderate
1.4178275224417378,5.460576548909899,1.0003649809560824,1.2647054945485237,Good
3.174081788774962,3.73313841591031,1.1233791496307812,1.804106184422028,Moderate
1.9478234769834015,5.231797482199762,1.0750450431403031,1.1498335249648624,Bad
3.5556882590488192,2.61697674663189,1.1723157559269335,3.0477244416303857,Moderate
2.144819346324708,5.30676356446473,1.0011659634667702,1.4395120727863295,Moderate
1.6421644511384548,3.5478056014219157,1.033070694131364,1.4445057245063584,Good
1.8814571707818284,5.827361357971456,1.180722882238632,1.6293008048524218,Bad
1.6879665770368073,4.032908090825909,1.02215313797124,1.2846836974332383,Good
4.238864266971958,3.315051060652272,1.0048665899727944,2.318535019690789,Moderate
2.3114362249950764,5.496071853012631,1.2261950936649826,1.0449500574894588,Bad
1.1182442302341136,2.739269901033833,1.0,1.11986681997189,Good
1.9352045364342685,5.661716605492043,1.0116595507190052,1.4994454827722743,Bad
2.850779581126833,2.538129844451689,1.0141131193159736,3.996670499297247,Moderate
1.7935918667217872,2.068834597141445,1.0069957248348231,1.254716992440266,Good
1.8188297478200544,5.074103677839361,1.0389327197823552,1.3795786628003843,Bad
2.245069918793503,2.5459861384264277,1.0097331799455889,1.4944506323840456,Good
1.9394108284516915,3.957942008560941,1.068132287602021,1.2197554370590649,Good
4.0985368907768605,1.3312895049588254,1.400155460551885,3.542175074014432,Moderate
2.4861152762350187,1.918902432611508,1.481539050136028,1.9489460576668611,Bad
5.366157299812106,1.098629618333456,1.0644823381267003,4.785793331222789,Bad
1.878769779925304,5.251580198353017,1.228900116595414,1.5843507473629632,Bad
2.0265751160905943,1.3667848090615569,1.2565099199378158,1.7591561269325693,Good
2.281875183560764,4.656016322581324,1.083948698017878,1.2497221420520372,Bad
2.453866843944182,3.524142065353428,1.1130975608239408,2.058823176862294,Moderate
2.3740636479568504,1.2642743708128688,1.0343426568208318,1.8091010348102567,Good
1.8062108072709209,5.385610466644931,1.0,1.3346286053109258,Moderate
2.489036339231923,3.117886478129634,1.0863820069957248,1.7741394794290557,Good
2.7077648140752117,3.271699462574803,1.090031928488146,1.8140958851984847,Good
2.4269931288695297,3.287506704668553,1.0559657986785853,1.5593788927582195,Good
3.8014073172853817,1.2997696749156,1.2530627345511076,2.912874269162009,Moderate
2.4269931288695297,1.6625790099176507,1.451224251846094,1.5943392494712207,Bad
3.546224053636969,1.812416520303314,1.0571824391760591,2.763040744197147,Moderate
1.5347865236553324,6.1389628009213,1.1410804601632336,1.0749167624824312,Bad
4.508068568508645,1.8913580766277884,1.1837138064516128,4.710876568740357,Bad
1.7823750235117948,4.340534059716248,1.0109498204430625,1.589345597751192,Moderate
1.720682353608403,3.3032192926180284,1.0597816587640887,1.3945620152968707,Good
1.927142428361559,3.871144158261729,1.060629624562767,1.2896785478214672,Good
2.057187714405046,5.661716605492043,1.0291995398367664,1.6992227169466243,Bad
1.7766497658366087,2.8536121073167653,1.030314798289934,1.3596004599156697,Good
2.037324550522963,3.054752163898909,1.3509522052079286,1.3596004599156697,Bad
1.5831591720915876,5.614389533355069,1.0909444228527012,1.11986681997189,Bad
1.8088981981274452,5.551255219124344,1.2378546443839875,1.0,Bad
2.148850400361062,4.495482893892704,1.1772250198212204,1.3878039239868556,Bad
3.0827112736155,1.863719066499795,1.0687912848814614,2.3984466325614484,Moderate
1.6960286851095163,5.642028543483062,1.1597357077341623,2.743063739980632,Bad
4.079725283774918,2.0924981332099324,1.3381266910221532,2.1087680847399817,Moderate
1.634219146887503,4.474564328008161,1.054799835211815,1.3446171074191833,Good
2.0776350908865093,2.5854569165886647,1.4127477652545668,1.3196452528144396,Moderate
1.6561854890267294,2.719581839024852,1.041974349008939,1.4594890770028446,Good
1.459540160144425,4.979449533565411,1.0932763218033423,1.11986681997189,Moderate
3.164851255503491,6.122492979817633,1.260362633501749,2.1437296401211823,Bad
1.4178275224417378,3.299338472702797,1.0,1.3246389045344684,Good
2.072260373670325,5.79584152792823,1.0425826692576758,1.3995556670168998,Bad
1.106230141281027,5.171502792297256,1.0065842083171397,1.0,Good
1.959390860652396,3.263843168600065,1.1072677714729888,1.4644839273910732,Good
2.191789897421822,4.971498585446399,1.01703307889623,1.5244173373770182,Bad
1.5858464984512477,6.947403847165108,1.0932763218033423,1.5044391344923034,Bad
1.9197814012068528,1.7454013861573572,1.0279828993392923,1.5244173373770182,Good
2.499552101523913,3.934278472492454,1.2296929560823942,1.4794672798875594,Moderate
2.0151245362433574,3.169189024326115,1.0048665899727944,1.604328950247678,Good
3.0975501962435352,3.323002008771284,1.149647676642052,2.633185422117,Moderate
1.8635413607320603,2.325158019835301,1.049747382821609,1.5433958509831676,Good
2.458190004280227,6.142843620836532,1.0255495903614458,1.1498335249648624,Moderate
2.1525309139384152,3.575349957405635,1.031798759424796,1.859045942687944,Good
8.954613276907464,2.8930828854790027,1.064127486980179,3.287458081574165,Bad
2.1260077393227643,5.653860311517306,1.101438010104936,1.414539019513386,Bad
2.663481653834621,2.163488741415395,1.0026816851923823,2.0638180272505227,Moderate
1.6127202135259,6.651609646309014,1.2448503692188106,1.0,Bad
1.3477222040066357,3.4965030552254346,1.0292548620287605,1.294672199541496,Good
2.0227360047232343,2.1831768034243764,1.0912485969685193,1.5094339848805318,Good
3.490139837587006,4.514035106170399,1.0060832304702685,2.1187565868482388,Moderate
2.295800637095729,1.8400555304313075,1.1143649063350174,1.4395120727863295,Good
2.578771084911864,1.6152519377806758,1.103027942479596,1.669256011953652,Good
1.8438339567779425,2.072715417056677,1.072289147298873,1.5993340998594494,Good
2.107663541098445,1.6980743140203822,1.0178073097551497,1.5993340998594494,Good
1.7974157568291056,3.73313841591031,1.1437303567819666,1.983906414379863,Good
1.7873992002689778,4.675704384590305,1.2028760202098718,1.1448386745766337,Moderate
2.9096680563519426,2.1516569733811512,1.0582976976292269,2.3085465175825317,Moderate
1.950627671661684,2.7234626589400834,1.0047449203264671,1.864039594407973,Good
1.9422150876268376,5.807673295962474,1.0364994387874078,1.7341842723278256,Bad
2.0776350908865093,3.1888770863350966,1.0559657986785853,1.5993340998594494,Good
1.2902358906175315,3.054752163898909,1.2658375437232805,1.2796888470450098,Good
1.3816064702738573,4.458851740058686,1.0408083855421686,1.0,Good
2.1663182796863105,2.8852265915042645,1.3835989024485036,1.4644839273910732,Moderate
1.3520453643426806,5.638053069423556,1.1154294597745822,1.0,Moderate
3.602308269686932,1.761208628251107,1.0620490291488536,2.278579812589559,Good
4.593396759406637,1.3431212729930693,1.0827320575204042,3.557158426510917,Moderate
1.079853245554247,3.783683728952599,1.0279828993392923,1.3196452528144396,Good
1.4739117384917009,5.342258868567462,1.083948698017878,1.11986681997189,Bad
1.247237959397461,3.283531230609047,1.0279828993392923,1.419533869901615,Good
2.65448479270353,3.1020792360358844,1.1058483668869024,1.9339627051703752,Good
4.889441366642123,1.354953041027313,1.0097331799455889,3.1076578516163305,Bad
1.601970714596666,6.375598161606176,1.1095996984065293,1.1897887320660925,Bad
1.5127500734243058,5.957510806348138,1.113203560046638,1.3246389045344684,Bad
1.8736393768321544,2.7432453750933394,1.0152634123591138,1.389567164908642,Good
1.6664675791783397,3.82779256018426,1.0034978624174116,1.1398450228566048,Good
1.5106001994372047,2.735294426974328,1.0,1.0,Good
2.604008966010131,3.145525488257628,1.0610535934706569,1.7142060694431107,Moderate
1.2767990653286376,4.088091456937622,1.012825486202876,1.0199782028847149,Good
2.769457483978603,4.50617881219566,1.1070650073843762,1.604328950247678,Bad
1.844322585024013,5.054320961686106,1.054799835211815,1.6892342148383668,Moderate
2.440429954158424,5.9496545123734,1.0676253493975905,1.6143174523559356,Bad
1.5215833705068178,3.157357256291871,1.0121664889234356,1.5194224869887896,Good
3.837862041593641,1.3154822628650755,1.1545142666148465,2.957824326651468,Moderate
3.665870381210224,4.352365827750491,1.284695583365721,1.6592675098453944,Moderate
3.604060907485074,1.208996350556882,1.6039642347454333,1.8940062994009452,Moderate
1.7578381588346657,5.993006110450869,1.150408083948698,1.154828375353091,Moderate
1.844601791950787,5.152950580019562,1.0035977893509522,1.449500574894587,Moderate
1.765900266907375,2.6249276947509017,1.125923047026817,1.3995556670168998,Good
1.5320991327988076,5.436913012841412,1.0,1.3845723145204134,Moderate
4.322990623295334,1.6862425459861383,1.024332949863972,1.839067739803229,Moderate
1.5240370247260986,6.580619038103552,1.041974349008939,1.6792457127301093,Bad
2.9517312345136317,2.648591230819389,1.090031928488146,2.6381802725052284,Moderate
3.669609328946888,2.0530273550476954,1.0218996688690245,1.9689230618833768,Moderate
2.2282446217300818,3.626652503602116,1.026766258841819,1.3995556670168998,Moderate
2.3573658611947077,2.573625148554421,1.5748153999222696,1.3845723145204134,Bad
3.5265945618952657,3.255892220481053,1.041366028760202,2.3584902267920187,Moderate
2.9797733102901804,3.4728395191569468,1.0255495903614458,1.2846836974332383,Moderate
1.4514780520717157,6.63977787827477,1.0623255561601244,1.529412187765247,Bad
3.286951301792891,1.1814519945731623,1.2751651675087443,2.083796230135237,Good
1.7234865482866848,3.2401796325315777,1.0394304516129032,1.449500574894587,Good
1.3767974550569186,6.12315555882755,1.1502239844539448,1.2921753736814816,Bad
3.695290045517373,4.83349284309498,1.072755538282161,2.5732520121310545,Bad
1.682591795323758,4.119611286980849,1.1247570835600469,1.0749167624824312,Moderate
2.0776350908865093,1.4417508913265251,1.0326467252234746,1.729189421939597,Good
2.064198265597615,4.50617881219566,1.0687912848814614,1.7891228319255417,Bad
2.93490593745021,2.3291334938948074,1.0474492592304705,1.899001149789174,Moderate
1.898349157603227,5.752395275706488,1.0547491581811117,1.2796888470450098,Bad
1.4138549025646945,3.705499405782316,1.1177613587252235,1.4594890770028446,Moderate
3.1900892010986226,2.226528401501846,1.0632656976292263,2.083796230135237,Moderate
2.390888880523407,2.9955933237276904,1.0109498204430625,1.2197554370590649,Good
3.4696924611055424,4.896627157325705,1.1562378453167508,1.9139845022856603,Bad
2.397432087435217,4.801973013051755,1.13291877186164,1.4544954252828155,Moderate
2.3175787773841057,2.91674642154749,1.090031928488146,1.709212417723082,Good
2.1958793856174874,2.4829464783399766,1.0862805969685192,1.6342956552406505,Good
2.780674327188596,2.0253883449197017,1.0,1.4594890770028446,Good
2.40720432987231,3.2913875245837847,1.1386978561989896,1.1798002299578347,Good
1.6477728404950187,3.0429203958646656,1.005353240575204,1.7042175673348532,Good
1.7040907931822258,6.706887666565001,1.1247570835600469,1.5793558969747346,Bad
1.252379004473266,6.158650862930282,1.0279828993392923,1.2597118428284946,Moderate
3.8969841889591295,5.425081244807168,1.1842207446560435,2.1087680847399817,Bad
1.6449686458167367,3.169189024326115,1.0466381748931208,1.2796888470450098,Good
4.090241046066907,2.0885226591504265,1.0133831294209097,6.953385791493265,Bad
2.241564643197218,2.912770947487984,1.06645938593082,1.2497221420520372,Good
2.502239492380437,3.319026534711778,1.0816167990672367,1.3845723145204134,Good
3.3111376260110186,4.450900791939674,1.2751651675087443,1.958934559775119,Moderate
1.7444013335457718,6.65558512036852,1.1574038087835212,1.0849052645906887,Bad
2.2388772523406937,4.427237255871185,1.0489700738437622,1.5943392494712207,Good
1.00293170497956,5.803697821902969,1.0114475522736106,1.1498335249648624,Good
2.8188115812031973,2.1792013293648704,1.2129133742712788,2.2336297551001,Good
3.647058838705145,2.758957963042815,1.494364564321803,3.142619406997532,Bad
4.149129521292018,2.064859123081938,1.1727639860085504,3.8668151772171,Bad
1.193490593745021,4.107779518946605,1.0291995398367664,1.409545367793357,Good
1.9394108284516915,4.561362178307373,1.0038932607850757,1.6342956552406505,Bad
1.9562361255151124,6.209953409126763,1.0206830003886511,1.6193123027441645,Bad
4.26410221256709,2.7432453750933394,1.0863820069957248,2.2336297551001,Bad
1.4622275510009497,3.618796209627378,1.0011659634667702,1.3396222570309548,Good
1.1850779452133104,4.31687052364776,1.0,1.1298553220801475,Good
1.9432666445069773,7.136712135713008,1.0827827345511076,1.0,Bad
3.0919418068869717,4.9281469873689305,1.0656989786241742,1.6642623602336228,Bad
3.080023882758976,5.756370749765994,1.2739992320248736,1.4445057245063584,Bad
1.8303971314890488,5.259436492327756,1.1475461888845706,1.5094339848805318,Bad
2.8327859233615147,3.149406308172859,1.1119315973571706,1.6143174523559356,Moderate
2.6043595064691325,5.089816265788837,1.0687912848814614,1.589345597751192,Moderate
2.096446697888452,2.9562171997097275,1.247182268169452,1.0699219120942025,Good
1.6029054676550485,6.04430865664735,1.0401493882627284,1.349611957807412,Bad
2.045386658595673,2.2620237056045767,1.12531472677808,1.419533869901615,Good
2.491489993451204,4.64418455454708,1.1739806265060242,1.3596004599156697,Moderate
1.0673010592599557,4.961275937864812,1.0012166404974738,1.094894965367146,Good
2.001103498355083,6.884364187078657,1.0,2.003884617264578,Bad
2.5640489661055863,5.436913012841412,1.380101040031092,1.3446171074191833,Bad
1.292923281474056,5.594701471346087,1.0,1.0,Good
4.785965950944245,4.305038755613516,1.3859308293820445,2.8299671844602523,Bad
1.8008360900547362,6.399261697674663,1.1760590843373495,1.0,Bad
2.256286762003495,3.2520114005658214,1.0036499494753206,1.3695889620239272,Good
1.7879834128683587,4.825636549120242,1.2554960435289546,1.3695889620239272,Bad
1.5132875257968648,6.300632079341207,1.1270890104935871,1.11986681997189,Bad
1.9997014010159415,4.679679858649811,1.1364166342790516,1.958934559775119,Moderate
2.6236384577518344,3.626652503602116,1.1618141655654877,1.5943392494712207,Moderate
2.289937291633473,1.757233154191601,1.1484310361445784,1.1098783178636322,Good
2.4525815504267987,6.679248656437007,1.158164216090167,2.0138731193728354,Bad
1.297246441810101,5.314619858439468,1.0097331799455889,1.254716992440266,Moderate
2.8193490335757563,4.072284214843873,1.053633899727944,1.4744724294993308,Moderate
2.376867842635132,1.307625968890338,1.0437993097551497,1.2697003449367523,Good
2.1501940635408925,4.178770127152067,1.3194714434512242,1.2846836974332383,Bad
1.445869598218287,3.378185374882997,1.0291995398367664,1.059933409985945,Good
2.27650046634458,2.090983666901549,1.216867469879518,1.2697003449367523,Good
3.675084209793768,2.715606364965346,1.1172616680917218,2.7780240966936334,Moderate
2.0803224817430337,4.324726817622498,1.1410804601632336,1.484462130275788,Good
2.099134088744977,5.535542631174868,1.08348230703459,1.779134329817284,Bad
1.3645475010700567,4.845324611129223,1.006359757481539,1.2996670499297247,Good
1.5401612408715168,2.467139236246227,1.197046258841819,1.1498335249648624,Good
1.9728276859412897,4.0999232249718665,1.034978624174116,1.7591561269325693,Good
1.8945434556117209,3.267723988515297,1.10828164788185,1.1997784328425498,Good
2.06688565645414,6.079803960750081,1.191216469490867,1.5743622452547057,Bad
3.427427472254578,2.4553074682119838,1.142458394092499,2.4483903417709363,Moderate
2.107663541098445,3.5398546533029034,1.0241670392537894,1.6193123027441645,Moderate
1.9728276859412897,5.957510806348138,1.1609016712009328,1.0,Bad
1.633751802606744,3.910614936423966,1.2153466552662262,1.449500574894587,Good
2.090304145499423,3.5976883354542872,1.1505746381655657,1.732519322198416,Moderate
2.0830098725995585,4.040764384800648,1.150408083948698,1.3396222570309548,Moderate
2.3060615077788915,1.654722715942913,1.0466381748931208,1.3995556670168998,Good
3.530036114589344,2.459282942271489,1.1447810866692576,3.0876808473998154,Moderate
1.6960286851095163,5.736682687757012,1.0163233486202876,1.2097669349508071,Moderate
2.160943562470126,5.436913012841412,1.0632656976292263,1.3396222570309548,Bad
3.1732639040352018,1.3234332109840876,1.1106596346677031,2.0338513222575503,Good
2.0856971989592186,3.768633720013041,1.0594636610959969,1.5793558969747346,Moderate
2.637659495640109,5.196302178097031,1.0316328488146134,1.5244173373770182,Moderate
2.1367572382519984,5.645909363398294,1.204041983676642,1.3396222570309548,Moderate
1.6637802528186798,2.9837615556934467,1.1313979572483484,1.5993340998594494,Good
2.093759307031928,3.863287864286991,1.6331130975514965,1.4944506323840456,Good
2.003907693033365,3.421536972960466,1.073773108433735,1.5743622452547057,Good
1.7555347178129956,2.538129844451689,1.3043140303148075,1.3046619003179534,Moderate
2.076817206146749,3.0114005658214404,1.563155849203265,1.1248616703601186,Moderate
1.833084522345573,5.077984497754594,1.1574038087835212,2.083796230135237,Moderate
1.7444013335457718,2.1950085714586205,1.0921103863194714,1.5993340998594494,Good
3.262998714212007,2.4908027723147144,1.0729988775748154,1.604328950247678,Moderate
2.5129889268128065,7.8505936918271395,1.1247570835600469,2.2036630501071275,Bad
1.8693055745134532,1.1183176803424375,1.020351207151185,1.6892342148383668,Good
1.5159749166533891,5.673548373526288,1.0608323886513795,1.274695195324981,Moderate
2.0319498333067787,4.959666817412156,1.0163233486202876,1.569367394866477,Bad
1.6730107860901504,5.231797482199762,1.1107149568596968,1.5244173373770182,Bad
2.4722110421685017,4.41152466792171,1.0571824391760591,1.6492790077371366,Moderate
2.2991511202170174,4.589001188435367,1.0279828993392923,1.6143174523559356,Bad
2.012320341565076,2.0608836490224327,1.024332949863972,1.2597118428284946,Good
2.803224817430338,3.784440962106791,1.3287990672366887,1.5244173373770182,Moderate
1.527191759863382,3.5516864213371475,1.0024333089778468,1.4395120727863295,Good
2.502239492380437,4.734863224761524,1.203875401476875,1.729189421939597,Moderate
1.527191759863382,5.168757822113311,1.0,1.639289306960679,Bad
2.3087488986354163,4.241904441382792,1.0594636610959969,1.7491676248243118,Moderate
3.1095849241932885,2.6367594627851454,1.1049358725223477,2.0788013797470093,Good
2.3235878212634518,3.7213066478760655,1.0279828993392923,1.918979352673889,Moderate
2.7494774517778984,1.8360800563718012,1.2436844057520404,1.8490562419114869,Moderate
2.6876679780527493,5.006993889549131,1.0228951045472212,1.5943392494712207,Bad
1.6422812549602122,4.569218472282111,1.071123211815002,1.0,Moderate
2.674114284445233,1.8676945405593008,1.0729988775748154,1.5943392494712207,Moderate
1.9728276859412897,4.746694992795767,1.2191993688301594,1.0,Moderate
2.152148512028311,1.9386851487647636,1.1058483668869024,1.834072889415001,Good
1.6758149807684326,4.001293606638411,1.035282798289934,1.2397336399437795,Good
3.3134744764085418,1.8913580766277884,1.0474492592304705,1.604328950247678,Moderate
1.2047074369550137,4.932879694582628,1.0012166404974738,1.374583812412156,Good
1.527191759863382,2.6761355868031087,1.0139914496696465,1.2796888470450098,Good
1.2411621612632735,7.511447892893577,1.0316328488146134,1.1847950803460634,Bad
1.7712749841235595,5.977198868357119,1.0,1.2247502874472935,Bad
3.313092074498437,2.498659066289452,1.212203643995336,1.958934559775119,Moderate
2.9644669788845226,3.098198416120652,1.1434123591138747,1.7541624752125404,Moderate
2.547924749960168,4.600832956469611,1.0513019727944035,1.8940062994009452,Bad
2.2496267512699277,3.953966534501435,1.034978624174116,1.4744724294993308,Good
1.857270846563701,2.411955870134514,1.036144587640886,1.5743622452547057,Good
1.8833266124017285,6.793590862719939,1.1399144966964632,1.1398450228566048,Bad
1.8088981981274452,4.632352786512836,1.029148862806063,1.0,Moderate
1.6926402133349892,5.2042531262160425,1.0523158492032647,1.8440625901914576,Bad
2.222753036195275,3.464983225182209,1.1049358725223477,1.3246389045344684,Good
2.5899879281218565,3.413680678985728,1.0291995398367664,1.5943392494712207,Good
1.975865617256816,4.675704384590305,1.068132287602021,1.824084387306743,Moderate
1.1597064911084944,4.770358528864255,1.0571824391760591,1.5044391344923034,Bad
2.01582561716136,4.892651683266199,1.0174893120870578,1.314650402426211,Moderate
1.94501928230512,3.92244670445821,1.1897970649047804,1.0998886170871751,Moderate
1.491788592435262,4.991281301599655,1.0816167990672367,1.6293008048524218,Bad
2.2039414936901967,6.119180084768044,1.0652934224640498,1.374583812412156,Bad
1.7363392254730623,5.4053931827981865,1.0186552755538285,1.0499449078776877,Moderate
1.1504926625249503,6.0718530126310695,1.0127194869801788,1.7192009198313394,Bad
1.4456147066094602,6.075828486690575,1.092465237465993,1.1398450228566048,Bad
3.1095849241932885,2.273855473638821,1.0874465604352896,1.8790229469044597,Moderate
2.894595397086664,2.1950085714586205,1.0804508356004665,2.4034402842814773,Moderate
2.3011541348434656,7.322139604345677,1.0291995398367664,1.349611957807412,Bad
1.7651673245382686,3.015376039880946,1.0,1.4045505174051285,Good
1.9513287525796867,6.840917934856914,1.0338126607073457,1.569367394866477,Bad
2.813974316359572,3.6503160396706034,1.0781189366498252,1.729189421939597,Moderate
2.4834278853784943,3.31117024073704,1.047804110376992,1.6293008048524218,Good
1.693341294252992,5.3501151625422,1.2483482316362222,1.2497221420520372,Bad
4.40489699753981,2.139825205346908,1.655266235522736,2.198668199718899,Moderate
4.303361131553632,4.663872616556061,1.0851653385153517,2.258601609704844,Bad
2.803224817430338,3.784440962106791,1.3287990672366887,1.5244173373770182,Moderate
1.283225339424962,5.586750523227075,1.243329554605519,1.799112532701999,Bad
2.795162709357629,6.588569986222563,1.1982121943256898,1.943951207278633,Bad
2.878821721400247,3.374209900823491,1.3151117916828603,1.943951207278633,Bad
1.5697222823058292,2.684086534922121,1.095608248736883,1.6642623602336228,Good
1.611318116186759,4.379910183734211,1.0051099292654488,1.6243059544641931,Moderate
1.6664675791783397,5.109598981942092,1.0038158600855034,1.4031888303302478,Moderate
2.65448479270353,4.719150636812048,1.2080467842984843,2.0338513222575503,Moderate
1.2687369572559284,4.036788910741142,1.0093276237854645,1.0249718546047435,Good
2.144118265406705,4.0959477509123605,1.0729988775748154,1.9289678547821465,Moderate
1.3168758690549398,4.636328260572341,1.015816410415857,1.329633754922697,Good
1.959390860652396,3.5911571994993845,1.0489700738437622,1.6842393644501383,Good
2.181465303836452,5.843168600065206,1.13291877186164,1.349611957807412,Moderate
2.1394446291085227,4.352365827750491,1.0461717839098328,1.6892342148383668,Moderate
2.556524310405436,1.81639199436282,1.0,2.0088794676528066,Good
2.9402806546663944,4.127562235099861,1.3474543427905168,1.4245287202898431,Bad
2.1357056813718587,4.425533481274255,1.059615748153906,1.2247502874472935,Moderate
2.988185958821891,2.0608836490224327,1.1034150579090556,1.918979352673889,Good
1.720682353608403,3.255892220481053,1.0012719626894675,1.449500574894587,Good
1.8833266124017285,8.970636181020794,1.024332949863972,1.4894557819958172,Bad
2.2282446217300818,2.873394823470021,1.0092465293431792,1.9689230618833768,Moderate
2.4699910600896007,4.466708034033423,1.2075398460940536,1.349611957807412,Bad
1.9217677111453744,3.204684328428846,1.0069957248348231,1.1698117278495772,Good
2.3678709815040406,2.8260677513330457,1.1294209094442285,1.7042175673348532,Good
2.072260373670325,5.042489193651862,1.0827827345511076,1.4045505174051285,Moderate
3.195697590455187,1.5757811596184386,1.1423478056743102,2.7880137974700907,Good
2.3168110067081256,4.9123397452751805,1.1317528083948698,1.6742508623418806,Bad
1.929829819218084,5.748514455791256,1.0524679362611735,1.958934559775119,Bad
2.4469731610702343,4.699367920658792,1.032849489312087,1.779134329817284,Bad
1.5401612408715168,2.467139236246227,1.197046258841819,1.1498335249648624,Good
2.9617796525248625,5.807673295962474,1.46404973804897,1.5843507473629632,Bad
1.7014034023257012,3.9816055446294287,1.234356781966576,1.3845723145204134,Good
2.1663182796863105,4.5731939463416165,1.033696083948698,1.329633754922697,Moderate
3.848611540522875,3.149406308172859,1.4349009032258064,2.468368544655651,Moderate
2.9601438185484774,4.301063281554011,1.0644823381267003,1.4994454827722743,Bad
2.906863797176796,4.872963621257218,1.0425826692576758,1.8690344447962015,Bad
2.02634137945335,2.762933437102321,1.20318019432569,1.1148719695836613,Good
2.281875183560764,5.231797482199762,1.0734551107656432,1.374583812412156,Bad
1.3729601496017674,4.103898699031372,1.0961151869413135,1.4045505174051285,Moderate
2.0830098725995585,5.784009759893987,1.2926544795958026,1.0649282603741737,Bad
2.08522985467846,2.459282942271489,1.0228951045472212,1.8740292951844304,Good
2.5815752795901457,6.379478981521408,1.0121664889234356,1.3845723145204134,Bad
3.974917878829698,1.4692952473102447,1.1585697722502917,3.592119981892119,Moderate
3.344320811360237,3.2756749366343088,1.0279828993392923,2.2036630501071275,Moderate
3.338712422003673,2.6524720507346213,1.113203560046638,2.3435068742955325,Moderate
1.7014034023257012,5.720875445663262,1.0501360373105324,1.2197554370590649,Bad
1.448790661215191,6.805422630754183,1.08861252390206,1.1298553220801475,Bad
1.8223350234163396,4.379910183734211,1.0559657986785853,1.7741394794290557,Good
1.748724493881817,4.557386704247867,1.0012166404974738,1.644284157348908,Moderate
2.497448923266769,2.873394823470021,1.0279828993392923,1.859045942687944,Good
1.84126343424004,2.0885226591504265,1.0343426568208318,1.5843507473629632,Good
2.13009722751843,3.181020792360359,1.0186552755538285,1.5394006898735046,Good
3.1541952770279003,2.5854569165886647,1.3955764508356006,1.3096555520379822,Good
3.1216073977387704,4.383885657793717,1.0944422852701128,1.6942290652265954,Moderate
1.4991496195899685,4.218240905314305,1.0241670392537894,1.3596004599156697,Moderate
1.2714242836155885,3.031088627830422,1.0279828993392923,1.529412187765247,Good
1.5916886244450557,3.740994709885048,1.0012719626894675,1.449500574894587,Good
2.1394446291085227,6.119180084768044,1.1480761849980567,1.5593788927582195,Bad
5.29044359202044,2.0845471850909205,1.0620490291488536,3.911765234706559,Bad
1.6449686458167367,1.9347096747052572,1.053167508744656,1.349611957807412,Good
2.7273943058169143,3.7962727301410335,1.0851653385153517,1.7741394794290557,Good
2.0534487666683816,5.377754172670193,1.2238631947143412,1.4594890770028446,Bad
4.429083321757938,2.00570028291072,1.2681694426739214,3.6071033343886048,Moderate
1.4823243870234115,4.052596152834892,1.032849489312087,1.0199782028847149,Good
3.426694529885472,1.650747241883407,1.6377769234356785,2.2436182572083574,Moderate
2.660093182060094,6.42292523374315,1.1154294597745822,1.609322601967707,Bad
1.1794695558567465,4.999137595574393,1.0218996688690245,1.0,Good
2.3993015290551174,4.340534059716248,1.0194663598911775,1.254716992440266,Moderate
2.0684045576150387,6.86070065101017,1.2518460940536338,1.864039594407973,Bad
1.633751802606744,3.1375745401386155,1.0139914496696465,1.5993340998594494,Good
1.9137056030726651,4.518010580229904,1.2355227454333464,1.419533869901615,Moderate
1.6100328226693752,5.993006110450869,1.0093276237854645,1.2447284903320084,Bad
3.069508120466986,2.577600622613927,1.048665899727944,2.0638180272505227,Moderate
1.419229619780879,6.789710042804707,1.064127486980179,1.4794672798875594,Bad
1.3418333822828703,2.848500783525972,1.2308589195491644,1.0,Bad
2.250678308150067,4.936003281343668,1.2384629646327243,1.8490562419114869,Bad
2.3087488986354163,2.7274381329995894,1.1690633595025262,1.5493891919817622,Good
2.410868912724111,4.001293606638411,1.0443062479595802,1.7591561269325693,Moderate
2.418931020796821,4.226097199289042,1.064127486980179,1.9988897668763488,Moderate
2.0212003343775446,7.795410325715427,1.247182268169452,1.094894965367146,Bad
1.7390265518327226,3.4965030552254346,1.0104935872522347,1.2846836974332383,Good
3.1396133744052235,1.8400555304313075,1.0012166404974738,1.7142060694431107,Moderate
2.547924749960168,5.6893556156200376,1.258841818888457,1.5593788927582195,Bad
2.2086151299883783,3.725282121935572,1.087598647493199,1.729189421939597,Good
1.6870318239784252,4.151225771168347,1.116798187329965,1.4245287202898431,Good
1.6799044689640985,4.667848090615568,1.0781189366498252,1.469478777779302,Moderate
4.429550666038697,2.849731287401533,1.087598647493199,3.312431134847109,Moderate
1.3708569713446237,3.989461838604167,1.313641654100272,1.5144288352687607,Bad
2.709166911414352,5.496071853012631,1.0356145915274,2.6531636250017145,Moderate
1.131681120019872,4.407549193862204,1.0,1.2097669349508071,Moderate
2.3409973309262533,1.907070664577264,1.036144587640886,1.3596004599156697,Good
2.076817206146749,6.091635728784325,1.008516539448115,1.6892342148383668,Bad
1.6180949307420844,5.472408316944144,1.101438010104936,1.3596004599156697,Bad
1.5401612408715168,2.2581428856893453,1.2080467842984843,1.0,Moderate
1.0925390048550874,5.235772956259268,1.0,1.11986681997189,Good
2.573162631058436,4.640209080487574,1.0863820069957248,1.3645953103038984,Good
1.6366377793093156,3.0784156999673966,1.0623255561601244,1.569367394866477,Good
3.305061827876831,3.5871817254398786,1.1240980862806065,2.578246862519284,Moderate
2.1501940635408925,5.5394234510901,1.053633899727944,1.589345597751192,Bad
1.3332338218376023,4.951810523437418,1.101438010104936,1.3596004599156697,Good
2.413556303580636,4.778309476983267,1.0046638258841818,1.7142060694431107,Bad
2.0856971989592186,1.4851024894039944,1.0874465604352896,1.11986681997189,Good
1.471107543813419,5.160806873994299,1.0218996688690245,1.6952275558369614,Bad
1.6503433630329214,4.596857482410105,1.0431403124757093,1.7691458277090266,Good
2.985381764143609,2.1437060252621394,1.0316328488146134,1.7541624752125404,Moderate
2.2173783189790903,5.243629250234005,1.2436844057520404,1.669256011953652,Bad
2.0061510874741093,3.748945658004059,1.0069957248348231,1.5493891919817622,Good
3.2742155574219995,5.105623507882586,1.0425826692576758,1.6143174523559356,Bad
2.6554195457619123,5.259436492327756,1.1119315973571706,1.7391791227160542,Bad
1.157035869436761,3.930302998432948,1.0279828993392923,1.0149833524964862,Good
2.8479753864485517,1.6902180200456445,1.0145997699183833,2.178689996834184,Good
1.7605255496911902,3.7962727301410335,1.283326855810338,1.469478777779302,Good
2.457042798549913,2.447451174237245,1.006359757481539,1.6842393644501383,Good
1.214989527106624,3.4846712871911905,1.0,1.0,Good
2.5815752795901457,4.963642291471661,1.0,2.158712992617669,Bad
1.174727875366431,4.009244554757423,1.0147546272833268,1.2397336399437795,Good
2.376867842635132,3.208565148344078,1.068685285658764,1.639289306960679,Good
1.7873992002689778,1.997843988935982,1.0489700738437622,2.11376293512821,Good
2.545120555281886,4.841349137069718,1.0742155180722892,1.6293008048524218,Bad
1.7014034023257012,5.5394234510901,1.1189273221919938,1.569367394866477,Bad
1.722902335687304,3.0823911740269025,1.064127486980179,1.779134329817284,Good
1.6530307538894458,5.239748430318774,1.212203643995336,1.274695195324981,Moderate
2.32218572392431,3.046895869924171,1.5001943256898562,1.604328950247678,Bad
1.6100328226693752,1.8755508345340384,1.0186552755538285,1.2497221420520372,Good
2.5391296995183525,2.017532050944964,1.025317863972017,3.032741089133899,Good
3.5209861725387017,3.737113889969816,1.0,2.0488346747540365,Good
2.27650046634458,3.942134766467192,1.172561221919938,1.1398450228566048,Good
1.53063331255746,4.450900791939674,1.0,1.0499449078776877,Good
2.2791877927042394,4.7309824048462925,1.0862805969685192,2.493340399260395,Moderate
1.5912212801642969,2.873394823470021,1.1247570835600469,1.4994454827722743,Good
1.5384086030733746,5.018825657583375,1.0401493882627284,1.8740292951844304,Good
3.579874583266947,5.196302178097031,1.0133831294209097,1.6942290652265954,Bad
5.966258572788872,1.4219681751732698,1.0888152879906725,4.566037894163724,Bad
2.132901422196712,1.9307342006457515,1.0453056572094832,1.329633754922697,Good
2.9937943481784552,2.8536121073167653,1.0510992087057909,2.1187565868482388,Moderate
2.104859346420163,6.0718530126310695,1.0255495903614458,1.2647054945485237,Bad
1.3036727159064254,4.521891400145136,1.0093276237854645,1.2397336399437795,Moderate
1.8922066052141973,2.360653323938033,1.0011659634667702,1.1098783178636322,Good
1.7040907931822258,4.107779518946605,1.0340458701904391,1.7050985884616463,Good
1.8496760827717504,5.60653323938033,1.0194663598911775,1.1448386745766337,Bad
1.347054532464486,1.650747241883407,1.031980452390206,1.5047028414962416,Good
3.5315019348306915,3.567493663430897,1.1470268262728331,1.943951207278633,Moderate
1.8438339567779425,3.8514560962527473,1.3113097551496309,1.729189421939597,Bad
5.3549404566021135,1.2997696749156,1.0474492592304705,4.276359346342257,Bad
2.037813178769034,6.079803960750081,1.105285658764089,1.3695889620239272,Bad
1.2364885249650917,3.4799385799774933,1.0,1.557380712869288,Good
1.7607942436290376,6.162626336989788,1.037310523124757,1.419533869901615,Bad
2.6236384577518344,4.64418455454708,1.035282798289934,2.0488346747540365,Bad
1.6261570388147937,6.509628429898089,1.278663029926156,1.1947835824543211,Bad
1.0392589834834065,2.2659991796640826,1.0255495903614458,1.983906414379863,Good
1.6154076043824244,5.243629250234005,1.0209871745044694,1.884017797292688,Moderate
2.324873114780835,3.117886478129634,1.030314798289934,1.669256011953652,Good
2.3123709780534587,1.8795263085935443,1.077588940536339,2.5882353646275407,Good
3.1253252550007167,1.962348684833251,1.276331130975515,1.5244173373770182,Good
3.98368106782041,2.762933437102321,1.1447810866692576,2.4384018396626788,Bad
1.55897284787346,5.882544724083169,1.1352506708122814,1.6942290652265954,Moderate
1.7963960614000691,2.971929787659203,1.0445182464049747,1.529412187765247,Good
1.6225349593967515,3.445200509028953,1.071229211037699,1.3845723145204134,Good
2.9818127656451177,2.904914653513246,1.025317863972017,2.0338513222575503,Moderate
3.0316512343227204,4.068403394928641,1.1760590843373495,1.484462130275788,Bad
3.321887124940252,3.224372390437828,1.0953962502914885,2.123751437236468,Moderate
2.93490593745021,4.762502234889517,1.0194663598911775,1.4295223720098722,Moderate
1.5972970782984843,4.332583111597236,1.0097331799455889,1.5793558969747346,Good
2.134069847395474,5.192421358181798,1.1515740474154683,1.839067739803229,Moderate
1.720215009327644,2.498659066289452,1.0034978624174116,1.254716992440266,Good
2.3490594389989625,4.060452446809629,1.096774184220754,1.5194224869887896,Moderate
3.230516545283926,3.1849016122755907,1.4978624267392149,1.8890126476809168,Moderate
1.214989527106624,5.074103677839361,1.0,1.094894965367146,Good
1.8468718880934685,6.438637821692627,1.0304162083171395,1.374583812412156,Bad
2.131382521035814,4.186721075271079,1.2565099199378158,1.0,Moderate
2.494644728588487,2.845755813342027,1.0535324897007383,3.0726974949033288,Moderate
2.3759330895767503,2.620952220691396,1.0734551107656432,1.4445057245063584,Good
1.4246043369970636,4.825636549120242,1.0629615235134084,1.4794672798875594,Good
1.5858464984512477,3.0784156999673966,1.0888152879906725,1.839067739803229,Good
1.88613080708001,5.925990976304912,1.015816410415857,1.214761785339036,Bad
1.4122190685883091,3.729162941850804,1.0325301204819275,1.1698117278495772,Good
3.3487608400149043,3.516191117234416,1.0443062479595802,1.8890126476809168,Moderate
1.056084216049963,4.085725103330773,1.0,1.0,Good
2.088384589815744,5.894376492117413,1.1235911480761758,1.274695195324981,Bad
2.332935222853544,6.304607553400713,1.204041983676642,1.2896785478214672,Bad
1.857270846563701,5.551255219124344,1.0944422852701128,1.2447284903320084,Bad
1.4010022253783163,5.929871796220144,1.087598647493199,1.604328950247678,Bad
1.9490253115580167,1.9938685148764763,1.102603973571706,1.5344058394852758,Good
3.829449393061931,2.364628797997539,1.135047906723669,2.223640054323643,Moderate
1.2579874583266948,5.247604724293511,1.0190792444617178,1.2647054945485237,Good
2.913407004088607,3.1415500141981214,1.1130975608239408,1.9489460576668611,Moderate
2.230815144267984,4.616545544419086,1.2751651675087443,1.9039960001774028,Moderate
2.4619289520168914,5.645909363398294,1.145744258064516,1.5194224869887896,Bad
2.214690928122566,2.3803413859470144,1.047804110376992,1.389567164908642,Good
1.6169265055433228,2.61697674663189,1.0038158600855034,1.3596004599156697,Good
1.6253391540750337,4.391741951768454,1.0305267967353284,1.4794672798875594,Good
2.5909226811802384,5.180589590147555,1.1643995336183444,1.6143174523559356,Moderate
2.9725290869572314,2.2818064217578327,1.535172949863972,1.589345597751192,Moderate
2.124488838161866,3.950085714586204,1.0948985184609406,2.2436182572083574,Good
3.3836965986654013,2.810260509239296,1.0617955600466382,1.4794672798875594,Moderate
3.120334423122522,1.954397736714239,1.313641654100272,1.8540510922997155,Good
2.3383099400697285,4.277399745485523,1.1609016712009328,1.2796888470450098,Moderate
1.894893996070722,5.361946930576443,1.1072677714729888,1.3096555520379822,Moderate
2.406645916018762,1.7020497880798882,1.0513019727944035,1.7341842723278256,Good
3.103158650096964,2.90093917945374,1.0523158492032647,2.862930559952522,Moderate
2.3678709815040406,4.742814172880536,1.1374811877186164,1.484462130275788,Bad
2.594831578155076,1.2169472986758938,1.1437303567819666,3.811875418951183,Moderate
2.345220327631603,2.3304586519146437,1.0644939230470267,1.5993340998594494,Good
1.171991660383418,6.142843620836532,1.0093276237854645,1.11986681997189,Bad
2.4834278853784943,4.995162121514888,1.3322969296541003,1.4794672798875594,Bad
2.547924749960168,3.0942229420611462,1.589972785075787,2.4384018396626788,Bad
2.177067778615545,4.959666817412156,1.0617955600466382,1.4295223720098722,Bad
1.5748633273816344,5.1844704100627865,1.041974349008939,1.644284157348908,Bad
1.773962374980084,6.501772135923352,1.2530120575204042,1.5094339848805318,Bad
2.3409973309262533,3.894807694330217,1.3043140303148075,1.0849052645906887,Moderate
3.0078154505635943,2.447451174237245,1.048665899727944,1.724195770219568,Moderate
1.2692043015366874,3.626652503602116,1.0038158600855034,1.4245287202898431,Good
2.0426993322360127,3.7094748798418222,1.3917605907500972,1.03995520710123,Moderate
1.8749139638700172,5.196302178097031,1.0877645581033812,1.3346286053109258,Moderate
2.250678308150067,4.470683508092929,1.2299464251846093,1.2397336399437795,Moderate
1.949862932338339,5.594701471346087,1.0407023863194715,1.2497221420520372,Bad
1.7795708288335126,6.714743960539739,1.026766258841819,1.1997784328425498,Bad
2.354434156215147,4.687536152624549,1.0693489280994948,1.4045505174051285,Bad
1.8169603062001547,5.342258868567462,1.0559657986785853,1.0149833524964862,Moderate
2.5591415931701604,2.124017963253157,1.1301813167508743,2.693118832102945,Good
1.438041226782822,3.7764900139877793,1.0571317621453555,1.349611957807412,Good
3.8126241604953743,2.159513267355889,1.1034150579090556,2.058823176862294,Moderate
2.245069918793503,3.3703290809082587,1.0921103863194714,1.0699219120942025,Good
1.4461033348555312,5.2554610182682495,1.06645938593082,1.0049948503882289,Moderate
3.262764977574763,4.383885657793717,1.0676253493975905,2.1687014947259264,Bad
1.9567034697958712,4.7111996886930365,1.1037699090555773,1.4594890770028446,Moderate
2.561361575249062,2.1792013293648704,1.2670035071900505,1.4744724294993308,Moderate
3.3111376260110186,3.0074250917619345,1.3812670034978625,1.03995520710123,Bad
2.7252911275597707,4.825636549120242,1.150408083948698,2.093784732243495,Bad
1.9842782657885265,3.63848427163636,1.0012166404974738,1.6642623602336228,Good
2.354434156215147,6.923740311096621,1.0133831294209097,1.1498335249648624,Bad
1.4514780520717157,3.326882828686516,1.0218996688690245,1.1648168774613483,Good
3.7032598585768657,1.8795263085935443,1.1447810866692576,1.8790229469044597,Moderate
1.8841444971414885,5.858881188014681,1.1364166342790516,1.5843507473629632,Bad
1.2948428371577358,5.097767213907848,1.0,1.3795786628003843,Good
2.2173783189790903,5.902327440236425,1.2331908184998055,2.083796230135237,Bad
3.375634490592692,2.096378953125164,1.4586762098717452,1.544395540261733,Moderate
1.5374738500149925,2.214696633467602,1.0408083855421686,1.0,Good
2.050761440308721,5.018825657583375,1.137582597745822,1.3196452528144396,Bad
1.548223348944226,3.3703290809082587,1.0,1.3845723145204134,Good
1.106230141281027,5.171502792297256,1.0065842083171397,1.0,Good
1.6799044689640985,3.737113889969816,1.1189273221919938,1.0,Moderate
1.8035234164143965,4.9123397452751805,1.6389428589195492,1.589345597751192,Bad
1.80480870993178,2.4316439321434955,1.0048665899727944,1.2846836974332383,Good
2.620483722614551,5.003113069633899,1.064127486980179,1.6742508623418806,Moderate
2.158139367791844,6.880388713019151,1.0,1.824084387306743,Bad
1.2169439755940423,5.097767213907848,1.0,1.1648168774613483,Good
2.1985667119771475,3.3623781327892472,1.2436844057520404,1.1648168774613483,Moderate
4.789190794173328,1.398304639104782,1.6995724834823165,2.348501724683761,Moderate
1.7094655103984104,4.486396096042405,1.077186154683249,1.5022995117558051,Moderate
1.5455359580877015,3.926422178517716,1.3839875569374271,1.2597118428284946,Moderate
3.864735756668293,1.5245732675662316,1.4460940629615235,2.138734789732954,Moderate
1.6225349593967515,3.0429203958646656,1.0021899696851924,1.4045505174051285,Good
2.005076118232126,4.687536152624549,1.064127486980179,1.1648168774613483,Moderate
2.3684551941034213,2.4395002261182333,1.068132287602021,1.6892342148383668,Good
1.9534319308368304,5.653860311517306,1.0620490291488536,1.274695195324981,Bad
2.134069847395474,5.874688430108432,1.6261173727166731,1.7042175673348532,Bad
2.0534487666683816,6.667416888402763,1.1192314963078118,1.1798002299578347,Bad
1.4998507005079709,6.332151909384432,1.0023318989506411,1.0299667049929724,Bad
1.784711873909318,2.1082107211594083,1.0687912848814614,1.5144288352687607,Good
1.92138376131052,7.042057991439059,1.062628387096774,1.2497221420520372,Bad
2.2039414936901967,6.265136775238476,1.1002720466381657,1.9639294101633475,Bad
1.927142428361559,6.46627683182062,1.0874465604352896,1.5593788927582195,Bad
2.252314142126452,2.6959183029563643,1.409249902837155,1.3596004599156697,Bad
2.9601438185484774,6.012694172459851,1.0279828993392923,1.529412187765247,Bad
4.126695834872033,4.076259688903379,1.0874465604352896,2.493340399260395,Bad
2.56727380933467,5.06615272972035,1.1715473455110763,1.1098783178636322,Moderate
4.822140307382167,1.4574634792760008,1.0535324897007383,3.58712513150389,Moderate
1.872109769191736,4.979449533565411,1.0535324897007383,1.3945620152968707,Bad
2.017928795418504,2.7314136070590957,1.4246100800621844,1.1664818275907582,Moderate
3.410954199078044,1.709906082054626,1.0346454877574816,2.917869119550238,Good
2.3383099400697285,2.52232260235794,1.1783909832879906,1.5344058394852758,Good
6.543926159345654,2.1516569733811512,1.097331827438787,3.6420648897698062,Bad
1.4094148739100274,5.3501151625422,1.0097331799455889,1.5493891919817622,Moderate
2.0776350908865093,3.800153550056266,1.3439564803731052,1.2097669349508071,Moderate
2.212003601762906,5.756370749765994,1.1189273221919938,1.5493891919817622,Bad
3.2798239467785635,2.364628797997539,1.0644823381267003,3.82685877144767,Moderate
1.493541230233404,3.4204011232291784,1.041366028760202,1.2697003449367523,Bad
1.9590403201933944,5.9456790383138935,1.0012166404974738,1.2097669349508071,Moderate
1.4702896590736587,4.790141245017511,1.122425184609405,1.094894965367146,Moderate
1.8975813869272469,5.267292786302494,1.2331908184998055,1.469478777779302,Bad
3.9528347328687135,2.3843168600065203,1.0948985184609406,3.7968920664546975,Moderate
3.4480766594253174,1.5719003397032068,1.691410795180723,1.7192009198313394,Moderate
2.491489993451204,1.3312895049588254,1.179556946754761,1.5244173373770182,Good
2.292624682489998,5.586750523227075,1.1422463956471045,1.669256011953652,Moderate
1.204240092674255,5.973318048441887,1.0699572483482316,1.3346286053109258,Bad
1.9755150767978145,5.500047327072137,1.0909444228527012,1.5044391344923034,Bad
1.911368752675142,5.543398925149606,1.020351207151185,1.4544954252828155,Moderate
2.632051106283545,4.443044497964936,1.0851653385153517,2.4483903417709363,Moderate
1.365482254128439,5.235772956259268,1.0011659634667702,1.5144288352687607,Moderate
1.482029184874221,4.040764384800648,1.1546423443451224,1.0224750287447293,Good
2.0803224817430337,5.287075502455749,1.060629624562767,2.038846172645779,Bad
2.566736356962111,5.365922404635949,1.3206373789350951,1.938956356890404,Bad
2.382476296488561,5.302788090405224,1.0048665899727944,1.0998886170871751,Moderate
1.599283388237006,6.4189497596836445,1.1760590843373495,1.0499449078776877,Moderate
1.738782237709687,4.825636549120242,1.0597816587640887,1.724195770219568,Good
1.7094655103984104,3.6503160396706034,1.0489700738437622,1.0799116128706598,Good
1.7655497264483735,4.494347044161417,1.0437993097551497,1.2796888470450098,Moderate
1.9029561041434315,3.366353606848753,1.0340661298095608,2.0138731193728354,Bad
1.6906539033964674,5.101648033823081,1.0629615235134084,1.4045505174051285,Moderate
1.80480870993178,4.202433663220555,1.0279828993392923,1.3995556670168998,Good
1.5412127977516563,3.768633720013041,1.068685285658764,1.2896785478214672,Good
2.671543761907331,4.687536152624549,1.348620278274388,1.4944506323840456,Bad
1.6879665770368073,6.888245006993889,1.0874465604352896,1.5843507473629632,Bad
1.5643475650896446,2.4513319941524774,1.0268169358725223,1.3096555520379822,Good
2.263063576558821,4.356246647665724,1.0256510003886514,1.839067739803229,Moderate
1.5496254462833672,3.9461102405266977,1.0025438973960357,1.4395120727863295,Good
2.1665520163235548,4.43906902390543,1.0804508356004665,1.0998886170871751,Moderate
2.0534487666683816,3.0863666480864085,1.0781189366498252,1.2297451378355222,Good
1.6691549700348642,5.168757822113311,1.0384764865915277,1.9639294101633475,Moderate
2.6339205479034447,3.1375745401386155,1.0163233486202876,1.9889012647680917,Moderate
3.072312315145268,1.5915884017121882,1.0,2.6531636250017145,Good
1.4944759832917862,6.84489340891642,1.0081616883015934,1.1448386745766337,Bad
2.6241483054663526,2.526298076417446,1.0343426568208318,1.859045942687944,Good
2.134069847395474,2.9600980196249598,1.053633899727944,1.0799116128706598,Good
1.7040907931822258,6.12315555882755,1.0734551107656432,1.6243059544641931,Bad
2.93490593745021,6.190170692973507,1.0218996688690245,1.4445057245063584,Bad
2.93490593745021,2.3291334938948074,1.0474492592304705,1.899001149789174,Moderate
2.3175787773841057,5.358066110661212,1.0093276237854645,1.2697003449367523,Moderate
3.2702896332749134,5.330427100533218,1.0024333089778468,1.6243059544641931,Bad
1.7390265518327226,4.301063281554011,1.0233190734551108,1.3795786628003843,Good
2.884430110756811,2.435619406203001,1.014234788962301,3.122641204112817,Bad
2.1125709140338707,4.360222121725229,1.072289147298873,1.2097669349508071,Bad
3.1108064948084646,6.675273182377501,1.164247446560435,1.943951207278633,Bad
1.94501928230512,1.654722715942913,1.0228951045472212,2.043839824365808,Good
2.5675542417018717,2.4001241021002704,1.0304162083171395,1.5543840423699908,Good
1.491788592435262,3.062703112017921,1.493198600855033,1.5194224869887896,Bad
1.2327495772284274,5.6025577653208245,1.0048665899727944,1.389567164908642,Moderate
2.4269931288695297,6.391310749555651,1.2646715802565098,1.5743622452547057,Bad
2.2684383582718706,5.129287043951074,1.0778654675476098,1.4245287202898431,Bad
2.9268438293775008,2.013556576885458,1.0594636610959969,2.148723291841211,Moderate
2.402105723733399,2.250191937570333,1.0316328488146134,1.294672199541496,Good
1.7543328832383809,5.736682687757012,1.0572983163622232,1.4944506323840456,Bad
2.6124216145418417,1.8242482883375577,1.006359757481539,1.2647054945485237,Good
1.6315318205278428,2.33301431381004,1.0,1.0249718546047435,Good
1.5384086030733746,3.985581018688935,1.058509696074621,1.4045505174051285,Good
2.001103498355083,5.63407759536405,1.2275131441896618,1.9689230618833768,Moderate
2.332935222853544,2.581481442529159,1.0869801694520016,1.839067739803229,Good
2.7502103941470044,4.699367920658792,1.1831608083948697,1.5793558969747346,Bad
3.0891375477118244,2.8024042152645583,1.01703307889623,2.688123981714716,Moderate
1.9870824604668085,2.628808514666134,1.0036499494753206,1.4944506323840456,Good
3.5181819133635552,5.13326251801058,1.0669156191216478,1.8740292951844304,Bad
2.160943562470126,3.81198531809051,1.0034978624174116,1.174805379569606,Bad
2.547924749960168,4.7309824048462925,1.2495141951029929,1.7491676248243118,Bad
1.795461308341687,4.368078415699968,1.0,1.544395540261733,Moderate
2.6849805871962245,3.5833009055246468,1.096774184220754,1.4944506323840456,Moderate
1.755150767978141,6.190170692973507,1.0874465604352896,1.059933409985945,Bad
1.4326664450697726,3.165213550266609,1.0186552755538285,1.5643725444782484,Good
2.437742627798764,1.7848721643195944,1.0687912848814614,1.6342956552406505,Good
1.2418632421812763,4.178770127152067,1.0139914496696465,1.7192009198313394,Good
3.526127217614506,1.5797566336779445,1.4337349397590362,1.9988897668763488,Good
1.9398114829744728,3.098198416120652,1.0377160792848814,2.093784732243495,Good
1.3036727159064254,4.320751343562993,1.0163233486202876,1.1448386745766337,Good
1.2203643088196732,4.001293606638411,1.121259221142635,1.2697003449367523,Good
3.3863839895219257,3.315051060652272,1.057714729887291,2.248613107596586,Moderate
2.8166617072160967,2.214696633467602,1.06645938593082,2.867924211672551,Good
1.6420369408371769,4.273424271426018,1.3089778561989895,1.469478777779302,Moderate
1.6954444725101356,6.2848248372474576,1.0377160792848814,1.3196452528144396,Bad
2.682526932976944,6.178338924939263,1.058399107656432,1.5843507473629632,Bad
1.9217677111453744,5.925990976304912,1.1107656338904004,1.5394006898735046,Moderate
2.393693139698553,2.1792013293648704,1.0508780038865138,1.5993340998594494,Good
1.2418632421812763,5.141118811985318,1.0629615235134084,1.4045505174051285,Good
1.244550633037801,2.920721895606996,1.0046638258841818,1.4994454827722743,Good
1.9432666445069773,4.857156379163468,1.3637776914108044,1.544395540261733,Moderate
2.64607214417182,4.005269080697916,1.1192314963078118,2.083796230135237,Moderate
3.474334235952621,1.4890779634635003,1.2238631947143412,2.248613107596586,Good
1.405792794491985,4.028932616766404,1.029148862806063,1.6792457127301093,Good
1.7851792181900763,5.559206167243356,1.0279828993392923,1.419533869901615,Bad
3.475067178321727,1.504790551412976,1.5083560139914498,1.7691458277090266,Moderate
1.8465213476344668,3.267723988515297,1.3626117279440342,1.3346286053109258,Moderate
1.1504926625249503,4.368078415699968,1.0,1.3596004599156697,Good
3.243369222470304,3.725282121935572,1.015816410415857,3.137624556609303,Moderate
2.17438038775902,2.4829464783399766,1.0093276237854645,1.484462130275788,Good
1.8973476502900024,6.817254398788426,1.0304162083171395,1.414539019513386,Bad
1.722902335687304,5.653860311517306,1.1130975608239408,1.354605609527441,Bad
1.9163929294323248,2.1831768034243764,1.1737271574038088,1.314650402426211,Moderate
1.0717877836445795,2.80628503517979,1.014478100272056,1.11986681997189,Good
3.7144767662837226,4.123586761040354,1.0,2.093784732243495,Bad
2.2791877927042394,6.825205346907438,1.1947143319082782,1.2597118428284946,Bad
1.9432666445069773,2.3921731539812585,1.33113096618733,1.5194224869887896,Bad
3.585483037120375,1.4141118811985318,1.0802987485425573,2.942840974154982,Moderate
2.1501940635408925,5.5394234510901,1.053633899727944,1.589345597751192,Bad
3.1472081381971737,5.874688430108432,1.2141857846871356,1.644284157348908,Bad
1.274111674472113,2.715606364965346,1.0314807617567043,1.5144288352687607,Good
2.0534487666683816,3.0863666480864085,1.0781189366498252,1.2297451378355222,Good
1.300050636488383,5.298907270489993,1.0279828993392923,2.198668199718899,Bad
2.101821415104637,6.048189476562582,1.072289147298873,1.4445057245063584,Bad
1.601970714596666,4.521891400145136,1.0011659634667702,1.414539019513386,Good
1.1177768859533548,6.840917934856914,1.0279828993392923,2.198668199718899,Bad
2.250678308150067,2.620952220691396,1.0523158492032647,1.6193123027441645,Good
2.131382521035814,6.265136775238476,1.2296929560823942,1.1098783178636322,Bad
1.5159749166533891,2.1792013293648704,1.0912485969685193,1.1798002299578347,Good
2.3087488986354163,5.160806873994299,1.2868247182277497,2.0288564718693216,Bad
1.6625586822035028,3.930302998432948,1.2531786117372716,2.0788013797470093,Good
3.265802908890289,3.9461102405266977,1.0863820069957248,1.938956356890404,Moderate
2.916094330448267,3.930302998432948,1.0186552755538285,2.383463280064962,Moderate
1.810417099288344,4.999137595574393,1.0523158492032647,1.2796888470450098,Moderate
1.4456147066094602,6.032476888613106,1.092465237465993,1.1398450228566048,Bad
1.906027380337946,4.987305827540149,1.137582597745822,1.234738789555551,Bad
2.212003601762906,5.247604724293511,1.0676253493975905,1.4894557819958172,Moderate
1.2327495772284274,4.691511626684054,1.0279828993392923,1.0998886170871751,Good
2.0992508925667344,4.652040848521818,1.0547491581811117,1.5843507473629632,Bad
3.617497732773968,3.869535037809072,1.0944422852701128,2.3984466325614484,Moderate
2.647357437689203,1.560068571668963,1.0384764865915277,1.7042175673348532,Good
2.41051837226511,4.809829307026492,1.0470621438010106,1.6193123027441645,Moderate
2.32919627511688,5.799722347843463,1.0474492592304705,1.15982202707312,Bad
1.2982979986902408,3.567493663430897,1.0,1.2097669349508071,Good
1.8384592395617576,6.115299264852813,1.334462274387874,1.6942290652265954,Bad
1.9701403595816296,7.270837058149196,1.15507190983288,1.094894965367146,Bad
1.6691549700348642,5.60653323938033,1.0489700738437622,1.6143174523559356,Bad
3.0134238399201583,1.4574634792760008,1.0508780038865138,1.6293008048524218,Good
3.8701104738844783,3.1928525603946025,1.3381266910221532,1.8440625901914576,Moderate
1.300050636488383,8.757664356404405,1.0523158492032647,1.3596004599156697,Bad
2.8339543485602765,2.557817906460671,1.0705655685969686,2.1087680847399817,Moderate
2.5254910635401826,1.354953041027313,1.109387699961135,4.830743388712247,Moderate
1.936740206779958,5.653860311517306,1.159380856587641,1.5943392494712207,Moderate
1.8196476325598143,5.448744780875656,1.156587631558492,1.6492790077371366,Bad
1.7347033914966776,3.350546364755004,1.073773108433735,1.4345172223981009,Good
3.905163100853597,2.660422998853633,1.1313979572483484,2.643173924225257,Moderate
2.1905046039044382,2.833924045307784,1.0011659634667702,1.3446171074191833,Good
1.1263063383068228,6.359790919512426,1.0,1.3596004599156697,Moderate
2.01812905818303,2.534154370392184,1.1459977271667314,1.804106184422028,Good
1.6561854890267294,5.60653323938033,1.0788609032258063,1.4295223720098722,Moderate
1.9728276859412897,2.5933132105634025,1.1154294597745822,1.569367394866477,Good
1.5524296409616491,4.24976073535753,1.122881417800233,1.0,Good
1.7148402276145949,4.443044497964936,1.0121259137193936,1.5593788927582195,Good
1.174678986743078,4.786165770958005,1.0,1.0,Good
2.9725290869572314,6.5609309760945695,1.278663029926156,1.3695889620239272,Bad
2.418931020796821,3.4886467612506964,1.087598647493199,1.4894557819958172,Good
3.049878628725283,4.308919575528749,1.0231163093664983,1.6293008048524218,Moderate
1.4262401709734485,4.013125374672654,1.073773108433735,1.349611957807412,Good
2.6152258092201235,2.6091204526571525,1.0547491581811117,1.639289306960679,Good
2.2254404270518,2.447451174237245,1.0139914496696465,1.5394006898735046,Good
1.748724493881817,2.6091204526571525,1.0023318989506411,1.3096555520379822,Good
1.10375584806508,4.6599917966408295,1.0279828993392923,1.5394006898735046,Good
2.260376250199161,6.5175793780171,1.216867469879518,1.0699219120942025,Bad
6.661703045299007,2.2699746537235885,1.01703307889623,3.6520533918780633,Bad
3.474334235952621,1.4890779634635003,1.2238631947143412,2.248613107596586,Good
2.1233204129631047,5.377754172670193,1.7240575204041977,2.2086567018271563,Bad
2.256286762003495,4.261592503391773,1.4087936696463272,1.6342956552406505,Bad
2.7890869112234418,2.8812511174447586,1.048665899727944,1.834072889415001,Moderate
3.0919418068869717,1.761208628251107,1.0310245285658763,4.920643503691165,Moderate
2.5506121408166926,6.446588769811639,1.079284872133696,2.323529870079017,Bad
1.4837264843625526,5.563086987158588,1.0401088130586864,1.764150977320798,Moderate
1.634219146887503,3.259867694540559,1.0,1.329633754922697,Good
1.857270846563701,5.776058811774976,1.197046258841819,1.3695889620239272,Bad
1.1177768859533548,4.15510659108358,1.0121664889234356,1.1248616703601186,Good
1.7900865911255024,5.2042531262160425,1.0579479113874857,1.3196452528144396,Bad
2.4941773843077284,3.43336874099471,1.0571317621453555,1.5344058394852758,Moderate
2.0319498333067787,5.223941188225024,1.0535324897007383,1.9739179122716053,Bad
2.3194983330677856,4.829517369035474,1.3574179339292654,1.0849052645906887,Bad
2.013138226304836,3.512310297319184,1.005829761368053,1.234738789555551,Good
1.9309982444168448,4.845324611129223,1.0888152879906725,1.884017797292688,Moderate
2.8563880349802617,2.301494483766814,1.4039270796735328,1.0549385595977163,Moderate
2.954535429191913,2.3093507777415523,1.0863820069957248,1.5394006898735046,Good
3.3810092723057408,2.222647581586614,1.0827827345511076,2.293563165086045,Moderate
2.67960586998004,4.908458925359948,1.1958802953750487,1.4644839273910732,Moderate
3.529398756573548,3.875119632321235,1.135047906723669,2.6731406292182296,Bad
3.268139759287812,1.4417508913265251,1.1189273221919938,2.8279690045713206,Good
2.273813075488055,7.097336011695045,1.0804508356004665,1.6892342148383668,Bad
3.490139837587006,2.3211825457757955,1.0340661298095608,1.9139845022856603,Moderate
1.8599581729233607,4.368078415699968,1.0384764865915277,1.0899001149789174,Moderate
2.0185130080178846,2.4395002261182333,1.2728332685581034,1.3246389045344684,Moderate
2.9994028020318835,2.0766908911161828,1.164247446560435,2.55327380924634,Moderate
2.797850100214154,1.863719066499795,1.5911387485425572,1.3596004599156697,Bad
3.534189325687216,2.0411955870134517,1.1107656338904004,2.538290456749854,Moderate
1.8384592395617576,4.801973013051755,1.3138951232024874,1.6492790077371366,Moderate
2.51427422033019,5.097767213907848,1.0644823381267003,1.7941176823137703,Bad
1.862645563779885,4.092066930997129,1.0746210742324136,1.0699219120942025,Good
1.0,5.239748430318774,1.0133831294209097,1.11986681997189,Good
3.0919418068869717,2.739269901033833,1.083948698017878,1.3945620152968707,Moderate
2.292741486311756,2.530273550476952,1.526808497473766,1.1298553220801475,Moderate
2.1394446291085227,6.119180084768044,1.1480761849980567,1.5593788927582195,Bad
1.0967452968725104,3.914590410483472,1.0279828993392923,1.2477251608313056,Good
1.174678986743078,4.786165770958005,1.0,1.0,Good
1.5412127977516563,4.009244554757423,1.0178073097551497,1.5543840423699908,Good
2.4862320800567765,3.953966534501435,1.0310921072677808,1.469478777779302,Moderate
2.6713100252700865,4.013125374672654,1.0644823381267003,1.983906414379863,Moderate
4.227647423761965,2.045171061072957,1.0851653385153517,3.6420648897698062,Moderate
2.076817206146749,3.299338472702797,1.0559657986785853,1.5527190922405811,Good
1.6691549700348642,2.861563055435777,1.1865526715895842,1.0,Good
2.2030067406318143,4.364197595784735,1.0027982899339292,1.6243059544641931,Moderate
3.571461934735236,1.650747241883407,1.166680755538282,3.5321865719061734,Moderate
2.768289058779841,5.665692079551549,1.2153466552662262,1.938956356890404,Bad
1.967452968725105,5.7405635076722445,1.162067634667703,1.1398450228566048,Bad
2.1188803843084374,5.093791739848342,1.0231163093664983,1.2796888470450098,Bad
1.4309563107053895,1.4929587833787323,1.0,1.5993340998594494,Good
2.4296805197260545,1.8321992364565696,1.047804110376992,1.4644839273910732,Good
1.6046581054531908,3.4728395191569468,1.197046258841819,1.389567164908642,Good
2.217027778520089,2.4316439321434955,1.0340661298095608,2.288568314697816,Good
2.2442520340537424,3.177045318300853,1.0256510003886514,1.4794672798875594,Good
2.578771084911864,4.54953041027313,1.2360296836377769,1.3795786628003843,Bad
3.403209286585347,1.8440310044908133,1.100981776914108,2.248613107596586,Moderate
1.4542822467499978,5.9456790383138935,1.0441896712009329,1.2397336399437795,Bad
4.135108483403743,2.3961486280407645,1.092465237465993,2.967814027427925,Bad
2.7494774517778984,3.0390395759494333,1.4372328021764478,1.7591561269325693,Good
2.02634137945335,3.677955049798597,1.0608323886513795,1.5194224869887896,Moderate
1.737507650671824,4.947835049377912,1.0036499494753206,1.0,Bad
2.629246911605263,4.608689250444348,1.041366028760202,1.4445057245063584,Moderate
1.550910739800751,5.582869703311843,1.0559657986785853,1.5244173373770182,Bad
1.0483726484362552,3.457032277063197,1.0046638258841818,1.2397336399437795,Good
1.8636971206600248,4.241904441382792,1.0152634123591138,1.569367394866477,Good
1.3950432955627512,3.6581723336453416,1.029148862806063,1.978912762659834,Good
2.568446491326494,5.409274002713419,1.0445182464049747,1.3446171074191833,Moderate
1.7347033914966776,6.840917934856914,1.048665899727944,1.5094339848805318,Bad
2.440429954158424,5.515759915021612,1.1907925005829771,1.329633754922697,Bad
1.4729769854333186,5.732707213697506,1.029148862806063,1.7192009198313394,Moderate
1.8132213584634904,5.413249476772925,1.125923047026817,1.2097669349508071,Bad
1.857270846563701,5.267292786302494,1.1107656338904004,1.2697003449367523,Bad
2.241564643197218,3.950085714586204,1.4582199766809172,1.709212417723082,Bad
2.43505523694224,2.3843168600065203,1.0023318989506411,1.389567164908642,Good
1.4626948952817085,2.8575875813762712,1.0610535934706569,1.2397336399437795,Good
3.159242866146927,6.012694172459851,1.0133831294209097,1.3995556670168998,Moderate
1.6954444725101356,3.425512447019972,1.0343426568208318,1.3346286053109258,Good
1.6758149807684326,3.054752163898909,1.3052679953361834,1.839067739803229,Bad
4.81933604820702,3.177045318300853,1.0985484679362612,2.648168774613486,Bad
1.6557181447459706,6.363766393571932,1.0050877947920716,1.5194224869887896,Bad
1.8062108072709209,6.46627683182062,1.2063738826272834,1.0,Bad
2.7638490301251744,1.2602988967533628,1.310245201710066,2.4983352496486235,Bad
1.6674023322367215,4.103898699031372,1.0048665899727944,1.3596004599156697,Good
3.4428187460308903,2.246311117655101,1.588806849591916,1.7841291802055128,Moderate
2.813974316359572,1.7808966902600885,1.1364166342790516,2.253606759316616,Good
2.9322185465936856,2.9285781895817338,1.037310523124757,1.6542726594571655,Moderate
1.954016143436211,4.013125374672654,1.037310523124757,1.4295223720098722,Moderate
2.662897441235241,5.464552022969405,1.0,2.0488346747540365,Bad
2.604008966010131,3.145525488257628,1.0610535934706569,1.7142060694431107,Moderate
3.885533609111894,4.368078415699968,1.087598647493199,2.2635964600930727,Bad
2.134069847395474,5.799722347843463,1.0233190734551108,1.5493891919817622,Bad
2.0265751160905943,5.381729646729699,1.162067634667703,1.2796888470450098,Bad
1.684227629300143,5.484240084978387,1.103027942479596,1.469478777779302,Bad
1.550910739800751,2.6682792928283705,1.0489700738437622,1.0899001149789174,Good
1.5885338893077725,4.245879915442298,1.0991061111542946,1.2397336399437795,Moderate
1.4094148739100274,4.060452446809629,1.0,1.0299667049929724,Good
1.633751802606744,7.60998285708276,1.0510992087057909,1.569367394866477,Bad
1.9755150767978145,2.7432453750933394,1.1702292949863973,1.4445057245063584,Good
2.009516146886793,4.084115982878117,1.083948698017878,1.4744724294993308,Moderate
2.721785851963486,4.387861131853223,1.1878851892732218,1.2297451378355222,Bad
2.3490594389989625,2.3409652619290515,1.1877186070734551,1.484462130275788,Good
3.088085990831685,4.0249571427068975,1.0827827345511076,1.3645953103038984,Bad
3.5691250843377134,3.346665544839772,1.1690633595025262,1.604328950247678,Moderate
1.795461308341687,7.211678217977977,1.2224640497473769,1.4245287202898431,Bad
2.458190004280227,2.766908911161827,1.0656989786241742,1.3795786628003843,Good
2.3235878212634518,4.052596152834892,1.048334106490478,2.0238628201492928,Moderate
2.4028068046514024,6.178338924939263,1.349786241741158,1.864039594407973,Bad
2.7709763851395013,4.352365827750491,1.0757870097162845,1.779134329817284,Bad
2.2394614649400744,4.83349284309498,1.109387699961135,1.6892342148383668,Moderate
1.5423600034819709,5.582869703311843,1.0,1.5793558969747346,Moderate
1.9786698119350976,4.841349137069718,1.0546938359891178,1.4445057245063584,Bad
1.712152901254935,4.332583111597236,1.005829761368053,1.2846836974332383,Moderate
4.126695834872033,1.4259436492327755,1.0778654675476098,2.543285307138082,Moderate
2.278720448423481,6.265136775238476,1.0827320575204042,1.4445057245063584,Bad
1.8814571707818284,4.87684444117245,1.216867469879518,1.15982202707312,Bad
1.9352045364342685,6.367647213487164,1.15507190983288,1.604328950247678,Bad
3.9472262790152857,1.560068571668963,1.0510992087057909,4.511099334566008,Moderate
1.4837264843625526,5.563086987158588,1.0401088130586864,1.764150977320798,Moderate
1.929829819218084,6.813373578873195,1.2728332685581034,1.3995556670168998,Bad
1.7873992002689778,4.2970878074945045,1.3439564803731052,1.4994454827722743,Moderate
4.1334726494273575,1.0906786702144442,1.541002711232025,2.383463280064962,Moderate
2.572111074178296,4.754645940914779,1.4698795273999223,1.4445057245063584,Bad
2.466602588315073,4.364197595784735,1.0316328488146134,2.238623406820129,Bad
2.701104803341643,2.8024042152645583,1.2075398460940536,2.1687014947259264,Moderate
1.0161242161454185,6.4859648938296015,1.0,1.0,Moderate
3.249328152285869,5.594701471346087,1.2495141951029929,1.864039594407973,Bad
3.2808436422076,2.7984287412050524,1.0915803902059853,2.248613107596586,Moderate
2.362496264287856,3.9619174826204473,1.0652934224640498,1.5044391344923034,Good
1.4178275224417378,4.794022064932743,1.0407023863194715,1.3795786628003843,Good
2.037324550522963,3.098198416120652,1.0443062479595802,1.1098783178636322,Good
1.0996770018520703,4.761461039302503,1.0356145915274,1.1847950803460634,Good
1.720215009327644,6.079803960750081,1.015816410415857,1.5993340998594494,Bad
1.0504758266933991,5.365922404635949,1.0,1.2397336399437795,Good
2.413556303580636,5.477141024157841,1.083948698017878,2.07380652935878,Bad
2.64607214417182,2.502634540348958,1.0510992087057909,1.329633754922697,Good
2.0292624424502543,5.661716605492043,1.4978624267392149,1.0849052645906887,Bad
3.159242866146927,2.9955933237276904,1.0863820069957248,2.128746287624696,Bad
1.6926402133349892,3.555661895396653,1.0534219012825496,1.2846836974332383,Good
1.6503433630329214,4.596857482410105,1.0431403124757093,1.7691458277090266,Good
3.1368091797269417,2.419812164109252,1.0024333089778468,1.799112532701999,Moderate
1.3808386351010125,4.3720538897594725,1.0979401476875243,1.416679840918084,Good
2.9202475415461397,3.2520114005658214,1.0432463116984063,1.702076745930155,Moderate
1.671842360891389,4.26556797745128,1.1410804601632336,1.2247502874472935,Moderate
2.6177963317580266,4.648160028606586,1.1352506708122814,1.764150977320798,Bad
2.1985667119771475,4.218240905314305,1.342790516906335,1.2996670499297247,Bad
3.5574408968469617,3.6029889675336286,1.083948698017878,2.368479927568476,Bad
2.441364707216806,4.557386704247867,1.0827320575204042,1.4295223720098722,Moderate
2.6043595064691325,4.581050240316355,1.172561221919938,2.278579812589559,Bad
1.795461308341687,5.8391931260057,1.1783909832879906,1.374583812412156,Moderate
2.1721604056801187,4.285256039460261,1.0377160792848814,1.799112532701999,Good
2.536707906750175,1.7848721643195944,1.0608323886513795,1.9239730043939176,Good
4.146909539213116,1.1064859123081938,2.1997668091721723,2.213651552215385,Moderate
4.193996894131987,1.6152519377806758,1.0912485969685193,4.276359346342257,Bad
1.7094655103984104,5.239748430318774,1.2914885441119317,1.639289306960679,Bad
2.4619289520168914,5.425081244807168,1.1690633595025262,1.2896785478214672,Bad
2.27112568463153,2.620952220691396,1.041974349008939,1.6642623602336228,Good
3.156438671468645,3.4491759830884594,1.0133831294209097,2.718090686707688,Good
1.6530307538894458,3.5833009055246468,1.5759813354061407,1.1698117278495772,Bad
2.7145416286305366,5.519735389081118,1.1364166342790516,1.2597118428284946,Bad
1.860892925981743,7.629765573236014,1.0060832304702685,1.6592675098453944,Bad
2.099134088744977,5.535542631174868,1.08348230703459,1.414539019513386,Bad
2.134069847395474,5.030657425617618,1.2261950936649826,1.3596004599156697,Moderate
1.7578381588346657,3.516191117234416,1.0093276237854645,1.0,Good
3.689238820688591,1.954397736714239,1.192230345899728,1.978912762659834,Moderate
1.7793370921962686,4.123586761040354,1.047804110376992,1.6592675098453944,Good
2.241564643197218,4.040764384800648,1.367275553828216,1.4395120727863295,Bad
2.12063302210658,6.411093465708907,1.0268169358725223,1.4345172223981009,Bad
1.9997014010159415,1.610992501288348,1.0186552755538285,1.389567164908642,Good
3.0891375477118244,1.3944238191895502,1.1170193921492422,1.943951207278633,Good
2.0487751303702,2.3211825457757955,1.100981776914108,1.0,Good
1.5240370247260986,5.1884458841222925,1.4990283622230858,1.2896785478214672,Moderate
1.8636971206600248,3.0035442718467023,1.0089036548775747,1.4994454827722743,Good
3.528814543974167,4.253736209417036,1.4978624267392149,1.5593788927582195,Moderate
1.6073454963097151,2.9640734936844653,1.029148862806063,1.1997784328425498,Good
2.186181443568393,1.4417508913265251,1.0152634123591138,1.5843507473629632,Good
2.682526932976944,2.415836690049746,1.0032849405363389,1.7142060694431107,Moderate
2.43505523694224,5.874688430108432,1.1492421204819276,1.0,Bad
1.3439832562699714,4.076259688903379,1.0104935872522347,1.0,Good
2.2684383582718706,9.116592871491225,1.2949864065293433,1.4445057245063584,Bad
2.43505523694224,2.3843168600065203,1.0023318989506411,1.389567164908642,Good
2.558674248889402,1.6783862520114003,1.2553439564710454,1.2497221420520372,Good
2.009516146886793,3.425512447019972,1.090031928488146,2.0887898818552664,Good
1.2047074369550137,4.805853832966987,1.0127194869801788,1.3596004599156697,Good
1.5939086065239567,3.886951400355479,1.0408083855421686,1.908989651897432,Good
1.6901164510239082,2.703774596931102,1.053167508744656,1.3596004599156697,Good
1.7282771174003533,4.596857482410105,1.0093276237854645,1.414539019513386,Moderate
4.687538124365392,1.8440310044908133,1.1861471154294598,4.146504024262109,Bad
1.4038064845534632,2.2818064217578327,1.0121664889234356,1.094894965367146,Good
3.380775535668497,2.3093507777415523,1.10828164788185,3.672031594762778,Moderate
2.662897441235241,5.464552022969405,1.0,2.0488346747540365,Bad
3.13645863926794,6.801541810838951,1.167897396035756,1.9639294101633475,Bad
2.3022223964115325,1.4141118811985318,1.0601632335794793,3.007769234529156,Good
1.6584054711056306,4.9123397452751805,1.0804508356004665,1.4744724294993308,Moderate
1.6422812549602122,6.596426280197301,1.0932763218033423,1.4544954252828155,Moderate
2.075924956522126,4.663872616556061,1.0852206607073456,1.824084387306743,Bad
4.956742425902078,3.074534880052165,1.0012166404974738,2.743063739980632,Bad
1.857270846563701,5.058296435745612,1.205207919160513,1.7591561269325693,Moderate
1.0644968645816737,4.0959477509123605,1.0279828993392923,2.198668199718899,Good
1.9567034697958712,1.915021612696276,1.0909444228527012,1.3845723145204134,Good
2.4426930201428654,4.545554936213623,1.141247014380101,1.7341842723278256,Moderate
2.177067778615545,4.64418455454708,1.1562378453167508,1.0,Moderate
2.360042610068576,6.332151909384432,1.0279828993392923,1.5044391344923034,Bad
1.529995954541664,6.16650715690502,1.0,1.0799116128706598,Moderate
2.0695729828138,6.12315555882755,1.1177613587252235,1.1798002299578347,Moderate
1.4864138752190772,3.062703112017921,1.0151574131364167,1.0,Good
1.9338024390951272,6.9080277231471445,1.0072998989506412,1.294672199541496,Bad
3.3783218814492164,2.774765205136565,1.1270890104935871,2.213651552215385,Moderate
1.386981187490042,4.26556797745128,1.102603973571706,1.1698117278495772,Good
1.6870318239784252,5.630196775448819,1.0364994387874078,1.0249718546047435,Bad
1.8580887313034609,1.8045602263285765,1.0,1.5344058394852758,Good
2.551149593189252,6.142843620836532,1.1793449483093663,1.4644839273910732,Bad
3.644371447848621,2.9640734936844653,1.3043140303148075,2.098779582631724,Moderate
2.144118265406705,5.5275916830558565,1.0279828993392923,1.7192009198313394,Bad
6.42054081953887,1.3116014429498437,1.099765108433735,4.695893216243872,Bad
3.0078154505635943,2.7471261950085712,1.1532976261173726,1.9739179122716053,Good
2.500253182441916,4.565337652366879,1.041366028760202,1.8690344447962015,Bad
1.927142428361559,2.0608836490224327,1.2600077823552274,1.3645953103038984,Good
2.362846804746858,5.342258868567462,1.1046316984065294,1.0849052645906887,Bad
1.3028548311666652,5.701187383654281,1.0559657986785853,1.2597118428284946,Moderate
2.2254404270518,3.1158040869556074,1.0447726389428682,1.394855689005802,Good
1.6870318239784252,5.4014177087386805,1.0304162083171395,1.4295223720098722,Bad
2.7763511668525505,3.232228684412566,1.1297389071123205,2.0288564718693216,Moderate
2.160943562470126,4.671823564675073,1.2133696074621063,1.5493891919817622,Moderate
2.155568845253941,3.5871817254398786,1.132614597745822,1.6642623602336228,Good
2.629246911605263,2.1437060252621394,1.0072998989506412,1.4594890770028446,Good
2.918781721304792,4.423356435955954,1.1317528083948698,1.804106184422028,Moderate
2.4243057380130053,4.391741951768454,1.197046258841819,1.3845723145204134,Moderate
1.550910739800751,4.139394003134104,1.5036921881072678,1.2846836974332383,Moderate
2.163747757148408,8.012262970247047,1.1338312662261951,1.0749167624824312,Bad
3.4320692471016567,6.54512373400082,1.3521181406917997,1.724195770219568,Bad
3.2913359921377467,3.288358591967018,1.1767340878352115,1.761506715272218,Moderate
1.7820244830527932,1.757233154191601,1.0687912848814614,1.6742508623418806,Good
2.0319498333067787,5.212109420190781,1.0233190734551108,1.3346286053109258,Bad
2.177067778615545,3.711557271015849,1.0629615235134084,1.5429259730488778,Bad
1.214989527106624,3.4846712871911905,1.0,1.0,Good
1.4246043369970636,3.40582438501099,1.0431403124757093,1.059933409985945,Good
2.0561361575249064,4.170913833177329,1.030314798289934,1.4445057245063584,Good
2.918781721304792,2.908890127572752,1.1177613587252235,2.703107334211202,Moderate
1.6261570388147937,3.208565148344078,1.0874465604352896,1.6143174523559356,Moderate
2.144819346324708,6.209953409126763,1.1982121943256898,1.639289306960679,Bad
1.1009515888899335,4.624496492538098,1.0279828993392923,2.198668199718899,Moderate
2.360042610068576,4.581050240316355,1.2165632957637,1.254716992440266,Moderate
1.8635413607320603,2.325158019835301,1.049747382821609,1.5433958509831676,Good
2.005076118232126,5.164782348053805,1.1853867081228138,1.0,Bad
2.9214691121613163,1.962348684833251,1.2600077823552274,2.7230855370959173,Good
2.78441327492526,4.83349284309498,1.197046258841819,1.7541624752125404,Bad
2.163630953326651,4.656016322581324,1.0046638258841818,2.103773234351753,Moderate
1.860892925981743,5.855000368099449,1.0559657986785853,1.6642623602336228,Moderate
1.2257390260358578,6.595763701187384,1.004197434900894,1.3596004599156697,Moderate
1.9728276859412897,4.991281301599655,1.3171395165176836,1.3995556670168998,Bad
1.3439832562699714,4.766477708949024,1.0384764865915277,1.4944506323840456,Bad
1.3386085390537867,3.772609194072547,1.2623396813058687,1.0,Good
2.037324550522963,3.054752163898909,1.3509522052079286,1.3596004599156697,Bad
1.30636010676295,2.407980396075008,1.0023318989506411,1.1648168774613483,Good
1.4851285817016937,3.918471230398704,1.0060832304702685,1.0,Good
1.1759005573582548,4.691511626684054,1.0279828993392923,2.198668199718899,Good
2.854284856723118,1.5719003397032068,1.077286109599689,2.3784684296767336,Good
1.8945434556117209,2.829948571248278,1.048665899727944,1.4994454827722743,Good
3.2321523792603117,3.1967333803098343,1.1751972949863971,1.204772084562579,Moderate
2.1916563244152734,4.028932616766404,1.0250373354061406,1.1123751437236469,Moderate
2.163630953326651,4.49037157010191,1.2576758554216867,1.2697003449367523,Moderate
1.6046581054531908,4.865012673138205,1.0268169358725223,1.3446171074191833,Good
1.824438201673483,2.411955870134514,1.1386978561989896,1.4894557819958172,Good
2.6797226738017974,3.875119632321235,1.0316328488146134,1.3695889620239272,Moderate
3.171394462415301,2.9877370297529526,1.1655654970851146,1.349611957807412,Moderate
2.177067778615545,5.200277652156537,1.0827827345511076,1.8140958851984847,Bad
3.8136757173755136,4.218240905314305,1.2425184702681695,2.223640054323643,Moderate
1.1374063776950578,3.626652503602116,1.0279828993392923,1.2647054945485237,Good
2.3993015290551174,4.340534059716248,1.0194663598911775,1.254716992440266,Moderate
1.8895192788545376,2.6367594627851454,1.1655654970851146,1.6992227169466243,Good
2.416243629940296,5.673548373526288,1.2541779930042751,1.829079237694972,Moderate
1.8945434556117209,5.077984497754594,1.0060832304702685,1.3845723145204134,Bad
1.5912212801642969,6.0166696465193565,1.1993781577924605,1.484462130275788,Bad
2.7526321869151813,2.4001241021002704,1.024332949863972,2.098779582631724,Moderate
1.1236190119471627,4.9321224614284365,1.0,1.11986681997189,Good
2.231048880905228,4.7151751627525424,1.0510992087057909,1.3845723145204134,Moderate
2.679850184103075,5.200277652156537,1.0903084554994171,1.884017797292688,Bad
1.50791280858068,6.103467496818569,1.0676253493975905,1.6342956552406505,Moderate
1.3589390472166285,3.5319983593281656,1.0097331799455889,1.274695195324981,Good
1.2131200854867243,5.13326251801058,1.0,1.214761785339036,Good
2.73335323563248,5.089816265788837,1.1877186070734551,1.7541624752125404,Bad
3.407882922883529,1.5284540874814636,1.3835989024485036,3.157602759494018,Moderate
2.0992508925667344,4.652040848521818,1.0547491581811117,1.5843507473629632,Bad
1.2411621612632735,3.9816055446294287,1.0127194869801788,1.3046619003179534,Good
2.1643381614467887,2.0570028291072013,1.0104935872522347,1.1731404294401966,Good
1.9244550375050344,4.54953041027313,1.179556946754761,1.6942290652265954,Moderate
1.4864138752190772,4.782190296898499,1.0,1.409545367793357,Moderate
1.6449686458167367,5.2042531262160425,1.060629624562767,1.0,Moderate
1.7262908074618315,5.058296435745612,1.0165353470656822,1.4894557819958172,Moderate
1.143014767051622,4.391741951768454,1.0,1.2397336399437795,Good
1.9943266837997573,3.8514560962527473,1.0046638258841818,1.3995556670168998,Good
3.1222539788062016,3.461007751122703,1.197046258841819,2.018867969761064,Good
2.082425660000178,6.6358970583595385,1.008516539448115,1.389567164908642,Bad
1.171991660383418,5.914159208270668,1.0233190734551108,1.8091010348102567,Bad
1.773962374980084,3.457032277063197,1.0474492592304705,1.5044391344923034,Good
3.905163100853597,2.3093507777415523,1.0827320575204042,2.648168774613486,Moderate
1.056084216049963,4.719150636812048,1.0,1.3596004599156697,Good
2.383995197649459,5.744538981731751,1.1993781577924605,1.0749167624824312,Bad
2.6001365097637827,2.9917125038124586,1.526808497473766,1.983906414379863,Bad
1.084126356323377,6.608258048231544,1.024332949863972,1.2397336399437795,Moderate
2.682526932976944,5.531567157115362,1.01703307889623,1.3446171074191833,Bad
1.7879834128683587,5.180589590147555,1.0851653385153517,1.3096555520379822,Moderate
1.9970140101594172,5.160806873994299,1.108433734939759,1.6842393644501383,Bad
1.3090474976194746,2.214696633467602,1.0279828993392923,1.449500574894587,Good
2.0235371847750683,5.657741131432537,1.032849489312087,1.419533869901615,Bad
1.825022414272864,6.060021244596825,1.1818888457054022,1.1498335249648624,Bad
1.7470886599054318,3.4413196891137217,1.0011659634667702,1.1398450228566048,Good
1.954016143436211,5.243629250234005,1.239020607850758,1.0,Bad
1.583275975913345,5.294931796430487,1.0389327197823552,1.274695195324981,Good
1.5496254462833672,2.8772756433852527,1.0038158600855034,1.0,Good
2.220065709835615,3.0942229420611462,1.0757870097162845,1.0,Good
3.6976514692203017,2.250191937570333,1.0279828993392923,2.528301954641596,Moderate
2.7034760305679884,5.53080992396117,1.0891954916439954,1.419533869901615,Bad
2.3194983330677856,5.429056718866674,1.1072677714729888,1.6992227169466243,Bad
2.7590053800919554,5.361946930576443,1.077588940536339,1.8140958851984847,Bad
1.005608453853429,3.748945658004059,1.0012166404974738,1.11986681997189,Good
2.416243629940296,6.718719434599245,1.1947143319082782,1.4794672798875594,Bad
1.6852791861802827,6.292775785366469,1.3113097551496309,1.03995520710123,Bad
2.0026331059955016,3.5004785292849405,1.1364166342790516,1.9489460576668611,Good
1.550910739800751,5.152950580019562,1.2973183054799844,1.1798002299578347,Bad
2.643267949493538,3.204684328428846,1.0669156191216478,1.9139845022856603,Good
1.599283388237006,4.577169420401123,1.2973183054799844,1.0,Moderate
1.90856455799686,5.346234342626968,1.1526339836766422,1.2397336399437795,Moderate
2.1905046039044382,6.103467496818569,1.1189273221919938,1.6492790077371366,Bad
3.105962844775246,1.922877906671013,1.1313979572483484,2.39345178217322,Good
2.27650046634458,2.344846081844284,1.263505644772639,2.0238628201492928,Moderate
1.725589726543829,5.389585940704437,1.036144587640886,1.529412187765247,Bad
3.338712422003673,1.5797566336779445,1.0012166404974738,2.718090686707688,Good
1.4094148739100274,2.758957963042815,1.0338126607073457,2.198668199718899,Good
2.1260077393227643,5.626221301389313,1.2856587547609797,1.4644839273910732,Bad
1.9029561041434315,4.269543451510785,1.06139778313253,1.294672199541496,Bad
2.362496264287856,4.009244554757423,1.35445006762534,1.8540510922997155,Moderate
4.265153769447229,1.6902180200456445,1.3789351045472211,3.66703674437455,Bad
1.518662307509914,4.450900791939674,1.079284872133696,1.3845723145204134,Good
1.9338024390951272,6.9080277231471445,1.0072998989506412,1.294672199541496,Bad
2.775065873335167,1.6665544839771569,1.0816167990672367,2.1637066443376973,Good
2.0061510874741093,2.1989840455181264,1.0314807617567043,1.2996670499297247,Good
4.322990623295334,1.5994446956869262,1.1180148278274389,3.677025246482808,Moderate
1.3816064702738573,5.168757822113311,1.114263496307812,1.4245287202898431,Moderate
2.51427422033019,2.715606364965346,1.0279828993392923,1.3046619003179534,Good
4.609020221895444,2.2423356435955952,1.0364994387874078,1.7142060694431107,Bad
2.3022992121772488,2.9522417256502216,1.0443062479595802,1.5943392494712207,Good
1.556285457016935,3.792297256081529,1.0594636610959969,1.5843507473629632,Good
1.0953431995333696,6.158650862930282,1.018249719393704,1.1947835824543211,Moderate
3.395179039963741,2.3803413859470144,1.0241670392537894,1.609322601967707,Moderate
1.830046591030047,5.677523847585793,1.0231163093664983,1.4395120727863295,Bad
2.421618411653345,2.790572447230314,1.0,1.449500574894587,Good
2.1179456312500555,2.71163089090584,1.335794792071512,1.0,Bad
2.12063302210658,4.975474059505905,1.8126700443062571,1.7042175673348532,Moderate
1.293460733846615,2.159513267355889,1.0523158492032647,1.5244173373770182,Good
4.014527338275242,4.648160028606586,1.152080985619899,3.542175074014432,Bad
1.2664001068584052,5.397442234679175,1.0279828993392923,1.3596004599156697,Moderate
3.1660196807022527,1.0670151341459566,1.5958025744267392,1.9639294101633475,Good
2.233502535124509,5.582869703311843,1.2145355709288768,1.7142060694431107,Bad
3.5852493004831314,2.049051880988189,1.0326467252234746,1.9339627051703752,Bad
1.5067610880698452,3.563518189371391,1.0305267967353284,1.0,Good
2.390265776314683,6.036357708528338,1.0608628060629617,1.3695889620239272,Bad
1.4461033348555312,3.283531230609047,1.1282549459774582,1.4295223720098722,Good
3.2090176119223237,1.5915884017121882,1.41974349008939,1.9889012647680917,Good
4.052851568700266,1.09465414427395,2.3385153424018656,2.278579812589559,Bad
3.4761187352018665,1.9898930408169704,1.1192314963078118,4.0316320546784485,Moderate
3.620609448502576,1.6428909479086693,1.1111154201321414,1.799112532701999,Good
2.8300985325049903,1.7808966902600885,1.2506801305868636,2.0283314551978444,Good
3.1257091403387065,1.2997696749156,1.0338126607073457,2.718090686707688,Good
3.223739730728601,1.2799869587623445,1.1070650073843762,2.103773234351753,Moderate
2.1188803843084374,4.01710084873216,1.0121664889234356,1.8940062994009452,Good
1.469905709238804,4.356246647665724,1.0,1.0332966052517916,Moderate
1.927142428361559,3.1849016122755907,1.0226528286047416,2.038846172645779,Good
1.143014767051622,3.437344215054216,1.0,1.3432554203443028,Good
1.400418012778936,6.407117991649401,1.0314807617567043,1.3596004599156697,Bad
2.629246911605263,4.608689250444348,1.041366028760202,1.4445057245063584,Moderate
4.25568956403538,2.63278398872564,1.068132287602021,1.8740292951844304,Moderate
2.2442520340537424,3.177045318300853,1.0256510003886514,1.4794672798875594,Good
1.2284264168923824,4.210384611339567,1.064127486980179,1.1398450228566048,Good
1.4038064845534632,3.350546364755004,1.0050877947920716,1.314650402426211,Good
2.128695130179289,4.048620678775386,1.037893518849592,1.294672199541496,Good
2.163747757148408,4.636328260572341,1.1459977271667314,1.4395120727863295,Good
1.1639295523107087,3.3071947666775343,1.034978624174116,1.2297451378355222,Good
2.6930426952689337,3.768633720013041,1.047804110376992,1.4245287202898431,Moderate
1.8046751369252312,3.681835869713829,1.0516607415468324,1.0849052645906887,Good
2.201254102833672,4.092066930997129,1.1002720466381657,1.3795786628003843,Moderate
1.8169603062001547,4.6599917966408295,1.060629624562767,1.0549385595977163,Good
1.4206317171200198,4.237928967323287,1.006359757481539,1.3596004599156697,Good
2.475015236846784,2.9640734936844653,1.0231163093664983,1.7491676248243118,Good
3.0137354242729524,4.131443055015092,1.1796796797512632,1.609322601967707,Moderate
1.927142428361559,5.4014177087386805,1.0816167990672367,1.419533869901615,Bad
1.6421644511384548,3.626652503602116,1.0750450431403031,1.3995556670168998,Good
1.6234697124551336,5.369897878695455,1.0,1.0,Moderate
3.4144261297953395,2.3527970299632948,1.0790821080450836,2.763040744197147,Moderate
1.26385080378895,3.788321782022023,1.0012719626894675,1.1798002299578347,Good
2.78710060128492,1.5482368036347192,1.4652157015157403,1.5943392494712207,Bad
1.5075622681216787,3.204684328428846,1.0292548620287605,1.3346286053109258,Good
2.636607938759969,4.486396096042405,1.06645938593082,1.824084387306743,Bad
5.139016176437107,1.2248035926506315,1.1180148278274389,4.725859921236844,Bad
1.8062108072709209,4.391741951768454,1.0241670392537894,1.0998886170871751,Good
1.2075116316332957,4.49037157010191,1.0778654675476098,1.4794672798875594,Good
1.8303971314890488,2.8024042152645583,1.02215313797124,1.1997784328425498,Good
3.0961480989043944,2.3882923340660263,1.0676253493975905,1.859045942687944,Moderate
1.5159749166533891,6.12315555882755,1.0050877947920716,1.5194224869887896,Moderate
4.342620115037038,1.3707602831210628,1.0888152879906725,3.552164774790888,Moderate
4.656691789413696,3.5004785292849405,1.0425826692576758,2.4334069892744496,Bad
1.9110182122161403,3.92244670445821,1.3905946272833267,1.529412187765247,Moderate
1.174678986743078,3.3071947666775343,1.0,1.15982202707312,Good
1.6530307538894458,3.236204158472072,1.2063738826272834,1.2447284903320084,Bad
2.8550526918959624,3.0373358013525027,1.0399755584920327,1.8961471208056435,Moderate
3.3723629516336517,1.6389154738491634,1.041974349008939,2.383463280064962,Moderate
3.453568244960124,2.0845471850909205,1.0524679362611735,2.0488346747540365,Moderate
2.413556303580636,1.1814519945731623,1.7331519626894676,1.6992227169466243,Bad
2.2058109353100965,2.4395002261182333,1.1131482378546445,2.083796230135237,Good
1.9225855958851343,6.237497765110482,1.01703307889623,2.158712992617669,Bad
2.2066288200498567,4.348390353690985,1.2751651675087443,1.609322601967707,Bad
1.8062108072709209,2.5854569165886647,1.005829761368053,1.354605609527441,Good
2.5984005766535674,4.415405487836942,1.0133831294209097,1.4445057245063584,Moderate
2.152881454397417,4.107779518946605,1.1107149568596968,2.1437296401211823,Moderate
1.8216339424983363,3.050871343983677,1.0291995398367664,1.3795786628003843,Good
2.0749477645268493,1.603420169746432,1.2518460940536338,1.589345597751192,Moderate
1.072558972654383,7.56663125900529,1.0,1.03995520710123,Bad
2.6903553044124093,2.5894323906481707,1.116798187329965,1.6942290652265954,Good
1.6253391540750337,4.391741951768454,1.0305267967353284,1.4794672798875594,Good
2.3383099400697285,1.7295941440636076,1.163233570151574,1.6293008048524218,Bad
1.9029561041434315,5.480264610918881,1.0233190734551108,1.799112532701999,Bad
1.5552339001367956,4.040764384800648,1.0559657986785853,1.1648168774613483,Good
3.7761693716902496,2.372485091972277,1.1021984174115818,2.917869119550238,Moderate
1.733651834616538,4.675704384590305,1.0766487990672369,1.484462130275788,Moderate
2.320783626585169,4.671823564675073,1.3297115616012438,1.274695195324981,Bad
3.1396133744052235,1.8400555304313075,1.0012166404974738,1.7142060694431107,Moderate
2.842366932595122,3.3071947666775343,1.1399144966964632,1.8150943758088516,Moderate
3.0078154505635943,2.7471261950085712,1.1532976261173726,1.9739179122716053,Good
1.5831591720915876,3.046895869924171,1.114263496307812,1.7691458277090266,Good
4.278123250455364,1.3864728710705383,1.0608323886513795,3.4422864569272567,Moderate
2.421618411653345,1.8479118244060453,1.0676253493975905,1.609322601967707,Good
1.752463441618481,4.273424271426018,1.024485036921881,1.4395120727863295,Moderate
2.1797551694720694,3.748945658004059,1.1667314325689857,1.7391791227160542,Good
1.9898866551450904,1.5876129276526822,1.0559657986785853,2.3584902267920187,Good
1.84126343424004,5.906208260151656,1.071229211037699,1.639289306960679,Bad
2.744102734561713,3.279555756549541,1.2133696074621063,1.6243059544641931,Moderate
2.598984789252948,4.387861131853223,1.0757870097162845,1.4345172223981009,Moderate
1.6799044689640985,5.302788090405224,1.1888845705402251,1.5094339848805318,Bad
1.1854284856723118,3.894807694330217,1.029148862806063,1.11986681997189,Good
3.748127295913701,1.4456317112417572,1.0948985184609406,2.6681469774982007,Moderate
2.832297295115444,5.290956322370981,1.0826767353284104,1.764150977320798,Bad
4.093045305242054,2.755077143127583,1.249412785075787,2.543285307138082,Moderate
1.0,4.719150636812048,1.0897784593859308,1.0,Good
2.2872499007769487,3.973749250654691,1.2133696074621063,1.2447284903320084,Moderate
1.6691549700348642,2.861563055435777,1.1865526715895842,1.0,Good
1.658989683705011,3.2480359265063155,1.0401493882627284,1.1048834674754036,Good
2.502239492380437,4.2970878074945045,1.4418966280606296,1.7741394794290557,Moderate
2.1152583048903955,5.263411966387261,1.0279828993392923,1.4794672798875594,Moderate
1.7515286885600987,4.340534059716248,1.0304162083171395,1.3695889620239272,Moderate
2.4722110421685017,4.813804781085999,1.0255495903614458,1.3845723145204134,Moderate
1.6261570388147937,7.353659434388902,1.1037699090555773,1.4744724294993308,Bad
1.6561854890267294,5.780034285834482,1.0012166404974738,1.254716992440266,Moderate
1.3950432955627512,5.8391931260057,1.0232024966964632,1.2697003449367523,Good
1.5912212801642969,6.190170692973507,1.0693489280994948,1.744172774436083,Moderate
3.4424682055718887,3.046895869924171,1.0863820069957248,1.8740292951844304,Moderate
1.9104807598435816,4.052596152834892,1.0629615235134084,1.4445057245063584,Good
1.2948428371577358,4.596857482410105,1.0079951061018266,1.2064370346919882,Good
1.9432666445069773,1.5797566336779445,1.024485036921881,1.0649282603741737,Good
1.7150739642518391,2.7314136070590957,1.0127194869801788,1.3196452528144396,Good
2.850779581126833,1.8913580766277884,1.049882568208317,1.4744724294993308,Good
1.9002687132869067,4.226097199289042,1.3264671682860474,1.5743622452547057,Moderate
3.566437757978053,2.064859123081938,1.2366886809172173,1.8140958851984847,Moderate
1.5047580734433967,6.513603903957595,1.0218996688690245,1.3995556670168998,Moderate
1.720682353608403,3.918471230398704,1.0,1.3995556670168998,Good
2.124488838161866,2.0885226591504265,1.1143649063350174,1.6193123027441645,Good
3.8862346900298967,1.8676945405593008,1.271667305091333,1.9039960001774028,Moderate
2.0023887918724665,5.645909363398294,1.1527399828993392,1.5943392494712207,Moderate
2.385280491166843,4.782190296898499,1.0474492592304705,1.6742508623418806,Bad
3.8266451983836487,3.914590410483472,1.1034150579090556,2.488346747540366,Bad
1.328092776761797,4.368078415699968,1.0036499494753206,1.034961555381201,Moderate
2.134069847395474,4.427237255871185,1.1107656338904004,1.0,Bad
2.410868912724111,3.3703290809082587,1.13291877186164,1.419533869901615,Good
2.7330026951734787,4.766477708949024,1.0571824391760591,1.8140958851984847,Bad
1.7655497264483735,4.241904441382792,1.0559657986785853,1.449500574894587,Good
2.3011541348434656,2.774765205136565,1.116798187329965,1.6742508623418806,Good
3.5691250843377134,1.4969342574382385,1.2028760202098718,2.0338513222575503,Moderate
2.607046897325657,2.3764605660317826,1.3462883793237466,1.15982202707312,Moderate
2.3194983330677856,2.940409957615977,1.519508598523125,1.234738789555551,Bad
1.3168758690549398,4.636328260572341,1.015816410415857,1.329633754922697,Good
3.689519253055792,2.3466445105854885,1.1625673253012048,1.8009285150245733,Moderate
1.1504926625249503,4.683655332709317,1.0233190734551108,1.484462130275788,Good
2.091071980672268,4.518010580229904,1.108433734939759,1.5843507473629632,Moderate
1.6982486671884178,3.7449701839445537,1.176413935483871,1.2896785478214672,Good
1.8465213476344668,5.713019151688525,1.0687912848814614,1.3096555520379822,Bad
1.6557181447459706,3.800153550056266,1.1200932856587642,1.0699219120942025,Good
1.733651834616538,5.626221301389313,1.0629615235134084,1.0699219120942025,Bad
1.419229619780879,4.013125374672654,1.0186552755538285,1.314650402426211,Good
2.4525815504267987,2.317301725860564,1.0316328488146134,1.274695195324981,Good
2.8498873315022104,2.301494483766814,1.4617178390983288,1.609322601967707,Moderate
1.3112674796983756,4.727006930786786,1.0218996688690245,1.204772084562579,Good
3.17887235788863,2.33301431381004,1.0169114092499028,2.703107334211202,Moderate
1.143652125067418,3.3584973128740154,1.0012719626894675,1.234738789555551,Good
1.94501928230512,4.750670466855274,1.0389327197823552,1.294672199541496,Moderate
1.5860802350884915,5.929871796220144,1.032849489312087,1.2597118428284946,Bad
1.143652125067418,3.3584973128740154,1.0012719626894675,1.234738789555551,Good
1.827709740632524,3.918471230398704,1.2681694426739214,1.3246389045344684,Bad
1.0084126485317106,2.873394823470021,1.0,1.2397336399437795,Good
1.7094655103984104,4.245879915442298,1.106843802565099,1.1997784328425498,Moderate
2.5237384257420405,3.2480359265063155,1.1469102215312863,3.342397839840081,Good
1.161242161454184,5.346234342626968,1.0011659634667702,1.1148719695836613,Moderate
2.7918911703985883,3.5004785292849405,1.0629615235134084,1.529412187765247,Good
2.408181521867587,4.143274823049335,1.041974349008939,1.5793558969747346,Moderate
1.7282771174003533,5.535542631174868,1.1061018359891177,1.1448386745766337,Moderate
2.7526321869151813,5.219965714165518,1.0024333089778468,2.003884617264578,Bad
4.799940293102562,1.3825920511553065,1.2448503692188106,2.6381802725052284,Moderate
2.0061510874741093,3.748945658004059,1.0069957248348231,1.5493891919817622,Good
1.712152901254935,5.626221301389313,1.0501360373105324,1.0699219120942025,Bad
2.01582561716136,5.626221301389313,1.0256510003886514,1.2996670499297247,Bad
3.21532708219689,2.033339293038713,1.0304162083171395,2.7780240966936334,Moderate
2.0588235483814312,4.778309476983267,1.2203653322969297,1.4544954252828155,Moderate
1.86533295463641,4.510059632110892,1.0,1.1997784328425498,Moderate
1.7150739642518391,5.440888486900918,1.1195632895452778,1.5543840423699908,Bad
2.12063302210658,4.865012673138205,1.0279828993392923,1.419533869901615,Bad
1.5189066216329494,4.845324611129223,1.0326467252234746,1.3596004599156697,Good
1.3998805604063769,3.149216999884312,1.0397651830547998,1.2326830735930332,Good
3.2798239467785635,3.1612380762071037,1.0851653385153517,2.19367334933067,Moderate
3.0668313715931173,2.8970583595385087,1.073773108433735,1.8890126476809168,Moderate
1.2767990653286376,5.4014177087386805,1.0121664889234356,1.0199782028847149,Bad
2.8732132675468183,5.728731739638,1.0206830003886511,1.604328950247678,Bad
2.138509876050141,3.758505726575729,1.150864317139526,1.5543840423699908,Bad
1.9590403201933944,1.5915884017121882,1.0450159782355228,2.07380652935878,Good
2.475365777305785,6.0718530126310695,1.6680917217256122,2.0338513222575503,Bad
2.780674327188596,5.535542631174868,1.035282798289934,1.3446171074191833,Moderate
2.8850674687726072,7.207702743918471,1.0610535934706569,1.908989651897432,Bad
1.6799044689640985,5.55523069318385,1.1165954232413524,1.4644839273910732,Moderate
3.4200345191519035,4.498227864076648,1.0304162083171395,1.8140958851984847,Bad
1.6154076043824244,4.356246647665724,1.1410804601632336,1.4744724294993308,Moderate
1.5748633273816344,5.563086987158588,1.0173227578701904,1.469478777779302,Moderate
4.182780050921995,3.204684328428846,1.083948698017878,2.258601609704844,Bad
3.2808436422076,2.02150752500447,1.1297389071123205,2.11376293512821,Bad
1.53063331255746,4.450900791939674,1.0,1.0499449078776877,Good
2.460994198958509,2.5421053185111955,1.0546938359891178,1.5044391344923034,Good
1.400418012778936,4.060452446809629,1.0268169358725223,1.544395540261733,Good
5.284835202663876,2.715606364965346,1.0559657986785853,3.921753736814816,Bad
2.747023797558618,5.097767213907848,1.0,3.1076578516163305,Bad
2.0431666765167718,3.3703290809082587,1.0523158492032647,1.709212417723082,Good
1.4998507005079709,5.985149816476131,1.0256510003886514,1.2896785478214672,Bad
2.0292624424502543,3.445200509028953,1.029148862806063,1.4894557819958172,Moderate
2.9264932889185,2.3961486280407645,1.0632656976292263,2.223640054323643,Moderate
1.4749314339207371,5.803697821902969,1.010175589584143,1.0,Moderate
3.1536344122934983,3.575349957405635,1.018979709288768,4.416204369198862,Bad
1.3520453643426806,6.328271089469201,1.2518460940536338,1.1048834674754036,Moderate
2.397432087435217,1.508766025472482,1.289156617178391,1.5244173373770182,Moderate
1.5132875257968648,6.213834229041995,1.1270890104935871,1.11986681997189,Bad
1.872109769191736,2.1989840455181264,1.0305267967353284,1.4944506323840456,Good
1.1738611020033178,3.077847775101753,1.0389327197823552,1.4295223720098722,Good
1.8384592395617576,2.7432453750933394,1.0228951045472212,1.4794672798875594,Good
1.7900865911255024,7.128855841738271,1.2191993688301594,1.2397336399437795,Bad
1.720682353608403,3.255892220481053,1.0012719626894675,1.449500574894587,Good
1.5777843903785382,3.457032277063197,1.0024333089778468,1.3795786628003843,Good
2.528295258218465,5.148975105960056,1.2019635258453167,1.2647054945485237,Moderate
2.317979431906888,1.6428909479086693,1.067413350952196,2.148723291841211,Good
1.135136281552377,4.389564906450154,1.0466381748931208,1.3596004599156697,Good
2.7971171578450478,4.821661075060737,1.1107656338904004,1.6193123027441645,Bad
2.8166617072160967,2.5894323906481707,1.2180334333462883,2.453385192159165,Good
2.6797226738017974,7.748083253578452,1.0231163093664983,1.2297451378355222,Bad
3.6303504099603456,1.2248035926506315,1.0074215406140692,4.491121131681293,Bad
4.272514796601936,1.7217378500888696,1.1094982883793238,3.542175074014432,Moderate
2.0426993322360127,5.79584152792823,1.174893120870579,1.5094339848805318,Bad
1.5129036404588745,3.724714197069928,1.0533007633113098,1.141661005179179,Good
2.1905046039044382,4.28137521954503,1.1434123591138747,1.0,Moderate
4.527698060250349,1.449607185301263,1.0669156191216478,3.976692296412532,Moderate
1.8328507857083287,5.862856662074187,1.049882568208317,1.3995556670168998,Bad
2.1905046039044382,5.421105770747662,1.1690633595025262,1.2497221420520372,Moderate
1.073291915023489,4.174889307236835,1.0,1.3596004599156697,Moderate
3.3111376260110186,2.873394823470021,1.0608323886513795,2.223640054323643,Moderate
3.2770197521002813,2.573625148554421,1.0060832304702685,1.9539397093868904,Moderate
3.1900892010986226,4.431212729930692,1.0766487990672369,1.9339627051703752,Bad
1.5189066216329494,4.032908090825909,1.0069957248348231,1.349611957807412,Good
1.9405792536504527,3.2520114005658214,1.342790516906335,1.1498335249648624,Moderate
5.366157299812106,1.098629618333456,1.0644823381267003,4.785793331222789,Bad
1.5423600034819709,7.475952588790846,1.0279828993392923,1.2996670499297247,Bad
3.053150167684324,2.404004922015502,1.2531180567431015,1.7142060694431107,Bad
2.2576888593426365,4.15510659108358,1.0851146614846483,1.2447284903320084,Moderate
1.5006185356808155,5.515759915021612,1.0305267967353284,1.3096555520379822,Bad
2.0776350908865093,4.348390353690985,1.5538282254178002,1.374583812412156,Moderate
1.0644968645816737,7.132831315797777,1.0,1.0,Moderate
1.527191759863382,3.5516864213371475,1.0024333089778468,1.4395120727863295,Good
1.171991660383418,3.5004785292849405,1.053633899727944,1.5244173373770182,Good
1.3505264631817822,3.157357256291871,1.0279828993392923,1.3196452528144396,Good
2.390888880523407,2.818116803214034,1.1800638849591916,1.2247502874472935,Good
3.1368091797269417,2.9285781895817338,1.0,2.283573464309588,Moderate
1.1155569038744535,4.667848090615568,1.0,1.1648168774613483,Moderate
3.867423083027954,1.5719003397032068,1.172561221919938,2.3584902267920187,Moderate
1.6691549700348642,5.5394234510901,1.005829761368053,1.11986681997189,Bad
1.5129036404588745,3.724714197069928,1.0533007633113098,1.141661005179179,Good
4.505264373830363,1.954397736714239,1.035282798289934,2.982797379924412,Moderate
1.3439832562699714,5.594701471346087,1.228527020598523,1.1847950803460634,Bad
1.8531176354658283,3.914590410483472,1.6144071449669646,1.0,Moderate
1.6530307538894458,4.147250297108842,1.1713952584531675,1.3046619003179534,Moderate
1.5692549380250704,4.947835049377912,1.094124287602021,1.3596004599156697,Bad
1.3950432955627512,5.373778698610687,1.2215312957637,2.173696345114155,Bad
3.7649525284802574,1.473270721369751,1.0693489280994948,3.1026641998963016,Moderate
1.327859040124553,1.9307342006457515,1.0279828993392923,1.5244173373770182,Good
2.875783790084721,2.1950085714586205,1.2576758554216867,1.892341349271536,Moderate
2.061510874741091,5.76971698410862,1.0408083855421686,1.99389611515632,Bad
2.5086657664767618,3.417656153045234,1.0024333089778468,1.2896785478214672,Good
4.266906407245372,2.4513319941524774,1.1180148278274389,3.447281307315485,Moderate
1.571257952651519,3.12186195218914,1.1411864593859309,1.3795786628003843,Good
1.911368752675142,5.543398925149606,1.020351207151185,1.4544954252828155,Moderate
1.6730107860901504,5.330427100533218,1.0985484679362612,1.0249718546047435,Bad
1.8076129046100615,3.323002008771284,1.125923047026817,1.3795786628003843,Good
1.5159749166533891,5.377754172670193,1.083948698017878,1.059933409985945,Moderate
2.096446697888452,5.32257080655848,1.0944422852701128,1.3096555520379822,Moderate
1.9163929294323248,4.210384611339567,1.0734551107656432,1.419533869901615,Moderate
3.002334507011444,1.8873826025682825,1.083948698017878,2.2186464026036137,Moderate
2.1973982867783857,5.701187383654281,1.0109498204430625,1.6942290652265954,Bad
2.0292624424502543,5.148975105960056,1.0769529731830547,1.569367394866477,Bad
3.243369222470304,1.8715753604745329,1.1107149568596968,2.468368544655651,Good
1.8016038607307163,3.165213550266609,1.1177613587252235,1.0,Good
2.048074049452197,4.825636549120242,1.079284872133696,1.349611957807412,Moderate
2.8586823819440257,3.1100301841548963,1.0394304516129032,1.4445057245063584,Moderate
2.643267949493538,4.596857482410105,1.1155815468324912,1.409545367793357,Moderate
1.3813727336366135,3.8356488541589977,1.0127194869801788,1.3845723145204134,Good
1.9281939852416987,4.955785997496924,1.0457902090944422,1.5344058394852758,Moderate
1.8303971314890488,4.719339945100597,1.1317528083948698,1.03995520710123,Moderate
1.3439832562699714,4.766477708949024,1.0384764865915277,1.4944506323840456,Bad
1.3305464309810775,5.180589590147555,1.030314798289934,2.0688128776387518,Moderate
2.220065709835615,4.719150636812048,1.0314807617567043,1.3246389045344684,Moderate
1.6173271600661043,5.302788090405224,1.2495141951029929,1.3596004599156697,Moderate
1.639360191963308,2.6091204526571525,1.031798759424796,1.4395120727863295,Good
1.752463441618481,5.314619858439468,1.1713952584531675,1.0,Bad
1.9835771848705237,3.413680678985728,1.032849489312087,1.3695889620239272,Good
1.3931237398790717,6.511426858639294,1.0426406218422075,1.326303854663878,Moderate
1.7578381588346657,4.478539802067667,1.0652934224640498,1.6542726594571655,Moderate
1.0225739026035858,4.512709948150564,1.0013991449669646,1.286348647562648,Good
2.383995197649459,6.888245006993889,1.167081218810727,1.409545367793357,Bad
1.4654990899599902,4.809829307026492,1.036144587640886,1.2397336399437795,Moderate
2.107196196817686,6.363766393571932,1.0279828993392923,1.4594890770028446,Bad
3.31908293026197,2.1792013293648704,1.0802987485425573,3.0926744991198443,Moderate
2.3436846572859134,3.4806958131316845,1.0151574131364167,1.3196452528144396,Moderate
1.002804194678282,4.947835049377912,1.0,1.2397336399437795,Good
2.255001468486112,2.786596973170808,1.0851653385153517,1.6243059544641931,Good
2.9322185465936856,1.9860122209017383,1.2442144018655266,2.2186464026036137,Good
1.906180947372515,5.511879095106381,1.0026650353672757,1.3945620152968707,Moderate
4.278123250455364,1.3864728710705383,1.0608323886513795,3.4422864569272567,Moderate
2.1475067371812324,3.0823911740269025,1.1422463956471045,1.5643725444782484,Good
2.4699910600896007,4.999137595574393,1.3404586179556937,1.0799116128706598,Bad
2.088384589815744,5.429056718866674,1.1993781577924605,1.6642623602336228,Bad
1.448790661215191,7.077553295541789,1.030314798289934,1.0849052645906887,Bad
2.444168901895088,4.376029363818979,1.1399144966964632,1.8140958851984847,Good
1.5892668316768783,4.379910183734211,1.1971522580645162,1.2497221420520372,Moderate
2.27650046634458,4.269543451510785,1.2973183054799844,1.0,Bad
2.0695729828138,5.32257080655848,1.145744258064516,1.0,Bad
2.273813075488055,5.882544724083169,1.053633899727944,1.6342956552406505,Moderate
3.613525112896925,1.5719003397032068,1.0,2.368479927568476,Moderate
1.4514780520717157,3.5478056014219157,1.0,1.4395120727863295,Good
1.0703602100439291,4.379910183734211,1.0050877947920716,1.11986681997189,Good
2.005076118232126,4.947835049377912,1.121259221142635,1.294672199541496,Bad
2.410868912724111,3.3703290809082587,1.13291877186164,1.419533869901615,Good
2.772128105650336,3.9619174826204473,1.0909444228527012,1.5743622452547057,Moderate
1.8841444971414885,3.894807694330217,1.4395647011270891,1.3845723145204134,Moderate
2.3409973309262533,6.040333182587844,1.3381266910221532,1.1298553220801475,Bad
2.7252911275597707,4.230072673348548,1.1539059463661097,1.15982202707312,Bad
2.1797551694720694,2.975905261718709,1.0326467252234746,1.4345172223981009,Good
1.196294788423303,6.063996718656331,1.0279828993392923,1.3196452528144396,Moderate
1.4486738573934337,5.953535332288632,1.026766258841819,1.4295223720098722,Bad
1.0196294917417033,3.989461838604167,1.0012166404974738,1.034961555381201,Good
2.6797226738017974,7.748083253578452,1.0231163093664983,1.2297451378355222,Bad
3.108767039453528,4.916315219334686,1.0389327197823552,1.6842393644501383,Bad
1.7515286885600987,6.233616945195251,1.0194663598911775,1.274695195324981,Bad
2.377008058818733,3.7804654880472848,1.0425826692576758,1.1448386745766337,Moderate
1.2215327340184348,4.51573888076733,1.0036499494753206,1.3596004599156697,Good
2.362496264287856,5.3501151625422,1.1317528083948698,1.5493891919817622,Moderate
1.8132213584634904,3.977630070569923,1.0763170058297706,1.7391791227160542,Good
3.2742155574219995,2.0411955870134517,1.1289646762534007,2.3784684296767336,Good
1.5132875257968648,4.013125374672654,1.0093276237854645,1.3096555520379822,Good
2.12063302210658,4.975474059505905,1.8126700443062571,1.7042175673348532,Moderate
2.351746765358622,3.5043593492001723,1.2385209172172562,1.5593788927582195,Good
2.886533289013955,3.0784156999673966,1.0338126607073457,2.4783570467639087,Moderate
2.854284856723118,3.244060452446809,1.0746210742324136,2.19367334933067,Moderate
1.3816064702738573,5.874688430108432,1.2028760202098718,1.374583812412156,Moderate
1.682591795323758,3.713450353901328,2.209094432957637,1.3246389045344684,Bad
1.7444013335457718,5.271268260362,1.0256510003886514,1.0449500574894588,Moderate
4.26410221256709,1.5009097314977442,1.032849489312087,2.1437296401211823,Moderate
1.4122190685883091,4.166938359117824,1.008516539448115,1.2447284903320084,Good
2.558674248889402,5.3501151625422,1.2063738826272834,1.4644839273910732,Bad
2.418931020796821,3.73313841591031,1.071123211815002,1.943951207278633,Bad
1.833084522345573,2.703774596931102,1.1434123591138747,1.3695889620239272,Moderate
1.4434159439990064,3.516191117234416,1.4104158663039257,1.4794672798875594,Bad
2.182442495831729,6.316439321434957,1.0326467252234746,1.908989651897432,Bad
2.920884899561935,3.7449701839445537,1.0340661298095608,1.6243059544641931,Moderate
1.773962374980084,3.464983225182209,1.1017560077730275,1.484462130275788,Good
2.160943562470126,1.6152519377806758,1.010175589584143,1.9639294101633475,Good
4.903462404530398,1.4811270153444884,1.2445461951029926,3.592119981892119,Moderate
2.6151090053983665,4.979449533565411,1.2275131441896618,1.374583812412156,Bad
2.565514786346934,1.6310591798744256,2.1076564228527013,1.6892342148383668,Bad
1.6787527484532632,5.409274002713419,1.045705392926545,1.604328950247678,Bad
2.3348046644734435,6.407117991649401,1.026766258841819,1.8440625901914576,Bad
1.954016143436211,1.7769212162005823,1.2984842689467548,2.598223866735798,Moderate
2.074013011468467,3.4413196891137217,1.092465237465993,1.829079237694972,Good
3.131200725873513,2.7314136070590957,1.008516539448115,1.644284157348908,Moderate
2.107196196817686,4.628377312453329,1.0594636610959969,1.329633754922697,Moderate
1.833084522345573,5.563086987158588,1.0116595507190052,1.5543840423699908,Bad
1.6691549700348642,6.793590862719939,1.114263496307812,1.2097669349508071,Bad
5.206317235697063,2.518441782442708,1.083948698017878,4.271365694622228,Bad
2.533903712071893,2.660422998853633,1.1399144966964632,1.9539397093868904,Good
1.4749314339207371,5.776058811774976,1.0165353470656822,1.3046619003179534,Moderate
2.9322185465936856,8.52102899571953,1.2973183054799844,1.7831294909269473,Bad
2.6957300861254585,4.20640913728006,1.0991061111542946,1.5843507473629632,Bad
1.9029561041434315,5.361946930576443,1.0340661298095608,2.0138731193728354,Bad
2.57748579139448,7.830905629818158,1.3392926544889234,1.779134329817284,Bad
3.7626156780827342,1.5994446956869262,1.426739214924213,1.829079237694972,Moderate
2.152881454397417,5.373778698610687,1.1247570835600469,1.669256011953652,Bad
1.674529687251049,2.1279934373126634,1.2966187329965022,1.3695889620239272,Moderate
1.292923281474056,4.336558585656741,1.0816167990672367,1.0449500574894588,Moderate
1.2982979986902408,5.3501151625422,1.0,1.0,Moderate
1.548223348944226,3.831768034243766,1.0223863194714342,1.2197554370590649,Moderate
1.4851285817016937,4.454876265999179,1.0121664889234356,1.1498335249648624,Good
2.1501940635408925,4.178770127152067,1.3194714434512242,1.2846836974332383,Bad
3.31908293026197,2.898383517558344,1.141131137193937,2.39345178217322,Bad
1.66459813755844,5.886520198142675,1.13291877186164,1.1448386745766337,Bad
1.6253391540750337,4.81768560100123,1.142458394092499,1.4944506323840456,Moderate
2.152881454397417,5.251580198353017,1.4547221142635056,1.4045505174051285,Bad
2.354434156215147,4.15510659108358,1.0559657986785853,1.7841291802055128,Moderate
2.6965479708652187,2.8024042152645583,1.2323797341624565,1.839067739803229,Moderate
2.5962973983964237,3.3032192926180284,1.1294209094442285,1.4245287202898431,Good
3.7901904740753887,4.419380961896448,1.048665899727944,4.481132629573036,Bad
1.1906863990667391,4.166938359117824,1.0364994387874078,1.2397336399437795,Good
3.249328152285869,3.6029889675336286,1.0582976976292269,1.7142060694431107,Moderate
1.8975813869272469,4.624496492538098,1.0909444228527012,1.1348501724683762,Moderate
1.3950432955627512,5.13326251801058,1.1119315973571706,1.3945620152968707,Moderate
3.192893395776905,5.055172848984571,1.0618569265448892,1.9664262360233624,Bad
2.393693139698553,2.3211825457757955,1.0,1.354605609527441,Good
1.639360191963308,5.44476930681615,1.109387699961135,1.469478777779302,Bad
1.4998507005079709,2.861563055435777,1.0279828993392923,1.3695889620239272,Good
1.988951902086708,3.8514560962527473,1.02215313797124,1.5044391344923034,Good
2.193191994760963,2.3527970299632948,1.037310523124757,1.2846836974332383,Good
4.407116979618712,1.796703932353838,1.1277480077730275,3.716981652252237,Moderate
2.4694068474902195,5.44476930681615,1.0340661298095608,1.7448871806831154,Bad
1.752463441618481,5.563086987158588,1.096774184220754,1.5843507473629632,Moderate
2.273813075488055,3.81198531809051,1.1189273221919938,1.4245287202898431,Good
6.855193639044029,1.201140056582144,1.1313979572483484,5.614872568917761,Bad
2.009516146886793,4.458851740058686,1.0535324897007383,1.7941176823137703,Good
2.494644728588487,3.050871343983677,1.1216647773027597,1.7042175673348532,Good
2.1394446291085227,4.947835049377912,1.493198600855033,1.589345597751192,Moderate
1.737507650671824,5.724850919722768,1.064360668480373,1.2796888470450098,Bad
2.381307871289799,1.6704353038923887,1.0408083855421686,1.3945620152968707,Good
2.9725290869572314,5.389585940704437,1.1982121943256898,2.085461180264647,Moderate
3.753735685270265,1.6902180200456445,1.1240980862806065,3.482241664028486,Moderate
2.4001194137948776,2.072715417056677,1.0466381748931208,1.6193123027441645,Good
1.7627455317700913,4.750670466855274,1.0377160792848814,1.3246389045344684,Bad
1.9394108284516915,5.645909363398294,1.141131137193937,1.2397336399437795,Bad
2.131382521035814,6.265136775238476,1.2296929560823942,1.1098783178636322,Bad
1.9943266837997573,1.8321992364565696,1.0559657986785853,1.3995556670168998,Good
1.9029561041434315,4.261592503391773,1.247182268169452,1.2647054945485237,Moderate
1.6987160114691764,4.214265431254798,1.079284872133696,1.5244173373770182,Good
2.2039414936901967,6.170482630964526,1.3276331037699185,1.4345172223981009,Bad
3.128396531195231,4.01710084873216,1.0644823381267003,1.5793558969747346,Bad
2.27112568463153,6.37162268754667,1.0582976976292269,1.7941176823137703,Bad
1.353330657860064,4.474564328008161,1.0851653385153517,1.3596004599156697,Good
1.10375584806508,4.916315219334686,1.0060832304702685,1.0998886170871751,Good
1.378919079417333,4.770358528864255,1.0268169358725223,1.1798002299578347,Good
1.5030755437370549,2.538129844451689,1.0414146910221531,1.2397336399437795,Good
1.7470886599054318,4.84930008518873,1.1235911480761758,1.589345597751192,Moderate
1.7851792181900763,5.077984497754594,1.0024333089778468,1.1698117278495772,Moderate
1.3305464309810775,2.4316439321434955,1.0,1.4544954252828155,Good
3.074649165542791,3.181020792360359,1.6272833361834436,2.8079908016866058,Bad
2.327560441140495,4.84930008518873,1.2017100567431014,1.329633754922697,Bad
2.023887725234069,5.953535332288632,1.4453944904780411,1.274695195324981,Bad
4.331403271827046,1.4377754172670194,1.1715473455110763,4.725859921236844,Moderate
1.5496254462833672,3.71733117381656,1.0038158600855034,1.3695889620239272,Good
2.096446697888452,3.815960792150016,1.0750450431403031,1.709212417723082,Moderate
4.889441366642123,1.354953041027313,1.0097331799455889,3.1076578516163305,Bad
2.555986858032877,7.819073861783914,1.3066459292654489,1.2197554370590649,Bad
2.1905046039044382,5.164782348053805,1.0,1.4544954252828155,Bad
3.112272315049813,5.054320961686106,1.163233570151574,1.9739179122716053,Bad
2.902657505159373,6.951379321224614,1.2457628635833655,1.2297451378355222,Bad
1.386981187490042,5.563086987158588,1.0023318989506411,1.5943392494712207,Bad
3.375634490592692,2.419812164109252,1.1877186070734551,1.5094339848805318,Moderate
2.1905046039044382,3.677955049798597,1.1585697722502917,1.2796888470450098,Moderate
2.962948077723624,6.075828486690575,1.0425826692576758,1.4544954252828155,Bad
3.010619645241876,3.035064101889928,1.0766487990672369,1.8940062994009452,Moderate
1.5724096731623538,4.24976073535753,1.1072677714729888,1.11986681997189,Moderate
1.489101201578737,5.961486280407644,1.0034978624174116,1.11986681997189,Bad
2.03873896676324,3.792297256081529,1.0589113626117372,1.4270255461498578,Good
2.160943562470126,7.061840707592314,1.0888152879906725,1.409545367793357,Bad
2.643267949493538,3.204684328428846,1.0669156191216478,1.9139845022856603,Good
2.3851469181602942,3.355846996834345,1.3597801383598913,1.6859043145795476,Moderate
1.653763696258552,6.482084073914369,1.1155815468324912,1.6342956552406505,Bad
1.3255555991028831,6.924497544250811,1.0399755584920327,1.2597118428284946,Moderate
1.7793370921962686,4.253736209417036,1.1445783225806452,1.3945620152968707,Moderate
1.427291727853588,2.9364344835564715,1.0093276237854645,2.083796230135237,Good
3.786802002300862,1.5009097314977442,1.179090555771473,2.178689996834184,Moderate
1.4971633096514465,3.1888770863350966,1.0474543241352507,1.354605609527441,Good
3.1848312877041955,4.403573719802698,1.1737271574038088,1.7042175673348532,Bad
1.8693055745134532,5.13326251801058,1.0928523528954528,1.5194224869887896,Bad
1.2198756805736024,3.263843168600065,1.006359757481539,1.3596004599156697,Good
2.701104803341643,5.705068203569513,1.2436844057520404,2.693118832102945,Bad
2.048074049452197,3.267723988515297,1.0559657986785853,1.609322601967707,Good
1.3987078784145528,3.12186195218914,1.0089036548775747,1.2397336399437795,Good
1.5858464984512477,5.251580198353017,1.0571317621453555,1.094894965367146,Moderate
2.27650046634458,2.908890127572752,1.4290711138748542,1.5094339848805318,Bad
3.17045970935692,3.4965030552254346,1.1131482378546445,2.6681469774982007,Moderate
1.6852791861802827,4.41152466792171,1.179556946754761,1.5094339848805318,Moderate
2.1260077393227643,5.626221301389313,1.2856587547609797,1.4644839273910732,Bad
2.0830098725995585,2.620952220691396,1.1049358725223477,1.2896785478214672,Good
2.620483722614551,1.4890779634635003,1.282160892343568,1.604328950247678,Good
2.73335323563248,4.577169420401123,1.349786241741158,1.5144288352687607,Bad
2.392057305722169,7.215653692037483,1.0594636610959969,1.918979352673889,Bad
2.2496267512699277,6.170482630964526,1.064127486980179,1.6143174523559356,Bad
1.9730614225785337,2.8260677513330457,1.4051437201710066,1.0,Moderate
2.116076189630156,5.216084894250287,1.0559657986785853,1.389567164908642,Bad
1.6530307538894458,4.147250297108842,1.1713952584531675,1.3046619003179534,Moderate
3.69811881350106,2.218672107527108,1.8802953657209485,2.7780240966936334,Bad
2.703792194198168,1.5284540874814636,1.1072677714729888,1.469478777779302,Good
2.1136458832758533,5.085935445873605,1.5806451612903225,1.314650402426211,Moderate
1.8062108072709209,2.8536121073167653,1.0089036548775747,2.0088794676528066,Good
2.545120555281886,4.979449533565411,1.0255495903614458,1.8890126476809168,Bad
2.65448479270353,3.1020792360358844,1.1058483668869024,1.9339627051703752,Good
1.611318116186759,4.991281301599655,1.0474492592304705,1.2996670499297247,Good
1.835771848705233,3.567493663430897,1.6634278958414304,1.389567164908642,Bad
3.5237903672169835,2.2581428856893453,1.0742155180722892,2.443396690050907,Moderate
2.721785851963486,6.320320141350189,1.1737271574038088,2.0338513222575503,Bad
2.131382521035814,5.993006110450869,1.0034978624174116,1.3845723145204134,Bad
1.1854284856723118,4.254682750859775,1.0034978624174116,1.11986681997189,Good
1.9912149680711495,3.0291955449449426,1.0098763124757093,1.3521087836674266,Good
1.857270846563701,4.667848090615568,1.1655654970851146,1.1398450228566048,Moderate
2.0534487666683816,6.667416888402763,1.1192314963078118,1.1798002299578347,Bad
3.108767039453528,1.903189844662032,1.0,1.799112532701999,Good
1.9618445148716763,5.874688430108432,1.1615376385542169,1.2397336399437795,Bad
1.8922066052141973,4.34441487963148,1.0559657986785853,1.7741394794290557,Moderate
1.2635959121801232,3.630627977661622,1.0279828993392923,1.3995556670168998,Good
1.7431160400283885,4.975474059505905,1.0429071029926156,1.314650402426211,Bad
1.1009515888899335,4.624496492538098,1.0279828993392923,2.198668199718899,Moderate
2.2996118213207244,3.4275948381939987,1.0167897396035757,1.4019062553565484,Good
2.641982655976154,5.030657425617618,1.036144587640886,1.449500574894587,Bad
1.419229619780879,5.302788090405224,1.125923047026817,1.529412187765247,Moderate
1.9325171455777437,4.28137521954503,1.5503303630003886,1.11986681997189,Moderate
2.962948077723624,3.82779256018426,1.0,1.918979352673889,Moderate
2.253482567325213,3.965798302535679,1.0206830003886511,1.6293008048524218,Moderate
1.7010528618666996,5.365922404635949,1.1776305759813448,1.4594890770028446,Moderate
2.267503605213488,5.665692079551549,1.0036499494753206,1.2247502874472935,Moderate
1.7683539211266557,4.230072673348548,1.008516539448115,1.15982202707312,Moderate
1.2311137432520425,3.113911004070128,1.377769141080451,1.0,Bad
2.511470025651908,3.82779256018426,1.1055718398756316,1.6842393644501383,Moderate
1.86802028099607,3.512310297319184,1.0676253493975905,1.1348501724683762,Good
2.32919627511688,3.4491759830884594,1.067413350952196,1.9639294101633475,Good
1.9352045364342685,4.790141245017511,1.2425184702681695,1.3795786628003843,Bad
2.394744696578693,5.421105770747662,1.2203653322969297,1.764150977320798,Bad
2.915276445708507,3.4728395191569468,1.0389327197823552,1.6942290652265954,Good
2.373783215589649,6.42292523374315,1.315973581033813,1.9739179122716053,Bad
3.0162280990953048,5.823385883911951,1.0547491581811117,1.6992227169466243,Bad
2.5962973983964237,4.289231513519767,1.1923824329576371,1.7192009198313394,Moderate
2.1152583048903955,3.882975926295973,1.0443062479595802,1.5793558969747346,Good
2.0515793250484817,4.076259688903379,1.0194663598911775,2.0288564718693216,Moderate
1.8169603062001547,6.9632110892588575,1.0256510003886514,1.1698117278495772,Bad
2.762914277066792,3.29536299864329,1.246016332685581,1.5793558969747346,Moderate
1.419229619780879,3.5833009055246468,1.0,1.1648168774613483,Good
2.12063302210658,4.865012673138205,1.0279828993392923,1.419533869901615,Bad
3.69811881350106,2.218672107527108,1.8802953657209485,2.7780240966936334,Bad
1.5643475650896446,4.794022064932743,1.0652934224640498,1.0,Good
2.6822931963397,3.942134766467192,1.0804508356004665,1.4544954252828155,Good
2.0856971989592186,5.231797482199762,1.0966681849980566,1.469478777779302,Moderate
2.421618411653345,3.445200509028953,1.072289147298873,1.5543840423699908,Good
1.365482254128439,4.128130159965504,1.01199265915274,1.3729188622827464,Good
4.05553895955679,4.667848090615568,1.335794792071512,1.899001149789174,Bad
1.4810390935060278,3.997412786723179,1.0862805969685192,1.5194224869887896,Good
3.4172303244736217,2.167369561330627,1.0571824391760591,2.238623406820129,Moderate
1.8814571707818284,4.021076322791666,1.0617955600466382,1.5943392494712207,Good
2.383995197649459,4.719150636812048,1.137582597745822,1.8790229469044597,Bad
1.995495108998519,6.0718530126310695,1.0401493882627284,1.0,Bad
2.0627961682584743,2.297519009707308,1.0190792444617178,1.5244173373770182,Good
1.9870824604668085,4.703343394718299,1.3297115616012438,1.4395120727863295,Moderate
1.6906539033964674,5.661716605492043,1.0443062479595802,1.5943392494712207,Bad
1.4138549025646945,5.898351966176919,1.2903225806451613,1.1847950803460634,Moderate
1.6169265055433228,5.338283394507956,1.018249719393704,1.03995520710123,Moderate
1.548223348944226,5.878663904167937,1.222697231247571,1.2921753736814816,Bad
2.6581068721215724,4.324726817622498,1.030314798289934,1.4345172223981009,Moderate
2.8395627379168404,3.7449701839445537,1.0048665899727944,1.389567164908642,Moderate
1.670767391649406,4.899750744086745,1.0279828993392923,1.408956821707295,Moderate
1.8088981981274452,5.551255219124344,1.2378546443839875,1.0,Bad
1.8411466304182824,5.279124554336737,1.2075398460940536,1.0,Bad
2.1582561716136013,5.496071853012631,1.3602798289933928,1.529412187765247,Bad
2.385280491166843,5.480264610918881,1.0669156191216478,1.5344058394852758,Bad
1.5347865236553324,4.565337652366879,1.024485036921881,1.3446171074191833,Good
1.9217677111453744,4.0249571427068975,1.3322969296541003,1.2097669349508071,Moderate
1.88613080708001,2.0570028291072013,1.0208705697629226,1.3246389045344684,Good
1.2311137432520425,3.113911004070128,1.377769141080451,1.0,Bad
1.7470886599054318,4.896627157325705,1.1119315973571706,1.8140958851984847,Moderate
3.4772659409321807,2.0530273550476954,1.0432463116984063,2.428413337554421,Moderate
1.3515079119701214,3.7855768118380784,1.0027982899339292,1.655742226670021,Good
3.829799933520932,1.1932837626074062,1.475709288767975,2.148723291841211,Moderate
4.052851568700266,3.1100301841548963,1.3229693058686358,1.7341842723278256,Moderate
1.6561854890267294,5.452720254935162,1.032849489312087,1.414539019513386,Bad
1.378919079417333,4.770358528864255,1.0268169358725223,1.1798002299578347,Good
1.9169771420317057,4.797997538992249,1.0559657986785853,1.2896785478214672,Bad
2.591899873175516,2.778740679196071,1.1119315973571706,1.3446171074191833,Good
1.81388903000564,5.673548373526288,1.234356781966576,1.8740292951844304,Bad
2.956404870811813,4.561362178307373,1.108433734939759,2.5133186021451097,Moderate
1.55897284787346,5.361946930576443,1.0608323886513795,1.03995520710123,Moderate
1.9225855958851343,4.013125374672654,1.0364994387874078,1.609322601967707,Good
1.6315318205278428,1.6862425459861383,1.0757870097162845,1.034961555381201,Good
1.7066613157201282,4.84930008518873,1.0364994387874078,2.128746287624696,Good
2.4497773557485165,3.6976431118075785,1.0,2.1637066443376973,Good
3.3717255936178554,1.9110461386367696,1.2251351574038087,3.776915062238182,Moderate
1.5294117419422832,5.101648033823081,1.0571317621453555,1.4594890770028446,Good
2.803224817430338,3.33871459672076,1.239679605130198,1.3945620152968707,Moderate
1.7712749841235595,4.7111996886930365,1.055149621453556,1.3096555520379822,Moderate
2.445804735871473,5.1884458841222925,1.0851146614846483,1.4794672798875594,Moderate
1.722902335687304,5.653860311517306,1.1130975608239408,1.354605609527441,Bad
1.9980041015276109,4.494347044161417,1.7042363093664985,1.1997784328425498,Bad
1.1800537684561272,3.910614936423966,1.0314807617567043,1.544395540261733,Good
2.4834278853784943,6.04430865664735,1.2225912320248735,1.214761785339036,Moderate
1.4879327763799757,5.038608373736629,1.0,1.374583812412156,Moderate
2.873480349063051,4.119611286980849,1.1270890104935871,1.6293008048524218,Moderate
2.446572506547453,4.951810523437418,1.1055718398756316,1.5543840423699908,Bad
2.6903553044124093,1.0276390101279935,1.0559657986785853,1.7841291802055128,Good
3.978072613966981,2.684086534922121,1.1289646762534007,3.3673696944448253,Bad
1.084126356323377,5.922015502245406,1.0279828993392923,2.198668199718899,Bad
2.4469731610702343,2.9955933237276904,1.018249719393704,1.234738789555551,Good
3.2520155431423934,2.4789710042804707,1.3287990672366887,1.2397336399437795,Moderate
1.229945318053281,4.620521018478592,1.0241670392537894,1.414539019513386,Good
1.3813727336366135,6.237497765110482,1.0255495903614458,1.3096555520379822,Moderate
1.8438339567779425,1.6783862520114003,1.222697231247571,1.0,Good
3.108767039453528,4.821661075060737,1.0316328488146134,1.9139845022856603,Bad
1.6906539033964674,4.494347044161417,1.163233570151574,1.0749167624824312,Moderate
1.4178275224417378,4.999137595574393,1.0364994387874078,1.3945620152968707,Moderate
2.0515793250484817,3.374209900823491,1.0620490291488536,2.2186464026036137,Moderate
1.7234865482866848,3.0784156999673966,1.0255495903614458,1.419533869901615,Good
1.7712749841235595,3.673979575739091,1.4966964632724449,1.3645953103038984,Bad
1.6906539033964674,5.30676356446473,1.167897396035756,1.4295223720098722,Bad
2.760226950707132,4.896627157325705,1.1888845705402251,1.4944506323840456,Bad
2.2282446217300818,5.440888486900918,1.0340661298095608,1.799112532701999,Bad
2.273813075488055,7.207702743918471,1.2366886809172173,1.8091010348102567,Bad
2.386682588505984,2.3093507777415523,1.3532841041585697,1.3346286053109258,Good
2.920884899561935,4.305038755613516,1.0729988775748154,1.4894557819958172,Moderate
1.2257390260358578,5.247604724293511,1.0104935872522347,1.0849052645906887,Moderate
2.104508805961162,4.652040848521818,1.174893120870579,1.669256011953652,Moderate
3.21532708219689,2.11616166927842,1.026766258841819,1.7142060694431107,Moderate
2.534487924671274,4.892651683266199,1.0826767353284104,1.8140958851984847,Bad
2.537175251030934,5.425081244807168,1.0687912848814614,1.2647054945485237,Bad
2.511470025651908,4.147250297108842,1.0291995398367664,1.469478777779302,Moderate
1.327859040124553,3.63848427163636,1.0268169358725223,1.314650402426211,Good
4.3454243097153205,1.4574634792760008,1.0766487990672369,2.867924211672551,Moderate
1.3757643442800491,4.750670466855274,1.152080985619899,1.4245287202898431,Good
2.3490594389989625,5.535542631174868,1.13291877186164,2.4084351346697064,Bad
1.765900266907375,4.809829307026492,1.116798187329965,1.899001149789174,Bad
1.3617433063917748,5.866832136133693,1.0454722114263506,2.198668199718899,Bad
1.8088981981274452,4.376029363818979,1.071123211815002,1.4744724294993308,Moderate
1.6530307538894458,6.789710042804707,1.1900505340069958,1.0,Bad
3.5046282197560394,2.6406402827003777,1.2250291581811117,2.158712992617669,Moderate
3.0128396273207776,4.427237255871185,1.4185775266226195,1.9039960001774028,Bad
1.7309644437600131,4.963642291471661,1.270501369607462,1.354605609527441,Good
2.295312008849658,5.4014177087386805,1.4162456276719784,1.5943392494712207,Bad
2.160943562470126,3.5911571994993845,1.1200932856587642,1.3795786628003843,Good
2.193191994760963,5.567062461218094,1.1970969358725223,1.669256011953652,Bad
1.9394108284516915,4.951810523437418,1.059615748153906,1.3845723145204134,Bad
2.3732457632170902,5.314619858439468,1.1609016712009328,1.1098783178636322,Bad
3.877121025077048,2.0017248088512143,1.0571824391760591,2.79300744919012,Moderate
2.803108013608581,2.680111060862614,1.1070650073843762,1.958934559775119,Moderate
2.522686868861901,1.8873826025682825,1.2251351574038087,2.0138731193728354,Bad
3.462097697313592,2.758957963042815,1.0890364928099494,1.799112532701999,Moderate
2.7118543022708765,3.823817086124754,1.1515740474154683,1.3795786628003843,Moderate
1.6369065377440275,3.788321782022023,1.0687912848814614,1.2447284903320084,Good
2.163630953326651,1.6586035358581448,1.409249902837155,1.0,Moderate
2.651680598025248,3.117886478129634,1.0047449203264671,2.173696345114155,Good
1.1693042695268934,6.343983677418676,1.0292654395647105,1.154828375353091,Moderate
1.7997611208127535,5.235772956259268,1.0034978624174116,1.449500574894587,Moderate
2.0796214008250318,3.563518189371391,1.059615748153906,1.4045505174051285,Good
2.453866843944182,3.524142065353428,1.1130975608239408,2.058823176862294,Moderate
1.975865617256816,4.466708034033423,1.1374811877186164,1.4045505174051285,Moderate
1.5132875257968648,3.3623781327892472,1.0139914496696465,2.503330100036852,Good
2.7666532248034565,2.0570028291072013,1.0450159782355228,2.283573464309588,Moderate
1.988951902086708,4.461596710242629,1.0676253493975905,2.0873634666976013,Good
2.230815144267984,2.865443875351009,1.0851146614846483,1.1248616703601186,Good
1.8636971206600248,4.182745601211574,1.0036499494753206,1.884017797292688,Moderate
2.7252911275597707,4.553505884332635,1.438398765643218,1.6542726594571655,Bad
2.9405143913036387,2.861563055435777,1.0559657986785853,1.834072889415001,Moderate
2.7736637759960256,1.7414259120978512,1.1923824329576371,1.6243059544641931,Good
2.093759307031928,3.863287864286991,1.6331130975514965,1.4944506323840456,Good
3.0726947170553727,5.105623507882586,1.5001943256898562,1.884017797292688,Bad
1.776894079959644,3.63848427163636,1.178072985619899,1.779134329817284,Good
2.3309807743661253,3.054752163898909,1.10048404508356,1.918979352673889,Good
2.9429680455229192,1.3589285150868189,1.283870955305091,1.764150977320798,Good
2.0143597969200124,4.971498585446399,1.0190792444617178,1.4395120727863295,Moderate
1.9567034697958712,1.6744107779518946,1.030314798289934,1.2697003449367523,Good
1.7712749841235595,3.673979575739091,1.4966964632724449,1.3645953103038984,Bad
1.5831591720915876,4.81768560100123,1.2203653322969297,1.314650402426211,Moderate
1.9352045364342685,5.661716605492043,1.0116595507190052,1.4994454827722743,Bad
2.972845250587411,1.9736125280018508,1.1086394931986008,1.6763916837465784,Good
2.3404131183268726,2.5421053185111955,1.0089036548775747,1.8140958851984847,Good
2.4862320800567765,6.154675388870776,1.4282600295375047,1.1248616703601186,Bad
2.8479753864485517,3.4846712871911905,1.152080985619899,1.6293008048524218,Good
1.6169265055433228,5.212109420190781,1.1628096012436844,1.4794672798875594,Bad
2.957339623870196,3.0784156999673966,1.0888152879906725,2.0088794676528066,Moderate
2.0151245362433574,5.488215559037893,1.150864317139526,1.2896785478214672,Bad
1.7873992002689778,4.947835049377912,1.4010882145355616,1.3246389045344684,Bad
2.57748579139448,4.592882008350599,1.0046638258841818,1.3695889620239272,Moderate
1.7578381588346657,6.119180084768044,1.315973581033813,1.1298553220801475,Bad
2.144118265406705,3.5083348232596783,1.059615748153906,1.4445057245063584,Moderate
1.982111364629176,2.684086534922121,1.0,1.4245287202898431,Good
2.134069847395474,3.212540622403584,1.1235911480761758,1.639289306960679,Moderate
3.807015706641945,1.2799869587623445,1.1131482378546445,2.19367334933067,Moderate
2.489036339231923,4.450900791939674,1.2287297846871357,2.2635964600930727,Good
3.271411298246853,3.2401796325315777,1.0437993097551497,1.6342956552406505,Moderate
4.140716872760306,1.5719003397032068,1.0,2.278579812589559,Moderate
1.8841444971414885,5.590725997286581,1.3148076175670425,1.5993340998594494,Bad
2.738611149026907,2.2423356435955952,1.1021984174115818,2.383463280064962,Moderate
1.2579874583266948,6.919859491181389,1.1049358725223477,1.0,Bad
1.5885338893077725,4.245879915442298,1.0991061111542946,1.2397336399437795,Moderate
1.911368752675142,4.896627157325705,1.0693489280994948,1.799112532701999,Bad
1.9394108284516915,4.561362178307373,1.0038932607850757,1.6342956552406505,Bad
1.389785382168324,3.7764900139877793,1.01199265915274,1.3196452528144396,Good
3.341504942749466,3.181020792360359,1.130586872910999,2.1637066443376973,Moderate
1.034935823147361,4.94395422946268,1.0,1.1897887320660925,Good
3.815288138990056,2.1437060252621394,1.23658268169452,2.1187565868482388,Moderate
2.2086151299883783,2.6761355868031087,1.0669156191216478,1.6243059544641931,Good
1.854583455707176,5.989030636391363,1.101438010104936,1.4045505174051285,Bad
2.8395627379168404,5.610414059295563,1.015816410415857,1.6143174523559356,Bad
2.8498873315022104,1.5679248656437008,1.0572983163622232,1.7941176823137703,Good
1.4066106792317452,3.29536299864329,1.0,1.15982202707312,Good
1.168252712646754,3.677955049798597,1.008516539448115,1.2796888470450098,Good
2.1693562110018365,1.504790551412976,1.0496060411970465,1.8740292951844304,Good
1.7094655103984104,6.048189476562582,1.2063738826272834,1.094894965367146,Bad
1.6691549700348642,6.295331447261866,1.159152739992227,1.11986681997189,Moderate
2.9268438293775008,2.013556576885458,1.0594636610959969,2.148723291841211,Moderate
1.5636464841716418,4.009244554757423,1.0608323886513795,1.3995556670168998,Good
1.8035234164143965,5.200277652156537,1.2087057815779243,1.4594890770028446,Moderate
1.0448673728399704,4.951810523437418,1.0,1.0799116128706598,Good
3.671245162923273,2.2699746537235885,1.0991061111542946,2.443396690050907,Moderate
2.107196196817686,4.7111996886930365,1.1459977271667314,1.7192009198313394,Moderate
1.6073454963097151,4.403573719802698,1.0559657986785853,1.3246389045344684,Good
2.41051837226511,3.871144158261729,1.0693489280994948,1.3596004599156697,Moderate
1.4038064845534632,3.468864045097441,1.0060832304702685,1.4594890770028446,Good
3.260077651215102,2.167369561330627,1.1247570835600469,1.8190895369185145,Good
2.3893699793625087,2.0806663651756887,1.02215313797124,1.374583812412156,Good
4.498954903555797,2.02150752500447,1.77419355771473,1.8190895369185145,Bad
2.4834278853784943,2.778740679196071,1.0802987485425573,1.449500574894587,Good
2.02634137945335,6.000862404425607,1.1289646762534007,1.1698117278495772,Bad
4.003310495065248,1.6783862520114003,1.0145997699183833,2.003884617264578,Moderate
2.2030067406318143,4.364197595784735,1.0027982899339292,1.6243059544641931,Moderate
1.959390860652396,5.559206167243356,1.1434123591138747,1.1448386745766337,Bad
2.1851298866882534,3.626652503602116,1.060629624562767,1.6293008048524218,Moderate
2.7161774626069217,1.5009097314977442,1.241352506801399,1.6542726594571655,Moderate
1.9432666445069773,3.8474806221932414,1.278663029926156,1.2896785478214672,Moderate
2.93490593745021,5.886520198142675,1.0669156191216478,1.4245287202898431,Bad
1.445869598218287,5.089816265788837,1.0500194325689856,1.274695195324981,Moderate
2.160943562470126,6.111323790793307,1.1037699090555773,1.5244173373770182,Bad
2.7817258840687358,4.028932616766404,1.060629624562767,1.5993340998594494,Moderate
1.4837264843625526,4.747168263517137,1.0314807617567043,1.7391791227160542,Moderate
2.647357437689203,1.4811270153444884,1.0816167990672367,1.2497221420520372,Good
1.6180949307420844,4.237928967323287,1.1923824329576371,1.3795786628003843,Moderate
1.9916392929432325,4.920290693394192,1.0629615235134084,1.724195770219568,Moderate
3.090773381688209,3.12186195218914,1.3637776914108044,1.709212417723082,Bad
1.69428978514353,6.0166696465193565,1.1206762534006995,1.395560505907237,Bad
2.0067119522085117,5.267292786302494,1.0547491581811117,1.0,Bad
2.0235371847750683,2.948266251590716,1.024332949863972,1.3945620152968707,Good
1.8749139638700172,3.52802288526866,1.0072998989506412,1.409545367793357,Good
1.5636464841716418,6.63977787827477,1.3601277419354838,1.5660374946076578,Bad
1.8760823890687792,4.170913833177329,1.1574038087835212,1.8091010348102567,Moderate
1.489101201578737,5.961486280407644,1.0034978624174116,1.11986681997189,Bad
2.2576888593426365,4.865012673138205,1.0687912848814614,1.3845723145204134,Bad
1.7593039790760132,5.239748430318774,1.0081616883015934,1.0998886170871751,Moderate
2.259090956681778,6.553074682119831,1.0766487990672369,2.198668199718899,Bad
1.4299791187101127,3.748945658004059,1.0023318989506411,1.4744724294993308,Good
1.6772170781075737,5.500047327072137,1.1037699090555773,1.409545367793357,Bad
2.8408480314342244,1.504790551412976,1.631947134084726,1.6507054228948022,Moderate
1.988951902086708,3.8514560962527473,1.02215313797124,1.5044391344923034,Good
3.815288138990056,2.1437060252621394,1.23658268169452,2.1187565868482388,Moderate
2.948926975338485,4.403573719802698,1.0133831294209097,1.2996670499297247,Moderate
1.2272746963815475,3.974885100385978,1.0079951061018266,1.2996670499297247,Good
3.6303504099603456,2.660422998853633,1.099765108433735,2.19367334933067,Moderate
2.32218572392431,5.468432842884638,1.2576758554216867,1.2397336399437795,Moderate
1.2047074369550137,2.8970583595385087,1.0877645581033812,1.2796888470450098,Good
1.3977306864192758,6.024525940494094,1.0676253493975905,1.0,Bad
2.453866843944182,3.437344215054216,1.5748153999222696,1.234738789555551,Bad
1.9728276859412897,4.628377312453329,1.1574038087835212,1.9489460576668611,Moderate
2.510301600453147,6.947403847165108,1.163233570151574,1.4295223720098722,Bad
1.69428978514353,6.0166696465193565,1.1206762534006995,1.395560505907237,Bad
1.467602268217134,6.777878274770464,1.005829761368053,1.174805379569606,Bad
2.4001194137948776,5.713019151688525,1.0501360373105324,2.333518372187275,Bad
1.661092861962155,5.701187383654281,1.0559657986785853,1.4794672798875594,Bad
2.336006499048059,4.103898699031372,1.194608332685581,1.4894557819958172,Moderate
2.1851298866882534,2.2856872416730645,1.865137980567431,1.569367394866477,Bad
2.220065709835615,3.614820735567872,1.6261173727166731,1.374583812412156,Bad
2.245069918793503,2.5459861384264277,1.0097331799455889,1.4944506323840456,Good
3.692744096284876,3.334833776805528,1.1340847353284105,1.744172774436083,Moderate
2.418931020796821,4.999137595574393,1.0048665899727944,1.2297451378355222,Moderate
1.9943266837997573,4.514035106170399,1.158164216090167,1.2597118428284946,Bad
3.530036114589344,4.131443055015092,1.06486945355616,1.8690344447962015,Moderate
2.0023887918724665,5.417224950832431,1.0944422852701128,1.7142060694431107,Bad
2.045386658595673,1.354953041027313,1.0827827345511076,1.6293008048524218,Good
1.4326664450697726,4.458851740058686,1.0151574131364167,1.0299667049929724,Good
1.9459540353635016,4.936003281343668,1.0501360373105324,1.5593788927582195,Bad
2.357121547071672,2.565768854579683,1.1247570835600469,2.2735849622013298,Good
1.55897284787346,5.361946930576443,1.335794792071512,1.3246389045344684,Bad
2.8339543485602765,1.6192274118401817,1.0953962502914885,2.0288564718693216,Good
2.413556303580636,2.1358497312874016,1.342790516906335,1.274695195324981,Moderate
2.957339623870196,3.0784156999673966,1.0888152879906725,2.0088794676528066,Moderate
2.3488257023617183,4.734863224761524,1.0194663598911775,1.4544954252828155,Bad
1.7094655103984104,3.6581723336453416,1.0705655685969686,1.609322601967707,Good
1.7010528618666996,3.535973833387672,1.3599618313253012,1.6492790077371366,Bad
5.029651939015464,1.2642743708128688,1.1557309071123203,4.965593561180624,Bad
1.5939086065239567,3.886951400355479,1.0408083855421686,1.908989651897432,Good
1.601970714596666,4.521891400145136,1.0011659634667702,1.414539019513386,Good
2.3383099400697285,5.996981584510375,1.2087057815779243,1.0,Bad
3.0162280990953048,3.374209900823491,1.0437993097551497,1.609322601967707,Good
2.0515793250484817,5.003113069633899,1.0559657986785853,1.234738789555551,Moderate
1.852480277450032,5.744538981731751,1.0594636610959969,1.0998886170871751,Bad
2.0426993322360127,3.4491759830884594,1.2623396813058687,1.729189421939597,Bad
2.491489993451204,1.3312895049588254,1.179556946754761,1.5244173373770182,Good
1.6503433630329214,5.772177991859743,1.28799068169452,1.0149833524964862,Moderate
2.1905046039044382,3.334833776805528,1.08861252390206,1.5344058394852758,Moderate
3.112272315049813,1.3312895049588254,1.426739214924213,1.7491676248243118,Good
2.3882182588516736,3.784440962106791,1.125923047026817,1.6492790077371366,Moderate
1.9169771420317057,4.975474059505905,1.0304162083171395,1.7391791227160542,Bad
2.6180300683952704,5.894376492117413,1.0279828993392923,1.9489460576668611,Bad
1.030846334951696,5.507903621046875,1.0,1.0249718546047435,Good
2.0599919735801926,4.131443055015092,1.0474492592304705,1.544395540261733,Moderate
1.6870318239784252,5.4014177087386805,1.0304162083171395,1.4295223720098722,Bad
2.292624682489998,5.855000368099449,1.2553439564710454,1.4045505174051285,Bad
1.2131200854867243,3.685811343773335,1.0,1.3196452528144396,Good
2.674231088266991,4.021076322791666,1.0559657986785853,1.4395120727863295,Moderate
2.440429954158424,5.515759915021612,1.1907925005829771,1.329633754922697,Bad
2.3383099400697285,5.432937538781906,1.0198212110376992,1.3845723145204134,Bad
4.143521067438589,3.165213550266609,1.0961151869413135,3.222531019868191,Bad
2.1020551517418813,5.531567157115362,1.1094982883793238,1.1947835824543211,Moderate
2.31925401894475,5.6893556156200376,1.0777302821609016,1.7391791227160542,Bad
2.303374116922367,3.035064101889928,1.335794792071512,1.389567164908642,Moderate
1.7543328832383809,5.736682687757012,1.0572983163622232,1.5094339848805318,Bad
1.765900266907375,5.125311569891568,1.005829761368053,1.389567164908642,Moderate
2.0431666765167718,3.3703290809082587,1.0523158492032647,1.709212417723082,Good
3.5882872317986574,5.381729646729699,1.0620490291488536,1.9039960001774028,Bad
2.0151245362433574,6.793590862719939,1.0656989786241742,1.254716992440266,Bad
4.498954903555797,1.2642743708128688,2.4970851146521573,2.7780240966936334,Bad
1.6057096623333302,4.947835049377912,1.0110714900893898,1.7541624752125404,Moderate
1.929829819218084,3.354521838814509,1.097331827438787,1.3096555520379822,Good
1.467602268217134,4.7151751627525424,1.041974349008939,1.03995520710123,Moderate
1.862645563779885,4.628377312453329,1.1177613587252235,1.3196452528144396,Bad
1.5364966580197157,5.145094286044824,1.1271950097162844,2.07380652935878,Moderate
3.7034935952141095,1.6783862520114003,1.1189273221919938,2.927857621658496,Moderate
2.116076189630156,1.8795263085935443,1.0279828993392923,2.1087680847399817,Good
1.0,4.999137595574393,1.0024333089778468,1.11986681997189,Good
1.9029561041434315,4.83349284309498,1.0897784593859308,1.3945620152968707,Bad
2.9164782802831217,4.312895049588255,1.1505746381655657,1.755682386489784,Bad
1.856886896728846,4.348390353690985,1.2961523420132142,1.1348501724683762,Good
1.510366462799961,6.359790919512426,1.041366028760202,1.7142060694431107,Bad
1.7067781195418856,7.061840707592314,1.2180334333462883,1.2896785478214672,Bad
2.9322185465936856,2.9285781895817338,1.037310523124757,1.6542726594571655,Moderate
2.0426993322360127,5.79584152792823,1.174893120870579,1.5094339848805318,Bad
1.7907876720435052,3.0863666480864085,1.0384764865915277,1.3096555520379822,Good
2.832297295115444,3.092897784041311,1.071229211037699,1.6143174523559356,Moderate
1.521349633869574,5.590725997286581,1.0174893120870578,1.3396222570309548,Good
1.7444013335457718,3.323002008771284,1.0705655685969686,1.6293008048524218,Good
2.0291456386284965,5.578894229252337,1.0407023863194715,2.0338513222575503,Moderate
2.510301600453147,2.33301431381004,1.1422463956471045,1.1148719695836613,Good
2.091071980672268,4.407549193862204,1.0489700738437622,1.3446171074191833,Moderate
2.1693562110018365,5.614389533355069,1.0127194869801788,1.5094339848805318,Bad
1.9602866576045708,6.209953409126763,1.1055718398756316,1.6492790077371366,Bad
2.3786204804332747,3.993437312663673,1.0046638258841818,1.3346286053109258,Moderate
2.502239492380437,2.71163089090584,1.108433734939759,1.484462130275788,Good
2.013138226304836,2.3843168600065203,1.101438010104936,1.174805379569606,Good
1.877718223045164,5.034632899677124,1.0340661298095608,1.529412187765247,Bad
2.362846804746858,2.7984287412050524,1.0693489280994948,2.15371814222944,Moderate
1.855284536625179,3.165213550266609,1.0693489280994948,1.409545367793357,Good
1.7793370921962686,5.267292786302494,1.093043140303148,1.9039960001774028,Bad
3.475067178321727,1.504790551412976,1.5083560139914498,1.7691458277090266,Moderate
1.1822737505350285,4.518010580229904,1.035282798289934,1.2397336399437795,Good
1.7578381588346657,6.056140424681594,1.0174893120870578,1.5344058394852758,Moderate
4.412725368975276,2.975905261718709,1.083948698017878,2.5732520121310545,Moderate
2.27112568463153,2.1358497312874016,1.4279051783909833,1.7591561269325693,Moderate
1.2692043015366874,6.213834229041995,1.029148862806063,1.094894965367146,Moderate
1.720682353608403,3.3032192926180284,1.0597816587640887,1.3945620152968707,Good
2.7736637759960256,3.934278472492454,1.1271950097162844,1.6992227169466243,Good
2.233502535124509,4.8611318532229735,1.0897784593859308,1.669256011953652,Moderate
1.4178275224417378,3.879095106380741,1.0635974908666923,1.374583812412156,Good
1.6261570388147937,3.0863666480864085,1.1037699090555773,1.1448386745766337,Good
3.010152300961117,3.0272078079151896,1.0826161803342402,2.248613107596586,Moderate
1.737507650671824,4.947835049377912,1.0036499494753206,1.0,Bad
2.0151245362433574,6.793590862719939,1.0656989786241742,1.254716992440266,Bad
2.701104803341643,2.415836690049746,1.0489700738437622,1.8890126476809168,Good
1.1346021830167758,6.036357708528338,1.0629615235134084,2.198668199718899,Bad
2.668505830591805,8.217378500888696,1.035282798289934,1.5244173373770182,Bad
1.3601074724153897,5.018825657583375,1.0104935872522347,1.11986681997189,Moderate
2.32218572392431,1.9741804528674949,1.1562378453167508,3.1026641998963016,Good
3.864735756668293,1.5245732675662316,1.4460940629615235,2.138734789732954,Moderate
1.157035869436761,3.334833776805528,1.0024333089778468,1.3346286053109258,Good
1.9338024390951272,4.778309476983267,1.0377160792848814,2.2336297551001,Good
2.901255407820232,2.435619406203001,1.0389327197823552,1.724195770219568,Good
2.113271994951874,5.054320961686106,1.0068132203653324,2.6781354796064583,Moderate
1.799200256078351,3.3071947666775343,1.3893272817722502,1.1498335249648624,Bad
2.6661689801942816,3.6581723336453416,1.0524679362611735,1.419533869901615,Good
2.657288987381812,4.2970878074945045,1.0852206607073456,1.8790229469044597,Moderate
2.020223142382268,5.965367100322875,1.0788609032258063,1.148070284043076,Moderate
1.7578381588346657,4.0999232249718665,1.0559657986785853,1.3995556670168998,Good
1.855284536625179,4.403573719802698,1.401493770695686,1.0,Moderate
3.0946124285587047,5.085935445873605,1.0879462510687914,1.5425555845751646,Moderate
2.362846804746858,4.498227864076648,1.0255495903614458,1.4045505174051285,Moderate
3.487335578411859,4.486396096042405,1.0012166404974738,2.258601609704844,Bad
2.445804735871473,1.7730403962853507,1.0209871745044694,1.9289678547821465,Good
1.2664001068584052,7.475952588790846,1.041366028760202,1.3845723145204134,Bad
1.8062108072709209,1.7835470062997592,1.0426406218422075,1.286348647562648,Good
2.3759330895767503,5.030657425617618,1.1667314325689857,1.764150977320798,Moderate
1.9253897905634163,6.1468190948960375,1.0291995398367664,1.529412187765247,Bad
2.4553857451050805,2.364628797997539,1.0632656976292263,1.9128313834775308,Moderate
1.835655044883476,6.442613295752133,1.026766258841819,1.15982202707312,Moderate
1.5294117419422832,6.142843620836532,1.101438010104936,1.214761785339036,Bad
1.857270846563701,7.077553295541789,1.1340847353284105,1.2297451378355222,Bad
2.3513628800206323,3.1375745401386155,1.0979401476875243,1.0849052645906887,Good
2.8193490335757563,4.0447398588601535,1.2506801305868636,1.0899001149789174,Bad
2.138509876050141,3.758505726575729,1.150864317139526,1.5543840423699908,Bad
2.2871330969551917,4.186721075271079,1.0381584889234357,1.3246389045344684,Good
2.7890869112234418,2.139825205346908,1.1459977271667314,2.4134299850579346,Good
2.289937291633473,7.010538161395833,1.1131482378546445,1.6942290652265954,Bad
1.7470886599054318,5.11745527591683,1.1535561601243685,1.7192009198313394,Moderate
1.8303971314890488,4.857156379163468,1.481539050136028,1.0,Bad
2.9517312345136317,3.8435998022780096,1.0121664889234356,1.859045942687944,Bad
1.7873992002689778,3.630627977661622,1.0932763218033423,1.2447284903320084,Good
2.5871837334435743,3.520166591293922,1.049882568208317,1.4395120727863295,Moderate
1.81427291534363,2.510490834323696,1.1200932856587642,1.3596004599156697,Good
3.620609448502576,1.6428909479086693,1.1111154201321414,1.799112532701999,Good
1.3197969320518437,4.127562235099861,1.0652934224640498,1.2097669349508071,Moderate
1.2418632421812763,5.141118811985318,1.0629615235134084,1.4045505174051285,Good
3.333103968150245,1.7808966902600885,1.0717822090944422,2.6681469774982007,Moderate
2.659328442736749,4.383885657793717,1.0936818779634667,2.2436182572083574,Bad
1.5777843903785382,5.219965714165518,1.095608248736883,1.958934559775119,Good
2.12063302210658,4.797997538992249,1.071123211815002,1.744172774436083,Moderate
2.093759307031928,3.863287864286991,1.6331130975514965,1.4944506323840456,Good
1.599283388237006,5.831336832030962,1.0629615235134084,1.8540510922997155,Moderate
2.494644728588487,2.845755813342027,1.0535324897007383,3.0726974949033288,Moderate
4.614628611252007,1.4614389533355068,1.12531472677808,3.711986801864009,Moderate
2.533903712071893,5.156926054079068,1.0133831294209097,1.7391791227160542,Bad
5.492346834297171,2.344846081844284,1.0255495903614458,1.8490562419114869,Bad
1.5831591720915876,6.075828486690575,1.1002720466381657,1.0,Bad
2.3740636479568504,3.0823911740269025,1.0086382090944424,2.1637066443376973,Moderate
2.0235371847750683,6.012694172459851,1.1301813167508743,1.5943392494712207,Bad
1.9325171455777437,4.407549193862204,1.2191993688301594,1.0,Moderate
1.1876272482827657,4.312895049588255,1.031798759424796,1.314650402426211,Good
3.7761693716902496,2.4553074682119838,1.143564446171784,2.443396690050907,Moderate
1.5912212801642969,4.159082065143085,1.167897396035756,1.5793558969747346,Good
4.266906407245372,1.5364050356004753,1.0961151869413135,3.831853621835898,Moderate
1.3574201460557298,2.948266251590716,1.1702292949863973,1.0,Good
2.023887725234069,4.174889307236835,1.1340847353284105,1.034961555381201,Bad
2.113271994951874,2.6012641586824143,1.0717822090944422,1.744172774436083,Good
5.197904651662217,1.907070664577264,1.083948698017878,3.4972250165249728,Bad
2.0348815382863386,6.584594512163057,1.142458394092499,2.083796230135237,Bad
1.6503433630329214,5.701187383654281,1.0559657986785853,1.4794672798875594,Bad
3.24126604421316,1.6689208375840057,1.413913728721337,1.8740292951844304,Moderate
3.210483432163671,2.703774596931102,1.0979401476875243,1.779134329817284,Moderate
3.3453405067892734,2.5854569165886647,1.1270890104935871,2.093784732243495,Moderate
2.5082343469495747,4.43906902390543,1.1182913548387097,1.6293008048524218,Moderate
2.701104803341643,2.8024042152645583,1.2075398460940536,2.1687014947259264,Moderate
2.264699410535206,3.5833009055246468,1.0742155180722892,1.294672199541496,Good
2.8999701143028487,3.133693720223384,1.121259221142635,2.2336297551001,Moderate
1.5748633273816344,5.563086987158588,1.0173227578701904,1.469478777779302,Moderate
2.0695729828138,2.920721895606996,1.2366886809172173,1.2397336399437795,Bad
2.021982165370004,4.746694992795767,1.054799835211815,1.389567164908642,Good
2.0561361575249064,3.662147807704848,1.0407023863194715,1.544395540261733,Good
1.6557181447459706,5.965367100322875,1.2378546443839875,1.4445057245063584,Bad
1.5724096731623538,5.519735389081118,1.0011659634667702,1.8190895369185145,Moderate
2.701104803341643,2.415836690049746,1.0489700738437622,1.8890126476809168,Good
1.1101821221614043,7.763795841527927,1.041974349008939,1.669256011953652,Bad
1.7470886599054318,6.4859648938296015,1.1830548091721729,1.1798002299578347,Bad
1.7094655103984104,3.334833776805528,1.0178073097551497,1.389567164908642,Good
2.3114362249950764,5.855000368099449,1.06645938593082,1.8140958851984847,Bad
1.181205488966962,2.582049367394802,1.000399763699961,1.2226094660425957,Good
2.8704090728685365,3.867263338346497,1.096774184220754,1.5194224869887896,Moderate
3.285031746109211,3.1888770863350966,1.0510992087057909,1.3695889620239272,Moderate
1.799200256078351,4.234048147408054,1.0389327197823552,1.3795786628003843,Good
3.923857839536918,1.473270721369751,1.172561221919938,4.111542468880908,Moderate
2.323883023412641,2.1155937444127764,1.186749027594248,1.525130544955851,Good
1.8438339567779425,6.464667711367962,1.1317528083948698,2.0238628201492928,Bad
3.664000939590324,1.5364050356004753,1.2104800652934318,1.6293008048524218,Moderate
1.888935066255157,3.73313841591031,1.0364994387874078,1.7841291802055128,Good
1.908330821359616,6.65558512036852,1.0921103863194714,1.3096555520379822,Bad
2.037558287160208,4.269543451510785,1.0279828993392923,1.589345597751192,Good
1.4810390935060278,6.103467496818569,1.1165954232413524,1.5793558969747346,Bad
3.163332354342592,5.361946930576443,1.228527020598523,1.6742508623418806,Bad
2.413556303580636,3.259867694540559,1.488534774970851,1.2846836974332383,Good
1.56166017423312,5.385610466644931,1.3462883793237466,1.0,Bad
2.2030067406318143,2.2581428856893453,1.0228951045472212,1.639289306960679,Good
3.6524335559213297,2.9285781895817338,1.0944422852701128,2.123751437236468,Bad
1.773962374980084,5.196302178097031,1.0897784593859308,1.0,Moderate
1.8196476325598143,2.8812511174447586,1.225612125923047,1.2697003449367523,Bad
4.3454243097153205,2.5854569165886647,1.1058483668869024,2.1886796976106413,Moderate
2.36565099942514,1.6277462848248372,1.0340661298095608,1.799112532701999,Good
1.9001519094651491,5.594701471346087,1.0559657986785853,1.2796888470450098,Bad
2.5248901462528752,2.7826214991113023,1.0827320575204042,3.971698644692503,Moderate
1.3477222040066357,2.033339293038713,1.0014599797901282,1.3346286053109258,Good
2.5675542417018717,5.559206167243356,1.01703307889623,1.2597118428284946,Bad
1.5912212801642969,4.8611318532229735,1.060629624562767,1.3196452528144396,Moderate
4.135108483403743,2.3961486280407645,1.092465237465993,2.967814027427925,Bad
1.3923559047062266,5.567062461218094,1.0104935872522347,1.294672199541496,Moderate
3.488221120362565,5.638053069423556,1.3797679315973572,2.158712992617669,Bad
2.0523172336761606,3.6029889675336286,1.2798289933929266,1.5144288352687607,Good
1.8795027222944096,2.9837615556934467,1.0572377613680528,2.1637066443376973,Good
1.341295929910311,4.24976073535753,1.1107656338904004,1.034961555381201,Good
1.5347865236553324,3.5438301273624093,1.7473765938593082,1.1798002299578347,Bad
1.755150767978141,3.4531514571479653,1.2658375437232805,1.314650402426211,Moderate
2.303958329521748,2.3882923340660263,1.2728332685581034,1.5344058394852758,Moderate
3.652784096380331,1.4299191232922814,1.0790821080450836,2.8079908016866058,Good
2.096446697888452,2.0608836490224327,1.121259221142635,1.1398450228566048,Good
1.8384592395617576,1.7690649222258448,1.0,1.1897887320660925,Good
2.569423683321771,2.861563055435777,1.024485036921881,1.5144288352687607,Moderate
3.899554711497033,2.648591230819389,1.1557309071123203,2.11376293512821,Bad
2.4918405339102048,5.168757822113311,1.0754321585697628,1.9289678547821465,Moderate
1.6234697124551336,5.338283394507956,1.1119315973571706,1.4644839273910732,Moderate
1.634219146887503,4.616545544419086,1.108433734939759,1.4894557819958172,Moderate
1.755150767978141,4.782190296898499,1.0909444228527012,1.0,Bad
3.394796638053636,1.7414259120978512,1.0912485969685193,4.061598759671421,Moderate
1.3842937966335174,5.223941188225024,1.0081616883015934,1.589345597751192,Good
2.392057305722169,3.6503160396706034,1.3812670034978625,1.1148719695836613,Bad
3.392526541910956,2.4908027723147144,1.385677360279829,1.864039594407973,Bad
1.174678986743078,7.432506336569103,1.0023318989506411,1.329633754922697,Bad
2.096446697888452,3.1928525603946025,1.015816410415857,1.2996670499297247,Good
1.6584054711056306,5.022801131642881,1.2553439564710454,1.604328950247678,Bad
1.8833266124017285,7.199846449943733,1.0912485969685193,1.8190895369185145,Bad
2.377008058818733,3.662147807704848,1.0079951061018266,1.4395120727863295,Good
1.0752463635109075,7.783578557681183,1.0,1.0,Bad
2.2039414936901967,2.557817906460671,1.649436446171784,1.4045505174051285,Bad
1.4541654429282402,5.464552022969405,1.0746210742324136,1.0,Moderate
2.57748579139448,5.957510806348138,1.2320248830159346,1.3396222570309548,Moderate
3.734106193528561,3.5004785292849405,1.0510992087057909,2.1836848472224126,Moderate
1.5885338893077725,1.907070664577264,1.0116595507190052,1.5094339848805318,Good
1.9405792536504527,2.8852265915042645,1.0133831294209097,1.4345172223981009,Good
1.3729601496017674,5.235772956259268,1.0389327197823552,1.799112532701999,Good
2.545120555281886,4.841349137069718,1.0742155180722892,1.6293008048524218,Bad
3.0330533316618618,5.985149816476131,1.0401493882627284,1.6542726594571655,Bad
4.266906407245372,2.4513319941524774,1.1180148278274389,3.447281307315485,Moderate
2.832297295115444,3.092897784041311,1.071229211037699,1.6143174523559356,Moderate
1.7290950021401137,3.277000094654144,1.081515389040031,1.7841291802055128,Good
1.9755150767978145,5.1844704100627865,1.1947143319082782,1.7741394794290557,Bad
2.424539474650249,5.180589590147555,1.0,2.0088794676528066,Moderate
2.1413140707284226,6.063996718656331,1.1690633595025262,1.2597118428284946,Bad
3.35583285671942,1.85785050955481,1.2164992708900118,2.8054939758265918,Moderate
1.5052254177241555,5.977198868357119,1.0011659634667702,1.274695195324981,Bad
1.9137056030726651,4.466708034033423,1.228527020598523,1.389567164908642,Moderate
1.4486738573934337,4.671823564675073,1.0826767353284104,1.3695889620239272,Moderate
1.3477222040066357,4.589001188435367,1.026766258841819,1.0,Good
3.875485191100663,2.2659991796640826,1.15507190983288,2.6381802725052284,Moderate
1.9835771848705237,1.851887298465551,1.0466381748931208,2.018867969761064,Good
4.143521067438589,1.6428909479086693,1.0669156191216478,3.7519420089652384,Bad
1.682591795323758,5.3264516264737125,1.0431403124757093,1.0149833524964862,Moderate
2.370558372360565,4.241904441382792,1.058399107656432,1.5344058394852758,Moderate
2.393693139698553,5.661716605492043,1.0827320575204042,2.298556816806074,Bad
1.405792794491985,3.524142065353428,1.0069957248348231,1.0,Good
1.2499253502539855,2.518441782442708,1.0,1.409545367793357,Good
2.005076118232126,5.172638642028543,1.1037699090555773,1.0,Bad
1.5831591720915876,2.660422998853633,1.0116595507190052,1.0,Good
3.4368598162153248,2.573625148554421,1.0470621438010106,1.8440625901914576,Moderate
2.7526321869151813,4.352365827750491,1.1434123591138747,2.5183134525333384,Moderate
2.609734223685317,5.2554610182682495,1.121259221142635,1.5493891919817622,Moderate
2.267503605213488,4.277399745485523,1.00644823940925,1.6492790077371366,Bad
1.86802028099607,2.9443854316754834,1.2611737178390985,1.4045505174051285,Good
2.817129051496855,3.062703112017921,1.0948985184609406,1.589345597751192,Moderate
2.23385307558351,3.953966534501435,1.090031928488146,1.7741394794290557,Good
2.779527121458281,4.825636549120242,1.0644823381267003,1.294672199541496,Good
2.7659855532613067,5.819505063996719,1.077286109599689,1.3596004599156697,Bad
3.291040789988556,3.113911004070128,1.092465237465993,4.640954656646155,Bad
1.408480120851645,2.1792013293648704,1.0489700738437622,1.2447284903320084,Good
3.85398625773906,2.9995687977871963,1.013626468713564,2.493340399260395,Moderate
1.50791280858068,2.5459861384264277,1.1713952584531675,1.11986681997189,Good
2.460994198958509,5.30676356446473,1.1399144966964632,1.7341842723278256,Moderate
1.5944928191233376,4.525866874204642,1.0389327197823552,1.3945620152968707,Moderate
3.1525828554133586,2.404004922015502,1.1609016712009328,1.6742508623418806,Moderate
2.459241561160366,4.577169420401123,1.0629615235134084,1.5094339848805318,Bad
2.755436381593464,3.070559405992659,1.122881417800233,1.639289306960679,Moderate
1.7066613157201282,2.829948571248278,1.0305267967353284,1.1897887320660925,Good
2.640463754815255,2.447451174237245,1.0632656976292263,1.5593788927582195,Good
1.2159242801650063,5.847049419980437,1.026766258841819,1.2397336399437795,Moderate
1.2019032422767315,5.6498848374578,1.0121664889234356,1.0199782028847149,Good
2.005564746478197,5.618365007414575,1.0023318989506411,1.414539019513386,Bad
2.918781721304792,4.423356435955954,1.1317528083948698,1.804106184422028,Moderate
2.4834278853784943,2.0766908911161828,1.0547491581811117,1.5643725444782484,Good
1.748724493881817,4.557386704247867,1.0012166404974738,1.644284157348908,Moderate
2.201254102833672,2.829948571248278,1.4535561507967354,1.2996670499297247,Moderate
1.4541654429282402,4.691511626684054,1.1492421204819276,1.0749167624824312,Moderate
1.5106001994372047,3.40582438501099,1.0279828993392923,1.5044391344923034,Good
1.795461308341687,2.8260677513330457,1.003997553050913,1.5993340998594494,Good
2.4778194315250657,4.391741951768454,1.0279828993392923,1.374583812412156,Moderate
1.9943266837997573,4.87684444117245,1.215701506412748,1.414539019513386,Moderate
2.5463123283456266,2.707750070990608,1.0734551107656432,2.248613107596586,Moderate
3.2601944550368605,2.7826214991113023,1.0,1.958934559775119,Good
2.448492062231133,3.425512447019972,1.0778654675476098,1.609322601967707,Good
1.8160255531417728,2.557817906460671,1.1800638849591916,1.254716992440266,Good
1.9110182122161403,7.606102037167528,1.270501369607462,1.1698117278495772,Bad
3.4508808541036,2.214696633467602,1.0953962502914885,2.758047092477118,Good
1.6691549700348642,6.509628429898089,1.1445783225806452,1.414539019513386,Bad
3.837862041593641,1.3154822628650755,1.1545142666148465,2.957824326651468,Moderate
2.016593452334205,1.4890779634635003,1.0153905946366109,1.4794672798875594,Good
1.8973476502900024,5.4566010748503935,1.071229211037699,1.5593788927582195,Bad
1.880522417723446,6.54512373400082,1.0656989786241742,1.6892342148383668,Bad
1.4256793062390465,2.0806663651756887,1.1480761849980567,1.294672199541496,Good
2.547924749960168,6.462301357761114,1.3287990672366887,1.0699219120942025,Bad
2.448492062231133,4.904483451300443,1.2903225806451613,1.5194224869887896,Moderate
1.5697222823058292,2.9837615556934467,1.0559657986785853,1.3246389045344684,Good
3.837862041593641,1.5284540874814636,1.0790821080450836,2.648168774613486,Moderate
1.492521534804368,4.794022064932743,1.2543899914496697,1.3246389045344684,Moderate
1.142430554452241,6.359790919512426,1.0069957248348231,1.0,Moderate
1.4729769854333186,6.549099208060325,1.0489700738437622,1.0699219120942025,Bad
1.214989527106624,4.7111996886930365,1.1628096012436844,1.0,Bad
2.2039414936901967,6.170482630964526,1.3276331037699185,1.4345172223981009,Bad
1.878769779925304,6.383454455580914,1.0326467252234746,1.409545367793357,Bad
1.620782321598609,4.600832956469611,1.0582976976292269,2.31354016930256,Moderate
2.1905046039044382,3.334833776805528,1.08861252390206,1.5344058394852758,Moderate
4.109870537808611,2.91674642154749,1.1338312662261951,2.683130329994687,Moderate
1.8328507857083287,1.473270721369751,1.0462326187329964,1.6193123027441645,Bad
1.854583455707176,4.805853832966987,1.1610182759424796,1.529412187765247,Moderate
3.3917587067381105,2.250191937570333,1.064127486980179,1.5493891919817622,Moderate
1.988951902086708,5.409274002713419,1.101438010104936,1.1148719695836613,Bad
2.1394446291085227,3.0429203958646656,1.2378546443839875,1.6792457127301093,Bad
1.5218382621156448,4.072284214843873,1.068685285658764,1.3645953103038984,Good
2.107196196817686,6.213834229041995,1.1282549459774582,1.294672199541496,Bad
2.303374116922367,3.2401796325315777,1.2949864065293433,1.6842393644501383,Moderate
2.359808873431332,1.6231082317554135,1.2215312957637,1.0998886170871751,Good
5.685837428042193,1.6665544839771569,1.1727639860085504,3.811875418951183,Bad
1.810417099288344,4.758526760830012,1.0377160792848814,1.8890126476809168,Moderate
1.7150739642518391,3.808104498175278,1.0025438973960357,1.3795786628003843,Good
2.124488838161866,4.727006930786786,1.059615748153906,1.4045505174051285,Bad
2.502239492380437,2.0608836490224327,1.280994956859697,1.6892342148383668,Good
3.07511650982355,3.125742772104372,1.122881417800233,1.8540510922997155,Moderate
1.9110182122161403,5.054320961686106,1.0186552755538285,1.3396222570309548,Moderate
2.23385307558351,2.8260677513330457,1.0072998989506412,1.8890126476809168,Good
3.8687083765453374,2.467139236246227,1.018249719393704,2.39345178217322,Moderate
1.844322585024013,4.7309824048462925,1.133554739214924,1.609322601967707,Bad
2.706479520557828,2.013556576885458,1.3626117279440342,1.7741394794290557,Moderate
2.511470025651908,4.356246647665724,1.0790821080450836,1.8091010348102567,Moderate
1.1693042695268934,6.343983677418676,1.0292654395647105,1.154828375353091,Moderate
1.204240092674255,6.572762744128813,1.012825486202876,1.0,Bad
2.5318005338147493,5.610414059295563,1.15507190983288,2.5682571617428263,Moderate
3.4132577045965777,2.171345035390133,1.174893120870579,2.5882353646275407,Moderate
3.1900892010986226,2.226528401501846,1.0632656976292263,2.083796230135237,Moderate
1.1346021830167758,6.935572079130864,1.0291995398367664,1.2796888470450098,Moderate
1.9110182122161403,4.888676209206693,1.054799835211815,1.409545367793357,Moderate
4.785685518577044,1.5442613295752132,1.1362645472211426,3.42730310443077,Bad
1.6879665770368073,7.14466308383202,1.2215312957637,1.0,Bad
5.685837428042193,1.6665544839771569,1.1727639860085504,3.811875418951183,Bad
1.5075622681216787,3.208565148344078,1.0,1.1248616703601186,Good
2.3006867905627075,4.892651683266199,1.247182268169452,1.0299667049929724,Bad
1.7578381588346657,3.0429203958646656,1.1072677714729888,1.799112532701999,Good
2.459241561160366,4.825636549120242,1.0746210742324136,1.2846836974332383,Bad
1.5267244155826232,4.139394003134104,1.096774184220754,1.8940062994009452,Moderate
2.6876679780527493,4.328702291682004,1.1597357077341623,1.6892342148383668,Moderate
2.5899879281218565,3.800153550056266,1.166680755538282,1.7841291802055128,Moderate
2.0856971989592186,4.241904441382792,1.06645938593082,1.779134329817284,Moderate
1.9169771420317057,6.900076775028133,1.0729988775748154,1.8540510922997155,Bad
2.1577187192410423,3.701618585867085,1.0546332809949477,1.3695889620239272,Good
3.607916723540361,1.8715753604745329,1.083948698017878,2.2086567018271563,Moderate
2.994028084815699,2.443475700177739,1.130586872910999,1.6243059544641931,Moderate
1.10375584806508,5.172638642028543,1.0024333089778468,1.11986681997189,Good
1.8438339567779425,6.464667711367962,1.1317528083948698,2.0238628201492928,Bad
2.354434156215147,6.020645120578863,1.0644823381267003,1.5144288352687607,Bad
2.441364707216806,4.557386704247867,1.0827320575204042,1.4295223720098722,Moderate
1.2944421826349544,4.719150636812048,1.0048665899727944,1.234738789555551,Moderate
2.064198265597615,5.586750523227075,1.1034150579090556,1.0249718546047435,Moderate
1.9478234769834015,3.4886467612506964,1.032849489312087,1.3645953103038984,Good
1.9478234769834015,5.389585940704437,1.1200932856587642,1.03995520710123,Bad
1.8841444971414885,4.226097199289042,1.3591138655266226,1.4345172223981009,Bad
1.4262401709734485,3.9461102405266977,1.00462325068014,2.0887898818552664,Good
2.2684383582718706,2.6012641586824143,1.174893120870579,1.7891228319255417,Good
1.9366066337734087,3.71733117381656,1.0501360373105324,1.6243059544641931,Good
2.093375421693937,4.9123397452751805,1.008261615235134,1.8140958851984847,Moderate
1.8328507857083287,1.473270721369751,1.0462326187329964,1.6193123027441645,Bad
1.860892925981743,2.818116803214034,1.0127194869801788,1.449500574894587,Good
1.091370579656326,3.886951400355479,1.0011659634667702,1.3795786628003843,Good
2.529113142958225,3.977630070569923,1.2739992320248736,1.864039594407973,Bad
1.38417699281176,4.068403394928641,1.024332949863972,1.3596004599156697,Good
1.6369065377440275,4.435188203990197,1.3041619432568985,2.1437296401211823,Good
2.0534487666683816,6.5057476099828575,1.1562378453167508,1.0899001149789174,Bad
2.0023887918724665,4.699367920658792,1.072289147298873,1.4794672798875594,Moderate
3.647058838705145,3.571469137490403,1.4127477652545668,2.093784732243495,Moderate
1.8411466304182824,5.279124554336737,1.2075398460940536,1.0,Bad
1.4649148773606095,4.786165770958005,1.0011659634667702,1.0,Moderate
2.765601667923317,3.236204158472072,1.6575981344733774,1.99389611515632,Bad
4.923091896272101,1.5521176235499512,1.1585697722502917,2.902885767053752,Bad
1.4907370355551222,6.036357708528338,1.191216469490867,1.0449500574894588,Bad
3.0668313715931173,1.9425659686799956,1.0423559238243296,4.50110963378955,Moderate
1.636555997285026,3.685811343773335,1.0121664889234356,1.3945620152968707,Good
1.6185835589881552,5.235772956259268,1.1958802953750487,1.3945620152968707,Bad
3.363950303101941,1.7808966902600885,1.0474492592304705,2.338513222575504,Moderate
2.4968647106673885,1.7927284582943324,1.174893120870579,1.4395120727863295,Good
3.5329677550720398,2.684086534922121,1.150864317139526,2.5832405142393124,Bad
2.292624682489998,6.541242914085588,1.335794792071512,1.1398450228566048,Bad
2.1169684392547783,3.468864045097441,1.2938204430625728,1.7691458277090266,Bad
1.9163929294323248,2.526298076417446,1.367275553828216,1.094894965367146,Bad
1.5748633273816344,3.3978734368919787,1.0060832304702685,1.0,Good
3.722305137719188,1.3786165770958003,1.1480761849980567,2.5682571617428263,Moderate
1.6315318205278428,3.575349957405635,1.047804110376992,1.7192009198313394,Good
2.0561361575249064,2.301494483766814,1.072289147298873,1.779134329817284,Good
1.9835771848705237,5.677523847585793,1.0827827345511076,1.0699219120942025,Moderate
3.122788077341802,1.3352649790183313,1.0750450431403031,2.2685901118131016,Good
1.682591795323758,6.738407496608226,1.1842207446560435,1.5543840423699908,Bad
2.7442195383834718,7.109167779729289,1.0097331799455889,1.5493891919817622,Bad
1.2203643088196732,6.249329533144726,1.0023318989506411,1.0,Moderate
3.024640683130151,2.628808514666134,1.097331827438787,1.834072889415001,Bad
4.956742425902078,1.2799869587623445,1.1180148278274389,4.6759162120273565,Bad
3.456744199565855,1.6152519377806758,1.115747457442674,3.152607909105789,Moderate
3.456255571319784,4.7151751627525424,1.1737271574038088,2.363485077180248,Moderate
2.641445203603595,3.4965030552254346,1.1386425340069957,1.0899001149789174,Moderate
2.6554195457619123,5.724850919722768,1.158164216090167,2.4633736942674225,Bad
2.134069847395474,3.350546364755004,1.5619898857364944,1.6342956552406505,Bad
1.7065338054188504,6.927715785156127,1.0089036548775747,1.4944506323840456,Bad
2.27650046634458,3.942134766467192,1.172561221919938,1.1398450228566048,Good
1.7515286885600987,5.772177991859743,1.026766258841819,1.5044391344923034,Bad
2.160943562470126,5.665692079551549,1.1134862153128644,1.2397336399437795,Bad
2.187328649298707,4.687536152624549,1.0023318989506411,1.3945620152968707,Moderate
1.88613080708001,5.287075502455749,1.1411864593859309,1.294672199541496,Bad
1.8599581729233607,4.482515276127173,1.095608248736883,1.8190895369185145,Bad
2.02634137945335,1.7730403962853507,1.048665899727944,3.50721471730143,Good
1.7417139426892472,5.519735389081118,1.0396424500582977,1.5144288352687607,Moderate
2.050761440308721,3.71733117381656,1.0314807617567043,1.3096555520379822,Good
2.010450899945176,3.792297256081529,1.0314807617567043,1.1098783178636322,Moderate
1.445869598218287,4.170913833177329,1.0279828993392923,1.3596004599156697,Good
2.17169306139936,4.687536152624549,1.1107656338904004,1.4944506323840456,Bad
3.930401046448729,1.7887529842348264,1.1630308060629615,3.122641204112817,Moderate
2.9725290869572314,2.2818064217578327,1.535172949863972,1.589345597751192,Moderate
1.7632128760508503,2.833924045307784,1.2483482316362222,1.314650402426211,Moderate
2.497448923266769,2.3093507777415523,1.0024333089778468,1.899001149789174,Good
2.986503429115549,3.710516075428836,1.2882238631947145,2.311484453340042,Moderate
2.674114284445233,5.13326251801058,1.041366028760202,1.4944506323840456,Bad
2.674114284445233,1.8676945405593008,1.0729988775748154,1.5943392494712207,Moderate
1.1289937291633474,6.37162268754667,1.008516539448115,1.1248616703601186,Moderate
1.7094655103984104,3.334833776805528,1.0178073097551497,1.389567164908642,Good
1.8707076718525943,6.209953409126763,1.0069957248348231,1.414539019513386,Bad
1.4702896590736587,6.462301357761114,1.1364166342790516,1.1298553220801475,Bad
3.7228893503185687,3.0074250917619345,1.0474492592304705,1.6642623602336228,Moderate
1.970257163403387,1.1893082885479005,1.033070694131364,1.6942290652265954,Good
2.27650046634458,1.9741804528674949,1.564321812670035,1.204772084562579,Bad
2.08522985467846,2.7944532671455464,1.0,1.589345597751192,Good
2.0992508925667344,2.2936381897920763,1.0432463116984063,1.7741394794290557,Good
1.703602164936155,2.9995687977871963,1.010175589584143,1.3945620152968707,Good
2.62854583068726,3.520166591293922,1.0804508356004665,2.06681469774982,Good
1.0441294642122916,4.151225771168347,1.0139914496696465,1.11986681997189,Good
3.675217782800317,1.1616692784199067,1.4314030408083949,2.0338513222575503,Moderate
2.8193490335757563,4.218240905314305,1.212203643995336,1.6293008048524218,Moderate
1.5159749166533891,3.71733117381656,1.0008516595413914,2.8129856520748344,Moderate
1.927142428361559,2.0608836490224327,1.2600077823552274,1.3645953103038984,Good
1.799200256078351,4.49037157010191,1.035282798289934,1.2097669349508071,Moderate
2.177067778615545,3.677955049798597,1.041974349008939,1.4345172223981009,Good
2.397432087435217,2.3093507777415523,1.577147298872911,1.5793558969747346,Moderate
1.8895192788545376,5.271268260362,1.1783909832879906,1.03995520710123,Bad
1.6127202135259,3.074534880052165,1.079284872133696,1.1798002299578347,Good
2.65448479270353,4.553505884332635,1.0729988775748154,1.5843507473629632,Moderate
1.443065403540005,3.630627977661622,1.0644823381267003,1.839067739803229,Good
2.010450899945176,6.087660254724819,1.1597357077341623,1.5643725444782484,Bad
2.390888880523407,2.687967354837353,1.06486945355616,1.9489460576668611,Good
3.7200851556402874,2.948266251590716,1.1399144966964632,6.988346148206266,Bad
2.273813075488055,3.413680678985728,1.0304162083171395,1.2846836974332383,Good
2.7322015151216448,5.594701471346087,1.051968245627672,1.2996670499297247,Bad
1.6100328226693752,5.8391931260057,1.1877186070734551,1.4994454827722743,Bad
2.2673633890298874,4.135418529074598,1.0903084554994171,1.744172774436083,Moderate
1.9562361255151124,4.723031456727281,1.0279828993392923,1.4395120727863295,Bad
1.341295929910311,3.7449701839445537,1.172561221919938,1.1048834674754036,Moderate
1.6870318239784252,4.305038755613516,1.024332949863972,1.4445057245063584,Moderate
2.4329520586850952,5.259436492327756,1.035282798289934,1.6342956552406505,Moderate
1.852480277450032,5.744538981731751,1.0594636610959969,1.0998886170871751,Bad
1.8303971314890488,4.50617881219566,1.2296929560823942,1.0,Good
1.3518010502196454,4.103898699031372,1.0,1.419533869901615,Good
1.370155890426621,5.046464667711368,1.0072998989506412,1.0199782028847149,Moderate
2.867721682012012,3.419833198363535,1.3066459292654489,1.0499449078776877,Moderate
1.8169603062001547,6.067972192715837,1.1484310361445784,1.1997784328425498,Bad
2.904193175505063,2.479633583290388,1.103027942479596,1.4994454827722743,Moderate
1.336305098032117,4.612664724503855,1.0,1.0,Good
3.5041608754752804,5.713019151688525,1.100981776914108,2.5133186021451097,Bad
1.5885338893077725,4.778309476983267,1.0816167990672367,1.5493891919817622,Moderate
1.8975813869272469,6.12315555882755,1.13291877186164,1.1847950803460634,Bad
2.324873114780835,5.815529589937213,1.197046258841819,1.2447284903320084,Bad
2.193191994760963,3.169189024326115,1.4628838025650992,1.834072889415001,Bad
1.4016395833941129,4.336558585656741,1.0173227578701904,1.3596004599156697,Good
2.777870068013449,2.1831768034243764,1.0389327197823552,1.983906414379863,Good
1.9590403201933944,5.9456790383138935,1.0012166404974738,1.2097669349508071,Moderate
2.814707258728678,6.336127383443938,1.0508780038865138,1.374583812412156,Bad
2.521051034885516,2.549961612485933,1.4162456276719784,1.0,Moderate
1.9169771420317057,2.297519009707308,1.4075770011659543,1.1448386745766337,Bad
2.034637224163303,5.985149816476131,1.1853867081228138,1.4744724294993308,Bad
1.14796341798038,5.799722347843463,1.0,1.0899001149789174,Good
1.53063331255746,4.450900791939674,1.0,1.0499449078776877,Good
2.1663182796863105,5.074103677839361,1.2028760202098718,1.484462130275788,Moderate
2.890930814234862,2.3764605660317826,1.0992121103769918,2.238623406820129,Good
1.959390860652396,4.683655332709317,1.041974349008939,1.3945620152968707,Moderate
3.06670386129184,5.160806873994299,1.0790821080450836,2.223640054323643,Bad
1.7578381588346657,3.62267702954261,1.0104935872522347,1.409545367793357,Good
2.3432173130051543,5.030657425617618,1.1046316984065294,2.523307104253368,Bad
1.161242161454184,5.677523847585793,1.1527399828993392,1.4994454827722743,Moderate
2.9461227806602026,1.6586035358581448,1.0790821080450836,2.173696345114155,Good
1.9432666445069773,5.30676356446473,1.2191993688301594,1.5194224869887896,Bad
1.7148402276145949,4.174889307236835,1.0524679362611735,1.3845723145204134,Good
2.8327859233615147,3.149406308172859,1.1119315973571706,1.6143174523559356,Moderate
1.7632128760508503,2.3488215559037893,1.026766258841819,1.834072889415001,Good
2.266483909784452,2.1476814993216453,1.0661413882627284,2.683130329994687,Good
3.5241727691270883,2.63278398872564,1.0928523528954528,2.293563165086045,Moderate
2.5647500470235896,3.819936266209522,1.1070650073843762,2.15371814222944,Moderate
2.1233204129631047,2.1082107211594083,1.1982121943256898,1.4395120727863295,Good
2.777870068013449,2.1831768034243764,1.0389327197823552,1.983906414379863,Good
2.0212003343775446,4.308919575528749,1.0408083855421686,1.6892342148383668,Bad
3.80292621844628,1.303650494830832,1.3591138655266226,2.763040744197147,Moderate
2.3984092794304948,3.0942229420611462,1.2327668495919162,1.644284157348908,Good
1.5580380948150778,4.8611318532229735,1.041366028760202,1.409545367793357,Bad
2.381307871289799,5.113479801857324,1.053633899727944,1.8190895369185145,Bad
1.682591795323758,2.2856872416730645,1.6517683731053243,1.11986681997189,Bad
1.8196476325598143,4.237928967323287,1.121259221142635,1.0149833524964862,Moderate
1.9378919272907928,5.590725997286581,1.13291877186164,1.2097669349508071,Moderate
1.9378919272907928,6.403142517589895,1.3882627283326856,1.7391791227160542,Bad
1.9394108284516915,4.561362178307373,1.0038932607850757,1.6342956552406505,Bad
2.0431666765167718,4.872963621257218,1.0462326187329964,1.0149833524964862,Bad
3.478922994377013,4.581050240316355,1.1472143956471046,2.428413337554421,Bad
2.1272930328401483,4.360222121725229,1.0754321585697628,1.6193123027441645,Bad
2.4329520586850952,2.234479349620857,1.0705655685969686,1.3396222570309548,Good
2.099134088744977,5.535542631174868,1.08348230703459,1.779134329817284,Bad
1.611318116186759,6.099492022759063,1.0535324897007383,1.0,Moderate
1.10375584806508,5.172638642028543,1.0024333089778468,1.11986681997189,Good
2.0515793250484817,1.5521176235499512,1.026710936649825,2.2036630501071275,Good
2.365183655144381,4.28137521954503,1.0652934224640498,1.839067739803229,Moderate
2.444168901895088,4.376029363818979,1.1399144966964632,1.8140958851984847,Good
2.4726783864492603,5.523710863140624,1.289156617178391,1.469478777779302,Bad
1.8868318879980128,4.226097199289042,1.1399144966964632,1.5993340998594494,Good
1.9567034697958712,6.119180084768044,1.3754372421298096,1.5993340998594494,Bad
1.6100328226693752,5.563086987158588,1.02215313797124,1.354605609527441,Moderate
2.688135322333508,4.466708034033423,1.0912485969685193,1.9139845022856603,Bad
3.341516616681955,4.7111996886930365,1.176413935483871,1.9539397093868904,Bad
1.3117348239791344,3.7804654880472848,1.0279828993392923,1.2397336399437795,Good
1.720215009327644,4.395717425827961,1.1177613587252235,1.2896785478214672,Moderate
1.6253391540750337,3.81198531809051,1.0089036548775747,1.2825428760285404,Good
2.099134088744977,5.109598981942092,1.0069957248348231,1.5144288352687607,Moderate
2.1394446291085227,4.352365827750491,1.0461717839098328,1.6892342148383668,Moderate
2.354434156215147,5.4566010748503935,1.0109498204430625,1.4744724294993308,Bad
1.214989527106624,4.7111996886930365,1.1628096012436844,1.0,Bad
1.9762480191669205,4.8611318532229735,1.0384764865915277,1.374583812412156,Moderate
1.2579874583266948,3.110219492443444,1.0391760590750097,1.472416713536813,Good
3.3245745157967765,4.73883869882103,1.3591138655266226,2.897890916665524,Bad
1.86533295463641,5.338283394507956,1.6121259230470268,1.5344058394852758,Bad
4.86981187490042,4.245879915442298,1.0012166404974738,2.882907564169037,Bad
3.1166698402707205,2.411955870134514,1.1046316984065294,2.373473579288505,Moderate
1.6449686458167367,2.467139236246227,1.0072998989506412,1.3795786628003843,Good
1.4434159439990064,4.604713776384843,1.0268169358725223,1.4345172223981009,Moderate
1.1177768859533548,6.840917934856914,1.0279828993392923,2.198668199718899,Bad
2.8367585432385587,2.530273550476952,1.033070694131364,1.943951207278633,Moderate
2.144118265406705,5.109598981942092,1.0948985184609406,2.003884617264578,Moderate
2.128695130179289,2.940409957615977,1.2949864065293433,1.1448386745766337,Moderate
2.160943562470126,5.018825657583375,1.143564446171784,1.5094339848805318,Moderate
2.416243629940296,3.772609194072547,1.0381584889234357,2.043839824365808,Moderate
1.6814233701249963,5.018825657583375,1.0407023863194715,1.4994454827722743,Bad
2.201254102833672,4.947835049377912,1.3089778561989895,1.154828375353091,Bad
2.1125709140338707,2.4789710042804707,1.280994956859697,1.4295223720098722,Good
3.3359081628285265,4.5850257143758615,1.1277480077730275,2.3584902267920187,Bad
2.5927921228001383,2.6051449785976466,1.0,1.8440625901914576,Good
1.5692549380250704,3.73313841591031,1.0340661298095608,1.7591561269325693,Moderate
1.0364547243082598,5.298907270489993,1.0012166404974738,1.11986681997189,Good
1.9378919272907928,5.925990976304912,1.1061018359891177,1.2996670499297247,Moderate
1.5912212801642969,5.310739038524236,1.0174893120870578,1.3446171074191833,Moderate
1.212302200746964,5.925990976304912,1.0,1.1947835824543211,Moderate
1.365482254128439,3.33871459672076,1.0,1.0149833524964862,Good
1.8973476502900024,3.077847775101753,1.0012719626894675,1.5344058394852758,Good
1.6799044689640985,5.610414059295563,1.0874465604352896,1.469478777779302,Bad
1.3729601496017674,2.755077143127583,1.0216231418577535,1.4045505174051285,Good
1.6449686458167367,5.2042531262160425,1.060629624562767,1.0,Moderate
1.8438339567779425,4.135418529074598,1.121259221142635,1.389567164908642,Good
3.605673329099616,2.1358497312874016,1.1734939759036145,3.001775893530561,Moderate
2.0534487666683816,5.807673295962474,1.0223863194714342,1.5493891919817622,Bad
5.004414057917196,4.261592503391773,1.0,2.7530522420888897,Bad
2.721785851963486,2.3291334938948074,1.0279828993392923,1.4045505174051285,Good
3.227829218924266,4.577169420401123,1.2005441212592305,1.4245287202898431,Moderate
1.2579874583266948,7.160375671781496,1.035282798289934,1.1997784328425498,Bad
1.81427291534363,3.575349957405635,1.2133696074621063,1.5593788927582195,Bad
1.7851792181900763,2.1831768034243764,1.0089036548775747,1.5144288352687607,Good
1.6197307647184696,2.6249276947509017,1.0,1.449500574894587,Good
1.6787527484532632,5.409274002713419,1.045705392926545,1.3596004599156697,Bad
2.128695130179289,3.050871343983677,1.4290711138748542,1.604328950247678,Bad
1.510366462799961,3.626652503602116,1.0218996688690245,1.214761785339036,Good
2.289937291633473,6.852749702891158,1.1058483668869024,1.034961555381201,Bad
2.012320341565076,4.324726817622498,1.12531472677808,1.329633754922697,Moderate
2.0292624424502543,6.793590862719939,1.1713952584531675,1.3396222570309548,Bad
1.7578381588346657,5.993006110450869,1.150408083948698,1.154828375353091,Moderate
3.736910452703708,1.6744107779518946,1.0,3.117647552392788,Moderate
1.765900266907375,5.06615272972035,1.0676253493975905,1.3795786628003843,Good
1.5240370247260986,6.363766393571932,1.0233190734551108,1.3695889620239272,Bad
2.5828605731075296,3.2007088543693403,1.0408083855421686,1.4994454827722743,Good
2.3482916038261177,6.698936718445989,1.243329554605519,1.1648168774613483,Bad
2.3993015290551174,5.1884458841222925,1.018249719393704,1.7891228319255417,Bad
1.9970140101594172,4.971498585446399,1.0656989786241742,1.409545367793357,Moderate
1.9620782515089203,5.851024894039943,1.1900505340069958,1.6992227169466243,Bad
1.9405792536504527,4.245879915442298,1.02215313797124,2.0138731193728354,Moderate
1.7766497658366087,2.8772756433852527,1.2378546443839875,1.0,Good
3.660495663994039,1.8755508345340384,1.1294209094442285,2.897890916665524,Moderate
1.2203643088196732,4.001293606638411,1.121259221142635,1.2697003449367523,Good
1.7014034023257012,3.117886478129634,1.0268169358725223,1.9739179122716053,Good
5.116582490017122,2.5933132105634025,1.1180148278274389,3.117647552392788,Bad
1.6169265055433228,3.930302998432948,1.024332949863972,1.354605609527441,Good
2.187817277544778,3.73313841591031,1.0466381748931208,1.4794672798875594,Good
2.2791877927042394,4.7309824048462925,1.0862805969685192,2.493340399260395,Moderate
3.341504942749466,3.181020792360359,1.130586872910999,2.1637066443376973,Moderate
3.2742155574219995,5.105623507882586,1.0425826692576758,1.6143174523559356,Bad
1.4031054036354604,4.28137521954503,1.0081616883015934,1.094894965367146,Moderate
1.1317979238416294,4.340534059716248,1.0072998989506412,1.2397336399437795,Good
1.670206526915004,4.734863224761524,1.0231163093664983,1.938956356890404,Moderate
3.008197852473699,3.156032098272036,1.3331297567042362,2.323529870079017,Moderate
1.6127202135259,2.2936381897920763,1.15507190983288,1.4894557819958172,Moderate
2.4028068046514024,5.724850919722768,1.0699572483482316,1.724195770219568,Bad
3.658392485736895,1.9662295047484828,1.1107149568596968,1.9988897668763488,Moderate
3.579874583266947,2.6406402827003777,1.0474492592304705,2.0788013797470093,Moderate
1.7879834128683587,4.825636549120242,1.2554960435289546,1.3695889620239272,Bad
3.0134238399201583,1.4574634792760008,1.0508780038865138,1.6293008048524218,Good
2.017928795418504,3.867263338346497,1.0279828993392923,1.2647054945485237,Moderate
1.3009853895467651,4.54593355279072,1.0069957248348231,1.2120719738988668,Moderate
1.0483726484362552,3.457032277063197,1.0046638258841818,1.2397336399437795,Good
4.6006075733637335,1.2406108347443812,1.132614597745822,4.740843273733331,Moderate
1.827709740632524,5.925990976304912,1.2926544795958026,1.2697003449367523,Bad
1.8749139638700172,3.52802288526866,1.0072998989506412,1.409545367793357,Good
2.902657505159373,6.951379321224614,1.2457628635833655,1.2297451378355222,Bad
1.6303102499126658,3.421536972960466,1.006359757481539,1.274695195324981,Good
1.833084522345573,3.31117024073704,1.0431403124757093,1.544395540261733,Good
3.487736232934641,3.3032192926180284,1.048665899727944,1.8540510922997155,Moderate
1.6422812549602122,2.6012641586824143,1.1690633595025262,1.2697003449367523,Good
1.9405792536504527,3.181020792360359,1.0279828993392923,1.3346286053109258,Good
1.216064496348607,4.537698642238886,1.0133831294209097,1.0,Good
1.3112674796983756,4.577169420401123,1.0,1.329633754922697,Good
1.4122190685883091,3.729162941850804,1.0325301204819275,1.1698117278495772,Good
3.3729471642330315,2.93255366364124,1.130586872910999,2.5582686596345683,Moderate
1.954016143436211,6.572762744128813,1.2075398460940536,1.0,Bad
2.536707906750175,3.4886467612506964,1.0462326187329964,2.338513222575504,Moderate
1.8062108072709209,3.366353606848753,1.2495141951029929,1.15982202707312,Moderate
1.2138579941144032,3.425512447019972,1.00777303381267,1.2397336399437795,Good
1.9459540353635016,4.26556797745128,1.3089778561989895,1.409545367793357,Moderate
1.888935066255157,6.213834229041995,1.0145997699183833,1.6492790077371366,Bad
2.60961741986356,3.520166591293922,1.0121664889234356,1.7591561269325693,Moderate
1.8975813869272469,5.791866053868725,1.1095996984065293,1.4744724294993308,Bad
2.3678709815040406,1.7257133241483755,1.024485036921881,1.0849052645906887,Good
2.3740636479568504,5.4763837910036495,1.0340661298095608,1.4594890770028446,Moderate
3.8687083765453374,3.6976431118075785,1.2798289933929266,1.8490562419114869,Moderate
2.2173783189790903,5.243629250234005,1.2436844057520404,1.669256011953652,Bad
2.5909226811802384,4.868988147197712,1.0921103863194714,1.0299667049929724,Moderate
2.2442520340537424,2.159513267355889,1.030314798289934,1.3645953103038984,Good
1.7038570565449818,5.223941188225024,1.0,1.709212417723082,Bad
1.544017056926803,5.965367100322875,1.1106596346677031,1.349611957807412,Bad
2.864545727406281,2.6722547668878764,1.0432463116984063,2.743063739980632,Moderate
1.0886831887998012,4.324726817622498,1.0,1.0849052645906887,Good
3.596699880330368,1.0867978502992122,1.0912485969685193,4.471142928796578,Moderate
1.50791280858068,6.884364187078657,1.064127486980179,1.4794672798875594,Bad
2.534487924671274,4.797997538992249,1.1410804601632336,2.148723291841211,Bad
1.7853442011696763,5.547374399209112,1.0167897396035757,1.3246389045344684,Moderate
3.671245162923273,2.2699746537235885,1.0991061111542946,2.443396690050907,Moderate
2.3067625886968948,6.067972192715837,1.0048665899727944,1.1648168774613483,Bad
2.6258584398307354,2.120042489193652,1.0314807617567043,1.908989651897432,Good
2.7145416286305366,2.6012641586824143,1.096774184220754,1.764150977320798,Moderate
2.1867423083027955,5.152950580019562,1.0656989786241742,1.5743622452547057,Bad
2.1475067371812324,3.4846712871911905,1.0081616883015934,2.383463280064962,Good
2.8127013417433235,5.070128203779855,1.0851146614846483,1.918979352673889,Bad
1.9001519094651491,3.831768034243766,1.1204481368052857,1.5344058394852758,Moderate
1.0616926699033915,4.959666817412156,1.0012166404974738,1.11986681997189,Good
1.9858806258921933,5.492096378953125,1.068132287602021,1.3596004599156697,Moderate
1.633751802606744,5.1884458841222925,1.0255495903614458,1.0799116128706598,Good
2.397432087435217,5.484240084978387,1.1235911480761758,1.5643725444782484,Bad
4.446375963102119,2.5972886846229084,1.0279828993392923,3.2075476673717054,Bad
1.7685876577638997,4.679679858649811,1.1492421204819276,1.0199782028847149,Moderate
2.494644728588487,4.210384611339567,1.0279828993392923,1.5094339848805318,Moderate
1.693341294252992,5.287075502455749,1.0256510003886514,1.3596004599156697,Moderate
1.5243875651851,4.868988147197712,1.006326569762923,1.389567164908642,Moderate
1.496345424911686,5.279124554336737,1.0316328488146134,1.0998886170871751,Bad
2.081090316915879,2.171345035390133,1.073773108433735,1.908989651897432,Good
1.3171096056921838,3.0902474680016403,1.0023318989506411,1.5144288352687607,Good
2.158139367791844,5.823385883911951,1.1800638849591916,1.1498335249648624,Bad
1.204240092674255,4.963642291471661,1.0396424500582977,1.214761785339036,Moderate
2.1973982867783857,6.1389628009213,1.099765108433735,1.329633754922697,Bad
2.1973982867783857,3.993437312663673,1.090031928488146,1.314650402426211,Good
3.2385786533566354,2.786596973170808,1.06645938593082,1.8940062994009452,Moderate
1.5777843903785382,6.821229872847932,1.172561221919938,1.1798002299578347,Bad
2.607046897325657,2.344846081844284,1.1772250198212204,1.349611957807412,Good
2.741415343705189,6.115299264852813,1.0559657986785853,1.4894557819958172,Bad
1.8518960648506515,5.993006110450869,1.0,1.5993340998594494,Moderate
4.137912678082024,4.415405487836942,1.035282798289934,2.223640054323643,Bad
2.6965479708652187,2.8024042152645583,1.2323797341624565,1.839067739803229,Moderate
1.0,4.719150636812048,1.0897784593859308,1.0,Good
2.1721604056801187,6.119180084768044,1.0072998989506412,1.3695889620239272,Bad
2.048074049452197,4.936003281343668,1.3171395165176836,1.4994454827722743,Bad
2.1413140707284226,2.6091204526571525,1.0425826692576758,1.8540510922997155,Good
2.2791877927042394,3.4728395191569468,1.0279828993392923,1.779134329817284,Good
2.0561361575249064,6.225665997076239,1.2996502044306255,1.3196452528144396,Bad
1.2257390260358578,2.325158019835301,1.031798759424796,1.5044391344923034,Good
1.3520453643426806,3.259867694540559,1.0314807617567043,1.0699219120942025,Good
2.0936425032101704,4.7309824048462925,1.1119315973571706,1.5793558969747346,Bad
5.397003634763802,3.023232333855684,1.1070650073843762,3.037735939522128,Bad
2.393693139698553,6.052164950622088,1.0060832304702685,1.2697003449367523,Bad
3.0726947170553727,2.664303818768865,1.0510992087057909,2.053829525142265,Moderate
2.064198265597615,6.0718530126310695,1.4477263894286825,1.2447284903320084,Bad
1.5240370247260986,5.835217651946195,1.2028760202098718,1.0,Moderate
2.17169306139936,4.7111996886930365,1.0,1.2647054945485237,Moderate
1.911368752675142,4.26556797745128,1.0705655685969686,1.7591561269325693,Moderate
1.3140716743766578,3.1471346087102847,1.0244546195102993,1.2647054945485237,Good
1.8496760827717504,2.8852265915042645,1.0047449203264671,1.5643725444782484,Good
1.878769779925304,4.699367920658792,1.0932763218033423,1.3795786628003843,Moderate
1.370008321600458,3.8356488541589977,1.0305267967353284,1.0649282603741737,Good
1.5720591327033524,5.081959971814099,1.1500900862806065,1.4794672798875594,Bad
1.556285457016935,4.391741951768454,1.2798289933929266,1.1298553220801475,Moderate
1.4795201923451295,4.94395422946268,1.0,1.3096555520379822,Good
2.2254404270518,1.7020497880798882,1.0255495903614458,1.529412187765247,Good
1.693341294252992,4.470683508092929,1.0198212110376992,1.5843507473629632,Moderate
2.570767410998465,4.277399745485523,1.0897784593859308,2.158712992617669,Moderate
2.0212003343775446,7.795410325715427,1.247182268169452,1.094894965367146,Bad
1.663396302983825,3.2756749366343088,1.0763170058297706,1.1448386745766337,Good
1.8384592395617576,5.630196775448819,1.0241670392537894,1.6243059544641931,Bad
3.675084209793768,2.715606364965346,1.1172616680917218,2.7780240966936334,Moderate
1.5075622681216787,4.904483451300443,1.1450022914885347,1.4794672798875594,Bad
1.4622275510009497,3.681835869713829,1.234356781966576,1.1348501724683762,Moderate
1.9378919272907928,4.005269080697916,1.0326467252234746,1.3346286053109258,Good
5.312877278440425,1.907070664577264,1.0048665899727944,3.0027743841409267,Bad
1.773962374980084,5.208133946131275,1.0466381748931208,1.5543840423699908,Good
1.3708569713446237,7.314188656226666,1.0,1.0799116128706598,Bad
1.157035869436761,5.847049419980437,1.026766258841819,1.294672199541496,Moderate
3.2439534350696846,3.886951400355479,1.7112320342013214,1.1324840014421311,Bad
1.1990990475984495,4.742814172880536,1.018249719393704,1.389567164908642,Good
1.2635959121801232,7.365491202423146,1.024332949863972,1.7541624752125404,Bad
1.0026873908565246,5.289347201918324,1.0081616883015934,1.484462130275788,Good
1.7094655103984104,2.4908027723147144,1.0534219012825496,1.5993340998594494,Good
1.852480277450032,3.098198416120652,1.052856590750097,1.6542726594571655,Good
3.2770197521002813,4.908458925359948,1.01703307889623,2.128746287624696,Bad
3.023973011588001,3.3860416688577346,1.006529333851535,2.363485077180248,Moderate
2.38207564196578,2.3291334938948074,1.0594636610959969,1.6542726594571655,Good
1.2069274190339148,6.111323790793307,1.041974349008939,1.2397336399437795,Moderate
2.281875183560764,3.125742772104372,1.192230345899728,2.35349657507199,Good
1.9244550375050344,5.338283394507956,1.1119315973571706,1.2497221420520372,Moderate
1.6225349593967515,3.0429203958646656,1.0021899696851924,1.4045505174051285,Good
1.6253391540750337,4.391741951768454,1.0305267967353284,1.4794672798875594,Good
2.865034355652352,1.4417508913265251,1.565487748153906,1.724195770219568,Good
1.8328507857083287,6.363766393571932,1.030781189273222,1.3046619003179534,Bad
1.2551832636484126,6.032476888613106,1.0559657986785853,1.2597118428284946,Moderate
1.438041226782822,4.237928967323287,1.1037699090555773,1.0,Moderate
1.580471781235063,3.350546364755004,1.0151574131364167,1.7891228319255417,Good
2.182442495831729,6.316439321434957,1.0326467252234746,1.908989651897432,Bad
2.6258584398307354,2.573625148554421,1.0757870097162845,1.484462130275788,Good
1.1319254341429072,3.764658245953535,1.2028760202098718,1.03995520710123,Moderate
2.7709763851395013,3.33871459672076,1.1865526715895842,1.5993340998594494,Moderate
1.9943266837997573,5.452720254935162,1.1422463956471045,1.3096555520379822,Bad
1.6288444296713185,3.8987831683897225,1.0466381748931208,1.1847950803460634,Good
1.2490140095574465,3.177045318300853,1.0096115102992615,1.2247502874472935,Good
4.480026492732096,1.2879379068813563,1.2481961445783132,2.942840974154982,Moderate
1.7417139426892472,4.841349137069718,1.0944422852701128,1.414539019513386,Moderate
1.4461033348555312,4.040764384800648,1.0559657986785853,1.3596004599156697,Good
2.365183655144381,4.28137521954503,1.0652934224640498,1.839067739803229,Moderate
5.005971915184302,4.378395717425828,1.0297318305479986,2.7057971456513714,Bad
2.2791877927042394,5.492096378953125,1.2133696074621063,1.0,Bad
2.4077141775868283,1.051302546196481,1.0012166404974738,2.058823176862294,Good
2.721785851963486,1.3006215622140656,1.2194448348231637,1.492785682254636,Good
2.220065709835615,5.397442234679175,1.1842207446560435,1.5144288352687607,Moderate
2.5962973983964237,3.3032192926180284,1.1294209094442285,1.4245287202898431,Good
1.8411466304182824,3.461007751122703,1.1313979572483484,1.3645953103038984,Good
3.716930420503003,4.845324611129223,1.2518460940536338,2.3085465175825317,Bad
2.3123709780534587,4.064427920869136,1.0559657986785853,1.639289306960679,Moderate
1.9701403595816296,2.9285781895817338,1.2320248830159346,1.059933409985945,Moderate
2.445804735871473,4.916315219334686,1.172561221919938,1.918979352673889,Bad
1.5384086030733746,5.239748430318774,1.06486945355616,1.4445057245063584,Bad
1.980889794013999,4.719150636812048,1.096774184220754,1.6817425385901237,Bad
1.2944421826349544,7.404961980585384,1.0316328488146134,1.409545367793357,Bad
1.171056907325036,5.720875445663262,1.0291995398367664,1.4794672798875594,Moderate
1.5697222823058292,6.38742992964042,1.1061018359891177,1.2647054945485237,Bad
2.107196196817686,3.232228684412566,1.0116595507190052,1.2846836974332383,Good
1.3421138146500715,3.681835869713829,1.0534219012825496,1.274695195324981,Good
1.5106001994372047,2.735294426974328,1.0,1.0,Good
1.5374738500149925,5.701187383654281,1.1119315973571706,1.7192009198313394,Bad
1.905643494999956,4.214265431254798,1.174893120870579,1.1997784328425498,Good
1.5412127977516563,4.514035106170399,1.0340661298095608,1.0249718546047435,Good
1.5850787277752674,4.671823564675073,1.1352506708122814,1.6742508623418806,Bad
1.6315318205278428,3.074534880052165,1.1690633595025262,1.0,Good
4.488439141263807,3.788321782022023,1.0754321585697628,2.443396690050907,Bad
1.6901164510239082,6.330732097220323,1.0,1.424981816869337,Bad
1.8707076718525943,5.125311569891568,1.102603973571706,1.3945620152968707,Bad
1.145819026226769,5.496071853012631,1.018249719393704,1.274695195324981,Good
1.7793370921962686,5.507903621046875,1.0501360373105324,1.6592675098453944,Bad
2.354434156215147,2.317301725860564,1.0408083855421686,1.5643725444782484,Good
2.3786204804332747,5.590725997286581,1.0104935872522347,1.4245287202898431,Moderate
2.010450899945176,4.1157304670656165,1.3859308293820445,1.4794672798875594,Moderate
1.0268737150746523,2.873394823470021,1.0,1.1448386745766337,Good
2.2086151299883783,5.8707129560489255,1.077588940536339,1.354605609527441,Bad
1.4486738573934337,2.6761355868031087,1.0407023863194715,1.294672199541496,Good
5.492346834297171,2.344846081844284,1.0255495903614458,1.8490562419114869,Bad
2.7475578960942184,5.070128203779855,1.077286109599689,1.6211282850667383,Bad
3.5742661294135183,1.89523889654302,1.0060832304702685,2.503330100036852,Good
2.50586157179848,2.1950085714586205,1.0206830003886511,1.5543840423699908,Good
1.5912212801642969,5.799722347843463,1.0198212110376992,1.294672199541496,Moderate
1.1397432280925812,6.320320141350189,1.0279828993392923,1.824084387306743,Bad
1.9620782515089203,3.181020792360359,1.289156617178391,1.4395120727863295,Moderate
2.346372048142438,3.8435998022780096,1.217333860862806,1.609322601967707,Moderate
1.6987160114691764,5.559206167243356,1.2481961445783132,1.864039594407973,Bad
3.3057629087948337,2.861563055435777,1.172561221919938,2.043839824365808,Moderate
1.5328002137168106,4.151225771168347,1.0176413991449669,2.058823176862294,Moderate
1.647656036673261,6.209953409126763,1.0617955600466382,1.419533869901615,Bad
1.7094655103984104,3.232228684412566,1.01703307889623,1.4794672798875594,Good
2.010450899945176,6.426806053658383,1.137582597745822,1.6592675098453944,Bad
1.7873992002689778,4.999137595574393,1.172561221919938,1.5344058394852758,Moderate
4.219234775230255,4.080235162962885,1.1192314963078118,2.31354016930256,Moderate
2.0151245362433574,4.41152466792171,1.425826720559658,1.3645953103038984,Bad
2.1985667119771475,5.101648033823081,1.1200932856587642,1.4544954252828155,Bad
2.819933246175137,6.052164950622088,1.0206830003886511,1.374583812412156,Bad
2.502239492380437,2.71163089090584,1.108433734939759,1.484462130275788,Good
2.128695130179289,4.525866874204642,1.1877186070734551,1.1798002299578347,Moderate
1.7935918667217872,6.04430865664735,1.0364994387874078,1.0249718546047435,Bad
2.5049268187400973,4.462732559973917,1.2017100567431014,1.15982202707312,Good
1.2327495772284274,3.831768034243766,1.0081616883015934,1.2397336399437795,Good
1.862645563779885,3.1375745401386155,1.108433734939759,1.6642623602336228,Good
1.1236190119471627,4.9321224614284365,1.0,1.11986681997189,Good
1.6141223108650409,6.142843620836532,1.0874465604352896,2.198668199718899,Bad
2.817129051496855,4.478539802067667,1.0194663598911775,1.5144288352687607,Moderate
3.358341849248512,2.7274381329995894,1.1605974970851147,2.443396690050907,Moderate
1.550910739800751,5.922015502245406,1.1947143319082782,1.154828375353091,Bad
3.187284941923476,4.119611286980849,1.0462326187329964,1.7491676248243118,Moderate
2.1020551517418813,4.336558585656741,1.0377160792848814,1.174805379569606,Good
2.418931020796821,4.226097199289042,1.064127486980179,1.9988897668763488,Moderate
2.8563880349802617,4.608689250444348,1.0316328488146134,1.4894557819958172,Moderate
1.810417099288344,3.425512447019972,1.0024333089778468,1.7691458277090266,Good
2.5955963174784205,4.435188203990197,1.2116967057909056,1.6942290652265954,Moderate
1.8465213476344668,6.904052249087639,1.1737271574038088,1.9739179122716053,Bad
3.286951301792891,3.3308583027460217,1.114263496307812,1.9689230618833768,Moderate
3.2654523684312875,3.1020792360358844,1.137582597745822,1.4944506323840456,Moderate
2.665701635913523,4.28137521954503,1.1240980862806065,1.9689230618833768,Bad
1.9394108284516915,4.561362178307373,1.0038932607850757,1.6342956552406505,Bad
2.2469393604134025,4.924171513309425,1.1095996984065293,1.1648168774613483,Bad
3.512573524006991,1.7887529842348264,1.0644823381267003,2.633185422117,Moderate
2.12063302210658,6.056140424681594,1.1364166342790516,1.5943392494712207,Bad
1.908330821359616,6.872532419044414,1.3859308293820445,1.3396222570309548,Bad
1.6127202135259,3.902758642449229,1.4174115911387486,1.2197554370590649,Good
2.7736637759960256,2.3843168600065203,1.1574038087835212,1.4544954252828155,Moderate
1.018811607001943,2.0766908911161828,1.0174893120870578,1.11986681997189,Good
2.303958329521748,2.3882923340660263,1.2728332685581034,1.5344058394852758,Moderate
3.4772659409321807,2.344846081844284,1.1017560077730275,2.8129856520748344,Moderate
2.152344002024858,6.044497964935898,1.0634279144966965,1.4914539618847484,Moderate
5.318485732293854,2.218672107527108,1.1861471154294598,3.312431134847109,Bad
3.722305137719188,1.512741499531988,1.1667314325689857,4.001665349685475,Moderate
1.3028548311666652,5.931480916672801,1.0133831294209097,1.3945620152968707,Good
3.31067028173026,1.595563875771694,1.0,3.157602759494018,Moderate
2.418931020796821,4.53372316817938,1.2191993688301594,1.544395540261733,Bad
2.851597465866593,2.829948571248278,1.0384764865915277,2.0088794676528066,Moderate
1.671842360891389,3.90663946236446,1.1445783225806452,1.1698117278495772,Good
2.8732132675468183,4.214265431254798,1.015816410415857,1.3196452528144396,Bad
1.7014034023257012,4.5850257143758615,1.204041983676642,1.4744724294993308,Moderate
1.6141223108650409,4.679679858649811,1.1462742541780024,1.3596004599156697,Moderate
4.087436851388626,1.4772461954292564,1.0778654675476098,3.771920211849953,Moderate
2.4296805197260545,5.720875445663262,1.102603973571706,1.4345172223981009,Bad
1.6169265055433228,2.6722547668878764,1.008516539448115,1.6992227169466243,Good
2.5237384257420405,2.778740679196071,1.0023318989506411,2.158712992617669,Good
1.9378919272907928,2.849731287401533,1.241352506801399,1.829079237694972,Good
1.284372545155276,3.772609194072547,1.0,1.2996670499297247,Good
2.741415343705189,1.812416520303314,1.0255495903614458,1.824084387306743,Good
2.247874113471785,2.2028648654333582,1.0,2.338513222575504,Good
2.573162631058436,4.94395422946268,1.097331827438787,1.9039960001774028,Bad
2.43505523694224,5.874688430108432,1.1492421204819276,1.0,Bad
2.233502535124509,4.821661075060737,1.071123211815002,1.6742508623418806,Moderate
1.1065600427433622,5.263411966387261,1.0133831294209097,1.1498335249648624,Good
3.3134744764085418,2.285308625095969,1.0291995398367664,1.8790229469044597,Moderate
2.884430110756811,4.762502234889517,1.0425826692576758,1.4744724294993308,Bad
1.2982979986902408,5.3501151625422,1.0,1.0,Moderate
1.0510600392927798,2.9364344835564715,1.0,1.314650402426211,Good
4.623041259783718,3.705499405782316,1.0109498204430625,3.062707794126872,Bad
1.8438339567779425,6.099492022759063,1.191216469490867,1.3596004599156697,Moderate
1.693341294252992,6.2178097031015005,1.08861252390206,1.8091010348102567,Bad
2.113271994951874,3.0035442718467023,1.3381266910221532,1.4644839273910732,Moderate
1.7655497264483735,3.997412786723179,1.260362633501749,1.034961555381201,Moderate
2.182442495831729,6.411093465708907,1.1713952584531675,1.5643725444782484,Bad
3.105962844775246,6.056140424681594,1.0510992087057909,1.3845723145204134,Bad
3.7200851556402874,1.6625790099176507,1.1557309071123203,2.2036630501071275,Moderate
2.413556303580636,3.133693720223384,1.0279828993392923,1.4944506323840456,Good
3.8014073172853817,1.2484671287191191,1.0729988775748154,3.1276360545010453,Moderate
1.3197969320518437,3.3032192926180284,1.0530509040031093,1.4794672798875594,Good
2.0426993322360127,3.7094748798418222,1.3917605907500972,1.03995520710123,Moderate
1.7823750235117948,5.464552022969405,1.2063738826272834,1.059933409985945,Bad
1.7712749841235595,5.531567157115362,1.3287990672366887,1.0,Bad
1.888935066255157,3.882975926295973,1.0072998989506412,1.1798002299578347,Good
1.824438201673483,2.234479349620857,1.0206830003886511,1.4994454827722743,Good
2.768289058779841,5.665692079551549,1.2153466552662262,1.938956356890404,Bad
1.0908819514102552,5.125311569891568,1.0,1.254716992440266,Good
2.2282446217300818,6.320320141350189,1.0510992087057909,1.2247502874472935,Bad
2.467303669233076,4.5298423482641486,1.3952584531675087,1.4794672798875594,Moderate
2.5899879281218565,5.771704721138374,1.035282798289934,1.7941176823137703,Bad
1.8088981981274452,3.6976431118075785,1.0652934224640498,1.2247502874472935,Good
2.730665844775955,4.880819915231955,1.283326855810338,2.148723291841211,Bad
3.1982681129930897,2.068834597141445,1.0501360373105324,1.9039960001774028,Moderate
2.009516146886793,4.458851740058686,1.0535324897007383,1.7941176823137703,Good
1.3673516957483387,4.31687052364776,1.0474492592304705,1.15982202707312,Good
2.3087488986354163,2.7274381329995894,1.1690633595025262,1.5493891919817622,Good
3.907967360028744,1.907070664577264,1.0291995398367664,2.643173924225257,Moderate
2.081090316915879,2.8024042152645583,1.2658375437232805,1.8940062994009452,Bad
3.4455061368874147,1.307625968890338,1.1294209094442285,2.9628191770396968,Moderate
2.104859346420163,4.257711683476542,1.0133831294209097,1.5843507473629632,Moderate
1.5240370247260986,3.054752163898909,1.0466381748931208,1.0,Good
3.25178180650515,2.017532050944964,1.0145997699183833,2.763040744197147,Moderate
2.841385483806784,3.182629912813016,1.0545666537116207,1.775609046641911,Moderate
2.0431666765167718,3.985581018688935,1.0377160792848814,1.529412187765247,Moderate
2.6554195457619123,7.807242093749671,1.0127194869801788,1.529412187765247,Bad
3.97653030044424,1.3944238191895502,1.0901671138748543,3.770255261720544,Bad
2.5030573771201974,5.070128203779855,1.0291995398367664,1.9339627051703752,Bad
2.242265724115221,3.3584973128740154,1.0394304516129032,1.6642623602336228,Good
1.4622275510009497,2.869419349410515,1.0921103863194714,2.213651552215385,Good
2.104508805961162,4.652040848521818,1.174893120870579,1.669256011953652,Moderate
1.3224843229083685,3.90663946236446,1.0629615235134084,1.0,Good
3.2798239467785635,3.1612380762071037,1.0851653385153517,2.19367334933067,Moderate
1.468303349135137,3.6108452615083664,1.0024333089778468,1.11986681997189,Good
1.1794695558567465,6.111323790793307,1.0594636610959969,2.198668199718899,Bad
3.260077651215102,2.167369561330627,1.1247570835600469,1.8190895369185145,Good
1.6557181447459706,3.800153550056266,1.1200932856587642,1.0699219120942025,Good
1.693341294252992,5.287075502455749,1.0256510003886514,1.3596004599156697,Moderate
2.326392015941733,1.907070664577264,1.024485036921881,2.298556816806074,Good
3.9023589061753152,1.1893082885479005,1.5940006436066847,2.608213567512256,Moderate
4.909070858383826,4.0447398588601535,1.081515389040031,2.388456931784991,Bad
1.6954444725101356,5.408895386136323,1.0109498204430625,1.0,Moderate
2.539862641887459,4.656016322581324,1.180722882238632,1.03995520710123,Bad
1.9110182122161403,5.018825657583375,1.0408083855421686,1.6542726594571655,Bad
1.2198756805736024,3.263843168600065,1.006359757481539,1.3596004599156697,Good
2.267503605213488,3.957942008560941,1.0340661298095608,2.5133186021451097,Moderate
1.8665013798351715,4.502203338136154,1.0012719626894675,1.469478777779302,Good
2.0936425032101704,1.70593060799512,1.0304162083171395,1.0998886170871751,Good
1.4864138752190772,4.474564328008161,1.0,1.569367394866477,Moderate
2.386682588505984,3.035064101889928,1.08861252390206,1.374583812412156,Good
1.90856455799686,6.6871049504117455,1.0462326187329964,2.2635964600930727,Bad
2.3194983330677856,2.2818064217578327,1.258841818888457,1.8940062994009452,Good
2.230815144267984,5.373778698610687,1.0617955600466382,1.4295223720098722,Moderate
1.3740818145737073,3.31117024073704,1.1623008161678974,1.15982202707312,Good
1.601970714596666,4.521891400145136,1.0011659634667702,1.414539019513386,Good
2.3087488986354163,4.360222121725229,1.072289147298873,1.4295223720098722,Bad
2.688135322333508,2.30546995782632,1.2104800652934318,1.9239730043939176,Good
1.102120014088695,4.699367920658792,1.0,1.0199782028847149,Moderate
1.0644968645816737,4.1157304670656165,1.036144587640886,2.198668199718899,Good
1.9110182122161403,4.888676209206693,1.054799835211815,1.409545367793357,Moderate
2.3678709815040406,4.947835049377912,1.1643995336183444,1.5194224869887896,Bad
1.4622275510009497,5.212109420190781,1.145744258064516,1.1648168774613483,Moderate
1.9422150876268376,5.216084894250287,1.0608323886513795,1.5194224869887896,Bad
2.1188803843084374,2.971929787659203,1.015816410415857,1.409545367793357,Good
1.4461033348555312,5.2554610182682495,1.06645938593082,1.0049948503882289,Moderate
2.7494774517778984,2.6051449785976466,1.2798289933929266,1.3346286053109258,Good
2.9429680455229192,2.2383601695360893,1.1410804601632336,1.5144288352687607,Good
1.8400716611762995,3.7804654880472848,1.0804508356004665,1.4295223720098722,Good
1.448790661215191,7.077553295541789,1.030314798289934,1.0849052645906887,Bad
2.814324856818573,2.975905261718709,1.1143649063350174,1.274695195324981,Moderate
2.4243057380130053,5.902327440236425,1.1451612903225807,1.4445057245063584,Bad
1.905643494999956,3.9461102405266977,1.0279828993392923,1.4594890770028446,Good
2.177768859533548,3.378185374882997,1.031798759424796,1.469478777779302,Moderate
2.096446697888452,3.764658245953535,1.1702292949863973,1.174805379569606,Good
3.0988354897609187,3.177045318300853,1.1282549459774582,1.7841291802055128,Moderate
2.4243057380130053,4.541674116298392,1.216867469879518,1.644284157348908,Moderate
2.631233221543785,5.6893556156200376,1.2203653322969297,1.859045942687944,Bad
1.8384592395617576,7.005805454182136,1.138748533229693,1.604328950247678,Bad
1.830046591030047,4.190601895186311,1.090031928488146,1.314650402426211,Moderate
1.2702725631047536,6.855683981363651,1.062628387096774,1.4328522722686912,Moderate
1.1766652966815998,4.226097199289042,1.0012719626894675,1.3596004599156697,Good
1.7683539211266557,3.768633720013041,1.0304162083171395,1.589345597751192,Good
1.244550633037801,3.283531230609047,1.1130975608239408,1.1997784328425498,Good
2.8999701143028487,4.218240905314305,1.0559657986785853,1.4794672798875594,Bad
1.2327495772284274,5.6025577653208245,1.0048665899727944,1.389567164908642,Moderate
3.5574408968469617,1.954397736714239,1.0571824391760591,2.368479927568476,Moderate
1.954016143436211,5.452720254935162,1.1958802953750487,1.899001149789174,Bad
1.419229619780879,3.058727637958415,1.0198212110376992,1.0,Good
2.9214691121613163,1.962348684833251,1.2600077823552274,2.7230855370959173,Good
2.43505523694224,2.3843168600065203,1.0023318989506411,1.389567164908642,Good
3.761638486087457,3.918471230398704,1.349786241741158,2.1187565868482388,Bad
1.8088981981274452,4.632352786512836,1.029148862806063,1.0,Moderate
1.3439832562699714,5.393561414763943,1.0174893120870578,1.5993340998594494,Moderate
1.9137056030726651,5.223941188225024,1.1515740474154683,1.4644839273910732,Bad
2.0487751303702,4.786165770958005,1.200746885347843,1.1798002299578347,Bad
2.3893699793625087,7.677092645372989,1.3474543427905168,1.709212417723082,Bad
2.4312161255748794,2.6524720507346213,1.0139914496696465,1.724195770219568,Good
1.159840064115043,5.794232407475574,1.015816410415857,1.5244173373770182,Good
2.8367585432385587,4.072284214843873,1.1170193921492422,1.859045942687944,Moderate
2.98865330310265,2.9522417256502216,1.2378546443839875,1.6193123027441645,Moderate
1.988951902086708,4.218240905314305,1.0584143023707735,1.3845723145204134,Moderate
1.6674023322367215,5.815529589937213,1.0559657986785853,1.5094339848805318,Moderate
1.9562361255151124,4.723031456727281,1.0279828993392923,1.4395120727863295,Bad
2.289937291633473,3.0863666480864085,1.2938204430625728,1.0699219120942025,Moderate
3.023589126250011,5.054320961686106,1.0687912848814614,1.5194224869887896,Bad
1.4514780520717157,4.963642291471661,1.0165353470656822,1.0,Good
2.2254404270518,6.099492022759063,1.0450159782355228,1.1798002299578347,Bad
2.1867423083027955,5.152950580019562,1.0656989786241742,1.5743622452547057,Bad
2.445804735871473,5.1884458841222925,1.0851146614846483,1.4794672798875594,Moderate
2.1973982867783857,3.7213066478760655,1.0228951045472212,1.6842393644501383,Moderate
3.45929350263531,2.6130959267166585,1.12531472677808,2.07380652935878,Moderate
5.600776318660433,4.462732559973917,1.0408083855421686,2.7330740392041744,Bad
1.2395598011596063,3.809524310339388,1.0013325176836378,1.3995556670168998,Good
1.3140716743766578,3.5990134934741222,1.0368865542168677,1.2397336399437795,Good
2.8938624547175578,2.4829464783399766,1.0165353470656822,6.763595860758972,Bad
2.511470025651908,4.5850257143758615,1.049882568208317,1.4994454827722743,Bad
4.491243335942089,1.2208281185911256,1.0729988775748154,3.6420648897698062,Bad
1.8196476325598143,5.9496545123734,1.06645938593082,1.6842393644501383,Bad
1.7683539211266557,2.159513267355889,1.0178073097551497,1.4445057245063584,Good
2.6677046505399717,5.713019151688525,1.276179043917606,1.7591561269325693,Bad
3.3111376260110186,3.0074250917619345,1.3812670034978625,1.03995520710123,Bad
1.204240092674255,5.973318048441887,1.0699572483482316,1.3346286053109258,Bad
1.8693055745134532,6.056140424681594,1.0024333089778468,1.1798002299578347,Bad
1.3009853895467651,4.54593355279072,1.0069957248348231,1.2120719738988668,Moderate
2.878821721400247,4.391741951768454,1.0450159782355228,1.5244173373770182,Bad
2.327560441140495,3.804129024115772,1.1445783225806452,1.7691458277090266,Good
2.045970871195053,6.154675388870776,1.0462326187329964,1.2397336399437795,Bad
2.7360406264890047,2.845755813342027,1.037310523124757,1.7841291802055128,Good
2.217027778520089,2.0806663651756887,1.052149938593082,1.864039594407973,Good
1.835771848705233,2.459282942271489,1.1492421204819276,2.058823176862294,Good
2.383995197649459,6.213834229041995,1.1888845705402251,1.409545367793357,Bad
2.320783626585169,5.468432842884638,1.2340387842984843,1.589345597751192,Bad
1.986264575727048,5.251580198353017,1.0652934224640498,1.5543840423699908,Bad
1.6691549700348642,4.435188203990197,1.0909444228527012,1.2447284903320084,Moderate
2.370558372360565,4.963642291471661,1.0804508356004665,1.314650402426211,Bad
2.099134088744977,4.0447398588601535,1.1364166342790516,1.0649282603741737,Good
2.8381606405777,1.903189844662032,1.0454722114263506,2.523307104253368,Good
1.1904193175505062,5.173395875182735,1.0026650353672757,1.2397336399437795,Good
1.478351767146368,1.4692952473102447,1.475709288767975,1.0,Bad
3.8994272011957554,1.3589285150868189,1.307811892732219,1.5993340998594494,Moderate
2.4726783864492603,1.508766025472482,1.1399144966964632,2.703107334211202,Good
2.144819346324708,4.959666817412156,1.0559657986785853,1.8440625901914576,Bad
2.7118543022708765,5.661716605492043,1.0524679362611735,1.3596004599156697,Bad
2.601672115612608,1.5009097314977442,1.7263894193548386,2.228634904711871,Bad
1.712152901254935,5.251580198353017,1.0909444228527012,1.2397336399437795,Moderate
2.0265751160905943,1.757233154191601,1.0217644834823163,1.729189421939597,Good
1.193490593745021,4.107779518946605,1.0291995398367664,1.409545367793357,Good
2.814324856818573,5.79584152792823,1.0401493882627284,2.0638180272505227,Moderate
2.744102734561713,4.064427920869136,1.026766258841819,1.4944506323840456,Moderate
1.954016143436211,4.880819915231955,1.0699572483482316,1.589345597751192,Moderate
2.894595397086664,2.845755813342027,1.06645938593082,1.2597118428284946,Moderate
1.8384592395617576,5.511879095106381,1.0069957248348231,1.3795786628003843,Bad
3.271411298246853,3.2401796325315777,1.0437993097551497,1.6342956552406505,Moderate
2.1905046039044382,6.695055898530757,1.0023318989506411,1.5344058394852758,Bad
1.795461308341687,7.057865233532808,1.122425184609405,1.569367394866477,Bad
1.7616772702020251,3.334833776805528,1.0526736945200157,1.0799116128706598,Good
3.6524335559213297,2.9285781895817338,1.0944422852701128,2.123751437236468,Bad
1.712152901254935,5.906208260151656,1.263505644772639,1.6143174523559356,Bad
1.6169265055433228,2.61697674663189,1.0038158600855034,1.3596004599156697,Good
2.7118543022708765,4.454876265999179,1.125923047026817,1.7491676248243118,Bad
3.3595102744472736,5.22791666228453,1.0513019727944035,1.724195770219568,Bad
1.6369065377440275,4.821661075060737,1.0909444228527012,1.2197554370590649,Moderate
2.324873114780835,3.5990134934741222,1.3661095903614455,1.2247502874472935,Bad
1.5540866944064815,3.871144158261729,1.081515389040031,1.3246389045344684,Good
2.278720448423481,3.3623781327892472,1.0474492592304705,1.4544954252828155,Moderate
1.7543328832383809,3.859312390227485,1.0510992087057909,1.2996670499297247,Good
2.8193490335757563,4.218240905314305,1.212203643995336,1.6293008048524218,Moderate
2.3740636479568504,5.4763837910036495,1.0340661298095608,1.4594890770028446,Moderate
2.314123615851601,7.223509986012221,1.179556946754761,1.5144288352687607,Bad
2.6258584398307354,2.573625148554421,1.0757870097162845,1.484462130275788,Good
2.803224817430338,2.7432453750933394,1.0804508356004665,2.338513222575504,Moderate
2.212003601762906,3.8435998022780096,1.179556946754761,1.3096555520379822,Good
2.538710921376624,2.3882923340660263,1.0186552755538285,2.5482801575263108,Good
1.1585547705976595,4.151225771168347,1.0023318989506411,1.234738789555551,Good
1.4066106792317452,7.503496944774565,1.0608323886513795,1.0,Moderate
1.5858464984512477,3.0784156999673966,1.0888152879906725,1.839067739803229,Good
1.4944759832917862,4.825636549120242,1.0198212110376992,1.294672199541496,Moderate
1.765900266907375,3.323002008771284,1.0746210742324136,1.0,Good
1.2047074369550137,3.800153550056266,1.0036499494753206,1.1498335249648624,Good
2.6661689801942816,2.459282942271489,1.541002711232025,1.943951207278633,Bad
2.47805316816231,4.604713776384843,1.0781189366498252,1.7841291802055128,Moderate
5.710958505318703,3.950085714586204,1.0629615235134084,2.703107334211202,Bad
2.104508805961162,3.855431570312253,1.3859308293820445,1.5643725444782484,Moderate
2.1693562110018365,1.2366353606848752,1.0291995398367664,2.5682571617428263,Good
4.198458142255102,1.595563875771694,1.213687605130198,3.0926744991198443,Moderate
2.851597465866593,4.975474059505905,1.1037699090555773,1.5593788927582195,Moderate
1.830046591030047,4.308919575528749,1.0304162083171395,1.4045505174051285,Good
1.1906863990667391,4.166938359117824,1.0364994387874078,1.2397336399437795,Good
3.3976008327319183,2.3211825457757955,1.0,2.158712992617669,Moderate
2.5264258165985654,2.4276684580839896,1.1177613587252235,1.779134329817284,Good
1.3735443622011485,2.628808514666134,1.0023318989506411,1.2197554370590649,Good
4.272514796601936,1.7217378500888696,1.1094982883793238,3.542175074014432,Moderate
1.967452968725105,6.758095558617208,1.0,1.314650402426211,Bad
1.491788592435262,3.6463405656110974,1.090031928488146,1.7741394794290557,Good
3.2122424551514066,5.196302178097031,1.255843647104547,1.8490562419114869,Bad
2.8919080062301394,4.1157304670656165,1.4535561507967354,1.709212417723082,Bad
1.1693042695268934,5.267292786302494,1.1260396517683635,1.0,Good
1.634219146887503,3.259867694540559,1.0,1.329633754922697,Good
2.093759307031928,6.095516548699557,1.2565099199378158,2.7330740392041744,Bad
2.1357056813718587,4.502203338136154,1.0617955600466382,1.2297451378355222,Moderate
2.1553351086166974,4.727006930786786,1.0279828993392923,1.7591561269325693,Moderate
2.182442495831729,5.630196775448819,1.0,1.4295223720098722,Bad
1.7712749841235595,4.514035106170399,1.0,1.329633754922697,Moderate
2.643267949493538,3.6108452615083664,1.0948985184609406,1.7941176823137703,Moderate
1.8665013798351715,5.929871796220144,1.0559657986785853,1.2996670499297247,Bad
2.620483722614551,3.8474806221932414,1.7345511076564322,1.469478777779302,Bad
5.231555181292195,1.3391457989335631,1.1180148278274389,3.896781882210072,Moderate
3.613525112896925,2.1910330973991146,1.0717822090944422,1.8091010348102567,Moderate
1.2383579665849915,4.805853832966987,1.0255495903614458,1.0749167624824312,Good
2.851597465866593,2.829948571248278,1.0384764865915277,2.0088794676528066,Moderate
1.174678986743078,4.541674116298392,1.0139914496696465,1.6992227169466243,Good
2.2759162537451987,5.685380141560532,1.3795941018266615,1.3795786628003843,Bad
3.1095849241932885,3.934278472492454,1.0676253493975905,1.5543840423699908,Moderate
4.572565433090318,1.473270721369751,1.0279828993392923,1.9339627051703752,Bad
2.31925401894475,5.6893556156200376,1.0777302821609016,1.7391791227160542,Bad
1.5455359580877015,3.926422178517716,1.3839875569374271,1.2597118428284946,Moderate
1.6530307538894458,3.417656153045234,1.005829761368053,1.0,Good
1.8814571707818284,2.968048967743971,1.0454722114263506,1.419533869901615,Good
1.80480870993178,5.180589590147555,1.0072998989506412,1.2846836974332383,Bad
1.6261570388147937,4.423356435955954,1.012825486202876,1.3596004599156697,Moderate
1.5524296409616491,3.157357256291871,1.0254390019432569,1.3845723145204134,Good
1.353330657860064,4.474564328008161,1.0851653385153517,1.3596004599156697,Good
2.327560441140495,2.1158777068455983,1.3334628931208703,1.6792457127301093,Moderate
1.7766497658366087,4.936003281343668,1.047804110376992,1.4894557819958172,Moderate
2.303374116922367,2.4749955302209647,1.8371550812281383,1.7192009198313394,Bad
1.9943266837997573,5.338283394507956,1.222697231247571,1.4395120727863295,Bad
2.0561361575249064,2.762933437102321,1.0991061111542946,1.0,Good
2.3490594389989625,3.3860416688577346,1.4279051783909833,1.2247502874472935,Moderate
2.1985667119771475,5.79584152792823,1.0769529731830547,1.639289306960679,Bad
1.601970714596666,5.598582291261319,1.234356781966576,1.5394006898735046,Bad
2.9805911950299406,3.839624328218504,1.2133696074621063,1.7341842723278256,Moderate
2.780674327188596,4.600832956469611,1.0669156191216478,1.9039960001774028,Bad
1.5858464984512477,6.801541810838951,1.0466381748931208,1.374583812412156,Bad
2.362496264287856,3.5833009055246468,1.0991061111542946,1.7691458277090266,Moderate
2.2442520340537424,2.159513267355889,1.030314798289934,1.3645953103038984,Good
1.2579874583266948,5.279124554336737,1.010175589584143,1.0499449078776877,Good
2.0515793250484817,6.075828486690575,1.06645938593082,1.11986681997189,Bad
1.6369065377440275,3.0784156999673966,1.1993781577924605,1.0299667049929724,Good
1.9253897905634163,4.979449533565411,1.0377160792848814,1.5793558969747346,Moderate
1.7793370921962686,3.267723988515297,1.029148862806063,1.644284157348908,Good
1.6814233701249963,4.308919575528749,1.0594636610959969,1.5643725444782484,Good
2.193191994760963,1.295794200856094,1.0461717839098328,1.4994454827722743,Good
2.7145416286305366,1.6625790099176507,1.0466381748931208,2.2336297551001,Good
3.302257633198549,4.052596152834892,1.0717822090944422,1.6243059544641931,Bad
2.8762724183307915,2.8812511174447586,1.1144754947532065,2.39345178217322,Moderate
5.318485732293854,2.218672107527108,1.1861471154294598,3.312431134847109,Bad
1.9567034697958712,2.873394823470021,1.1294209094442285,1.03995520710123,Good
2.3194983330677856,2.3882923340660263,1.0139914496696465,1.2247502874472935,Good
1.4851285817016937,2.549961612485933,1.0050877947920716,1.3196452528144396,Good
1.748724493881817,4.289231513519767,1.0389327197823552,1.094894965367146,Good
2.9429680455229192,1.3589285150868189,1.283870955305091,1.764150977320798,Good
2.663481653834621,3.4018489109514847,1.0781189366498252,1.9689230618833768,Moderate
2.6903553044124093,2.0372201129539453,1.271667305091333,2.2685901118131016,Moderate
1.6326835410386775,6.42292523374315,1.0292548620287605,1.0,Moderate
2.003907693033365,3.421536972960466,1.073773108433735,1.5743622452547057,Good
1.7444013335457718,5.6893556156200376,1.08861252390206,1.4445057245063584,Bad
1.2364885249650917,5.003113069633899,1.0139914496696465,1.3945620152968707,Good
3.1660196807022527,1.0670151341459566,1.5958025744267392,1.9639294101633475,Good
2.048074049452197,6.923740311096621,1.150408083948698,1.9889012647680917,Bad
1.2579874583266948,3.165213550266609,1.0023318989506411,1.0,Good
2.314123615851601,3.756801951978797,1.2739992320248736,2.0488346747540365,Moderate
3.103158650096964,2.55393708654544,1.1277480077730275,1.918979352673889,Moderate
1.2692043015366874,3.626652503602116,1.0038158600855034,1.4245287202898431,Good
2.1905046039044382,4.253736209417036,1.0538670812281383,1.7691458277090266,Moderate
1.3117348239791344,5.393561414763943,1.0,1.11986681997189,Moderate
3.59950407500865,3.429487921079477,1.097331827438787,1.839067739803229,Moderate
1.995495108998519,2.818116803214034,1.0024333089778468,1.5194224869887896,Moderate
3.17045970935692,1.9465414427395011,1.0620490291488536,3.582131479783861,Moderate
1.3197969320518437,3.023232333855684,1.0314807617567043,1.2397336399437795,Good
1.8169603062001547,2.644615756759884,1.0524679362611735,1.2996670499297247,Good
3.526127217614506,1.5797566336779445,1.4337349397590362,1.9988897668763488,Good
3.251526914896323,2.0530273550476954,1.1106596346677031,2.598223866735798,Moderate
1.3252885175866504,3.819936266209522,1.0279828993392923,2.198668199718899,Good
1.3925896413434706,3.6581723336453416,1.0571824391760591,1.5194224869887896,Good
2.8193490335757563,5.787890579809219,1.4127477652545668,2.0887898818552664,Bad
1.2579874583266948,3.110219492443444,1.0391760590750097,1.472416713536813,Good
2.08522985467846,4.620521018478592,1.0510992087057909,1.3446171074191833,Moderate
2.0426993322360127,5.79584152792823,1.174893120870579,1.5094339848805318,Bad
1.3808386351010125,4.3720538897594725,1.0979401476875243,1.416679840918084,Good
1.8465213476344668,4.691511626684054,1.2164992708900118,2.0338513222575503,Moderate
1.857270846563701,6.758095558617208,1.3451224158569763,1.0,Bad
1.5328002137168106,4.151225771168347,1.0176413991449669,2.058823176862294,Moderate
2.2281278179083244,3.7283110545523375,1.1993781577924605,1.4994454827722743,Moderate
1.6557181447459706,5.922015502245406,1.0687912848814614,1.804106184422028,Bad
1.8895192788545376,5.977198868357119,1.072289147298873,1.2796888470450098,Bad
1.4837264843625526,4.747168263517137,1.0314807617567043,1.7391791227160542,Moderate
3.4670050702490176,5.645909363398294,1.5864749226583754,1.5743622452547057,Bad
2.780674327188596,2.0253883449197017,1.0,1.4594890770028446,Good
1.7820244830527932,4.9123397452751805,1.138748533229693,1.3845723145204134,Bad
3.349929265213666,2.2818064217578327,1.0364994387874078,2.7230855370959173,Moderate
2.388084685845125,5.831336832030962,1.0109498204430625,1.419533869901615,Bad
1.8760823890687792,4.28137521954503,1.0513019727944035,1.6942290652265954,Moderate
1.8636971206600248,4.241904441382792,1.0152634123591138,1.569367394866477,Good
2.131382521035814,4.94395422946268,1.1095996984065293,1.7841291802055128,Bad
1.5131707219751074,4.005269080697916,1.1034150579090556,1.6842393644501383,Good
1.2027044223285652,6.520040385768223,1.0213203109211038,1.2796888470450098,Moderate
1.4541654429282402,4.0249571427068975,1.1935483964244074,1.7192009198313394,Good
1.8945434556117209,6.391310749555651,1.0535324897007383,1.2397336399437795,Bad
1.927142428361559,2.301494483766814,1.072289147298873,1.6293008048524218,Good
3.1579575726295435,6.84489340891642,1.1982121943256898,2.5632635100227974,Bad
3.0612122757570326,1.9386851487647636,1.0862805969685192,1.834072889415001,Good
1.580471781235063,5.318595332498974,1.1148464920326466,1.6243059544641931,Moderate
1.4031054036354604,4.182745601211574,1.1445783225806452,1.0,Good
3.7034935952141095,3.342690070780266,1.8301593563933152,1.639289306960679,Bad
2.061510874741091,5.76971698410862,1.0408083855421686,1.99389611515632,Bad
2.0265751160905943,2.6682792928283705,1.0769529731830547,1.6542726594571655,Good
1.5131707219751074,4.005269080697916,1.0279828993392923,1.3845723145204134,Good
2.4269931288695297,1.5837321077374504,1.28799068169452,1.6243059544641931,Good
2.2469393604134025,6.087660254724819,1.0174893120870578,1.214761785339036,Bad
2.4161268261185387,5.180589590147555,1.0559657986785853,1.5344058394852758,Bad
2.010450899945176,4.032908090825909,1.3334628931208703,1.414539019513386,Moderate
1.8465213476344668,4.896627157325705,1.1061018359891177,1.1048834674754036,Bad
1.599283388237006,6.4189497596836445,1.1760590843373495,1.0499449078776877,Moderate
1.3048942865216022,5.259436492327756,1.0292548620287605,2.198668199718899,Bad
2.217027778520089,2.0806663651756887,1.052149938593082,1.864039594407973,Good
2.0688052121378195,2.91674642154749,1.0,1.389567164908642,Good
4.322990623295334,1.5994446956869262,1.1180148278274389,3.677025246482808,Moderate
1.4290443656517304,4.076259688903379,1.0401493882627284,1.294672199541496,Good
3.4670050702490176,5.862856662074187,1.35445006762534,1.6542726594571655,Bad
1.905643494999956,2.167369561330627,1.0816167990672367,1.5743622452547057,Good
2.248893808900821,5.314619858439468,1.015517776914108,3.342397839840081,Moderate
1.3359211481972622,4.947835049377912,1.0116595507190052,1.0899001149789174,Moderate
5.158645668178811,1.157788458504675,1.097331827438787,5.310210668599807,Moderate
1.1370558372360566,5.389585940704437,1.0233190734551108,1.8440625901914576,Moderate
1.773962374980084,5.101648033823081,1.0669156191216478,1.7591561269325693,Moderate
1.437457014183441,3.63848427163636,1.0788609032258063,1.3596004599156697,Good
2.551149593189252,6.142843620836532,1.1793449483093663,1.4644839273910732,Bad
1.9943266837997573,3.33871459672076,1.2576758554216867,2.0887898818552664,Moderate
2.124488838161866,5.026776605702387,1.0133831294209097,1.469478777779302,Bad
3.0726947170553727,2.664303818768865,1.0510992087057909,2.053829525142265,Moderate
3.1900892010986226,2.226528401501846,1.0632656976292263,2.083796230135237,Moderate
2.6043595064691325,4.26556797745128,1.041974349008939,1.3346286053109258,Moderate
1.9728276859412897,5.744538981731751,1.101438010104936,1.3246389045344684,Bad
1.5320991327988076,4.971498585446399,1.0,1.5144288352687607,Good
1.8008360900547362,6.040333182587844,1.1445783225806452,1.11986681997189,Bad
2.289937291633473,2.273855473638821,1.004501609016712,1.724195770219568,Good
1.55897284787346,5.267292786302494,1.0804508356004665,1.5044391344923034,Moderate
1.4864138752190772,4.082222899992638,1.0676253493975905,1.274695195324981,Good
2.1985667119771475,3.3623781327892472,1.2436844057520404,1.1648168774613483,Moderate
2.2868660154389584,3.3584973128740154,1.0,1.3596004599156697,Good
1.750508993131063,4.837468317154486,1.0788609032258063,1.839067739803229,Moderate
3.7817778255436783,1.7769212162005823,1.1569475755926937,3.2375143723646778,Moderate
2.1851298866882534,4.687536152624549,1.018249719393704,1.589345597751192,Moderate
2.1367572382519984,1.903189844662032,1.1294209094442285,1.5593788927582195,Good
2.093759307031928,5.180589590147555,1.0571317621453555,1.5194224869887896,Bad
3.633621948919387,1.2287790667101377,2.43645549008939,2.058823176862294,Bad
3.4455061368874147,2.25416741162984,1.212203643995336,2.333518372187275,Moderate
2.916094330448267,3.930302998432948,1.0186552755538285,2.383463280064962,Moderate
2.6903553044124093,4.691511626684054,1.0408083855421686,2.0238628201492928,Bad
2.588235290323714,4.705709748325146,1.2506801305868636,1.1798002299578347,Bad
1.6234697124551336,3.0823911740269025,1.0874465604352896,1.5993340998594494,Good
1.3493580379830206,3.677955049798597,1.0,1.5344058394852758,Good
1.9728276859412897,4.908458925359948,1.0897784593859308,1.3096555520379822,Moderate
2.904193175505063,6.512184091793485,1.0359780054411194,1.3396222570309548,Bad
1.854583455707176,2.6919428288968583,1.0326467252234746,1.2896785478214672,Good
2.547924749960168,6.462301357761114,1.3287990672366887,1.0699219120942025,Bad
1.9309982444168448,3.953966534501435,1.116798187329965,1.0099885021082575,Good
1.7444013335457718,4.15510659108358,1.0116595507190052,1.0199782028847149,Moderate
6.168161815065605,1.962348684833251,1.049882568208317,3.7469483572452096,Bad
2.12063302210658,6.056140424681594,1.1364166342790516,1.5943392494712207,Bad
1.6691549700348642,6.793590862719939,1.114263496307812,1.2097669349508071,Bad
3.2798239467785635,3.5990134934741222,1.0523158492032647,2.148723291841211,Moderate
2.5129889268128065,2.9877370297529526,1.0489700738437622,1.7691458277090266,Good
2.668505830591805,5.665692079551549,1.0961151869413135,1.374583812412156,Bad
2.163630953326651,5.413249476772925,1.1107656338904004,1.5943392494712207,Bad
3.6724135881220334,3.43336874099471,1.0389327197823552,2.1886796976106413,Moderate
1.8922066052141973,3.863287864286991,1.282160892343568,1.5993340998594494,Bad
2.3067625886968948,4.5731939463416165,1.0644823381267003,1.943951207278633,Moderate
3.708868312430294,2.029363818979208,1.0912485969685193,2.8529408591760648,Moderate
1.9217677111453744,4.84930008518873,1.1713952584531675,1.1847950803460634,Moderate
2.534487924671274,4.28137521954503,1.239020607850758,1.4245287202898431,Moderate
1.9394108284516915,5.645909363398294,1.141131137193937,1.2397336399437795,Bad
1.3305464309810775,2.751101669068077,1.0,1.469478777779302,Good
1.5364966580197157,5.145094286044824,1.1271950097162844,2.07380652935878,Moderate
3.120334423122522,2.120042489193652,1.0513019727944035,1.884017797292688,Moderate
1.970257163403387,4.450900791939674,1.087598647493199,1.2497221420520372,Good
1.1374063776950578,5.79584152792823,1.0790821080450836,1.2397336399437795,Good
1.773962374980084,4.194577369245817,1.0034978624174116,1.1798002299578347,Moderate
1.3197969320518437,3.760777426038303,1.0,1.2996670499297247,Good
2.394744696578693,3.224372390437828,1.1200932856587642,1.724195770219568,Good
1.9782024676543388,4.131443055015092,1.2681694426739214,1.154828375353091,Good
2.0212003343775446,4.308919575528749,1.0408083855421686,1.6892342148383668,Bad
2.0880340493567418,3.382160848942503,1.0255495903614458,1.374583812412156,Good
3.638762993995192,2.155537793296383,1.126531367275554,2.4334069892744496,Moderate
1.988951902086708,5.791866053868725,1.1081157372716672,1.5244173373770182,Bad
3.483129286394436,2.8852265915042645,1.0629615235134084,1.7192009198313394,Bad
2.4619289520168914,5.164782348053805,1.3194714434512242,1.1498335249648624,Bad
1.3493580379830206,4.750670466855274,1.0279828993392923,1.2896785478214672,Good
1.823102858589184,2.948266251590716,1.0106601414691023,1.3795786628003843,Good
1.8088981981274452,4.754645940914779,1.0932763218033423,1.2996670499297247,Moderate
2.475015236846784,2.163488741415395,1.0218996688690245,1.3795786628003843,Good
1.556285457016935,6.829086166822671,1.1609016712009328,1.5993340998594494,Bad
1.3925896413434706,3.6581723336453416,1.0571824391760591,1.5194224869887896,Good
1.7851792181900763,4.904483451300443,1.00462325068014,1.639289306960679,Moderate
7.113765309970105,3.4925275811659287,1.071123211815002,2.817980502463063,Bad
2.5962973983964237,3.326882828686516,1.0034978624174116,1.0199782028847149,Good
1.967452968725105,4.679679858649811,1.030314798289934,1.9739179122716053,Moderate
2.572111074178296,3.165213550266609,1.1935483964244074,1.6193123027441645,Moderate
1.6637802528186798,5.267292786302494,1.1613680621842208,1.349611957807412,Bad
2.630011650928608,4.443044497964936,1.0076316921881072,1.419533869901615,Good
1.712152901254935,4.273424271426018,1.1643995336183444,1.0149833524964862,Good
3.913575749385308,1.9860122209017383,1.0985484679362612,2.133739939344725,Moderate
1.2418632421812763,4.22221637937381,1.0034978624174116,1.1947835824543211,Good
1.9567034697958712,5.882544724083169,1.0139914496696465,1.2097669349508071,Bad
1.833084522345573,6.213834229041995,1.1595025262339682,1.3396222570309548,Bad
2.101821415104637,4.959666817412156,1.1364166342790516,1.5244173373770182,Moderate
2.155568845253941,1.7414259120978512,1.4080839393703848,1.5044391344923034,Bad
1.9378919272907928,3.2401796325315777,1.064127486980179,1.6992227169466243,Moderate
3.061095471935275,3.299338472702797,1.0450159782355228,1.6542726594571655,Moderate
2.303958329521748,4.723031456727281,1.008516539448115,1.374583812412156,Moderate
1.4434159439990064,3.516191117234416,1.4104158663039257,1.4794672798875594,Bad
3.786802002300862,1.4299191232922814,1.142945968130587,2.138734789732954,Moderate
1.880522417723446,6.54512373400082,1.0656989786241742,1.6892342148383668,Bad
2.539862641887459,2.344846081844284,1.3404586179556937,1.5843507473629632,Moderate
2.918781721304792,3.378185374882997,1.064127486980179,1.5793558969747346,Moderate
1.735850597226992,4.308919575528749,1.0559657986785853,1.414539019513386,Good
1.6814233701249963,5.287075502455749,1.011801479984454,2.003884617264578,Bad
2.27650046634458,5.922015502245406,1.2225912320248735,1.1947835824543211,Bad
4.841769734627006,1.4969342574382385,1.0766487990672369,3.677025246482808,Moderate
1.5643475650896446,2.4513319941524774,1.0268169358725223,1.3096555520379822,Good
1.3923559047062266,3.4097052049262224,1.0116595507190052,1.0,Good
2.466602588315073,4.312895049588255,1.0632656976292263,1.779134329817284,Bad
2.6258584398307354,5.263411966387261,1.0734551107656432,1.5943392494712207,Bad
3.2770197521002813,2.9578263201623844,1.0530202347454334,2.864595510081932,Moderate
2.3087488986354163,1.828223762397064,1.030314798289934,1.409545367793357,Good
1.827709740632524,3.859312390227485,1.1270890104935871,1.5943392494712207,Good
4.107066343130329,1.7257133241483755,1.0024333089778468,3.062707794126872,Moderate
2.755436381593464,6.182314398998769,1.0705655685969686,1.4544954252828155,Bad
2.124488838161866,6.38742992964042,1.0024333089778468,1.4944506323840456,Bad
2.956404870811813,2.751101669068077,1.313641654100272,1.799112532701999,Moderate
3.411621870620193,4.663872616556061,1.0608323886513795,1.978912762659834,Bad
1.3197969320518437,3.3032192926180284,1.0530509040031093,1.4794672798875594,Good
2.5955963174784205,2.510490834323696,1.047804110376992,1.4594890770028446,Moderate
1.1209316210906382,5.121430749976336,1.0,1.2846836974332383,Moderate
2.0319498333067787,4.22221637937381,1.0781189366498252,1.7341842723278256,Good
3.1518499130442525,2.6012641586824143,1.1081157372716672,1.983906414379863,Good
4.889441366642123,1.354953041027313,1.0097331799455889,3.1076578516163305,Bad
2.187817277544778,1.8873826025682825,1.006359757481539,1.3196452528144396,Good
1.056084216049963,4.64418455454708,1.0,1.15982202707312,Good
3.214392329138508,4.790141245017511,1.222697231247571,1.604328950247678,Bad
1.521349633869574,2.91674642154749,1.102603973571706,1.254716992440266,Good
2.013138226304836,5.894376492117413,1.2215312957637,1.7570536629102624,Bad
2.89003856461024,5.492096378953125,1.1192314963078118,1.9988897668763488,Bad
1.327859040124553,4.813236856220355,1.0139914496696465,1.0,Bad
1.967452968725105,2.920721895606996,1.122425184609405,1.2647054945485237,Good
2.716845134149072,3.719129602557765,1.0852812157015157,1.8118256076282175,Moderate
2.152881454397417,4.675704384590305,1.036144587640886,1.4544954252828155,Moderate
2.57430983678875,4.34441487963148,1.5253153299650215,1.6592675098453944,Moderate
2.7273943058169143,2.3803413859470144,1.0547491581811117,1.8790229469044597,Moderate
1.2418632421812763,3.4806958131316845,1.0,1.0449500574894588,Good
2.7442195383834718,7.109167779729289,1.0097331799455889,1.5493891919817622,Bad
2.0749477645268493,2.506610014408464,1.33113096618733,1.354605609527441,Moderate
1.510366462799961,3.6463405656110974,1.0432463116984063,1.589345597751192,Good
2.2039414936901967,4.305038755613516,1.037310523124757,1.3695889620239272,Moderate
1.8841444971414885,3.366353606848753,1.4465604259619125,1.3845723145204134,Moderate
1.7067781195418856,3.054752163898909,1.0466381748931208,1.5993340998594494,Good
2.107196196817686,4.632352786512836,1.1574038087835212,1.1448386745766337,Bad
2.511470025651908,2.4395002261182333,1.0145997699183833,1.03995520710123,Good
3.706064117752012,2.120042489193652,1.0669156191216478,2.278579812589559,Moderate
1.911368752675142,5.543398925149606,1.020351207151185,1.4544954252828155,Moderate
2.7736637759960256,4.431212729930692,1.1095996984065293,2.0238628201492928,Bad
1.9394108284516915,4.0249571427068975,1.073773108433735,1.4994454827722743,Good
1.6617939428801578,2.63278398872564,1.2063738826272834,1.0499449078776877,Good
1.4290443656517304,3.740994709885048,1.0109498204430625,1.2796888470450098,Good
3.047074369550136,2.526298076417446,1.0218996688690245,1.9739179122716053,Good
1.4122190685883091,3.299338472702797,1.0038158600855034,1.3346286053109258,Good
3.148026022936934,1.295794200856094,1.1715473455110763,2.148723291841211,Moderate
1.6449686458167367,3.926422178517716,1.0174893120870578,1.2097669349508071,Good
4.510872827683793,3.4965030552254346,1.0206830003886511,2.4633736942674225,Bad
4.280927445133647,2.8812511174447586,1.0961151869413135,2.0638180272505227,Moderate
1.6169265055433228,3.950085714586204,1.0340661298095608,1.349611957807412,Moderate
1.6960286851095163,5.827361357971456,1.0816167990672367,1.6293008048524218,Bad
1.857270846563701,6.758095558617208,1.3451224158569763,1.0,Bad
3.5518324429935326,2.273855473638821,1.0985484679362612,1.5943392494712207,Moderate
2.0749477645268493,5.590725997286581,1.1294209094442285,1.174805379569606,Bad
2.152881454397417,4.107779518946605,1.1107149568596968,2.1437296401211823,Moderate
1.2948428371577358,5.097767213907848,1.0,1.3795786628003843,Good
4.080673774665456,2.139825205346908,1.1277480077730275,3.152607909105789,Bad
1.9642281254960212,4.872963621257218,1.1037699090555773,1.6942290652265954,Moderate
2.0803224817430337,6.087660254724819,1.162067634667703,1.2097669349508071,Bad
2.5237384257420405,4.525866874204642,1.1865526715895842,1.8091010348102567,Moderate
1.6288444296713185,6.103467496818569,1.2331908184998055,1.698354881170028,Bad
2.3114362249950764,3.232228684412566,1.2087057815779243,1.4944506323840456,Moderate
3.6179863610200393,1.6389154738491634,1.0864925954139135,2.1437296401211823,Moderate
1.720215009327644,4.395717425827961,1.1177613587252235,1.2896785478214672,Moderate
1.580471781235063,4.636328260572341,1.054799835211815,1.2597118428284946,Good
2.8304824178429806,2.2896627157325704,1.077588940536339,1.6742508623418806,Good
2.023887725234069,3.4846712871911905,1.0389327197823552,2.11376293512821,Good
1.2687369572559284,4.001293606638411,1.0,1.0,Good
3.986485262498692,3.0390395759494333,1.0,2.2086567018271563,Moderate
3.0274449423052974,4.521891400145136,1.0717822090944422,2.0088794676528066,Moderate
1.765900266907375,6.224908763922047,1.1958802953750487,1.9039960001774028,Bad
2.0487751303702,2.3211825457757955,1.100981776914108,1.0,Good
2.5936100075398985,4.135418529074598,1.1982121943256898,2.043839824365808,Bad
2.113271994951874,5.14812321866159,1.1553050913330742,1.683945690741207,Bad
1.058888410728245,2.739269901033833,1.0036499494753206,1.0699219120942025,Good
1.0618094737251491,4.9321224614284365,1.0256510003886514,1.5144288352687607,Good
3.0316512343227204,2.7314136070590957,1.1165954232413524,2.2186464026036137,Moderate
1.550910739800751,2.6682792928283705,1.0489700738437622,1.0899001149789174,Good
2.1394446291085227,6.553074682119831,1.060629624562767,1.5843507473629632,Bad
1.9057602988217133,4.83349284309498,1.068132287602021,1.824084387306743,Good
2.1188803843084374,5.614389533355069,1.3591138655266226,1.5344058394852758,Bad
1.496345424911686,3.046895869924171,1.0089036548775747,1.3596004599156697,Good
1.14021057237334,5.444012073661958,1.0340661298095608,1.15982202707312,Good
2.3123709780534587,3.748945658004059,1.0256510003886514,1.4045505174051285,Good
1.954016143436211,2.9600980196249598,1.1061018359891177,1.449500574894587,Good
3.4723797874652025,2.581481442529159,1.3148076175670425,1.834072889415001,Moderate
1.3493580379830206,3.1415500141981214,1.060629624562767,1.5543840423699908,Good
1.3757643442800491,4.683655332709317,1.0389327197823552,1.3096555520379822,Good
1.875314618392799,5.728731739638,1.0381584889234357,1.5308386029229124,Bad
2.037558287160208,7.152519377806758,1.0024333089778468,1.274695195324981,Bad
1.8518960648506515,5.523710863140624,1.0874465604352896,1.419533869901615,Moderate
2.8339543485602765,1.6192274118401817,1.0953962502914885,2.0288564718693216,Good
1.86802028099607,5.208133946131275,1.079284872133696,1.2896785478214672,Bad
1.927142428361559,6.46627683182062,1.0874465604352896,1.5593788927582195,Bad
3.0863333530335426,1.9860122209017383,1.0296862184220754,6.463928810829247,Bad
2.354434156215147,4.277399745485523,1.1423478056743102,1.859045942687944,Moderate
2.2030067406318143,2.9285781895817338,1.0,1.5593788927582195,Good
1.518779111331671,6.312463847375451,1.0,1.11986681997189,Bad
1.5724096731623538,5.519735389081118,1.0011659634667702,1.8190895369185145,Moderate
1.908330821359616,3.212540622403584,1.5001943256898562,1.414539019513386,Bad
1.7470886599054318,4.308919575528749,1.0501360373105324,1.5593788927582195,Moderate
2.107196196817686,5.038608373736629,1.0994558973960358,1.7341842723278256,Bad
3.201306044308615,4.604713776384843,1.0364994387874078,1.609322601967707,Bad
1.776894079959644,2.7234626589400834,1.0729988775748154,1.0,Good
2.02634137945335,5.141118811985318,1.1119315973571706,1.1847950803460634,Moderate
1.4837264843625526,5.563086987158588,1.0401088130586864,1.764150977320798,Moderate
1.5858464984512477,6.115299264852813,1.2028760202098718,1.3346286053109258,Bad
1.5189066216329494,4.032908090825909,1.0069957248348231,1.349611957807412,Good
1.8492087384909917,2.1753205094496386,1.0139914496696465,1.3196452528144396,Good
1.967452968725105,2.1871522774838823,1.0209871745044694,1.4045505174051285,Good
2.241564643197218,4.040764384800648,1.367275553828216,1.4395120727863295,Bad
3.4004050274102005,2.2936381897920763,1.0827320575204042,3.9667037943042742,Moderate
2.082425660000178,3.875119632321235,1.032849489312087,1.5793558969747346,Good
2.8395627379168404,4.24976073535753,1.0072998989506412,1.9689230618833768,Bad
1.161242161454184,5.346234342626968,1.0011659634667702,1.1148719695836613,Moderate
1.3359211481972622,4.947835049377912,1.0116595507190052,1.0899001149789174,Moderate
3.321887124940252,5.11745527591683,1.138748533229693,1.4045505174051285,Moderate
2.2469393604134025,2.447451174237245,1.012825486202876,1.6642623602336228,Good
2.096446697888452,6.012694172459851,1.114596632724446,1.2896785478214672,Moderate
1.3673516957483387,3.8474806221932414,1.0121664889234356,1.3596004599156697,Good
1.88613080708001,1.9110461386367696,1.0089036548775747,1.5993340998594494,Good
1.752463441618481,5.287075502455749,1.1049358725223477,1.5793558969747346,Moderate
2.109883523177346,5.681404667501026,1.0754321585697628,1.3645953103038984,Bad
3.077920704501832,4.466708034033423,1.0048665899727944,2.0488346747540365,Bad
1.6906539033964674,6.190170692973507,1.0501360373105324,1.3096555520379822,Bad
1.795461308341687,4.9123397452751805,1.0233190734551108,1.3596004599156697,Moderate
5.495151028975453,1.717383759452268,1.2104800652934318,3.6420648897698062,Bad
2.155568845253941,4.009244554757423,1.08861252390206,1.2796888470450098,Moderate
1.2687369572559284,5.172638642028543,1.0104935872522347,1.0,Moderate
1.8411466304182824,4.5298423482641486,1.0109498204430625,1.314650402426211,Moderate
1.9325171455777437,4.742814172880536,1.060629624562767,1.4445057245063584,Moderate
2.075924956522126,3.2401796325315777,1.1434123591138747,1.274695195324981,Good
3.1753033593901385,4.135418529074598,1.0725011457442677,1.804106184422028,Moderate
1.400418012778936,3.7764900139877793,1.036144587640886,1.7591561269325693,Good
1.647656036673261,5.791866053868725,1.0151574131364167,1.374583812412156,Moderate
4.1855842456002765,1.1853328144883943,1.2165632957637,3.152607909105789,Moderate
1.7683539211266557,4.182745601211574,1.0241670392537894,1.569367394866477,Good
1.7712749841235595,3.5319983593281656,1.1772250198212204,1.0,Good
2.985381764143609,4.750670466855274,1.209871745044695,1.6193123027441645,Bad
1.2176769179631486,5.669572899466782,1.0011659634667702,1.5943392494712207,Moderate
2.962948077723624,3.82779256018426,1.0,1.918979352673889,Moderate
1.6879665770368073,4.032908090825909,1.02215313797124,1.2846836974332383,Good
2.1272930328401483,4.360222121725229,1.0754321585697628,1.6193123027441645,Bad
4.303672715906426,2.4553074682119838,1.1803342277497084,5.090455231540743,Bad
1.4122190685883091,5.018825657583375,1.0802987485425573,1.4794672798875594,Good
1.5636464841716418,6.087660254724819,1.041366028760202,1.4794672798875594,Bad
1.8384592395617576,6.115299264852813,1.334462274387874,1.6942290652265954,Bad
2.231048880905228,4.707318868777804,1.12531472677808,1.294672199541496,Bad
1.2944421826349544,7.404961980585384,1.0316328488146134,1.409545367793357,Bad
1.6029054676550485,4.995162121514888,1.005961560823941,1.7591561269325693,Moderate
3.8935638557335,1.5837321077374504,1.1462742541780024,3.0477244416303857,Moderate
2.1553351086166974,4.163057539202592,1.0377160792848814,1.9889012647680917,Moderate
2.792475382997969,5.906208260151656,1.4244073159735715,1.6642623602336228,Bad
2.1374901806211044,4.947835049377912,1.0381584889234357,1.5344058394852758,Moderate
2.5984005766535674,2.356677849878527,1.1131482378546445,1.8690344447962015,Good
2.7498279922369,2.218672107527108,1.0742155180722892,1.8790229469044597,Moderate
2.768289058779841,5.665692079551549,1.2153466552662262,1.938956356890404,Bad
5.14182037111539,1.6428909479086693,1.0012166404974738,2.4833518971521373,Moderate
1.9366066337734087,6.663441414343257,1.0097331799455889,1.3246389045344684,Bad
1.8733950627091192,3.4097052049262224,1.1352506708122814,1.2996670499297247,Moderate
1.5831591720915876,5.807673295962474,1.0198212110376992,1.639289306960679,Bad
2.924156438520976,2.9443854316754834,1.2320248830159346,1.4944506323840456,Moderate
3.026276517106536,3.7449701839445537,1.1235911480761758,1.799112532701999,Moderate
1.55897284787346,5.5710379352776,1.1247570835600469,1.5993340998594494,Bad
1.0759304172566606,4.758526760830012,1.0136098748542557,1.2397336399437795,Good
1.9842782657885265,5.231797482199762,1.1240980862806065,1.1698117278495772,Bad
2.5532994671763527,4.790141245017511,1.0874465604352896,1.4544954252828155,Bad
1.2916379879566726,3.1060547100953904,1.048334106490478,1.3196452528144396,Good
1.936740206779958,4.352365827750491,1.1386425340069957,1.354605609527441,Good
1.6617939428801578,2.63278398872564,1.2063738826272834,1.0499449078776877,Good
5.710958505318703,3.950085714586204,1.0629615235134084,2.703107334211202,Bad
2.467303669233076,4.5298423482641486,1.3952584531675087,1.4794672798875594,Moderate
1.3493580379830206,3.863287864286991,1.0827827345511076,1.0,Good
2.037324550522963,2.83789951936729,1.0665759906723669,1.3645953103038984,Good
2.4834278853784943,1.9702049788079887,1.024485036921881,1.899001149789174,Good
2.1020551517418813,3.33871459672076,1.0194663598911775,1.0249718546047435,Good
2.386682588505984,2.4237876381687578,1.2576758554216867,1.3446171074191833,Good
1.720215009327644,2.498659066289452,1.0034978624174116,1.254716992440266,Good
2.278720448423481,6.265136775238476,1.0827320575204042,1.4445057245063584,Bad
2.803108013608581,2.82209227727354,1.0036499494753206,1.7341842723278256,Good
1.8973476502900024,6.817254398788426,1.0304162083171395,1.414539019513386,Bad
2.867721682012012,4.975474059505905,1.1002720466381657,2.743063739980632,Bad
2.459241561160366,4.462732559973917,1.1737271574038088,2.2685901118131016,Moderate
3.148918272561557,1.2129718246163876,1.035282798289934,2.383463280064962,Moderate
1.5320991327988076,1.1616692784199067,1.0109498204430625,1.1148719695836613,Good
3.437444028814705,1.3904483451300442,1.5503303630003886,1.9139845022856603,Moderate
1.4570865059251443,5.393561414763943,1.0012166404974738,1.1897887320660925,Moderate
1.55897284787346,3.113911004070128,1.8383210167120088,1.2097669349508071,Bad
2.6930426952689337,4.750670466855274,1.2728332685581034,1.2996670499297247,Moderate
1.7823750235117948,3.0942229420611462,1.041366028760202,1.5094339848805318,Good
1.7094655103984104,5.713019151688525,1.1061018359891177,1.4894557819958172,Bad
1.3084632850200937,4.060452446809629,1.018249719393704,1.4994454827722743,Good
1.6180949307420844,5.472408316944144,1.101438010104936,1.3596004599156697,Bad
1.894893996070722,3.4413196891137217,1.079284872133696,1.4594890770028446,Good
4.462308946044052,2.4395002261182333,1.0746210742324136,3.007769234529156,Bad
2.1958793856174874,1.141981216410925,1.0816167990672367,2.603218717124027,Good
1.4353538359262972,5.1844704100627865,1.0,1.0899001149789174,Moderate
2.79469536507687,2.9600980196249598,1.1630308060629615,2.31354016930256,Moderate
1.5748633273816344,5.890495672202181,1.018249719393704,1.0,Bad
2.2078503906650333,7.47197711473134,1.1857047057909056,1.349611957807412,Bad
1.0806210807270922,4.064427920869136,1.0,1.3596004599156697,Good
2.332935222853544,5.247604724293511,1.02215313797124,1.5643725444782484,Moderate
2.962948077723624,4.214265431254798,1.0608323886513795,1.4944506323840456,Bad
1.2888337932783904,5.559206167243356,1.0145997699183833,1.0,Moderate
2.440429954158424,4.461028785376986,1.0972738748542556,2.0318974930920084,Moderate
2.013138226304836,5.768202517800238,1.1527399828993392,1.0849052645906887,Bad
1.3923559047062266,1.9741804528674949,1.0139914496696465,1.2447284903320084,Good
2.444168901895088,3.374209900823491,1.1182913548387097,1.7391791227160542,Good
1.2702725631047536,6.855683981363651,1.062628387096774,1.4328522722686912,Moderate
2.7590053800919554,6.521460197932333,1.1983136043528957,1.9139845022856603,Bad
2.3678709815040406,3.705499405782316,1.0437993097551497,2.3984466325614484,Moderate
3.832253587740213,1.7690649222258448,1.0547491581811117,2.348501724683761,Moderate
1.720215009327644,5.006993889549131,1.315973581033813,1.449500574894587,Moderate
2.647357437689203,3.145525488257628,1.0944422852701128,1.6542726594571655,Moderate
1.4122190685883091,7.629765573236014,1.054799835211815,2.198668199718899,Bad
1.8922066052141973,4.939978755403175,1.0314807617567043,1.329633754922697,Bad
2.73335323563248,3.6463405656110974,1.0991061111542946,1.859045942687944,Moderate
2.674114284445233,5.417224950832431,1.0364994387874078,1.4395120727863295,Bad
2.9107196132320823,3.90663946236446,1.3264671682860474,1.2996670499297247,Moderate
2.5899879281218565,2.313326251801058,1.0377160792848814,1.4445057245063584,Good
5.349332067245549,2.6012641586824143,1.035282798289934,3.0876808473998154,Bad
1.5777843903785382,3.457032277063197,1.0024333089778468,1.3795786628003843,Good
2.948926975338485,1.9425659686799956,1.0,1.7891228319255417,Good
2.1693562110018365,6.162626336989788,1.0304162083171395,1.0,Bad
2.231048880905228,4.604713776384843,1.0316328488146134,1.589345597751192,Moderate
1.88613080708001,5.208133946131275,1.036144587640886,1.1248616703601186,Moderate
1.0087950504418153,3.957942008560941,1.0114475522736106,1.0199782028847149,Good
1.6154076043824244,2.2896627157325704,1.0116595507190052,1.7841291802055128,Good
1.634219146887503,3.823817086124754,1.0081616883015934,1.3346286053109258,Good
1.5724096731623538,3.819936266209522,1.005829761368053,1.7142060694431107,Good
1.7040907931822258,4.675704384590305,1.3148076175670425,1.1048834674754036,Bad
3.164851255503491,2.474616913643869,1.1374811877186164,4.655938009142641,Bad
2.2388772523406937,5.523710863140624,1.0489700738437622,1.5943392494712207,Bad
3.7957988634319526,4.241904441382792,1.0766487990672369,1.7042175673348532,Bad
3.0668313715931173,2.8970583595385087,1.073773108433735,1.8890126476809168,Moderate
1.9782024676543388,4.305038755613516,1.0466381748931208,1.5493891919817622,Moderate
1.4702896590736587,4.754645940914779,1.0151574131364167,1.059933409985945,Good
2.510301600453147,4.218240905314305,1.1154294597745822,1.5144288352687607,Bad
6.0756228102105165,1.0,1.2445461951029926,4.885683146978163,Bad
1.6584054711056306,3.953966534501435,1.239679605130198,1.4445057245063584,Good
2.2442520340537424,3.879095106380741,1.4780411877186164,1.0,Bad
1.8216339424983363,4.34441487963148,1.1180148278274389,2.2186464026036137,Good
3.798603058110235,2.029363818979208,1.0,2.613207219232285,Moderate
1.6029054676550485,4.060452446809629,1.103027942479596,1.2097669349508071,Moderate
2.7817258840687358,4.663872616556061,1.216867469879518,1.669256011953652,Bad
1.693341294252992,3.3703290809082587,1.0408083855421686,1.204772084562579,Good
3.907967360028744,2.364628797997539,1.0851653385153517,2.0887898818552664,Moderate
3.35583285671942,1.85785050955481,1.2164992708900118,2.8054939758265918,Moderate
1.7935918667217872,2.068834597141445,1.0069957248348231,1.254716992440266,Good
1.3520453643426806,5.953535332288632,1.0268169358725223,1.2397336399437795,Moderate
4.435159119892125,2.0096757569702257,1.2627959144966965,5.749722741386137,Bad
3.212522887518608,5.941703564254388,1.0571824391760591,1.5394006898735046,Bad
2.034754027985061,2.447451174237245,1.0279828993392923,1.6243059544641931,Good
2.738611149026907,2.273855473638821,1.1034150579090556,2.4334069892744496,Good
2.346372048142438,4.352365827750491,1.041366028760202,1.5843507473629632,Moderate
1.0225739026035858,4.512709948150564,1.0013991449669646,1.286348647562648,Good
1.722902335687304,5.653860311517306,1.1130975608239408,1.354605609527441,Bad
1.488333430902757,5.673548373526288,1.1017560077730275,1.1048834674754036,Bad
2.573162631058436,6.2178097031015005,1.0060832304702685,1.3845723145204134,Bad
1.932272831454708,2.534154370392184,1.0,1.0149833524964862,Good
3.700455663898584,3.748945658004059,1.0316328488146134,2.0238628201492928,Moderate
1.8020045152534976,3.685811343773335,1.0,1.2597118428284946,Good
1.9835771848705237,3.997412786723179,1.0851146614846483,1.03995520710123,Bad
1.740311845350106,3.71733117381656,1.2323797341624565,1.6942290652265954,Moderate
2.738611149026907,1.8440310044908133,1.3248449716284494,1.839067739803229,Moderate
1.3923559047062266,5.701187383654281,1.0582976976292269,1.294672199541496,Moderate
2.536707906750175,1.7848721643195944,1.0608323886513795,1.9239730043939176,Good
1.7605255496911902,3.236204158472072,1.064127486980179,1.5194224869887896,Good
1.056084216049963,4.085725103330773,1.0,1.0,Good
1.5159749166533891,6.643753352334276,1.1865526715895842,1.1448386745766337,Bad
2.0319498333067787,5.9456790383138935,1.1061018359891177,1.1947835824543211,Bad
2.9965986073536017,2.1082107211594083,1.0863820069957248,2.35349657507199,Moderate
1.0674285695612336,3.8435998022780096,1.0,1.0249718546047435,Good
1.8200315823946691,4.577169420401123,1.0617955600466382,1.5094339848805318,Moderate
1.037340266258966,6.864581470925402,1.0213203109211038,1.11986681997189,Moderate
3.332636623869486,1.8913580766277884,1.122425184609405,3.4722531619202286,Good
1.5552339001367956,4.983330353480644,1.026766258841819,1.2846836974332383,Bad
1.6691549700348642,4.695487100743561,1.0011659634667702,1.2397336399437795,Moderate
1.7766497658366087,4.080235162962885,1.0174893120870578,1.03995520710123,Good
2.1052417483302674,3.5043593492001723,1.125923047026817,1.0,Good
2.8557506769644654,3.752826477919292,1.033070694131364,1.6492790077371366,Moderate
2.73335323563248,2.664303818768865,1.0443062479595802,2.373473579288505,Moderate
3.98368106782041,2.6051449785976466,1.0693489280994948,2.3584902267920187,Moderate
1.7766497658366087,4.41152466792171,1.1107656338904004,1.4245287202898431,Moderate
2.4619289520168914,5.2752437344215055,1.1165954232413524,1.4994454827722743,Moderate
2.382476296488561,3.63848427163636,1.1301813167508743,2.1637066443376973,Good
1.9701403595816296,5.5710379352776,1.222697231247571,1.5044391344923034,Moderate
1.7793370921962686,2.2108158135523697,1.0233190734551108,1.03995520710123,Good
2.163630953326651,3.989461838604167,1.099765108433735,1.2297451378355222,Moderate
1.6852791861802827,2.526298076417446,1.030314798289934,1.4045505174051285,Good
2.529113142958225,2.829948571248278,1.0268169358725223,2.0288564718693216,Good
2.109883523177346,3.464983225182209,1.1177613587252235,1.1897887320660925,Good
1.671842360891389,5.1884458841222925,1.0314807617567043,1.4894557819958172,Moderate
1.4178275224417378,4.794022064932743,1.0407023863194715,1.3795786628003843,Good
3.389188184200208,3.81198531809051,1.12531472677808,1.983906414379863,Moderate
1.5025380913644957,5.622245827329807,1.1235911480761758,1.4644839273910732,Moderate
1.878769779925304,3.3071947666775343,1.122425184609405,1.0,Good
1.341295929910311,2.861563055435777,1.138748533229693,1.0,Good
1.6987160114691764,3.689786817832841,1.054799835211815,1.2996670499297247,Good
1.773962374980084,5.898351966176919,1.121259221142635,1.4345172223981009,Bad
3.166508308948324,1.9505169167990075,1.073773108433735,4.341287606716431,Moderate
2.109883523177346,5.681404667501026,1.0754321585697628,1.3645953103038984,Bad
1.3735443622011485,2.628808514666134,1.0023318989506411,1.2197554370590649,Good
2.73335323563248,5.709043677629019,1.1713952584531675,1.9639294101633475,Bad
1.682591795323758,3.713450353901328,2.209094432957637,1.3246389045344684,Bad
2.4941773843077284,2.372485091972277,1.0186552755538285,1.5943392494712207,Good
1.6879665770368073,6.840917934856914,1.2658375437232805,1.419533869901615,Bad
2.451179453087658,5.4053931827981865,1.10828164788185,1.8790229469044597,Bad
1.1289937291633474,6.37162268754667,1.008516539448115,1.1248616703601186,Moderate
4.273215877519938,1.6902180200456445,1.2261950936649826,3.951720441807788,Moderate
2.072260373670325,4.237928967323287,1.029148862806063,1.569367394866477,Moderate
1.722902335687304,5.894376492117413,1.0909444228527012,1.1897887320660925,Moderate
1.7148402276145949,5.578894229252337,1.1655654970851146,1.5394006898735046,Bad
1.4407285531424818,3.677955049798597,1.336960755538282,1.414539019513386,Bad
1.634219146887503,3.914590410483472,1.1480761849980567,1.4245287202898431,Moderate
1.2767990653286376,4.088091456937622,1.012825486202876,1.0199782028847149,Good
2.7467900609213736,5.093791739848342,1.1436921881072677,1.569367394866477,Bad
3.024640683130151,4.43906902390543,1.0048665899727944,1.799112532701999,Moderate
2.537175251030934,2.8812511174447586,1.2670035071900505,1.2996670499297247,Moderate
1.9366066337734087,6.663441414343257,1.0097331799455889,1.3246389045344684,Bad
4.426746471360415,1.512741499531988,1.0827320575204042,2.942840974154982,Moderate
2.326392015941733,1.907070664577264,1.024485036921881,2.298556816806074,Good
2.124488838161866,4.727006930786786,1.059615748153906,1.4045505174051285,Bad
1.5939086065239567,6.0166696465193565,1.1492421204819276,1.7841291802055128,Bad
1.2692043015366874,6.213834229041995,1.029148862806063,1.094894965367146,Moderate
1.7014034023257012,5.5394234510901,1.1189273221919938,1.569367394866477,Bad
2.7763511668525505,3.232228684412566,1.1297389071123205,2.0288564718693216,Moderate
2.754852168994083,5.148975105960056,1.2751651675087443,1.174805379569606,Bad
2.822036424432281,2.364628797997539,1.0582976976292269,1.7941176823137703,Good
2.9510301535956285,5.710463489793128,1.0,1.7403538175517783,Bad
1.378568538958331,3.5596373694561594,1.0432463116984063,1.2397336399437795,Good
1.2215327340184348,4.51573888076733,1.0036499494753206,1.3596004599156697,Good
1.682591795323758,5.010969363608637,1.1352506708122814,1.3196452528144396,Moderate
2.3011541348434656,4.600832956469611,1.058399107656432,1.729189421939597,Bad
2.107663541098445,3.461007751122703,1.0450159782355228,1.589345597751192,Moderate
2.202866524448214,4.853180905103962,1.1853867081228138,1.0,Bad
3.7034935952141095,1.6783862520114003,1.1189273221919938,2.927857621658496,Moderate
2.968556467080188,3.965798302535679,1.090031928488146,2.288568314697816,Moderate
1.5052254177241555,5.697211909594775,1.162067634667703,1.214761785339036,Bad
2.6177963317580266,7.1012168316102775,1.4121117979012825,1.5643725444782484,Bad
2.278720448423481,5.219965714165518,1.0559657986785853,1.6992227169466243,Moderate
2.4968647106673885,4.376029363818979,1.0932763218033423,1.5993340998594494,Moderate
1.7820244830527932,1.757233154191601,1.0687912848814614,1.6742508623418806,Good
1.8975813869272469,4.624496492538098,1.0909444228527012,1.1348501724683762,Moderate
1.7309644437600131,3.614820735567872,1.1853867081228138,1.0,Good
2.8619964243368257,1.6665544839771569,1.192230345899728,2.7880137974700907,Good
1.967452968725105,3.354521838814509,1.068685285658764,1.0699219120942025,Good
1.4122190685883091,4.166938359117824,1.008516539448115,1.2447284903320084,Good
2.4619289520168914,5.425081244807168,1.1690633595025262,1.2896785478214672,Bad
2.12168457898672,2.4908027723147144,1.0279828993392923,1.469478777779302,Good
4.184532688720138,1.9207008613527128,1.4628838025650992,2.748057391700661,Moderate
1.9970140101594172,6.549099208060325,1.1772250198212204,1.6243059544641931,Bad
1.682591795323758,3.670004101679585,1.0219199284881462,1.4395120727863295,Good
2.528295258218465,3.867263338346497,1.1574038087835212,1.5993340998594494,Moderate
1.4914047070972716,1.350977566967807,1.0368865542168677,1.4894557819958172,Good
2.441364707216806,3.748945658004059,1.493959008161679,1.0299667049929724,Bad
1.1317979238416294,5.338283394507956,1.0133831294209097,1.3596004599156697,Good
2.2442520340537424,1.8321992364565696,1.3416245534395648,1.414539019513386,Bad
1.9782024676543388,7.042057991439059,1.2133696074621063,1.0,Bad
2.4619289520168914,5.425081244807168,1.1690633595025262,1.2896785478214672,Bad
3.762148333801975,2.510490834323696,1.0218996688690245,2.178689996834184,Moderate
3.3359081628285265,2.968048967743971,1.0644823381267003,1.9289678547821465,Moderate
1.1524471110123689,4.170913833177329,1.0,1.1498335249648624,Good
4.129500029550314,1.5482368036347192,1.097331827438787,2.872919062060779,Moderate
1.9001519094651491,5.929871796220144,1.0135047990672368,1.899001149789174,Bad
2.071208816790185,4.494347044161417,1.0,2.0338513222575503,Bad
2.0426993322360127,3.267723988515297,1.0862805969685192,1.1348501724683762,Good
2.303958329521748,2.83742624864592,1.0746210742324136,1.6992227169466243,Good
1.25261274111051,3.255892220481053,1.0023318989506411,1.9139845022856603,Good
1.7873992002689778,4.999137595574393,1.172561221919938,1.5344058394852758,Moderate
2.1475067371812324,3.0823911740269025,1.1422463956471045,1.5643725444782484,Good
1.857270846563701,3.0942229420611462,1.2774970944422852,1.0199782028847149,Moderate
2.912472251030225,5.685380141560532,1.0048665899727944,1.4345172223981009,Bad
1.9394108284516915,4.521891400145136,1.0778654675476098,1.779134329817284,Good
1.143014767051622,5.507903621046875,1.0,1.2197554370590649,Moderate
2.251825513880381,5.598582291261319,1.0076316921881072,1.1798002299578347,Moderate
3.3527334598919483,5.45508660854201,1.0888152879906725,1.0699219120942025,Moderate
1.5374738500149925,4.675704384590305,1.0174893120870578,1.354605609527441,Good
3.4536850487818813,2.5933132105634025,1.126531367275554,1.983906414379863,Moderate
1.8922066052141973,3.855431570312253,1.0069957248348231,1.11986681997189,Good
3.823841003705367,2.9837615556934467,1.1034150579090556,2.503330100036852,Moderate
2.285637479162407,1.9307342006457515,1.0535324897007383,1.3346286053109258,Good
2.0749477645268493,4.261592503391773,1.2926544795958026,1.2896785478214672,Bad
2.717961961856168,3.5398546533029034,1.1399144966964632,1.648690461651075,Bad
2.061510874741091,5.76971698410862,1.0408083855421686,1.99389611515632,Bad
1.7627455317700913,5.977198868357119,1.0255495903614458,1.0,Bad
4.266906407245372,1.5364050356004753,1.0961151869413135,3.831853621835898,Moderate
2.2058109353100965,6.379478981521408,1.0559657986785853,1.4045505174051285,Bad
2.8112869255030475,3.914590410483472,1.0501360373105324,1.5643725444782484,Moderate
5.29044359202044,2.0845471850909205,1.0620490291488536,3.911765234706559,Bad
2.4726783864492603,1.508766025472482,1.1399144966964632,2.703107334211202,Good
2.747023797558618,4.498227864076648,1.048665899727944,1.4045505174051285,Bad
1.8088981981274452,4.632352786512836,1.029148862806063,1.0,Moderate
2.021766100873656,5.650642070611991,1.1368052887679752,1.5230556503021375,Bad
2.303958329521748,2.924602715522228,1.0268169358725223,2.1637066443376973,Good
1.8833266124017285,8.970636181020794,1.024332949863972,1.4894557819958172,Bad
1.6315318205278428,4.999137595574393,1.0256510003886514,1.4744724294993308,Moderate
1.1205810806316368,3.819936266209522,1.0,1.1997784328425498,Good
2.5927921228001383,2.8970583595385087,1.0705655685969686,2.228634904711871,Moderate
6.159749166533894,1.1222931544019437,1.1070650073843762,4.705882917020329,Bad
2.336844119828381,2.55393708654544,1.0104935872522347,1.8140958851984847,Good
2.6339205479034447,2.534154370392184,1.029148862806063,1.839067739803229,Good
1.8188297478200544,4.868988147197712,1.0279828993392923,1.2896785478214672,Moderate
2.5156763176693318,2.206840339492864,1.0489700738437622,1.5543840423699908,Good
2.8166617072160967,2.214696633467602,1.06645938593082,2.867924211672551,Good
2.946632628374721,3.6108452615083664,1.1246510843373494,1.6842393644501383,Moderate
1.7605255496911902,5.046464667711368,1.13291877186164,1.0749167624824312,Moderate
2.7494774517778984,1.8360800563718012,1.2436844057520404,1.8490562419114869,Moderate
1.5159749166533891,5.377754172670193,1.083948698017878,1.059933409985945,Moderate
2.2872499007769487,4.979449533565411,1.1095996984065293,1.1498335249648624,Bad
1.752463441618481,3.3703290809082587,1.413913728721337,1.0,Bad
3.052682823403565,2.7826214991113023,1.1021984174115818,1.5144288352687607,Good
2.096446697888452,3.918471230398704,1.312475718616401,1.2996670499297247,Good
1.102120014088695,2.90093917945374,1.0,1.1098783178636322,Good
1.7632128760508503,3.934278472492454,1.0325301204819275,1.4894557819958172,Moderate
1.0504758266933991,4.28137521954503,1.0012166404974738,1.0,Good
2.0936425032101704,3.6256113080151033,1.0705655685969686,1.8338559304708515,Good
1.6755197786192422,3.7804654880472848,1.0526736945200157,1.3521087836674266,Good
2.517078415008472,4.226097199289042,1.0291995398367664,1.5493891919817622,Moderate
2.155568845253941,3.220396916378322,1.2530120575204042,1.03995520710123,Moderate
2.116601968070225,6.5981300547942325,1.0609039689078896,1.7258607203489775,Bad
2.2872499007769487,3.6463405656110974,1.2774970944422852,1.449500574894587,Good
1.725589726543829,3.4965030552254346,1.047804110376992,1.5244173373770182,Good
2.0265751160905943,5.129287043951074,1.0326467252234746,1.4794672798875594,Good
2.607046897325657,2.344846081844284,1.1772250198212204,1.349611957807412,Good
2.0235371847750683,7.633646393151247,1.0401493882627284,1.5244173373770182,Bad
1.3645475010700567,3.6581723336453416,1.126531367275554,1.0998886170871751,Good
2.1690056705428358,6.292775785366469,1.0991061111542946,1.4644839273910732,Bad
1.6234697124551336,5.807673295962474,1.138748533229693,1.589345597751192,Bad
1.8975813869272469,1.8715753604745329,1.0769529731830547,1.2197554370590649,Good
1.4944759832917862,4.809829307026492,1.0116595507190052,1.6293008048524218,Bad
4.855790837012146,1.508766025472482,1.0632656976292263,2.912874269162009,Bad
1.2243369286967167,3.046895869924171,1.0316328488146134,1.1947835824543211,Good
2.8059122082868626,2.6761355868031087,1.015816410415857,2.288568314697816,Good
2.1797551694720694,1.504790551412976,1.342790516906335,1.5044391344923034,Moderate
2.886533289013955,4.210384611339567,1.1200932856587642,1.8740292951844304,Moderate
1.86802028099607,3.606964441593135,1.0454722114263506,1.4245287202898431,Good
1.5528302954844304,2.222647581586614,1.0023318989506411,1.2397336399437795,Good
1.684227629300143,5.484240084978387,1.103027942479596,1.469478777779302,Bad
2.212003601762906,5.638053069423556,1.0932763218033423,1.0,Bad
2.3740636479568504,4.454876265999179,1.0474492592304705,1.354605609527441,Bad
3.2770197521002813,2.9578263201623844,1.0530202347454334,2.864595510081932,Moderate
1.773962374980084,6.493915841948613,1.0,1.6992227169466243,Bad
3.2770197521002813,2.9578263201623844,1.0530202347454334,2.864595510081932,Moderate
3.893946257643605,1.5284540874814636,1.122881417800233,2.0887898818552664,Moderate
1.5912212801642969,1.7940536163141676,1.1130975608239408,1.034961555381201,Good
1.8868318879980128,3.4965030552254346,1.0699572483482316,1.744172774436083,Moderate
1.1906863990667391,4.842958257522374,1.0,1.3596004599156697,Good
5.7952016654638365,1.2444916546596132,1.135047906723669,3.9367370893113023,Bad
1.5885338893077725,4.778309476983267,1.0816167990672367,1.5493891919817622,Moderate
2.263063576558821,5.823385883911951,1.1095996984065293,1.644284157348908,Bad
2.402105723733399,1.7927284582943324,1.0042582697240576,3.836848472224127,Moderate
3.3514481663745643,2.0017248088512143,1.271667305091333,1.8690344447962015,Moderate
3.4060134812636287,1.2208281185911256,1.0863820069957248,2.7380688895924035,Good
1.6505770996701652,2.703774596931102,1.015816410415857,1.354605609527441,Good
3.090773381688209,3.879095106380741,1.3579479300427515,2.743063739980632,Bad
2.6258584398307354,5.263411966387261,1.0734551107656432,1.5943392494712207,Bad
1.5468212516050852,3.571469137490403,1.0036499494753206,1.0699219120942025,Moderate
1.7148402276145949,5.547374399209112,1.1072677714729888,1.5593788927582195,Bad
1.9943266837997573,5.338283394507956,1.222697231247571,1.4395120727863295,Bad
1.599283388237006,6.4189497596836445,1.1760590843373495,1.0499449078776877,Moderate
2.351629961536865,3.4097052049262224,1.01703307889623,1.3446171074191833,Good
2.163630953326651,2.2028648654333582,1.072289147298873,2.083796230135237,Good
2.209316210906381,5.709043677629019,1.1480761849980567,1.8091010348102567,Bad
1.5776675865567809,3.7449701839445537,1.0,1.6642623602336228,Good
2.5984005766535674,4.415405487836942,1.0133831294209097,1.4445057245063584,Moderate
1.4326664450697726,5.914159208270668,1.0559657986785853,1.804106184422028,Moderate
1.2069274190339148,4.28137521954503,1.005829761368053,1.204772084562579,Moderate
2.534487924671274,2.6761355868031087,1.0279828993392923,1.5344058394852758,Good
1.3601074724153897,5.018825657583375,1.0104935872522347,1.11986681997189,Moderate
2.5899879281218565,2.924602715522228,1.0340661298095608,1.6293008048524218,Moderate
3.456489307957028,4.648160028606586,1.0060832304702685,2.648168774613486,Bad
1.8707076718525943,3.725282121935572,1.0011659634667702,1.7591561269325693,Good
2.056520042862896,4.123586761040354,1.1189273221919938,1.5843507473629632,Moderate
1.6163034013345992,5.6498848374578,1.0699572483482316,1.03995520710123,Moderate
2.273813075488055,7.097336011695045,1.0804508356004665,1.6892342148383668,Bad
2.511069371129127,2.581481442529159,1.0030647990672368,1.729189421939597,Moderate
1.857270846563701,4.971498585446399,1.517683637776914,1.4644839273910732,Bad
1.6422812549602122,2.90093917945374,1.06645938593082,3.7918984147346686,Moderate
1.548223348944226,4.521891400145136,1.005829761368053,1.5743622452547057,Good
2.5030573771201974,3.969773776595185,1.024332949863972,1.2846836974332383,Moderate
1.950627671661684,2.7234626589400834,1.0047449203264671,1.864039594407973,Good
2.0534487666683816,6.608258048231544,1.1434123591138747,1.4544954252828155,Bad
1.954016143436211,4.22221637937381,1.258841818888457,1.3645953103038984,Good
1.131681120019872,5.764227043740732,1.0093276237854645,1.839067739803229,Moderate
1.1209316210906382,5.212109420190781,1.035282798289934,1.2397336399437795,Good
2.5962973983964237,3.023232333855684,1.1702292949863973,2.6531636250017145,Good
1.967452968725105,5.776058811774976,1.130586872910999,1.449500574894587,Bad
2.4553857451050805,2.364628797997539,1.0632656976292263,1.9128313834775308,Moderate
3.4105703137400534,4.435188203990197,1.0629615235134084,1.6792457127301093,Bad
1.4165422289243543,5.811554115877707,1.0186552755538285,1.03995520710123,Moderate
1.7766497658366087,5.610414059295563,1.1095996984065293,1.2996670499297247,Bad
2.51427422033019,3.3032192926180284,1.0,1.2597118428284946,Good
1.4246043369970636,3.464983225182209,1.0012166404974738,1.2397336399437795,Bad
1.1504926625249503,6.0718530126310695,1.0127194869801788,1.7192009198313394,Bad
1.4864138752190772,4.967617765531168,1.0384764865915277,1.3346286053109258,Bad
1.5384086030733746,5.239748430318774,1.06486945355616,1.4445057245063584,Bad
1.81427291534363,5.432937538781906,1.3171395165176836,1.5094339848805318,Bad
4.370809824136615,1.2208281185911256,1.2689467516517683,4.321309403831716,Moderate
7.113765309970105,3.4925275811659287,1.071123211815002,2.817980502463063,Bad
3.0450880596116146,2.2028648654333582,1.054799835211815,1.9988897668763488,Good
2.061510874741091,3.1928525603946025,1.3264671682860474,1.7192009198313394,Moderate
1.2692043015366874,6.26116130117897,1.0097331799455889,1.2397336399437795,Moderate
1.737507650671824,5.018825657583375,1.0401493882627284,1.3046619003179534,Moderate
2.7907364830319823,3.582732980659004,1.0148144827050136,1.5822099259582652,Moderate
2.193191994760963,4.872963621257218,1.0820831620676254,1.6134364312291425,Moderate
1.6315318205278428,3.5990134934741222,1.2238631947143412,1.4744724294993308,Good
1.970257163403387,5.223941188225024,1.0,1.7142060694431107,Bad
2.0695729828138,4.5731939463416165,1.179556946754761,1.4544954252828155,Moderate
1.7793370921962686,3.973749250654691,1.0256510003886514,1.3596004599156697,Moderate
2.1851298866882534,3.0665839319331534,1.0921103863194714,1.0749167624824312,Good
6.543926159345654,2.1516569733811512,1.097331827438787,3.6420648897698062,Bad
1.6898360186567072,3.784440962106791,1.031798759424796,1.11986681997189,Good
1.908330821359616,6.320320141350189,1.282160892343568,1.5194224869887896,Bad
1.5106001994372047,4.577169420401123,1.216867469879518,1.2397336399437795,Moderate
2.201254102833672,3.4886467612506964,1.0466381748931208,1.4794672798875594,Good
2.2281278179083244,3.40582438501099,1.0233190734551108,1.3246389045344684,Good
3.321887124940252,4.336558585656741,1.058509696074621,1.899001149789174,Bad
1.6730107860901504,6.000862404425607,1.0364994387874078,1.0,Bad
2.402105723733399,3.7804654880472848,1.0012166404974738,1.5344058394852758,Good
1.6046581054531908,5.5275916830558565,1.0454722114263506,1.0799116128706598,Bad
2.187817277544778,2.6130959267166585,1.215701506412748,1.2796888470450098,Moderate
1.980889794013999,4.971498585446399,1.1515740474154683,1.5643725444782484,Moderate
3.764151348428424,2.869419349410515,1.1107149568596968,1.799112532701999,Moderate
1.6046581054531908,5.748514455791256,1.036144587640886,1.4944506323840456,Moderate
1.1289937291633474,3.31117024073704,1.0097331799455889,1.3396222570309548,Good
3.867423083027954,1.4851024894039944,1.614457821997668,2.238623406820129,Moderate
3.877121025077048,2.0017248088512143,1.0571824391760591,2.79300744919012,Moderate
1.620782321598609,4.766477708949024,1.0513425479984453,1.2397336399437795,Good
1.2687369572559284,4.036788910741142,1.0093276237854645,1.0249718546047435,Good
1.629612264844163,5.354090636601706,1.0546332809949477,1.604328950247678,Good
4.513677022362074,1.6625790099176507,1.2165632957637,5.42008898646344,Bad
2.7273943058169143,3.7962727301410335,1.0851653385153517,1.7741394794290557,Good
1.5831591720915876,4.857156379163468,1.0396424500582977,1.329633754922697,Moderate
1.0673010592599557,4.841349137069718,1.0912485969685193,1.0,Good
2.3114362249950764,3.957942008560941,1.4115818017877964,1.6792457127301093,Moderate
1.712152901254935,5.251580198353017,1.0909444228527012,1.2397336399437795,Moderate
1.9459540353635016,2.569649674494915,1.096774184220754,1.4894557819958172,Good
1.4010022253783163,4.636328260572341,1.020351207151185,1.354605609527441,Good
1.7497760507619564,4.675704384590305,1.0,1.2796888470450098,Good
2.2078503906650333,7.47197711473134,1.1857047057909056,1.349611957807412,Bad
1.8538156205343312,3.461007751122703,1.0582976976292269,2.0788013797470093,Good
1.8875997231708577,4.399692899887466,1.102603973571706,1.1997784328425498,Good
1.7933114343545862,2.435619406203001,1.036144587640886,1.6542726594571655,Good
2.1690056705428358,5.164782348053805,1.1958802953750487,1.3995556670168998,Moderate
1.8008360900547362,5.764227043740732,1.095608248736883,1.5244173373770182,Bad
2.4902170188349557,5.823385883911951,1.1727639860085504,1.2397336399437795,Bad
1.7148402276145949,5.109598981942092,1.1165954232413524,1.419533869901615,Moderate
1.712152901254935,2.017532050944964,1.0023318989506411,1.0749167624824312,Good
1.5546730354023937,4.669267902779676,1.061562378546444,1.437161484446681,Good
2.0265751160905943,4.3720538897594725,1.1838876362223083,1.9889012647680917,Moderate
2.284328837780045,4.048620678775386,1.0254390019432569,1.609322601967707,Good
1.5972970782984843,4.624496492538098,1.0961151869413135,1.2796888470450098,Moderate
1.86802028099607,5.780034285834482,1.309144410415857,1.4594890770028446,Moderate
2.682526932976944,5.377754172670193,1.192230345899728,2.213651552215385,Bad
4.154737910648581,2.498659066289452,1.0012166404974738,2.383463280064962,Moderate
2.4497773557485165,3.1375745401386155,1.0389327197823552,1.7891228319255417,Good
2.573162631058436,4.94395422946268,1.097331827438787,1.9039960001774028,Bad
2.906863797176796,4.841349137069718,1.0693489280994948,1.9739179122716053,Bad
1.6664675791783397,6.730551202633488,1.283326855810338,1.6193123027441645,Bad
1.4851285817016937,6.000862404425607,1.0366109506412748,1.2896785478214672,Bad
2.1188803843084374,5.093791739848342,1.0231163093664983,1.2796888470450098,Bad
2.0026331059955016,4.46926369592882,1.0279828993392923,1.4846790892199373,Good
1.1177768859533548,4.111754993006111,1.0012166404974738,1.3596004599156697,Good
2.1721604056801187,4.285256039460261,1.0377160792848814,1.799112532701999,Good
2.510301600453147,4.218240905314305,1.1154294597745822,1.5144288352687607,Bad
1.9643816925305904,4.269543451510785,1.0241670392537894,1.3596004599156697,Moderate
2.980433113214851,5.63407759536405,1.282160892343568,1.7192009198313394,Bad
3.8266451983836487,3.914590410483472,1.1034150579090556,2.488346747540366,Bad
1.8895192788545376,7.404961980585384,1.1865526715895842,1.1698117278495772,Bad
1.5965959973804815,4.908458925359948,1.032879906723669,1.294672199541496,Good
1.914172947353424,5.263411966387261,1.0757870097162845,1.0,Moderate
2.1690056705428358,5.310739038524236,1.179556946754761,1.8140958851984847,Bad
2.1805730542118296,4.41152466792171,1.0620490291488536,1.5993340998594494,Bad
3.182143896847671,3.737113889969816,1.163233570151574,2.248613107596586,Moderate
4.367273783535925,2.4829464783399766,1.204041983676642,2.5882353646275407,Moderate
2.1553351086166974,5.507903621046875,1.026766258841819,1.254716992440266,Bad
2.865034355652352,2.55393708654544,1.438398765643218,1.7391791227160542,Bad
1.6987160114691764,5.06615272972035,1.0174893120870578,1.469478777779302,Good
3.4144261297953395,2.3527970299632948,1.0790821080450836,2.763040744197147,Moderate
2.7666532248034565,1.2761061388471124,1.0559657986785853,2.2735849622013298,Good
3.21532708219689,2.325158019835301,1.0571824391760591,1.7591561269325693,Good
1.9534319308368304,5.129287043951074,1.1233791496307812,1.4994454827722743,Bad
2.8059122082868626,7.621814625117003,1.0048665899727944,1.7042175673348532,Bad
1.3359211481972622,3.244060452446809,1.083948698017878,1.3596004599156697,Good
3.233203936140451,5.9456790383138935,1.1772250198212204,1.7841291802055128,Bad
4.923091896272101,1.5521176235499512,1.1585697722502917,2.902885767053752,Bad
4.840495147589143,2.91674642154749,1.1297389071123205,3.152607909105789,Moderate
3.596699880330368,1.6073956438059378,1.0936818779634667,2.0688128776387518,Moderate
2.177768859533548,3.145525488257628,1.0801328379323747,1.6243059544641931,Good
2.110467735776727,3.729162941850804,1.1180148278274389,2.303551667194302,Good
2.4028068046514024,4.667848090615568,1.1842207446560435,1.1248616703601186,Bad
2.4862320800567765,6.154675388870776,1.4282600295375047,1.1248616703601186,Bad
2.65448479270353,4.719150636812048,1.2080467842984843,2.0338513222575503,Moderate
2.0627961682584743,4.305038755613516,1.073773108433735,1.4295223720098722,Moderate
1.0675681407761883,4.080519125395707,1.0,1.0,Good
1.5916886244450557,5.484240084978387,1.1897970649047804,1.4345172223981009,Bad
1.927142428361559,5.724850919722768,1.1574038087835212,1.449500574894587,Bad
1.7175276184711197,5.764227043740732,1.0734551107656432,2.6731406292182296,Bad
2.3168110067081256,5.957510806348138,1.0861640202098717,1.5852317684897566,Bad
2.7494774517778984,1.8360800563718012,1.2436844057520404,1.8490562419114869,Moderate
2.5086657664767618,3.417656153045234,1.0024333089778468,1.2896785478214672,Good
1.7309644437600131,3.9461102405266977,1.3066459292654489,1.4794672798875594,Bad
4.092778223725821,2.4280470746610856,1.1505746381655657,2.177822161057588,Moderate
3.7384293538646074,2.719581839024852,1.222697231247571,2.0788013797470093,Moderate
1.4767159331699828,4.727006930786786,1.0012166404974738,1.2447284903320084,Good
2.251825513880381,5.598582291261319,1.0076316921881072,1.1798002299578347,Moderate
3.35583285671942,1.85785050955481,1.2164992708900118,2.8054939758265918,Moderate
1.906180947372515,3.4018489109514847,1.3567819665759813,2.0338513222575503,Moderate
2.096446697888452,4.880819915231955,1.0788609032258063,2.11376293512821,Moderate
1.634219146887503,6.265136775238476,1.2739992320248736,1.034961555381201,Bad
2.013138226304836,1.6744107779518946,1.8919549164399532,1.9289678547821465,Bad
2.536707906750175,5.156926054079068,1.0304162083171395,1.5344058394852758,Bad
3.78458202022196,3.4491759830884594,1.015816410415857,1.639289306960679,Moderate
2.107196196817686,4.7111996886930365,1.1459977271667314,1.7192009198313394,Moderate
1.5294117419422832,5.7603462238255,1.1853867081228138,1.3196452528144396,Moderate
1.4998507005079709,3.3032192926180284,1.1095996984065293,1.7341842723278256,Good
2.8059122082868626,3.654291513730109,1.035282798289934,2.39345178217322,Moderate
1.3305464309810775,6.008813352544618,1.0,1.0,Moderate
1.8917392609334387,2.8536121073167653,1.033070694131364,1.2397336399437795,Good
1.7927739819820272,5.141118811985318,1.0991061111542946,1.254716992440266,Good
1.5965959973804815,5.314619858439468,1.0023318989506411,1.3246389045344684,Good
1.9190803202888496,5.314619858439468,1.0559657986785853,1.589345597751192,Bad
1.835771848705233,2.471114710305733,1.0757870097162845,1.5244173373770182,Good
2.545120555281886,3.579325431465141,1.2658375437232805,1.3845723145204134,Moderate
2.231048880905228,4.376029363818979,1.0083948698017875,1.839067739803229,Moderate
1.9169771420317057,6.900076775028133,1.0729988775748154,1.8540510922997155,Bad
1.5965959973804815,5.673548373526288,1.1165954232413524,1.1448386745766337,Bad
1.405792794491985,5.989030636391363,1.0174893120870578,1.0249718546047435,Moderate
1.5750970640188784,3.098198416120652,1.1923824329576371,1.1348501724683762,Good
2.0684045576150387,4.202433663220555,1.0145997699183833,1.7341842723278256,Moderate
2.1973982867783857,4.403573719802698,1.041974349008939,1.419533869901615,Moderate
1.18381606405777,5.129287043951074,1.0,1.2397336399437795,Good
1.4739117384917009,5.267292786302494,1.2541779930042751,1.0049948503882289,Moderate
2.3087488986354163,4.245879915442298,1.174893120870579,1.9539397093868904,Moderate
2.660794262978097,1.0,1.1422463956471045,1.6742508623418806,Good
1.5912212801642969,6.37162268754667,1.0338126607073457,1.11986681997189,Bad
2.33024783199702,2.498659066289452,1.0446560342013214,1.414539019513386,Good
1.3925896413434706,3.81198531809051,1.0017033190827829,1.2896785478214672,Good
2.609734223685317,3.4531514571479653,1.0535324897007383,1.4445057245063584,Good
2.408181521867587,4.348390353690985,1.1364166342790516,1.5943392494712207,Moderate
1.8736393768321544,2.7432453750933394,1.0152634123591138,1.389567164908642,Good
1.712152901254935,4.028932616766404,1.0048665899727944,1.6143174523559356,Good
3.145221828258652,2.680111060862614,1.0717822090944422,4.221420786744541,Moderate
1.3547327551992052,4.746694992795767,1.2565099199378158,1.3246389045344684,Good
8.954613276907464,2.8930828854790027,1.064127486980179,3.287458081574165,Bad
2.071208816790185,5.283100028396243,1.068132287602021,1.544395540261733,Bad
2.1152583048903955,7.799291145630659,1.271667305091333,1.3945620152968707,Bad
1.8216339424983363,2.8970583595385087,1.067413350952196,1.5843507473629632,Good
1.8492087384909917,2.8852265915042645,1.034978624174116,1.329633754922697,Good
1.1177768859533548,4.123586761040354,1.0291995398367664,1.4794672798875594,Good
2.410868912724111,6.111323790793307,1.0121664889234356,1.329633754922697,Bad
2.3175787773841057,2.91674642154749,1.090031928488146,1.709212417723082,Good
2.1233204129631047,4.865012673138205,1.064127486980179,1.294672199541496,Bad
2.327560441140495,5.22791666228453,1.163233570151574,1.6193123027441645,Bad
2.1020551517418813,5.531567157115362,1.1094982883793238,1.1947835824543211,Moderate
2.193191994760963,3.169189024326115,1.4628838025650992,1.834072889415001,Bad
1.020521741366326,4.64418455454708,1.0139914496696465,1.1448386745766337,Good
2.0749477645268493,5.590725997286581,1.1294209094442285,1.174805379569606,Bad
1.6127202135259,5.547374399209112,1.0,1.2497221420520372,Moderate
3.7384293538646074,2.664303818768865,1.121259221142635,3.3523863419483386,Moderate
1.4598907006034263,6.576738218188319,1.0632656976292263,1.5743622452547057,Moderate
1.5374738500149925,4.652040848521818,1.258492032646716,1.2796888470450098,Bad
1.8895192788545376,2.1121861952189143,1.3008161678973962,1.449500574894587,Bad
2.041163661890323,4.312895049588255,1.0306479347065682,1.983906414379863,Moderate
1.9898866551450904,7.105192305669783,1.041366028760202,1.449500574894587,Bad
1.353330657860064,4.474564328008161,1.0190792444617178,1.3046619003179534,Good
1.3505264631817822,4.742814172880536,1.0389327197823552,1.8091010348102567,Good
1.9422150876268376,3.8474806221932414,1.048665899727944,1.254716992440266,Good
1.378568538958331,3.5596373694561594,1.0432463116984063,1.2397336399437795,Good
1.7632128760508503,2.3488215559037893,1.026766258841819,1.834072889415001,Good
2.2039414936901967,4.305038755613516,1.037310523124757,1.3695889620239272,Moderate
1.3923559047062266,4.801973013051755,1.0186552755538285,2.043839824365808,Good
1.8749139638700172,4.166938359117824,1.103027942479596,1.529412187765247,Good
1.967452968725105,4.987305827540149,1.1277480077730275,1.294672199541496,Bad
1.9567034697958712,1.6744107779518946,1.030314798289934,1.2697003449367523,Good
1.2982979986902408,3.232228684412566,1.0,1.0,Good
4.653887594735414,2.6130959267166585,1.059615748153906,2.608213567512256,Bad
3.3527334598919483,2.83789951936729,1.0231163093664983,2.038846172645779,Moderate
3.671245162923273,1.4614389533355068,1.0652934224640498,3.781908713958211,Moderate
1.8411466304182824,5.279124554336737,1.2075398460940536,1.0,Bad
2.0776350908865093,1.3273140308993194,1.0256510003886514,2.598223866735798,Good
1.3708569713446237,4.565337652366879,1.029148862806063,1.059933409985945,Bad
2.1475067371812324,6.990850099386852,1.1888845705402251,1.6243059544641931,Bad
1.7175276184711197,4.691511626684054,1.0046638258841818,1.589345597751192,Good
1.6987160114691764,6.225665997076239,1.0,1.5194224869887896,Bad
2.5254910635401826,3.863287864286991,1.0523158492032647,1.6842393644501383,Moderate
3.171394462415301,2.9877370297529526,1.1655654970851146,1.349611957807412,Moderate
3.300388191578649,3.153381782232365,1.079284872133696,2.0638180272505227,Moderate
2.3067625886968948,4.87684444117245,1.092465237465993,1.449500574894587,Bad
2.9429680455229192,1.3589285150868189,1.283870955305091,1.764150977320798,Good
1.1876272482827657,4.312895049588255,1.031798759424796,1.314650402426211,Good
1.683080423569829,4.072284214843873,1.0069957248348231,1.419533869901615,Good
2.392057305722169,3.8474806221932414,1.2926544795958026,2.0138731193728354,Moderate
1.7444013335457718,4.73883869882103,1.0046638258841818,1.5044391344923034,Bad
1.4622275510009497,3.618796209627378,1.0011659634667702,1.3396222570309548,Good
1.799200256078351,3.3071947666775343,1.3893272817722502,1.1498335249648624,Bad
2.636607938759969,4.955785997496924,1.0582976976292269,1.729189421939597,Bad
1.693341294252992,2.6919428288968583,1.096774184220754,1.0749167624824312,Good
1.732039413001996,5.251580198353017,1.0817333758258842,1.2796888470450098,Bad
1.070105318435102,6.004837878485112,1.0279828993392923,2.198668199718899,Moderate
1.6561854890267294,5.669572899466782,1.041366028760202,1.0,Bad
1.9728276859412897,4.648160028606586,1.191216469490867,1.3446171074191833,Moderate
2.6797226738017974,3.875119632321235,1.0316328488146134,1.3695889620239272,Moderate
2.110467735776727,1.9465414427395011,1.010175589584143,2.083796230135237,Good
2.187817277544778,4.458851740058686,1.0734551107656432,1.1698117278495772,Moderate
2.0599919735801926,4.131443055015092,1.0474492592304705,1.544395540261733,Moderate
1.5972970782984843,4.332583111597236,1.0097331799455889,1.5793558969747346,Good
2.215497138929837,3.871144158261729,1.0466381748931208,1.644284157348908,Moderate
1.8749139638700172,4.135418529074598,1.1208352522347451,1.8540510922997155,Moderate
2.0749477645268493,4.525866874204642,1.1958802953750487,1.419533869901615,Moderate
2.091071980672268,5.720875445663262,1.1247570835600469,1.2846836974332383,Bad
1.7148402276145949,4.474564328008161,1.5666537116206762,1.374583812412156,Bad
1.7186793389819544,4.151225771168347,1.1017560077730275,1.8690344447962015,Moderate
2.1152583048903955,2.534154370392184,1.1072677714729888,1.2197554370590649,Good
3.150830217615216,4.013125374672654,1.049882568208317,2.0688128776387518,Moderate
1.493541230233404,6.5569555020350645,1.041366028760202,1.2697003449367523,Bad
2.342707465290636,1.6783862520114003,1.0038158600855034,3.876803679325357,Moderate
2.558674248889402,4.474564328008161,1.0734551107656432,1.834072889415001,Moderate
1.5075622681216787,4.904483451300443,1.1450022914885347,1.4794672798875594,Bad
1.2203643088196732,6.249329533144726,1.0023318989506411,1.0,Moderate
2.315175172731741,5.089816265788837,1.0,1.829079237694972,Bad
1.8518960648506515,5.993006110450869,1.0,1.5993340998594494,Moderate
1.8384592395617576,5.046464667711368,1.191216469490867,1.3046619003179534,Bad
1.7148402276145949,4.667848090615568,1.072289147298873,1.5044391344923034,Moderate
1.6889437690320843,4.50617881219566,1.1922658282160905,1.4994454827722743,Moderate
1.489101201578737,3.2401796325315777,1.013641663427905,1.2397336399437795,Good
2.5264258165985654,3.926422178517716,1.0699572483482316,2.4034402842814773,Moderate
2.17438038775902,2.91674642154749,1.0,1.354605609527441,Good
2.2066288200498567,4.616545544419086,1.0,1.4544954252828155,Moderate
1.894893996070722,5.985149816476131,1.102603973571706,1.2896785478214672,Bad
2.245069918793503,2.758957963042815,1.192230345899728,2.5482801575263108,Good
2.931834661255696,1.4811270153444884,1.1177613587252235,1.7691458277090266,Good
2.160943562470126,6.253305007204232,1.1982121943256898,1.0749167624824312,Bad
1.7282771174003533,4.0959477509123605,1.0979401476875243,1.3695889620239272,Good
2.093759307031928,3.63848427163636,1.0454722114263506,1.6792457127301093,Good
1.8749139638700172,3.232228684412566,1.167897396035756,1.5144288352687607,Good
1.6977388194738996,5.4053931827981865,1.2531180567431015,1.859045942687944,Bad
1.795461308341687,5.6893556156200376,1.0256510003886514,1.6642623602336228,Bad
2.0554032151558,5.263411966387261,1.0408083855421686,1.4245287202898431,Bad
2.458190004280227,3.92244670445821,1.0524679362611735,1.4794672798875594,Moderate
1.0448673728399704,2.845755813342027,1.0,1.0,Good
1.3925896413434706,7.006562687336327,1.041366028760202,1.154828375353091,Bad
1.7793370921962686,2.9364344835564715,1.1061018359891177,2.0688128776387518,Good
1.8917392609334387,3.208565148344078,1.033070694131364,1.6642623602336228,Good
1.510111571191134,5.279124554336737,1.020351207151185,1.154828375353091,Moderate
1.529995954541664,5.551255219124344,1.0529343272444618,1.3196452528144396,Moderate
2.316322378462055,4.521891400145136,1.1042999051690634,1.6293008048524218,Moderate
1.964521263745545,4.15510659108358,1.1364166342790516,1.2647054945485237,Good
1.6288444296713185,3.212540622403584,1.102603973571706,1.2297451378355222,Good
2.272347255246707,3.748945658004059,1.0165353470656822,1.6892342148383668,Good
1.862645563779885,5.776058811774976,1.1643995336183444,1.6193123027441645,Bad
2.7763511668525505,3.760777426038303,1.3264671682860474,1.8690344447962015,Bad
1.7014034023257012,4.608689250444348,1.493198600855033,1.274695195324981,Bad
2.6124216145418417,2.7290472534522467,1.5394481212592304,1.389567164908642,Moderate
2.7890869112234418,2.139825205346908,1.1459977271667314,2.4134299850579346,Good
2.155568845253941,4.009244554757423,1.08861252390206,1.2796888470450098,Moderate
2.5640489661055863,2.139825205346908,1.2751651675087443,1.529412187765247,Good
3.532203015748694,1.7414259120978512,1.026766258841819,2.3584902267920187,Moderate
1.795461308341687,3.3703290809082587,1.015816410415857,1.469478777779302,Good
1.3337011661183609,4.557386704247867,1.0060832304702685,1.0,Moderate
2.109883523177346,6.695055898530757,1.1072677714729888,1.0799116128706598,Bad
2.8557506769644654,3.752826477919292,1.033070694131364,1.6492790077371366,Moderate
3.566975210350612,2.052364776037777,1.121725612125923,3.3056730435370936,Moderate
1.5720591327033524,4.257711683476542,1.2758314403420132,1.8540510922997155,Moderate
3.108767039453528,5.1884458841222925,1.0523158492032647,1.4594890770028446,Bad
1.2633621755428792,4.013125374672654,1.0139914496696465,1.1698117278495772,Good
1.4702896590736587,5.13326251801058,1.0961151869413135,1.7541624752125404,Moderate
3.851883079481916,1.9780612727827265,1.0802987485425573,4.061598759671421,Moderate
1.7823750235117948,2.8536121073167653,1.0116595507190052,1.99389611515632,Good
1.9163929294323248,3.0942229420611462,1.1830548091721729,2.0887898818552664,Bad
2.010450899945176,6.04430865664735,1.1002720466381657,1.5993340998594494,Bad
1.4066106792317452,3.212540622403584,1.0089036548775747,1.3346286053109258,Good
1.233801134108567,3.244060452446809,1.0,1.214761785339036,Good
1.7363392254730623,4.624496492538098,1.012825486202876,1.034961555381201,Moderate
1.9459540353635016,3.7449701839445537,1.071123211815002,1.034961555381201,Moderate
1.131681120019872,5.772177991859743,1.0,1.839067739803229,Bad
1.0276414857506324,4.381708612475416,1.0013325176836378,1.0,Good
1.4649148773606095,3.3939926169767465,1.4990283622230858,1.4395120727863295,Bad
1.908330821359616,2.6091204526571525,1.3218033424018656,1.349611957807412,Bad
2.284328837780045,3.855431570312253,1.0304162083171395,2.533296805029825,Good
2.547924749960168,3.3860416688577346,1.0279828993392923,1.3995556670168998,Good
1.5697222823058292,2.684086534922121,1.095608248736883,1.6642623602336228,Good
1.5858464984512477,2.6130959267166585,1.0279828993392923,1.2647054945485237,Good
2.048074049452197,3.953966534501435,1.122881417800233,1.6892342148383668,Good
2.010450899945176,4.825636549120242,1.0206373882627284,1.2996670499297247,Good
1.8169603062001547,4.9281469873689305,1.034978624174116,1.609322601967707,Bad
2.1905046039044382,2.829948571248278,1.0116595507190052,1.804106184422028,Good
2.389614293485544,2.707750070990608,1.0109498204430625,1.5044391344923034,Good
1.7431160400283885,3.662147807704848,1.0597816587640887,1.5943392494712207,Good
2.441364707216806,3.0665839319331534,1.092465237465993,1.604328950247678,Good
2.9264932889185,2.91674642154749,1.0790821080450836,1.5244173373770182,Moderate
3.986485262498692,1.2208281185911256,1.152080985619899,2.4983352496486235,Moderate
3.821036744530221,4.81768560100123,1.1240980862806065,2.383463280064962,Bad
1.810417099288344,6.316439321434957,1.1715473455110763,2.458380042547393,Bad
2.0426993322360127,2.4868272982552084,1.4232413525068015,1.4295223720098722,Moderate
2.354434156215147,5.4566010748503935,1.0109498204430625,1.4744724294993308,Bad
1.6029054676550485,4.569218472282111,1.004501609016712,1.4544954252828155,Moderate
1.4066106792317452,4.423356435955954,1.018249719393704,1.7591561269325693,Good
1.7390265518327226,4.581050240316355,1.0233190734551108,1.154828375353091,Good
4.942721388013805,1.201140056582144,1.1557309071123203,2.902885767053752,Bad
2.351629961536865,4.273424271426018,1.01703307889623,1.234738789555551,Good
2.499552101523913,3.563518189371391,1.037310523124757,1.294672199541496,Moderate
2.876017526721965,3.4768149932164527,1.1824971659541392,2.0887898818552664,Moderate
5.324094121650417,1.1217252295362998,1.2554960435289546,2.9728076791479543,Bad
1.3515079119701214,4.0447398588601535,1.0501360373105324,1.1698117278495772,Moderate
2.23385307558351,2.660422998853633,1.0381584889234357,1.3795786628003843,Good
2.36565099942514,1.6277462848248372,1.0340661298095608,1.799112532701999,Good
1.3740818145737073,3.31117024073704,1.1623008161678974,1.15982202707312,Good
1.5132875257968648,5.645909363398294,1.079284872133696,1.2497221420520372,Bad
1.3505264631817822,4.742814172880536,1.0389327197823552,1.8091010348102567,Good
1.376231688560808,4.218240905314305,1.163233570151574,1.0,Good
1.8945434556117209,4.139394003134104,1.0178073097551497,1.5493891919817622,Good
1.752463441618481,2.3211825457757955,1.1447810866692576,2.018867969761064,Good
1.737507650671824,5.724850919722768,1.0340661298095608,1.294672199541496,Moderate
1.5132875257968648,5.645909363398294,1.079284872133696,1.2497221420520372,Bad
3.168707071558777,4.332583111597236,1.0827827345511076,1.0,Moderate
1.1850779452133104,5.429056718866674,1.01703307889623,1.1897887320660925,Good
2.242265724115221,7.48778435682509,1.0,1.3446171074191833,Bad
2.850779581126833,3.0114005658214404,1.0742155180722892,2.018867969761064,Good
2.851597465866593,3.299338472702797,1.0314807617567043,1.4644839273910732,Moderate
4.07341581350035,4.356246647665724,1.0559657986785853,1.7891228319255417,Bad
2.441364707216806,4.750670466855274,1.0,1.8940062994009452,Bad
1.5552339001367956,5.551255219124344,1.0255495903614458,1.0,Moderate
2.9644669788845226,4.423356435955954,1.130586872910999,1.864039594407973,Bad
2.458190004280227,4.699367920658792,1.0547491581811117,1.829079237694972,Bad
1.468139720589693,3.618796209627378,1.046055179168286,1.3446171074191833,Good
2.428605550484072,3.819936266209522,1.0587640886125145,1.952274759257481,Good
3.750931490591983,3.5083348232596783,1.0036499494753206,1.7341842723278256,Bad
2.803224817430338,3.33871459672076,1.239679605130198,1.3945620152968707,Moderate
2.878821721400247,4.391741951768454,1.0450159782355228,1.5244173373770182,Bad
2.394744696578693,5.421105770747662,1.2203653322969297,1.764150977320798,Bad
1.482029184874221,4.040764384800648,1.1546423443451224,1.0224750287447293,Good
2.3095667833751765,1.863719066499795,1.0750450431403031,1.6842393644501383,Good
3.050462841324664,6.38742992964042,1.380101040031092,2.368479927568476,Bad
1.9309982444168448,3.3584973128740154,1.4805758787407697,1.0,Bad
1.7470886599054318,4.1157304670656165,1.122425184609405,1.154828375353091,Moderate
1.733651834616538,3.1849016122755907,1.1492421204819276,1.1248616703601186,Good
1.8438339567779425,6.718719434599245,1.2401865433346289,1.609322601967707,Bad
2.1374901806211044,4.947835049377912,1.0381584889234357,1.5344058394852758,Moderate
1.7766497658366087,5.93384727027965,1.029148862806063,1.449500574894587,Moderate
1.6674023322367215,2.9364344835564715,1.0,1.2996670499297247,Good
2.0656003629367565,3.173069844241347,1.0152634123591138,1.5643725444782484,Good
1.773962374980084,2.975905261718709,1.0445182464049747,1.4994454827722743,Good
2.327560441140495,5.465403910267871,1.2401865433346289,1.1248616703601186,Moderate
2.278720448423481,6.265136775238476,1.0827320575204042,1.4445057245063584,Bad
3.1660196807022527,3.6345087975768537,1.1597357077341623,1.744172774436083,Moderate
1.833084522345573,5.500047327072137,1.0676253493975905,1.3046619003179534,Bad
1.8088981981274452,4.5731939463416165,1.012825486202876,1.374583812412156,Moderate
2.93490593745021,2.4513319941524774,1.3637776914108044,1.5344058394852758,Bad
3.347125006038519,1.89523889654302,1.0,3.3074362844588805,Moderate
2.5640489661055863,5.436913012841412,1.380101040031092,1.3446171074191833,Bad
1.3923559047062266,4.801973013051755,1.0186552755538285,2.043839824365808,Good
2.7834785218668774,5.985149816476131,1.01703307889623,1.4544954252828155,Moderate
1.5535980661604107,5.827361357971456,1.1002720466381657,1.449500574894587,Bad
2.609734223685317,1.9307342006457515,1.2366886809172173,1.7691458277090266,Moderate
1.7907876720435052,5.129287043951074,1.0279828993392923,1.9639294101633475,Bad
1.3117348239791344,5.393561414763943,1.0,1.11986681997189,Moderate
3.823841003705367,5.109598981942092,1.092465237465993,2.083796230135237,Bad
4.303361131553632,2.033339293038713,1.142458394092499,2.1637066443376973,Bad
1.6100328226693752,4.8611318532229735,1.037310523124757,1.4744724294993308,Moderate
1.6073454963097151,7.314188656226666,1.222697231247571,1.254716992440266,Bad
1.8922066052141973,4.995162121514888,1.02215313797124,1.2846836974332383,Moderate
2.0185130080178846,4.005269080697916,1.150408083948698,1.484462130275788,Moderate
1.571257952651519,3.3054909920806037,1.1095996984065293,1.2896785478214672,Good
1.6169265055433228,5.626221301389313,1.1422463956471045,1.0,Moderate
2.1394446291085227,6.119180084768044,1.1480761849980567,1.5593788927582195,Bad
3.1230218139790464,1.603420169746432,1.060629624562767,2.4184236367779635,Moderate
1.6533812943484474,5.638053069423556,1.1348267019043918,1.4395120727863295,Bad
1.5030755437370549,4.052596152834892,1.0,1.0,Good
1.6561854890267294,6.347959151478182,1.0401493882627284,1.4894557819958172,Bad
2.2496267512699277,2.2581428856893453,1.0489700738437622,1.8790229469044597,Good
1.712152901254935,5.626221301389313,1.0501360373105324,1.0699219120942025,Bad
1.5159749166533891,5.180589590147555,1.0279828993392923,1.419533869901615,Bad
1.2187284748432885,5.030657425617618,1.0133831294209097,1.274695195324981,Good
2.2576888593426365,4.880819915231955,1.062628387096774,1.7691458277090266,Bad
2.4525815504267987,6.679248656437007,1.158164216090167,2.0138731193728354,Bad
1.7234865482866848,4.178770127152067,1.1484310361445784,1.2397336399437795,Good
1.5888844297667737,4.15510659108358,1.10828164788185,1.1897887320660925,Moderate
3.4858166772509604,4.498227864076648,1.1037699090555773,2.3584902267920187,Bad
2.2282446217300818,5.440888486900918,1.0340661298095608,1.799112532701999,Bad
2.4161268261185387,3.015376039880946,1.099765108433735,1.6492790077371366,Good
2.79469536507687,2.9600980196249598,1.1630308060629615,2.31354016930256,Moderate
1.6046581054531908,3.575349957405635,1.342790516906335,1.3596004599156697,Moderate
2.500253182441916,4.068403394928641,1.0231163093664983,1.6942290652265954,Moderate
4.491243335942089,1.2208281185911256,1.0729988775748154,3.6420648897698062,Bad
1.658989683705011,4.269543451510785,1.1216647773027597,1.6992227169466243,Good
1.342329492165233,2.35961212835102,1.0408980707345512,1.1331852223389665,Good
2.6930426952689337,3.7554767939589615,1.1410804601632336,1.884017797292688,Moderate
1.134368446379532,5.235772956259268,1.037310523124757,1.1997784328425498,Good
1.2284264168923824,4.210384611339567,1.064127486980179,1.1398450228566048,Good
2.3067625886968948,5.472408316944144,1.059615748153906,1.3795786628003843,Bad
2.381307871289799,1.6586035358581448,1.2518460940536338,1.1348501724683762,Good
3.54762615097611,1.9110461386367696,1.1882486031869413,2.07380652935878,Moderate
3.4536850487818813,2.5933132105634025,1.126531367275554,1.983906414379863,Moderate
2.441364707216806,5.645909363398294,1.0304162083171395,1.2447284903320084,Moderate
1.6756814077618838,5.638053069423556,1.083948698017878,1.7072142378341502,Moderate
1.5019538787651148,5.736682687757012,1.0279828993392923,1.3995556670168998,Bad
1.518662307509914,4.809829307026492,1.655266235522736,1.589345597751192,Bad
1.4895898298248078,5.417224950832431,1.0864925954139135,1.5061040846217129,Good
2.200202545953532,5.3501151625422,1.041366028760202,1.5643725444782484,Moderate
1.5218382621156448,4.707318868777804,1.0524679362611735,1.4245287202898431,Moderate
2.324873114780835,2.3961486280407645,1.2611737178390985,1.409545367793357,Moderate
1.771158180301802,2.435619406203001,1.0139914496696465,1.3246389045344684,Good
1.2386383989521923,4.368078415699968,1.0408083855421686,1.7192009198313394,Moderate
2.2078503906650333,7.692805233322464,1.1857047057909056,1.349611957807412,Bad
1.5692549380250704,4.28137521954503,1.0,1.5394006898735046,Good
2.9601438185484774,4.628377312453329,1.0781189366498252,2.038846172645779,Bad
1.905643494999956,5.393561414763943,1.2355227454333464,1.449500574894587,Bad
3.730367245791897,1.6665544839771569,1.145744258064516,3.2375143723646778,Moderate
2.703792194198168,2.573625148554421,1.315973581033813,1.7691458277090266,Moderate
2.4013409844100546,1.3194577369245817,1.0233190734551108,1.5094339848805318,Good
2.3022992121772488,2.9522417256502216,1.0443062479595802,1.5943392494712207,Good
2.212003601762906,7.160375671781496,1.2203653322969297,1.274695195324981,Bad
3.2179755169472077,2.3882923340660263,1.1294209094442285,2.0887898818552664,Good
2.956404870811813,3.173069844241347,1.073773108433735,2.0688128776387518,Moderate
1.6449686458167367,5.567062461218094,1.209871745044695,1.4944506323840456,Bad
1.833084522345573,4.553505884332635,1.0174893120870578,1.6342956552406505,Good
3.2466407614293447,3.0823911740269025,1.083948698017878,1.6592675098453944,Moderate
2.4619289520168914,5.385610466644931,1.4104158663039257,1.3695889620239272,Bad
1.9205461405301976,5.129287043951074,1.0826767353284104,1.4295223720098722,Bad
2.295312008849658,5.4014177087386805,1.4162456276719784,1.5943392494712207,Bad
3.9991042030478257,1.595563875771694,1.494364564321803,2.138734789732954,Moderate
1.911368752675142,6.075828486690575,1.0450159782355228,2.0288564718693216,Bad
1.755150767978141,3.662147807704848,1.0314807617567043,1.329633754922697,Good
1.7543328832383809,3.512310297319184,1.0152634123591138,1.7841291802055128,Good
1.825022414272864,3.2401796325315777,1.246016332685581,1.1947835824543211,Good
2.020732990096786,6.032476888613106,1.1618141655654877,1.4345172223981009,Bad
2.4525815504267987,3.279555756549541,1.018249719393704,1.2447284903320084,Good
1.7065338054188504,3.839624328218504,1.2989082378546444,1.6642623602336228,Bad
1.5535980661604107,3.997412786723179,1.0,1.0699219120942025,Good
2.651680598025248,3.117886478129634,1.0047449203264671,2.173696345114155,Good
1.7040907931822258,5.925990976304912,1.4185775266226195,1.374583812412156,Moderate
1.55897284787346,2.9285781895817338,1.0279828993392923,1.3196452528144396,Good
3.427427472254578,1.6783862520114003,1.0966681849980566,3.172586111990504,Moderate
1.8841444971414885,5.858881188014681,1.1364166342790516,1.5843507473629632,Bad
2.3436846572859134,6.4347570017773945,1.197046258841819,2.128746287624696,Bad
2.2388772523406937,4.427237255871185,1.0489700738437622,1.5943392494712207,Good
3.347125006038519,4.565337652366879,1.059615748153906,1.7391791227160542,Bad
1.365482254128439,5.472408316944144,1.02215313797124,1.804106184422028,Moderate
1.7675126885219168,2.3843168600065203,1.024485036921881,1.1498335249648624,Good
1.3439832562699714,3.6936676377480726,1.019987793237466,1.4794672798875594,Good
2.3060615077788915,1.958373210773745,2.56937426195103,1.5543840423699908,Bad
1.8076129046100615,3.390017142917241,1.1362645472211426,1.0998886170871751,Good
1.5552339001367956,3.378185374882997,1.0139914496696465,1.389567164908642,Good
1.2609191633062546,3.6029889675336286,1.0279828993392923,1.204772084562579,Good
2.201254102833672,3.117886478129634,1.2263116984065294,1.6193123027441645,Good
2.879204123310352,2.4276684580839896,1.0254390019432569,1.724195770219568,Good
2.390888880523407,2.818116803214034,1.1800638849591916,1.2247502874472935,Good
2.1839781661774187,3.2138657804234194,1.1737271574038088,3.005771054640224,Good
1.908330821359616,2.2108158135523697,1.4360668387096776,1.4594890770028446,Bad
3.2819604699146963,2.865254567062461,1.2505135763699962,2.698113682491173,Moderate
2.1501940635408925,3.764658245953535,1.2110377085114652,1.1498335249648624,Moderate
1.3332338218376023,5.4566010748503935,1.0279828993392923,1.2397336399437795,Moderate
3.0863333530335426,1.512741499531988,1.1058483668869024,2.6731406292182296,Moderate
1.3708569713446237,3.989461838604167,1.313641654100272,1.5144288352687607,Bad
3.4761187352018665,3.457032277063197,1.0036499494753206,2.0138731193728354,Moderate
1.712152901254935,5.006993889549131,1.036144587640886,1.4345172223981009,Bad
3.142908325726108,3.6503160396706034,1.1130975608239408,2.4084351346697064,Moderate
3.927596787273582,1.6940988399608763,1.087598647493199,2.428413337554421,Moderate
1.740311845350106,6.103467496818569,1.0425573167508744,1.7491676248243118,Bad
2.3409973309262533,5.799722347843463,1.2215312957637,1.5543840423699908,Bad
2.962948077723624,3.6029889675336286,1.0,2.31354016930256,Moderate
2.7330026951734787,3.12186195218914,1.299295353284104,1.2896785478214672,Moderate
1.6422812549602122,6.186289873058275,1.0816167990672367,1.5993340998594494,Bad
2.7666532248034565,1.7730403962853507,1.772571361057132,1.329633754922697,Bad
1.908330821359616,4.328702291682004,1.33113096618733,1.15982202707312,Bad
2.8479753864485517,3.6463405656110974,1.0632656976292263,1.918979352673889,Moderate
1.7766497658366087,5.937822744339156,1.0921103863194714,2.59323021501577,Bad
2.3286354103824776,4.983330353480644,1.1958802953750487,1.3795786628003843,Bad
1.7981486991982116,4.277399745485523,1.0443062479595802,1.214761785339036,Good
2.9292974835967813,4.305038755613516,1.048665899727944,1.4544954252828155,Moderate
2.2547571543630767,6.6161143422062825,1.109387699961135,1.2397336399437795,Bad
1.386981187490042,5.6498848374578,1.1061018359891177,1.1698117278495772,Moderate
1.9997014010159415,1.610992501288348,1.0186552755538285,1.389567164908642,Good
2.555986858032877,1.7138815561141318,1.1154294597745822,1.609322601967707,Good
2.27112568463153,2.620952220691396,1.041974349008939,1.6642623602336228,Good
1.4122190685883091,5.661716605492043,1.0018249607462106,1.2796888470450098,Moderate
3.338712422003673,1.5797566336779445,1.0012166404974738,2.718090686707688,Good
1.2176769179631486,4.403573719802698,1.1072677714729888,1.0799116128706598,Moderate
2.124488838161866,4.178770127152067,1.071123211815002,1.764150977320798,Good
1.4541654429282402,5.192421358181798,1.2372463241352507,1.5044391344923034,Moderate
2.60194087404732,3.21651609646309,1.0408083855421686,1.529412187765247,Good
2.867477367888976,5.042489193651862,1.0559657986785853,1.5743622452547057,Moderate
4.590325483212123,1.3431212729930693,1.4185775266226195,2.842952357067807,Moderate
2.5030573771201974,3.670004101679585,1.0559657986785853,1.5743622452547057,Moderate
4.015228419193244,1.410136407139026,1.2443839782355228,2.1886796976106413,Moderate
1.4262401709734485,5.9456790383138935,1.0,1.7192009198313394,Bad
1.7793370921962686,5.969342574382381,1.2005441212592305,1.3046619003179534,Bad
2.187817277544778,3.125742772104372,1.036144587640886,1.2247502874472935,Moderate
3.243369222470304,3.725282121935572,1.015816410415857,3.137624556609303,Moderate
2.284328837780045,6.403142517589895,1.2360296836377769,1.4245287202898431,Bad
2.082425660000178,5.709043677629019,1.024332949863972,1.3645953103038984,Bad
2.536707906750175,4.28137521954503,1.1289646762534007,1.7941176823137703,Moderate
2.7531420346296995,3.8909268744149847,1.1055718398756316,1.8140958851984847,Moderate
4.532669156087981,3.259867694540559,1.0693489280994948,2.79300744919012,Bad
1.1289937291633474,6.205977935067257,1.0389327197823552,2.198668199718899,Bad
2.4469731610702343,4.825636549120242,1.4075770011659543,1.1048834674754036,Bad
2.07747700907142,5.855000368099449,1.0024333089778468,1.1048834674754036,Bad
2.252314142126452,5.377754172670193,1.0897784593859308,1.4744724294993308,Moderate
2.657288987381812,6.087660254724819,1.0121664889234356,1.329633754922697,Bad
2.9805911950299406,2.3211825457757955,1.102603973571706,2.3285235217990463,Good
2.2173783189790903,3.90663946236446,1.4558880777302758,1.2896785478214672,Moderate
1.297246441810101,4.492737923708759,1.0279828993392923,1.1648168774613483,Good
3.3111376260110186,2.356677849878527,1.348620278274388,2.15371814222944,Moderate
1.028042140273414,4.214265431254798,1.0206830003886511,1.0899001149789174,Good
1.1084719877970213,4.872963621257218,1.0256933944811504,1.2397336399437795,Good
2.598984789252948,3.512310297319184,1.1177613587252235,1.059933409985945,Good
1.5743292288460335,4.119611286980849,1.0076316921881072,1.544395540261733,Good
1.9478234769834015,3.764658245953535,1.0121664889234356,1.529412187765247,Good
1.7823750235117948,4.821661075060737,1.0279828993392923,1.7541624752125404,Bad
3.1171796879852387,2.6564475247941277,1.0425826692576758,2.4833518971521373,Good
2.819933246175137,5.4053931827981865,1.1070650073843762,1.9039960001774028,Bad
1.9618445148716763,2.5854569165886647,1.0279828993392923,1.3396222570309548,Good
1.3332338218376023,2.297519009707308,1.2331908184998055,1.059933409985945,Moderate
2.6581068721215724,4.762502234889517,1.0256510003886514,1.4544954252828155,Bad
1.2944421826349544,4.336558585656741,1.0024333089778468,1.6642623602336228,Good
2.800303754433434,3.926422178517716,1.1046316984065294,3.112652702004559,Moderate
2.124488838161866,2.0885226591504265,1.1143649063350174,1.6193123027441645,Good
2.531099452896747,3.354521838814509,1.0,2.0238628201492928,Moderate
2.405494195507927,5.109598981942092,1.2693354061406918,1.9739179122716053,Bad
1.510366462799961,6.107348316733801,1.0559657986785853,1.3446171074191833,Moderate
2.17438038775902,2.4829464783399766,1.0093276237854645,1.484462130275788,Good
1.1827410948157873,6.063996718656331,1.1282549459774582,1.5044391344923034,Bad
1.2610587345212094,6.075828486690575,1.0,1.2597118428284946,Moderate
4.191192699453706,1.2642743708128688,1.0888152879906725,3.482241664028486,Moderate
1.9916392929432325,5.673548373526288,1.2294597745821998,1.0,Bad
2.533903712071893,2.364628797997539,1.041366028760202,1.8440625901914576,Good
1.7148402276145949,3.0863666480864085,1.0571824391760591,1.5493891919817622,Good
1.4795201923451295,4.348390353690985,1.0072998989506412,1.0,Moderate
1.6799044689640985,3.737113889969816,1.1189273221919938,1.0,Moderate
2.878821721400247,4.829517369035474,1.0754321585697628,1.7458377245654928,Moderate
1.3950432955627512,3.40582438501099,1.0,1.1448386745766337,Good
2.212003601762906,5.523710863140624,1.0139914496696465,1.414539019513386,Bad
1.938136241413828,3.882975926295973,1.0163233486202876,1.5643725444782484,Good
1.556285457016935,2.9522417256502216,1.0389327197823552,1.3845723145204134,Good
5.279226748810447,1.398304639104782,1.2104800652934318,4.131520671765623,Bad
2.037558287160208,7.152519377806758,1.0024333089778468,1.274695195324981,Bad
2.5899879281218565,3.413680678985728,1.0291995398367664,1.5943392494712207,Good
2.640463754815255,1.9307342006457515,1.176413935483871,2.59323021501577,Good
4.294948547518786,1.2484671287191191,1.0742155180722892,3.287458081574165,Moderate
1.518662307509914,5.156926054079068,1.0069957248348231,1.2647054945485237,Moderate
1.7262908074618315,7.381298444516896,1.0048665899727944,1.204772084562579,Bad
3.565853545378672,2.7314136070590957,1.1107149568596968,3.342397839840081,Moderate
2.201254102833672,2.3369897878695456,1.3637776914108044,1.5593788927582195,Bad
2.5237384257420405,4.525866874204642,1.1865526715895842,1.8091010348102567,Moderate
1.4568527692879003,3.046895869924171,1.0314807617567043,1.0,Good
2.4001194137948776,5.713019151688525,1.0501360373105324,2.333518372187275,Bad
1.5687450903105522,3.839624328218504,1.0546938359891178,1.529412187765247,Good
1.3117348239791344,5.393561414763943,1.0,1.11986681997189,Moderate
2.988185958821891,2.0608836490224327,1.1034150579090556,1.918979352673889,Good
2.0426993322360127,4.064427920869136,1.0,2.3285235217990463,Good
2.327560441140495,3.804129024115772,1.1445783225806452,1.7691458277090266,Good
3.919184203238736,1.6192274118401817,1.0,3.4622646598119715,Moderate
2.752164842634423,1.5639493915841949,1.1410804601632336,1.7691458277090266,Good
2.528295258218465,2.699799122871596,1.0572377613680528,1.9539397093868904,Good
1.8841444971414885,5.929871796220144,1.1643995336183444,1.6992227169466243,Bad
2.0319498333067787,4.22221637937381,1.0781189366498252,1.7341842723278256,Good
3.762148333801975,1.3589285150868189,1.097331827438787,3.2924529319623943,Moderate
1.8328507857083287,4.060452446809629,1.0623255561601244,1.6143174523559356,Good
2.8850674687726072,7.207702743918471,1.0610535934706569,1.908989651897432,Bad
1.599283388237006,4.766477708949024,1.0314807617567043,1.3945620152968707,Good
1.967452968725105,3.354521838814509,1.068685285658764,1.0699219120942025,Good
1.6772170781075737,4.904483451300443,1.1492421204819276,1.1997784328425498,Good
3.023973011588001,3.3860416688577346,1.006529333851535,2.363485077180248,Moderate
3.893946257643605,1.5284540874814636,1.122881417800233,2.0887898818552664,Moderate
2.0936425032101704,4.7309824048462925,1.1119315973571706,1.5793558969747346,Bad
2.012320341565076,4.5298423482641486,1.0620490291488536,1.5394006898735046,Bad
1.246770615116702,3.29536299864329,1.0496060411970465,1.329633754922697,Good
2.8193490335757563,1.197164582522638,1.1690633595025262,2.018867969761064,Good
2.8928427592885217,2.6012641586824143,1.158164216090167,1.2647054945485237,Moderate
3.2321523792603117,4.671823564675073,1.0036499494753206,2.15371814222944,Bad
2.906863797176796,3.6029889675336286,1.041366028760202,1.9639294101633475,Moderate
1.9169771420317057,4.356246647665724,1.0559657986785853,1.294672199541496,Good
2.5647500470235896,4.723031456727281,1.0510992087057909,1.7391791227160542,Bad
2.6258584398307354,4.967617765531168,1.0338126607073457,1.3046619003179534,Moderate
4.718384459317088,1.650747241883407,1.0097331799455889,3.152607909105789,Bad
1.6814233701249963,6.257280481263738,1.114263496307812,1.214761785339036,Bad
1.084126356323377,5.787890579809219,1.018249719393704,1.3596004599156697,Good
2.6043595064691325,5.657741131432537,1.0072998989506412,1.8540510922997155,Bad
1.9029561041434315,2.735294426974328,1.0254390019432569,1.4944506323840456,Good
2.17438038775902,3.1100301841548963,1.588806849591916,1.5244173373770182,Bad
3.944422084337004,2.297519009707308,1.1289646762534007,4.526082687062494,Bad
1.964648774046823,6.73443202254872,1.1715473455110763,1.3246389045344684,Bad
1.9293411909720128,1.5994446956869262,1.0038158600855034,1.4794672798875594,Good
1.9701403595816296,5.129287043951074,1.0921103863194714,1.5394006898735046,Bad
1.5580380948150778,5.977198868357119,1.0012166404974738,1.15982202707312,Moderate
1.9137056030726651,3.512310297319184,1.096774184220754,1.669256011953652,Good
4.472081188481145,1.4219681751732698,1.2063738826272834,3.8018869168429257,Moderate
2.021982165370004,4.746694992795767,1.054799835211815,1.389567164908642,Good
1.1709166911414353,5.565926611486806,1.0027982899339292,1.5993340998594494,Good
1.2230516351793332,5.697211909594775,1.037310523124757,1.7192009198313394,Moderate
1.5428486317280417,4.699367920658792,1.1270890104935871,1.9988897668763488,Moderate
1.833084522345573,3.149406308172859,1.0571317621453555,1.5993340998594494,Good
2.2019870452027783,4.328702291682004,1.1294209094442285,1.744172774436083,Moderate
2.1889857027435395,4.770358528864255,1.0012166404974738,1.2397336399437795,Moderate
4.244472720825387,1.757233154191601,1.0012166404974738,3.4572698094237424,Moderate
1.556285457016935,6.829086166822671,1.1609016712009328,1.5993340998594494,Bad
1.6261570388147937,4.794022064932743,1.0769529731830547,1.7841291802055128,Bad
2.5425500327439834,5.271268260362,1.162067634667703,1.0049948503882289,Bad
4.25568956403538,2.63278398872564,1.068132287602021,1.8740292951844304,Moderate
2.244789486426302,2.581481442529159,1.7054022448503692,1.294672199541496,Bad
2.569423683321771,3.4018489109514847,1.0582976976292269,1.7192009198313394,Good
2.107663541098445,4.541674116298392,1.0608323886513795,1.3446171074191833,Bad
1.4111675117081697,2.9995687977871963,1.0408083855421686,1.5943392494712207,Good
2.744102734561713,3.729162941850804,1.1783909832879906,1.6243059544641931,Moderate
2.3067625886968948,2.301494483766814,1.0,1.2996670499297247,Good
1.5535980661604107,5.811554115877707,1.0932763218033423,1.1698117278495772,Bad
2.182442495831729,6.411093465708907,1.1713952584531675,1.4345172223981009,Bad
2.1111050937925238,4.592882008350599,1.1399144966964632,1.7391791227160542,Moderate
2.5909226811802384,3.145525488257628,1.1037699090555773,1.834072889415001,Moderate
1.2856289440773272,3.772609194072547,1.167897396035756,1.0,Good
2.010450899945176,5.701187383654281,1.228527020598523,1.938956356890404,Bad
2.827411141648466,2.6761355868031087,1.138748533229693,1.8540510922997155,Moderate
1.8496760827717504,3.839624328218504,1.0863820069957248,1.7391791227160542,Good
1.4541654429282402,3.6424597456958656,1.0233190734551108,1.4544954252828155,Good
1.8465213476344668,3.5911571994993845,1.1200932856587642,2.103773234351753,Good
2.332935222853544,3.40582438501099,1.0314807617567043,1.5044391344923034,Moderate
2.7142587453824816,3.67994278682835,1.044183514963078,1.6367924811006649,Bad
2.5237384257420405,4.742814172880536,1.2238631947143412,1.03995520710123,Bad
1.9782024676543388,5.484240084978387,1.1279218375437232,1.3945620152968707,Moderate
2.045970871195053,1.958373210773745,1.0241670392537894,1.3446171074191833,Good
1.1738611020033178,4.679679858649811,1.0060832304702685,1.2846836974332383,Good
2.1233204129631047,4.34441487963148,1.0757870097162845,1.3396222570309548,Moderate
2.996715411175359,4.632352786512836,1.0151574131364167,2.228634904711871,Moderate
2.1985667119771475,2.471114710305733,1.0676253493975905,1.4345172223981009,Good
1.7873992002689778,4.999137595574393,1.172561221919938,1.5993340998594494,Moderate
2.1413140707284226,2.6091204526571525,1.0425826692576758,1.8540510922997155,Good
4.331403271827046,1.4377754172670194,1.1715473455110763,4.725859921236844,Moderate
1.6799044689640985,4.49037157010191,1.141131137193937,1.3795786628003843,Good
3.206330221065799,3.5478056014219157,1.0582976976292269,2.0138731193728354,Moderate
3.39982081481082,1.6980743140203822,1.1297389071123205,2.728080387484145,Moderate
2.0291456386284965,5.089816265788837,1.0206830003886511,1.669256011953652,Bad
3.3134744764085418,1.8913580766277884,1.0474492592304705,1.604328950247678,Moderate
2.2469393604134025,4.924171513309425,1.1095996984065293,1.1648168774613483,Bad
1.8465213476344668,3.267723988515297,1.3626117279440342,1.3346286053109258,Moderate
1.4262401709734485,5.081959971814099,1.0049747438787409,1.3096555520379822,Moderate
1.134368446379532,5.235772956259268,1.037310523124757,1.1997784328425498,Good
2.521051034885516,5.192421358181798,1.3334628931208703,1.604328950247678,Bad
4.990392955532057,2.364628797997539,1.024332949863972,3.0027743841409267,Bad
2.3114362249950764,2.297519009707308,1.0676253493975905,1.4544954252828155,Good
1.378919079417333,3.8987831683897225,1.0116595507190052,1.0,Good
2.0684045576150387,3.567493663430897,1.0,1.7391791227160542,Good
2.2791877927042394,5.492096378953125,1.2133696074621063,1.0,Bad
1.7515286885600987,3.823817086124754,1.0754321585697628,1.9988897668763488,Good
1.1504926625249503,3.6424597456958656,1.0,1.11986681997189,Good
2.3759330895767503,4.805853832966987,1.058509696074621,1.3196452528144396,Bad
1.982111364629176,6.42292523374315,1.0572377613680528,1.9039960001774028,Bad
2.132901422196712,3.535973833387672,1.126531367275554,1.5194224869887896,Good
1.5939086065239567,6.296656605281701,1.2483482316362222,1.1298553220801475,Moderate
1.1822737505350285,5.511879095106381,1.0012166404974738,1.4295223720098722,Moderate
3.7032598585768657,1.8795263085935443,1.1447810866692576,1.8790229469044597,Moderate
2.8623469647958277,6.036357708528338,1.2565099199378158,1.4944506323840456,Bad
2.0319498333067787,5.235772956259268,1.0547491581811117,1.9689230618833768,Moderate
2.252314142126452,6.075828486690575,1.1189273221919938,1.7042175673348532,Bad
2.915276445708507,3.0902474680016403,1.0425826692576758,1.799112532701999,Moderate
2.8733407778480964,3.953966534501435,1.48620287602021,1.9489460576668611,Bad
3.009586534465007,1.6093833808356908,1.5802769623008162,2.400943458421463,Moderate
1.7282771174003533,5.346234342626968,1.083948698017878,1.6742508623418806,Moderate
2.2496267512699277,2.2581428856893453,1.0489700738437622,1.8790229469044597,Good
1.888935066255157,3.882975926295973,1.0072998989506412,1.1798002299578347,Good
1.3171096056921838,4.178770127152067,1.0,1.034961555381201,Moderate
4.426746471360415,1.512741499531988,1.0827320575204042,2.942840974154982,Moderate
1.9997014010159415,1.8992143706025264,1.0594636610959969,1.5993340998594494,Good
1.599283388237006,1.6980743140203822,1.137582597745822,2.1637066443376973,Good
1.8088981981274452,2.810260509239296,1.012825486202876,1.2996670499297247,Good
1.6852791861802827,2.443475700177739,1.0011659634667702,1.3945620152968707,Good
1.405792794491985,4.028932616766404,1.029148862806063,1.6792457127301093,Good
5.649382703733933,1.2602988967533628,1.083948698017878,4.705882917020329,Bad
2.43505523694224,2.5421053185111955,1.1410804601632336,1.779134329817284,Good
4.3454243097153205,2.5854569165886647,1.1058483668869024,2.1886796976106413,Moderate
2.932101742771928,3.9461102405266977,1.0072998989506412,2.0488346747540365,Bad
1.6879665770368073,5.653860311517306,1.1783909832879906,1.2996670499297247,Moderate
2.499552101523913,3.934278472492454,1.2296929560823942,1.4794672798875594,Moderate
2.194594092100104,5.484240084978387,1.0778654675476098,1.5493891919817622,Bad
1.6361735953749212,2.762933437102321,1.0314807617567043,2.298556816806074,Good
2.6853311276552256,5.219965714165518,1.0623255561601244,1.7891228319255417,Bad
1.6503433630329214,5.772177991859743,1.28799068169452,1.0149833524964862,Moderate
2.571378131809189,4.328702291682004,1.1729851908278277,2.0238628201492928,Moderate
4.303361131553632,2.2108158135523697,1.018249719393704,3.776915062238182,Moderate
1.927142428361559,5.724850919722768,1.1574038087835212,1.449500574894587,Bad
1.3813727336366135,6.036357708528338,1.0431403124757093,2.198668199718899,Bad
1.988951902086708,5.831336832030962,1.0825495530509133,1.4794672798875594,Bad
1.737507650671824,5.365922404635949,1.0,1.5793558969747346,Bad
1.833084522345573,5.862856662074187,1.005829761368053,1.389567164908642,Moderate
1.9870824604668085,4.703343394718299,1.3297115616012438,1.4395120727863295,Moderate
4.273215877519938,1.4299191232922814,1.355616003109211,2.213651552215385,Moderate
2.023887725234069,5.874688430108432,1.2611737178390985,1.349611957807412,Bad
1.7040907931822258,5.089816265788837,1.0116595507190052,1.5993340998594494,Bad
1.6169265055433228,2.61697674663189,1.0038158600855034,1.3596004599156697,Good
2.67960586998004,4.766477708949024,1.0862805969685192,1.7142060694431107,Moderate
1.954016143436211,2.9600980196249598,1.1061018359891177,1.449500574894587,Good
2.220065709835615,5.026776605702387,1.0,2.2735849622013298,Good
3.8701104738844783,1.0591588401712189,1.2213192973183056,2.2685901118131016,Moderate
1.9336688660885784,5.614389533355069,1.0190792444617178,1.764150977320798,Bad
2.1357056813718587,1.4259436492327755,1.0610535934706569,1.7741394794290557,Good
3.98368106782041,2.762933437102321,1.1447810866692576,2.4384018396626788,Bad
3.0612122757570326,2.017532050944964,1.0443062479595802,1.449500574894587,Good
2.588235290323714,3.283531230609047,1.2728332685581034,1.5493891919817622,Bad
2.457629139545825,5.432937538781906,1.270501369607462,1.4794672798875594,Moderate
1.634219146887503,5.129287043951074,1.0024333089778468,1.9988897668763488,Moderate
1.4944759832917862,6.300632079341207,1.1539059463661097,1.6143174523559356,Bad
4.224843229083684,1.855862772525057,1.2457628635833655,3.672031594762778,Moderate
2.048074049452197,5.847049419980437,1.053633899727944,2.2735849622013298,Bad
1.376231688560808,4.048620678775386,1.0139914496696465,1.2796888470450098,Good
2.158011857490566,4.348390353690985,1.1055718398756316,1.7142060694431107,Moderate
2.428605550484072,3.819936266209522,1.0587640886125145,1.952274759257481,Good
2.132901422196712,1.9307342006457515,1.0453056572094832,1.329633754922697,Good
3.980876808645264,1.5679248656437008,1.0608323886513795,4.615982802041412,Moderate
2.741415343705189,1.812416520303314,1.0255495903614458,1.824084387306743,Good
2.149726719260133,1.796703932353838,1.0801328379323747,1.7341842723278256,Good
1.174678986743078,5.2752437344215055,1.0127089094442283,1.0,Good
2.5828605731075296,3.2007088543693403,1.0408083855421686,1.4994454827722743,Good
2.2759162537451987,5.685380141560532,1.3795941018266615,1.3795786628003843,Bad
1.752463441618481,5.728731739638,1.0325301204819275,1.354605609527441,Bad
1.7318991968183957,4.979449533565411,1.1119315973571706,1.5793558969747346,Bad
1.491788592435262,3.579325431465141,1.0729988775748154,1.0449500574894588,Good
3.736910452703708,3.3939926169767465,1.176413935483871,3.1825746140987614,Bad
1.386981187490042,5.338283394507956,1.0547491581811117,1.11986681997189,Moderate
3.59950407500865,1.5482368036347192,1.0048665899727944,2.977802529536183,Moderate
1.6852791861802827,5.799722347843463,1.3404586179556937,1.3695889620239272,Bad
1.1542316102616146,3.823817086124754,1.0291995398367664,1.1847950803460634,Good
2.010450899945176,4.1157304670656165,1.3859308293820445,1.4794672798875594,Moderate
2.222753036195275,2.4237876381687578,1.0384764865915277,1.5743622452547057,Good
1.7318991968183957,3.9461102405266977,1.0072998989506412,1.4245287202898431,Good
1.5218382621156448,3.1989104256281355,1.0292548620287605,1.4851753378546209,Bad
1.9562361255151124,4.723031456727281,1.0279828993392923,1.4395120727863295,Bad
3.3514481663745643,1.1932837626074062,1.7007384469490867,1.8790229469044597,Moderate
1.2257390260358578,2.1476814993216453,1.029148862806063,1.8540510922997155,Good
1.5159749166533891,5.330427100533218,1.0206830003886511,1.3695889620239272,Moderate
1.6870318239784252,4.999137595574393,1.0256510003886514,1.7741394794290557,Bad
3.21532708219689,3.3703290809082587,1.0012166404974738,1.8190895369185145,Moderate
2.3759330895767503,5.030657425617618,1.1667314325689857,1.764150977320798,Moderate
3.461630353032833,2.8536121073167653,1.096774184220754,2.2735849622013298,Moderate
3.187284941923476,2.502634540348958,1.0742155180722892,2.258601609704844,Moderate
2.475015236846784,2.510490834323696,1.0083948698017875,2.8879024145572654,Good
2.0265751160905943,5.503928146987369,1.2215312957637,1.6642623602336228,Bad
1.4971633096514465,2.869419349410515,1.0116595507190052,1.5793558969747346,Good
4.107066343130329,1.7257133241483755,1.0024333089778468,3.062707794126872,Moderate
1.4570865059251443,5.393561414763943,1.0012166404974738,1.1897887320660925,Moderate
2.5647500470235896,4.723031456727281,1.0510992087057909,1.7391791227160542,Bad
1.9615896232628496,2.6367594627851454,1.0470621438010106,1.5593788927582195,Good
2.803224817430338,3.784440962106791,1.3287990672366887,1.5244173373770182,Moderate
2.4323678460857145,6.943523027249876,1.2215312957637,1.2097669349508071,Bad
3.722305137719188,4.22221637937381,1.3253012048192772,1.414539019513386,Moderate
1.9755150767978145,5.1844704100627865,1.1947143319082782,1.7741394794290557,Bad
2.7526321869151813,3.3860416688577346,1.1034150579090556,1.943951207278633,Moderate
1.0785179024699485,4.904483451300443,1.0012166404974738,1.409545367793357,Good
2.4694068474902195,2.9364344835564715,1.094124287602021,1.5493891919817622,Moderate
2.529113142958225,4.596857482410105,1.4209094535561602,3.0826859970115867,Bad
1.102120014088695,6.12315555882755,1.0186552755538285,1.0,Moderate
1.493541230233404,6.5569555020350645,1.041366028760202,1.2697003449367523,Bad
2.110467735776727,3.729162941850804,1.1180148278274389,2.303551667194302,Good
2.813974316359572,5.200277652156537,1.0109498204430625,1.5244173373770182,Bad
1.9567034697958712,6.142843620836532,1.1469102215312863,1.314650402426211,Bad
2.260376250199161,6.4149742856241385,1.1865526715895842,1.644284157348908,Bad
1.3923559047062266,3.4097052049262224,1.0116595507190052,1.0,Good
1.50791280858068,5.290956322370981,1.036144587640886,1.764150977320798,Moderate
1.4122190685883091,4.939978755403175,1.0186552755538285,1.1498335249648624,Good
1.378568538958331,3.5596373694561594,1.0432463116984063,1.2397336399437795,Good
1.6664675791783397,3.5855726049872216,1.0011659634667702,1.8091010348102567,Good
2.5871837334435743,2.10035442718467,1.0048665899727944,1.7591561269325693,Good
3.829449393061931,3.930302998432948,1.0316328488146134,1.7491676248243118,Bad
1.4864138752190772,5.267292786302494,1.1119315973571706,1.3046619003179534,Moderate
2.230815144267984,4.616545544419086,1.2751651675087443,1.9039960001774028,Moderate
3.375634490592692,2.419812164109252,1.1877186070734551,1.5094339848805318,Moderate
1.0967452968725104,2.5894323906481707,1.3179874823163622,1.0,Moderate
1.8440676934151865,4.1157304670656165,1.0425826692576758,2.103773234351753,Good
3.0182144090338268,3.457032277063197,1.06645938593082,1.5793558969747346,Moderate
1.6225349593967515,5.953535332288632,1.01703307889623,1.4045505174051285,Moderate
2.6527321549053875,5.673548373526288,1.0198212110376992,1.7042175673348532,Bad
3.269116951283089,2.849731287401533,1.0705655685969686,1.6942290652265954,Moderate
1.478351767146368,6.446588769811639,1.0198212110376992,1.059933409985945,Bad
2.1905046039044382,6.864581470925402,1.3276331037699185,1.744172774436083,Bad
2.4469731610702343,1.8242482883375577,1.0620490291488536,2.238623406820129,Good
1.959390860652396,3.8435998022780096,1.5122087275553828,1.7691458277090266,Bad
3.1518499130442525,2.6012641586824143,1.1081157372716672,1.983906414379863,Good
1.9169771420317057,1.0315198300432251,1.0457902090944422,1.7391791227160542,Good
1.0673010592599557,4.961275937864812,1.0012166404974738,1.094894965367146,Good
2.193191994760963,2.131874257227896,1.053633899727944,1.274695195324981,Good
2.012320341565076,1.828223762397064,1.0254390019432569,1.6492790077371366,Good
2.7442195383834718,4.285256039460261,1.024332949863972,1.374583812412156,Moderate
2.1973982867783857,3.705499405782316,1.0113148293820442,1.8690344447962015,Moderate
2.17438038775902,4.975474059505905,1.167897396035756,1.3346286053109258,Moderate
1.878769779925304,5.831336832030962,1.1585697722502917,1.0899001149789174,Bad
5.133407787080543,1.1261739743171757,1.1472143956471046,2.867924211672551,Bad
1.7605255496911902,3.445200509028953,1.3870967648659152,1.484462130275788,Bad
3.1982681129930897,1.9307342006457515,1.005829761368053,2.503330100036852,Bad
1.7010528618666996,3.149406308172859,1.0024333089778468,1.0,Good
1.8438339567779425,5.318595332498974,1.083948698017878,1.2297451378355222,Bad
2.572111074178296,3.165213550266609,1.1935483964244074,1.6193123027441645,Moderate
3.736910452703708,2.222647581586614,1.1751972949863971,3.2974477823506225,Moderate
2.865034355652352,1.4417508913265251,1.565487748153906,1.724195770219568,Good
3.260077651215102,1.863719066499795,1.1165954232413524,2.0338513222575503,Moderate
1.4290443656517304,5.6893556156200376,1.018249719393704,1.389567164908642,Bad
1.8945434556117209,2.25416741162984,1.0,1.4744724294993308,Good
1.0757137077916663,4.87684444117245,1.0133831294209097,1.2397336399437795,Good
3.0238578846847237,3.445200509028953,1.1002720466381657,2.2086567018271563,Moderate
2.096446697888452,2.845755813342027,1.2565099199378158,1.214761785339036,Moderate
1.4219170106374035,2.467139236246227,1.2658375437232805,1.15982202707312,Bad
1.986264575727048,4.9281469873689305,1.0093276237854645,1.2896785478214672,Moderate
1.647656036673261,4.43906902390543,1.0326467252234746,1.5244173373770182,Moderate
2.281875183560764,4.612664724503855,1.204041983676642,1.529412187765247,Bad
3.034338625179245,1.1341249224361871,1.521181500194326,2.59323021501577,Good
1.4038064845534632,7.542967722936803,1.0401493882627284,1.0,Bad
3.3134744764085418,1.8913580766277884,1.0474492592304705,1.604328950247678,Moderate
1.80480870993178,4.202433663220555,1.0279828993392923,1.3995556670168998,Good
1.8975813869272469,2.680111060862614,1.0489700738437622,1.0149833524964862,Good
1.7067781195418856,4.521891400145136,1.0314807617567043,1.3046619003179534,Moderate
2.6876679780527493,5.006993889549131,1.0228951045472212,1.5943392494712207,Bad
1.9378919272907928,5.519735389081118,1.4652157015157403,1.2647054945485237,Bad
1.3056590258449472,4.616545544419086,1.0133831294209097,1.2896785478214672,Good
3.658392485736895,1.9662295047484828,1.1107149568596968,1.9988897668763488,Moderate
2.099134088744977,5.535542631174868,1.08348230703459,1.414539019513386,Bad
2.9429680455229192,4.064427920869136,1.1562378453167508,1.859045942687944,Bad
3.6965832076522354,3.315051060652272,1.6754054442285269,1.4944506323840456,Bad
1.2902358906175315,3.208565148344078,1.0279828993392923,2.198668199718899,Good
3.4051955965238685,1.9425659686799956,1.1888845705402251,2.128746287624696,Moderate
3.585483037120375,1.4141118811985318,1.0802987485425573,2.942840974154982,Moderate
1.580471781235063,4.151225771168347,1.0279828993392923,1.469478777779302,Moderate
1.967452968725105,2.920721895606996,1.122425184609405,1.2647054945485237,Good
1.171056907325036,4.3720538897594725,1.1643995336183444,1.11986681997189,Good
1.7900865911255024,8.540811711872784,1.3964244166342792,1.11986681997189,Bad
1.8438339567779425,4.687536152624549,1.1772250198212204,1.639289306960679,Moderate
1.9755150767978145,5.1844704100627865,1.1947143319082782,1.6542726594571655,Bad
2.1475067371812324,6.990850099386852,1.1888845705402251,1.6243059544641931,Bad
2.7590053800919554,6.521460197932333,1.1983136043528957,1.9139845022856603,Bad
3.884768869788549,1.954397736714239,1.0936818779634667,3.726970154360495,Moderate
1.1709166911414353,5.565926611486806,1.0027982899339292,1.5993340998594494,Good
1.5916886244450557,2.5933132105634025,1.1788472164788184,1.11986681997189,Moderate
1.8599581729233607,4.616545544419086,1.0209871745044694,1.0899001149789174,Bad
2.7590053800919554,4.829517369035474,1.0432463116984063,1.5793558969747346,Moderate
2.023887725234069,4.83349284309498,1.0256510003886514,1.469478777779302,Bad
1.7175276184711197,3.6503160396706034,1.3334628931208703,1.0,Moderate
3.235891326996976,1.6940988399608763,1.28799068169452,1.729189421939597,Good
1.5776675865567809,7.882113521870365,1.0304162083171395,1.3795786628003843,Bad
2.037813178769034,6.079803960750081,1.105285658764089,1.3695889620239272,Bad
1.3477222040066357,6.718719434599245,1.0450159782355228,1.2297451378355222,Bad
1.959390860652396,7.527160480843053,1.377769141080451,1.7741394794290557,Bad
1.2714242836155885,2.4868272982552084,1.0011659634667702,2.123751437236468,Good
1.8169603062001547,4.695487100743561,1.1857047057909056,1.4744724294993308,Moderate
1.6530307538894458,3.5833009055246468,1.5759813354061407,1.1698117278495772,Bad
3.2293481200851644,3.2913875245837847,1.0364994387874078,3.137624556609303,Moderate
2.5425500327439834,5.105623507882586,1.0524679362611735,1.3795786628003843,Bad
1.682591795323758,2.2856872416730645,1.6517683731053243,1.11986681997189,Bad
1.9970140101594172,4.198552843305323,1.1818888457054022,1.294672199541496,Moderate
1.438041226782822,4.797997538992249,1.289156617178391,1.414539019513386,Good
2.5264258165985654,6.272993069213213,1.28799068169452,1.5993340998594494,Bad
3.896750452321887,1.2681551907281006,1.0778654675476098,3.42730310443077,Moderate
2.3348046644734435,1.7690649222258448,1.0076648799067236,2.613207219232285,Moderate
2.3432173130051543,2.557817906460671,1.0194663598911775,1.3995556670168998,Good
1.2411621612632735,3.9816055446294287,1.0127194869801788,1.3046619003179534,Good
2.3732457632170902,5.314619858439468,1.1609016712009328,1.1098783178636322,Bad
3.724992528575712,2.415836690049746,1.28799068169452,2.258601609704844,Moderate
1.3842937966335174,2.159513267355889,1.2261950936649826,2.59323021501577,Moderate
1.9217677111453744,5.11745527591683,1.3171395165176836,1.419533869901615,Bad
1.856886896728846,4.348390353690985,1.2961523420132142,1.1348501724683762,Good
2.9698417605975718,5.314619858439468,1.271667305091333,2.0887898818552664,Bad
1.3386085390537867,6.308488373315945,1.0093276237854645,1.2597118428284946,Bad
1.2982979986902408,3.232228684412566,1.0,1.0,Good
1.6253391540750337,3.4018489109514847,1.0508780038865138,1.3596004599156697,Good
1.5885338893077725,1.09465414427395,1.0513019727944035,1.544395540261733,Good
1.6730107860901504,6.478108599854863,1.150864317139526,1.3446171074191833,Bad
1.8416840827908412,3.7283110545523375,1.030781189273222,1.4894557819958172,Good
1.7655497264483735,3.997412786723179,1.260362633501749,1.034961555381201,Moderate
2.133302076719493,4.691511626684054,1.0445182464049747,1.4794672798875594,Bad
3.2520155431423934,1.5679248656437008,1.079284872133696,1.9689230618833768,Moderate
1.5412127977516563,3.098198416120652,1.0377160792848814,1.669256011953652,Good
1.9378919272907928,5.925990976304912,1.1061018359891177,1.2996670499297247,Moderate
2.601672115612608,1.5009097314977442,1.7263894193548386,2.228634904711871,Bad
1.8895192788545376,5.271268260362,1.1783909832879906,1.03995520710123,Bad
1.193490593745021,5.1844704100627865,1.0279828993392923,1.2397336399437795,Good
2.906863797176796,3.6029889675336286,1.041366028760202,1.9639294101633475,Moderate
1.8325958940995024,3.9619174826204473,1.1616789801787797,1.0998886170871751,Good
2.0534487666683816,3.5083348232596783,1.0396424500582977,1.8091010348102567,Good
2.60961741986356,3.390017142917241,1.0699572483482316,1.5044391344923034,Good
2.0023887918724665,4.734863224761524,1.053633899727944,1.2397336399437795,Moderate
2.0803224817430337,6.087660254724819,1.162067634667703,1.2097669349508071,Bad
1.489101201578737,3.92244670445821,1.1200932856587642,1.6792457127301093,Good
2.2142235838418074,2.2818064217578327,1.0462326187329964,1.4395120727863295,Good
2.8029805033073028,6.328271089469201,1.0343426568208318,1.804106184422028,Bad
2.418931020796821,5.79584152792823,1.0432463116984063,1.4794672798875594,Bad
1.25530006747017,3.0784156999673966,1.0734551107656432,1.1947835824543211,Good
2.4323678460857145,4.403573719802698,1.278663029926156,2.058823176862294,Moderate
1.725589726543829,6.73443202254872,1.1235911480761758,1.449500574894587,Bad
3.369558692458505,1.915021612696276,1.0523158492032647,1.9489460576668611,Moderate
1.7262908074618315,5.058296435745612,1.0165353470656822,1.4894557819958172,Moderate
2.811520662140292,5.381729646729699,1.137582597745822,1.174805379569606,Bad
2.639295329616494,3.73313841591031,1.0139914496696465,1.4445057245063584,Moderate
1.8518960648506515,4.285256039460261,1.1655654970851146,1.5394006898735046,Moderate
2.562583145864239,2.620952220691396,1.0216231418577535,1.4994454827722743,Good
2.4269931288695297,6.683224130496513,1.0676253493975905,1.6592675098453944,Bad
1.9366066337734087,3.953966534501435,1.0,1.5643725444782484,Good
2.382476296488561,5.302788090405224,1.0048665899727944,1.0998886170871751,Moderate
1.7683539211266557,2.707750070990608,1.0292548620287605,1.5993340998594494,Good
2.547924749960168,5.6893556156200376,1.258841818888457,1.5593788927582195,Bad
1.2660495663994038,5.192421358181798,1.0559657986785853,1.2397336399437795,Moderate
1.443065403540005,4.809829307026492,1.0693489280994948,1.389567164908642,Moderate
2.1851298866882534,4.577169420401123,1.2378546443839875,1.4944506323840456,Moderate
1.7981486991982116,5.586750523227075,1.2087057815779243,1.0299667049929724,Moderate
1.6288444296713185,6.127131032887056,1.0038158600855034,1.349611957807412,Moderate
1.5552339001367956,4.983330353480644,1.026766258841819,1.2846836974332383,Bad
2.269569891264092,2.968048967743971,1.0,1.4544954252828155,Good
2.3678709815040406,2.8260677513330457,1.1294209094442285,1.7042175673348532,Good
1.2767990653286376,4.518010580229904,1.0571317621453555,1.1798002299578347,Good
2.155568845253941,4.596857482410105,1.0687912848814614,1.6642623602336228,Moderate
1.8216339424983363,5.077984497754594,1.0623255561601244,1.569367394866477,Moderate
1.9309982444168448,4.845324611129223,1.0888152879906725,1.884017797292688,Moderate
1.112168432099926,5.164782348053805,1.0012166404974738,1.2896785478214672,Good
2.1394446291085227,6.174458105024032,1.1049358725223477,1.2397336399437795,Bad
2.090838244035024,4.581050240316355,1.0304162083171395,2.2036630501071275,Moderate
2.665701635913523,3.737113889969816,1.0304162083171395,1.834072889415001,Moderate
2.273813075488055,7.097336011695045,1.0804508356004665,1.6892342148383668,Bad
1.8975813869272469,5.2042531262160425,1.0781189366498252,1.8190895369185145,Bad
1.6127202135259,2.2936381897920763,1.15507190983288,1.4894557819958172,Moderate
1.9782024676543388,5.815529589937213,1.064127486980179,1.3995556670168998,Bad
1.550910739800751,3.4018489109514847,1.1515740474154683,1.0449500574894588,Good
2.6554195457619123,3.145525488257628,1.0769529731830547,1.5144288352687607,Moderate
2.6124216145418417,5.523710863140624,1.0198212110376992,1.7142060694431107,Bad
2.091071980672268,5.196302178097031,1.0139914496696465,2.003884617264578,Bad
2.7918911703985883,2.3211825457757955,1.442859799455888,1.4045505174051285,Moderate
2.289937291633473,3.8987831683897225,1.1830548091721729,1.1698117278495772,Moderate
1.7963960614000691,5.145094286044824,1.0754321585697628,1.644284157348908,Bad
2.413322566943392,3.7962727301410335,1.1597357077341623,1.799112532701999,Moderate
2.091071980672268,4.305038755613516,1.0255495903614458,1.2996670499297247,Good
3.83505784691536,4.939978755403175,1.0121664889234356,2.338513222575504,Bad
3.95073155461157,6.091635728784325,1.35445006762534,1.744172774436083,Bad
1.4542822467499978,4.916315219334686,1.0304162083171395,1.8440625901914576,Bad
2.0023887918724665,6.430781527717889,1.3626117279440342,1.529412187765247,Bad
1.4895898298248078,2.2620237056045767,1.0,1.5643725444782484,Good
2.534487924671274,2.6761355868031087,1.0279828993392923,1.5344058394852758,Good
1.3925896413434706,3.6581723336453416,1.0571824391760591,1.5194224869887896,Good
2.2030067406318143,2.9285781895817338,1.0,1.5593788927582195,Good
1.1048074049452197,4.774334002923761,1.0279828993392923,1.3596004599156697,Good
1.6664675791783397,3.2401796325315777,1.0279828993392923,1.2097669349508071,Good
3.17887235788863,1.650747241883407,1.0571824391760591,2.4783570467639087,Good
2.236657270261792,4.376029363818979,1.0012166404974738,1.4544954252828155,Good
1.967452968725105,5.1884458841222925,1.0,1.3596004599156697,Moderate
1.6530307538894458,5.342258868567462,1.1061018359891177,1.314650402426211,Moderate
1.682591795323758,2.2856872416730645,1.1888845705402251,1.329633754922697,Good
2.2039414936901967,6.265136775238476,1.1002720466381657,1.9639294101633475,Bad
2.727978518416295,2.155537793296383,1.1643995336183444,1.669256011953652,Good
1.7282771174003533,5.310739038524236,1.0466381748931208,1.0,Bad
2.263063576558821,4.5731939463416165,1.606296161678974,1.5843507473629632,Bad
4.662300243267124,1.89523889654302,1.0535324897007383,4.206437434248054,Moderate
3.0370259515389053,3.031088627830422,1.1585697722502917,1.3845723145204134,Good
3.0492412707094867,1.5482368036347192,1.2811615110765642,1.5793558969747346,Good
1.88613080708001,5.164782348053805,1.0255495903614458,1.4445057245063584,Bad
4.471613844200386,1.6073956438059378,1.1313979572483484,3.716981652252237,Bad
1.443065403540005,4.34441487963148,1.0190792444617178,1.2447284903320084,Good
1.2069274190339148,5.010969363608637,1.0,1.0699219120942025,Good
2.388084685845125,2.045171061072957,1.026710936649825,1.6592675098453944,Good
1.720682353608403,5.847049419980437,1.0074154683249126,1.7341842723278256,Bad
2.98865330310265,2.9522417256502216,1.2378546443839875,1.6193123027441645,Moderate
1.2391758513247515,3.2007088543693403,1.0233190734551108,1.4445057245063584,Good
1.7417139426892472,3.93825394655196,1.0174893120870578,2.2036630501071275,Moderate
2.0776350908865093,4.84930008518873,1.0913259976680918,1.3396222570309548,Bad
2.528575690585666,5.089816265788837,1.0559657986785853,1.5793558969747346,Moderate
1.9647655778685804,6.347959151478182,1.0699572483482316,1.7391791227160542,Bad
1.4901761708207195,5.814488394350199,1.0713563933151962,1.5993340998594494,Bad
1.3036727159064254,4.801973013051755,1.064127486980179,1.644284157348908,Moderate
5.01002244727376,2.648591230819389,1.1143649063350174,2.8079908016866058,Bad
1.914172947353424,4.9321224614284365,1.0890364928099494,1.484462130275788,Bad
3.192893395776905,1.5521176235499512,1.280994956859697,1.7391791227160542,Moderate
1.878769779925304,3.856283457610719,1.0139914496696465,1.7192009198313394,Moderate
1.4486738573934337,4.671823564675073,1.0826767353284104,1.3695889620239272,Moderate
1.6100328226693752,5.334402574592724,1.0979401476875243,1.5493891919817622,Bad
2.134069847395474,3.1612380762071037,1.2739992320248736,1.7192009198313394,Moderate
1.992690849823372,4.687536152624549,1.0255495903614458,1.0699219120942025,Good
2.2684383582718706,6.718719434599245,1.114263496307812,1.669256011953652,Bad
2.252314142126452,4.813804781085999,1.0897784593859308,1.983906414379863,Moderate
2.3404131183268726,2.5421053185111955,1.0089036548775747,1.8140958851984847,Good
2.144118265406705,4.0959477509123605,1.0729988775748154,1.9289678547821465,Moderate
1.8665013798351715,3.512310297319184,1.100981776914108,1.779134329817284,Good
1.356134852538346,4.312895049588255,1.0048665899727944,1.389567164908642,Good
4.109870537808611,3.997412786723179,1.0766487990672369,2.058823176862294,Bad
1.55897284787346,5.882544724083169,1.1352506708122814,1.6942290652265954,Moderate
3.821036744530221,1.165644752479413,1.0608323886513795,3.567148127287375,Moderate
2.074013011468467,3.7213066478760655,1.0863820069957248,2.0288564718693216,Good
2.1357056813718587,6.198121641092519,1.026766258841819,1.3695889620239272,Bad
1.7363392254730623,5.432937538781906,1.1900505340069958,1.0149833524964862,Bad
1.765900266907375,5.121430749976336,1.0,1.1648168774613483,Moderate
1.0,4.825636549120242,1.2110377085114652,1.0499449078776877,Bad
4.238280054372577,1.5679248656437008,1.2903225806451613,1.978912762659834,Moderate
3.9107715547070256,2.841780339282521,1.0389327197823552,2.31354016930256,Moderate
1.9898866551450904,5.757601253641555,1.018249719393704,1.469478777779302,Bad
1.580471781235063,4.20640913728006,1.035282798289934,1.1348501724683762,Good
2.3482916038261177,6.698936718445989,1.243329554605519,1.1648168774613483,Bad
1.8169603062001547,4.9281469873689305,1.034978624174116,1.6243059544641931,Bad
2.4553857451050805,5.452720254935162,1.068132287602021,1.9139845022856603,Bad
2.2281278179083244,3.2756749366343088,1.1095996984065293,1.409545367793357,Moderate
2.0212003343775446,5.756370749765994,1.1539059463661097,1.3446171074191833,Bad
1.6954444725101356,5.283100028396243,1.0279828993392923,1.234738789555551,Bad
1.3757643442800491,4.080235162962885,1.0206830003886511,1.3096555520379822,Moderate
2.351629961536865,4.28137521954503,1.092465237465993,1.99389611515632,Moderate
1.9405792536504527,7.733033244638895,1.1165954232413524,1.5194224869887896,Bad
1.4568527692879003,4.245879915442298,1.06645938593082,1.938956356890404,Good
1.5215833705068178,2.7314136070590957,1.0432463116984063,1.8490562419114869,Good
2.57430983678875,4.34441487963148,1.5253153299650215,1.6592675098453944,Moderate
2.744102734561713,2.699799122871596,1.2133696074621063,1.609322601967707,Moderate
1.0429979312200706,5.503928146987369,1.030314798289934,1.3845723145204134,Good
1.3084632850200937,3.953966534501435,1.0231163093664983,1.0,Good
1.3981980307000346,4.829517369035474,1.0763170058297706,1.3795786628003843,Good
2.3095667833751765,1.863719066499795,1.0750450431403031,1.6842393644501383,Good
2.4497773557485165,5.720875445663262,1.0031632708900116,2.523307104253368,Bad
1.3449180093283537,5.017500499563539,1.0535172949863971,1.354605609527441,Bad
1.94501928230512,1.654722715942913,1.0228951045472212,2.043839824365808,Good
2.5828605731075296,5.578894229252337,1.1539059463661097,2.038846172645779,Bad
1.5075622681216787,4.904483451300443,1.1450022914885347,1.4794672798875594,Bad
2.131382521035814,3.863287864286991,1.0629615235134084,1.899001149789174,Good
3.308450299651358,1.5521176235499512,1.1119315973571706,2.4134299850579346,Good
2.4834278853784943,3.31117024073704,1.047804110376992,1.6293008048524218,Good
2.6043595064691325,5.63407759536405,1.2063738826272834,1.604328950247678,Bad
1.7178781589301209,5.417224950832431,1.006359757481539,1.3995556670168998,Bad
2.437742627798764,5.969342574382381,1.3089778561989895,1.6243059544641931,Bad
1.4461033348555312,3.283531230609047,1.1282549459774582,1.4295223720098722,Good
3.483129286394436,2.8852265915042645,1.0629615235134084,1.7192009198313394,Bad
3.724992528575712,2.415836690049746,1.28799068169452,2.258601609704844,Moderate
4.098653694598618,1.9386851487647636,1.0778654675476098,1.7341842723278256,Bad
1.529995954541664,2.6130959267166585,1.0178073097551497,1.314650402426211,Good
1.8922066052141973,5.803697821902969,1.1317528083948698,1.11986681997189,Moderate
3.4159450309562382,3.997412786723179,1.1597357077341623,1.8540510922997155,Moderate
3.181676552566912,5.563086987158588,1.0377160792848814,1.7691458277090266,Bad
3.148918272561557,1.6192274118401817,1.180722882238632,2.5882353646275407,Good
1.1794695558567465,4.999137595574393,1.0218996688690245,1.0,Good
1.3090474976194746,4.896627157325705,1.0571317621453555,1.0849052645906887,Good
2.906863797176796,6.063996718656331,1.0693489280994948,1.5543840423699908,Bad
1.489101201578737,2.93255366364124,1.1737271574038088,1.3196452528144396,Good
2.0588235483814312,4.387861131853223,1.095608248736883,1.1648168774613483,Moderate
3.407882922883529,1.5284540874814636,1.3835989024485036,3.157602759494018,Moderate
2.252314142126452,4.596857482410105,1.005829761368053,1.5394006898735046,Good
1.9459540353635016,4.214265431254798,1.059615748153906,1.449500574894587,Good
3.9399820556823366,1.453582659360769,1.6167897489312089,2.47336339504388,Moderate
4.841769734627006,1.4969342574382385,1.0766487990672369,3.677025246482808,Moderate
1.720682353608403,2.7432453750933394,1.0279828993392923,1.449500574894587,Good
1.5570183993860416,5.488215559037893,1.0,1.4544954252828155,Moderate
2.416243629940296,4.5731939463416165,1.0256510003886514,1.589345597751192,Moderate
1.8538156205343312,3.461007751122703,1.0582976976292269,2.0788013797470093,Good
3.0946124285587047,5.085935445873605,1.0879462510687914,1.5425555845751646,Moderate
1.9782024676543388,4.0249571427068975,1.041974349008939,1.4644839273910732,Good
1.5636464841716418,5.713019151688525,1.1450022914885347,1.4245287202898431,Bad
2.6903553044124093,3.62267702954261,1.7240575204041977,1.4994454827722743,Bad
1.4111675117081697,3.413680678985728,1.1434123591138747,1.3046619003179534,Good
1.2692043015366874,4.81768560100123,1.0985484679362612,1.6659273103630323,Good
2.101821415104637,4.119611286980849,1.0186552755538285,1.4345172223981009,Good
3.4696924611055424,2.214696633467602,1.0862805969685192,1.804106184422028,Moderate
2.370558372360565,3.1415500141981214,1.2690355973571703,1.644284157348908,Moderate
1.7390265518327226,6.706887666565001,1.247182268169452,1.0699219120942025,Bad
1.988951902086708,5.709043677629019,1.053633899727944,1.5194224869887896,Bad
2.4646162783765515,6.359790919512426,1.1189273221919938,1.3096555520379822,Bad
1.3084632850200937,4.060452446809629,1.018249719393704,1.4994454827722743,Good
1.556285457016935,5.168757822113311,1.0,1.0,Moderate
2.211419389163525,4.8611318532229735,1.058399107656432,1.834072889415001,Good
1.1876272482827657,4.312895049588255,1.031798759424796,1.314650402426211,Good
3.026276517106536,1.9425659686799956,3.273610571317528,2.293563165086045,Bad
1.8922066052141973,3.689786817832841,1.1294209094442285,1.0,Moderate
3.262764977574763,5.294931796430487,1.374271278663039,1.6892342148383668,Bad
2.040362481838489,2.214696633467602,1.1399144966964632,1.3695889620239272,Moderate
3.2742155574219995,4.853180905103962,1.2043968348231635,1.6293008048524218,Moderate
1.752463441618481,3.33871459672076,1.0384764865915277,1.2247502874472935,Good
1.6281433487533157,3.181020792360359,1.0255495903614458,1.11986681997189,Good
2.0291456386284965,5.030657425617618,1.0437993097551497,1.0,Moderate
2.1367572382519984,6.478108599854863,1.0513019727944035,1.9339627051703752,Bad
1.6786191754467146,4.068403394928641,1.0425826692576758,1.4045505174051285,Good
2.3383099400697285,3.6345087975768537,1.163233570151574,1.8940062994009452,Good
2.332935222853544,1.4141118811985318,1.1842207446560435,1.6792457127301093,Good
3.728497804171997,2.360653323938033,1.0644823381267003,2.55327380924634,Bad
1.9870824604668085,4.967617765531168,1.0316328488146134,1.4744724294993308,Moderate
1.6674023322367215,3.788321782022023,1.094124287602021,1.3346286053109258,Good
3.227829218924266,4.577169420401123,1.2005441212592305,1.4245287202898431,Moderate
2.4778194315250657,4.50617881219566,1.0462326187329964,1.799112532701999,Bad
2.5452373591036435,5.358066110661212,1.2728332685581034,1.9289678547821465,Bad
3.647175642526903,2.6682792928283705,1.0231163093664983,2.543285307138082,Moderate
1.752463441618481,4.364197595784735,1.2600077823552274,1.1648168774613483,Bad
2.9818127656451177,2.904914653513246,1.025317863972017,2.0338513222575503,Moderate
1.8384592395617576,5.543398925149606,1.0559657986785853,1.6792457127301093,Moderate
1.9567034697958712,2.971929787659203,1.0,1.484462130275788,Good
2.211419389163525,5.638053069423556,1.0705655685969686,1.9139845022856603,Moderate
2.676918479123516,4.001293606638411,1.1155815468324912,1.639289306960679,Moderate
1.1048074049452197,2.033339293038713,1.041974349008939,1.8490562419114869,Good
2.260376250199161,6.4149742856241385,1.1865526715895842,1.644284157348908,Bad
1.4391929472936569,4.214265431254798,1.0851146614846483,1.1448386745766337,Good
2.332935222853544,2.581481442529159,1.0869801694520016,1.839067739803229,Good
1.2606748491832194,5.145094286044824,1.0046638258841818,1.0,Moderate
1.795461308341687,5.894944416983057,1.0159902401865526,1.952274759257481,Bad
2.6151090053983665,2.3488215559037893,1.329965030703459,1.9889012647680917,Good
1.7390265518327226,2.4789710042804707,1.1655654970851146,1.286348647562648,Good
2.328049069386566,3.0942229420611462,1.1119315973571706,1.4944506323840456,Good
2.142131955468183,2.569649674494915,1.1704412934317916,1.174805379569606,Good
3.5630492862035257,2.699799122871596,1.0165353470656822,2.1637066443376973,Moderate
1.6799044689640985,4.241904441382792,1.1200932856587642,1.2647054945485237,Moderate
1.878769779925304,4.170913833177329,1.1445783225806452,1.2896785478214672,Moderate
2.4365210571835867,3.173069844241347,1.15507190983288,1.804106184422028,Moderate
1.6029054676550485,5.243629250234005,1.0279828993392923,1.449500574894587,Bad
2.875783790084721,2.4316439321434955,1.0396424500582977,1.669256011953652,Moderate
2.0627961682584743,2.297519009707308,1.0190792444617178,1.5244173373770182,Good
3.0078154505635943,2.628808514666134,1.1301813167508743,2.6381802725052284,Good
2.2066288200498567,2.1516569733811512,1.0326467252234746,1.5044391344923034,Good
2.2496267512699277,5.768202517800238,1.1165954232413524,1.3396222570309548,Bad
1.8496760827717504,4.435188203990197,1.0693489280994948,1.7192009198313394,Good
1.518662307509914,2.786596973170808,1.0734551107656432,1.4544954252828155,Good
2.040011941379488,6.395286223615157,1.0909444228527012,1.644284157348908,Bad
3.0853985999751607,5.145094286044824,1.1154294597745822,1.6892342148383668,Bad
1.580471781235063,5.318595332498974,1.1148464920326466,1.6243059544641931,Moderate
1.14021057237334,3.019256859796178,1.0012166404974738,1.2097669349508071,Good
1.7040907931822258,5.925990976304912,1.4185775266226195,1.374583812412156,Moderate
1.6480399220112514,5.835217651946195,1.0025438973960357,1.4944506323840456,Moderate
2.7145416286305366,2.0885226591504265,1.125923047026817,2.0238628201492928,Good
1.1167086243852884,6.601821566420916,1.0279828993392923,1.3662602604333078,Moderate
1.2418632421812763,4.178770127152067,1.0139914496696465,1.7192009198313394,Good
2.160943562470126,6.036357708528338,1.1216647773027597,1.6492790077371366,Moderate
2.037324550522963,3.117886478129634,1.172561221919938,1.5344058394852758,Good
4.080673774665456,2.139825205346908,1.1277480077730275,3.152607909105789,Bad
1.6180949307420844,5.764227043740732,1.1340847353284105,1.0,Bad
1.7981486991982116,2.9955933237276904,1.081515389040031,1.1348501724683762,Good
1.8020045152534976,3.43336874099471,1.0377160792848814,1.449500574894587,Good
3.344320811360237,2.687967354837353,1.0644823381267003,1.884017797292688,Moderate
2.212003601762906,7.160375671781496,1.2203653322969297,1.274695195324981,Bad
1.693341294252992,5.440888486900918,1.247182268169452,1.274695195324981,Moderate
1.9478234769834015,3.4886467612506964,1.032849489312087,1.3645953103038984,Good
2.8395627379168404,1.208996350556882,1.090031928488146,2.098779582631724,Moderate
1.5912212801642969,4.048620678775386,1.0766487990672369,1.8940062994009452,Good
3.21532708219689,2.735294426974328,1.2302229521958803,2.0688128776387518,Moderate
1.5912212801642969,5.799722347843463,1.0198212110376992,1.294672199541496,Moderate
1.443065403540005,3.630627977661622,1.0644823381267003,1.839067739803229,Good
1.2257390260358578,5.247604724293511,1.0104935872522347,1.0849052645906887,Moderate
1.3090474976194746,6.6161143422062825,1.0163233486202876,1.0,Bad
1.6100328226693752,3.299338472702797,1.2530120575204042,1.7691458277090266,Good
2.50586157179848,5.598582291261319,1.0304162083171395,1.5843507473629632,Bad
1.7599413370918096,3.5043593492001723,1.029148862806063,1.3446171074191833,Good
2.2388772523406937,6.347959151478182,1.0443062479595802,1.2996670499297247,Bad
1.8216339424983363,2.8970583595385087,1.067413350952196,1.5843507473629632,Good
1.437457014183441,6.442613295752133,1.0072998989506412,1.3945620152968707,Bad
1.5052254177241555,4.170913833177329,1.1783909832879906,1.1302904386366457,Moderate
1.3359211481972622,5.957510806348138,1.0,1.4445057245063584,Moderate
2.458190004280227,2.6130959267166585,1.0699572483482316,2.278579812589559,Good
3.2708270856474724,2.912770947487984,1.1422463956471045,2.1087680847399817,Moderate
2.800303754433434,3.81198531809051,1.0559657986785853,1.2796888470450098,Moderate
1.810417099288344,3.425512447019972,1.0024333089778468,1.7691458277090266,Good
1.8465213476344668,2.6130959267166585,1.1037699090555773,1.804106184422028,Good
1.7515286885600987,5.484240084978387,1.008516539448115,1.4944506323840456,Bad
3.0542251369263065,2.017532050944964,1.588806849591916,1.3346286053109258,Moderate
3.9914259803131062,3.342690070780266,1.0413080761756703,1.724195770219568,Moderate
3.1498954645568342,6.564906450154076,1.1838876362223083,1.7591561269325693,Bad
3.907967360028744,3.819936266209522,1.0778654675476098,2.3285235217990463,Moderate
1.970257163403387,5.6893556156200376,1.0,1.2846836974332383,Bad
2.89845121314195,3.33871459672076,1.2372463241352507,1.0549385595977163,Moderate
1.9366066337734087,6.663441414343257,1.0097331799455889,1.3246389045344684,Bad
1.7431160400283885,4.24976073535753,1.0304162083171395,1.4544954252828155,Bad
2.2281278179083244,3.019256859796178,1.0781189366498252,1.535875406698131,Good
1.8733950627091192,5.212109420190781,1.35445006762534,1.6542726594571655,Moderate
1.2748127553901158,3.7962727301410335,1.015816410415857,1.2896785478214672,Good
2.17169306139936,3.839624328218504,1.3287990672366887,1.1798002299578347,Bad
4.488205404626562,1.3194577369245817,1.506024087057909,2.018867969761064,Moderate
1.1504926625249503,6.0718530126310695,1.0127194869801788,1.7192009198313394,Bad
1.334211013832879,3.808104498175278,1.041974349008939,1.409545367793357,Good
3.669609328946888,4.364197595784735,1.099765108433735,2.508323751756881,Bad
2.292624682489998,4.391741951768454,1.0687912848814614,1.354605609527441,Moderate
1.1478053361652902,3.823817086124754,1.0256510003886514,1.1648168774613483,Good
2.2388772523406937,4.502203338136154,1.0617955600466382,1.2247502874472935,Moderate
2.081788301984382,4.060452446809629,1.0,1.3845723145204134,Good
2.803108013608581,4.068403394928641,1.024332949863972,1.839067739803229,Bad
2.437742627798764,1.7848721643195944,1.0687912848814614,1.6342956552406505,Good
1.3224843229083685,3.224372390437828,1.053167508744656,1.2397336399437795,Good
1.3925896413434706,4.368078415699968,1.0145997699183833,1.3596004599156697,Good
3.628247231703202,2.1279934373126634,1.1667314325689857,2.8779139124490083,Moderate
1.7175276184711197,3.437344215054216,1.059615748153906,1.3446171074191833,Good
1.2687369572559284,3.9816055446294287,1.0055965798678586,1.2397336399437795,Good
2.0185130080178846,4.447019972024441,1.024485036921881,1.3945620152968707,Moderate
1.7599413370918096,7.5942702691332835,1.0693489280994948,1.2247502874472935,Bad
2.01812905818303,6.119180084768044,1.2296929560823942,1.274695195324981,Bad
3.211705002778848,3.1612380762071037,1.1643995336183444,2.173696345114155,Moderate
3.171394462415301,2.4868272982552084,1.263505644772639,2.038846172645779,Moderate
2.571378131809189,3.863287864286991,1.0025438973960357,1.409545367793357,Moderate
2.490594196499029,2.5586697937591367,1.0730664562767198,1.6632626709550573,Good
1.5552339001367956,5.551255219124344,1.0255495903614458,1.0,Moderate
1.0953431995333696,5.677523847585793,1.0,1.294672199541496,Moderate
2.3123709780534587,3.997412786723179,1.0693489280994948,1.6342956552406505,Good
1.3305464309810775,4.589001188435367,1.0769529731830547,1.2397336399437795,Good
3.2466407614293447,3.0823911740269025,1.083948698017878,1.6592675098453944,Moderate
1.7066613157201282,5.421105770747662,1.087598647493199,1.644284157348908,Good
1.7605255496911902,3.445200509028953,1.3870967648659152,1.484462130275788,Bad
1.9352045364342685,3.263843168600065,1.3579479300427515,1.5993340998594494,Bad
1.440261208861723,3.620405330080035,1.0097331799455889,1.389567164908642,Good
1.722902335687304,4.257711683476542,1.0991061111542946,1.1798002299578347,Moderate
1.5692549380250704,3.73313841591031,1.0340661298095608,1.7591561269325693,Moderate
2.241564643197218,3.882975926295973,1.1667314325689857,1.5793558969747346,Good
2.9429680455229192,2.2383601695360893,1.1410804601632336,1.5144288352687607,Good
2.651680598025248,5.4763837910036495,1.0316328488146134,1.3396222570309548,Moderate
1.5320991327988076,3.967691385421158,1.0,1.5044391344923034,Good
3.5234398267579823,1.8242482883375577,1.3008161678973962,1.724195770219568,Bad
1.7318991968183957,2.3093507777415523,1.0036499494753206,1.5094339848805318,Good
1.81427291534363,3.575349957405635,1.2133696074621063,1.5593788927582195,Bad
2.789787992141444,3.950085714586204,1.1760590843373495,1.9289678547821465,Good
2.430147864006813,3.279555756549541,1.026766258841819,1.2996670499297247,Good
1.880522417723446,6.4347570017773945,1.0474492592304705,1.0,Bad
2.0426993322360127,5.058296435745612,1.2238631947143412,1.294672199541496,Bad
1.9997014010159415,1.8992143706025264,1.0594636610959969,1.5993340998594494,Good
1.9029561041434315,3.4728395191569468,1.0359780054411194,1.2647054945485237,Moderate
1.4486738573934337,2.6761355868031087,1.0407023863194715,1.294672199541496,Good
1.9997014010159415,4.868988147197712,1.0425826692576758,1.6642623602336228,Bad
2.867721682012012,4.20640913728006,1.2693354061406918,2.1187565868482388,Moderate
2.593993957374753,1.8755508345340384,1.0799511449669643,1.5993340998594494,Good
2.6554195457619123,3.445200509028953,1.1737271574038088,2.468368544655651,Moderate
1.5159749166533891,5.432937538781906,1.0291995398367664,1.2796888470450098,Moderate
1.0441294642122916,4.151225771168347,1.0139914496696465,1.11986681997189,Good
1.5939086065239567,5.2042531262160425,1.0466381748931208,1.978912762659834,Moderate
1.8384592395617576,5.993006110450869,1.079284872133696,1.419533869901615,Bad
2.289937291633473,3.0942229420611462,1.1021984174115818,1.374583812412156,Moderate
2.6903553044124093,5.13326251801058,1.7415468324912553,1.9339627051703752,Bad
2.158139367791844,6.880388713019151,1.0,1.824084387306743,Bad
1.737507650671824,5.724850919722768,1.064360668480373,1.2796888470450098,Bad
1.8841444971414885,4.853180905103962,1.1340847353284105,1.484462130275788,Moderate
1.600101272976766,6.142843620836532,1.200746885347843,1.174805379569606,Bad
2.445804735871473,5.1884458841222925,1.0851146614846483,1.4794672798875594,Moderate
3.899554711497033,1.508766025472482,1.1472143956471046,3.257491376581193,Moderate
3.3302997734719626,3.8474806221932414,1.0851653385153517,1.5943392494712207,Bad
1.9378919272907928,5.787890579809219,1.0687912848814614,1.3196452528144396,Bad
1.4739117384917009,3.1967333803098343,1.0279828993392923,1.329633754922697,Good
3.248977611826868,1.4259436492327755,1.0,1.3945620152968707,Good
1.7282771174003533,4.596857482410105,1.0093276237854645,1.414539019513386,Moderate
2.045386658595673,6.320320141350189,1.0454722114263506,1.5543840423699908,Bad
2.260376250199161,6.1468190948960375,1.197046258841819,1.0,Bad
2.045970871195053,6.154675388870776,1.0462326187329964,1.2397336399437795,Bad
1.670206526915004,4.163057539202592,1.1788472164788184,1.4245287202898431,Good
1.4907370355551222,6.162626336989788,1.0097331799455889,1.3046619003179534,Moderate
2.780674327188596,5.910183734211162,1.145744258064516,1.544395540261733,Bad
1.86802028099607,5.208133946131275,1.079284872133696,1.2896785478214672,Bad
1.2499253502539855,4.557386704247867,1.0069957248348231,1.0649282603741737,Good
2.082425660000178,4.419380961896448,1.0425826692576758,1.2197554370590649,Moderate
2.27650046634458,5.756370749765994,1.282160892343568,1.938956356890404,Bad
5.195100392487071,1.0788469021802003,1.1131482378546445,4.141509173873882,Moderate
3.182143896847671,4.332583111597236,1.0279828993392923,1.6980480221108998,Bad
2.588235290323714,5.543398925149606,1.2798289933929266,1.6492790077371366,Bad
1.2635959121801232,4.0959477509123605,1.024332949863972,1.0,Good
1.6421644511384548,5.263411966387261,1.0750450431403031,1.449500574894587,Bad
2.393693139698553,1.603420169746432,1.0961151869413135,1.314650402426211,Good
4.7940981671087535,1.5797566336779445,1.0194663598911775,5.370144078585752,Moderate
1.7820244830527932,4.092066930997129,1.0081616883015934,1.349611957807412,Good
1.633751802606744,4.592882008350599,1.059615748153906,1.4045505174051285,Good
1.3729601496017674,5.148975105960056,1.0304162083171395,1.3845723145204134,Bad
1.4767159331699828,5.500047327072137,1.0133831294209097,1.4894557819958172,Good
2.9375933283067344,2.755077143127583,1.0151574131364167,1.9339627051703752,Moderate
2.0776350908865093,3.1888770863350966,1.0559657986785853,1.5993340998594494,Good
3.286951301792891,3.3308583027460217,1.114263496307812,1.9689230618833768,Moderate
1.9647655778685804,5.393561414763943,1.3322969296541003,1.3845723145204134,Bad
1.5047580734433967,4.979449533565411,1.0571824391760591,1.1298553220801475,Moderate
2.212003601762906,3.965798302535679,1.1853867081228138,1.7691458277090266,Bad
1.3617433063917748,5.866832136133693,1.0454722114263506,2.198668199718899,Bad
1.975865617256816,5.79584152792823,1.0439731395258454,2.038846172645779,Bad
1.6772170781075737,5.709043677629019,1.2273610571317528,1.15982202707312,Bad
1.8384592395617576,2.687967354837353,1.1002720466381657,1.034961555381201,Good
2.335622549213204,4.640209080487574,1.0408083855421686,1.314650402426211,Moderate
3.235891326996976,4.797997538992249,1.3536021018266615,1.3346286053109258,Moderate
1.386981187490042,4.908458925359948,1.0268169358725223,1.0,Moderate
3.4733145405235843,1.3154822628650755,1.0656989786241742,2.7130970349876598,Moderate
2.0695729828138,4.83349284309498,1.0256510003886514,1.469478777779302,Bad
1.0214989333616031,4.885079351724283,1.0013325176836378,1.2197554370590649,Good
1.174678986743078,4.253736209417036,1.0279828993392923,1.5244173373770182,Good
1.3708569713446237,3.705499405782316,1.0431403124757093,1.0499449078776877,Good
3.8911420629653226,3.354521838814509,1.041366028760202,2.977802529536183,Moderate
4.645474946203703,1.8360800563718012,1.01703307889623,3.582131479783861,Bad
1.799200256078351,3.125742772104372,1.095608248736883,1.0049948503882289,Good
1.5132875257968648,5.645909363398294,1.079284872133696,1.2497221420520372,Bad
3.6812268266796617,2.10035442718467,1.0932763218033423,2.8879024145572654,Bad
2.499552101523913,3.575349957405635,1.0,1.8190895369185145,Bad
1.5697222823058292,4.237928967323287,1.005829761368053,1.15982202707312,Good
2.3436846572859134,2.7234626589400834,1.012825486202876,1.7541624752125404,Good
1.693341294252992,5.081959971814099,1.1923824329576371,1.5194224869887896,Good
1.325171713764893,4.107779518946605,1.0321803342401863,1.2397336399437795,Good
3.992093651855256,1.3904483451300442,1.0778654675476098,2.5832405142393124,Moderate
1.784711873909318,2.1082107211594083,1.0687912848814614,1.5144288352687607,Good
2.0856971989592186,2.104329901244176,1.0431403124757093,1.4744724294993308,Good
1.328092776761797,5.07959361820725,1.0340661298095608,1.11986681997189,Good
2.918781721304792,2.908890127572752,1.1177613587252235,2.703107334211202,Moderate
2.070647952055783,3.438764027218325,1.121725612125923,1.4744724294993308,Good
1.5328002137168106,3.255892220481053,1.006359757481539,1.254716992440266,Good
2.029018128327219,4.9321224614284365,1.1246510843373494,1.1398450228566048,Bad
1.7770336511745983,5.981174342416625,1.1971522580645162,1.3795786628003843,Bad
2.1797551694720694,6.12315555882755,1.1702292949863973,1.0699219120942025,Bad
1.0644968645816737,4.518010580229904,1.0279828993392923,2.198668199718899,Moderate
1.521349633869574,4.22221637937381,1.079284872133696,1.0849052645906887,Good
2.182442495831729,5.732707213697506,1.029148862806063,1.5593788927582195,Bad
1.8538156205343312,3.461007751122703,1.0582976976292269,2.0788013797470093,Good
2.0023887918724665,5.417224950832431,1.0944422852701128,1.7142060694431107,Bad
2.623803440731434,3.6029889675336286,1.3264671682860474,2.158712992617669,Moderate
2.572494959516286,4.218240905314305,1.0906112864360669,1.8608619250105185,Moderate
2.954535429191913,2.1831768034243764,1.1131482378546445,2.9877910316444405,Good
2.977903868670281,5.6025577653208245,1.180722882238632,1.7042175673348532,Bad
1.7627455317700913,6.600401754256807,1.1562378453167508,1.274695195324981,Bad
1.954016143436211,6.572762744128813,1.2075398460940536,1.0,Bad
2.97136066175847,5.247604724293511,1.0888152879906725,2.053829525142265,Bad
1.6960286851095163,4.6599917966408295,1.369607452778857,1.484462130275788,Bad
2.3175787773841057,2.91674642154749,1.090031928488146,1.709212417723082,Good
1.4094148739100274,2.4001241021002704,1.0089036548775747,1.2846836974332383,Good
2.9402806546663944,3.3860416688577346,1.7835211815001943,1.918979352673889,Bad
2.2872499007769487,1.9938685148764763,1.0081616883015934,2.423418487166193,Good
3.1498954645568342,3.21651609646309,1.216867469879518,1.884017797292688,Moderate
2.458190004280227,4.486396096042405,1.0377160792848814,1.4045505174051285,Good
2.913407004088607,5.259436492327756,1.1783909832879906,1.6193123027441645,Bad
1.5423600034819709,6.975042857293102,1.0190792444617178,1.1847950803460634,Moderate
1.771158180301802,6.793590862719939,1.026766258841819,1.3995556670168998,Bad
1.8492087384909917,6.198121641092519,1.0699572483482316,1.6492790077371366,Bad
2.013138226304836,4.667848090615568,1.0081616883015934,1.204772084562579,Good
1.467602268217134,3.681835869713829,1.0617955600466382,1.0849052645906887,Good
1.491788592435262,5.910183734211162,1.130586872910999,1.0,Bad
1.8008360900547362,5.764227043740732,1.095608248736883,1.5244173373770182,Bad
1.3953938360217526,3.315051060652272,1.0218996688690245,1.254716992440266,Good
3.1095849241932885,2.273855473638821,1.0874465604352896,1.8790229469044597,Moderate
2.0695729828138,6.584594512163057,1.2180334333462883,2.503330100036852,Bad
2.6043595064691325,4.26556797745128,1.041974349008939,1.3346286053109258,Moderate
3.481727189055296,4.088091456937622,1.0401493882627284,1.9988897668763488,Moderate
1.5247699670952048,5.819505063996719,1.0151574131364167,1.2996670499297247,Bad
2.547924749960168,4.663872616556061,1.1445783225806452,1.6492790077371366,Bad
2.8381606405777,3.3939926169767465,1.2366886809172173,1.908989651897432,Moderate
1.4407285531424818,4.723031456727281,1.0023318989506411,1.0499449078776877,Moderate
2.263063576558821,5.298907270489993,1.3649436548775749,1.8440625901914576,Bad
3.2798239467785635,2.2383601695360893,1.0291995398367664,1.5493891919817622,Moderate
1.773962374980084,2.865443875351009,1.0559657986785853,1.6642623602336228,Good
1.92138376131052,5.9180400281859,1.130586872910999,1.7658159274502077,Bad
2.048074049452197,2.301494483766814,1.4663816649825108,1.764150977320798,Moderate
2.668505830591805,3.382160848942503,1.2481961445783132,1.4744724294993308,Moderate
2.1125709140338707,4.214265431254798,1.08861252390206,1.2397336399437795,Good
1.6253391540750337,2.6012641586824143,1.006359757481539,1.374583812412156,Good
1.8636971206600248,4.182745601211574,1.0036499494753206,1.884017797292688,Moderate
5.767159525190423,1.81639199436282,1.1569475755926937,3.407324901546055,Bad
2.6713100252700865,2.534154370392184,1.0012166404974738,2.598223866735798,Good
1.9244550375050344,2.790572447230314,1.0289156533229693,1.5144288352687607,Good
2.1889857027435395,4.624496492538098,1.0173980598523125,2.104859227740698,Moderate
2.386682588505984,2.325158019835301,1.0620490291488536,1.3845723145204134,Moderate
3.090773381688209,3.12186195218914,1.3637776914108044,1.709212417723082,Bad
1.9244550375050344,4.750670466855274,1.137582597745822,1.724195770219568,Moderate
3.490139837587006,2.3211825457757955,1.0340661298095608,1.9139845022856603,Moderate
1.6758149807684326,2.0017248088512143,1.0012166404974738,1.5344058394852758,Good
1.142430554452241,4.73883869882103,1.0384764865915277,1.2097669349508071,Good
3.4733145405235843,1.3154822628650755,1.0656989786241742,2.7130970349876598,Moderate
1.56084228949336,4.727006930786786,1.0890364928099494,1.3945620152968707,Moderate
1.2215327340184348,4.103898699031372,1.024332949863972,1.234738789555551,Good
3.305061827876831,1.8360800563718012,1.2238631947143412,1.839067739803229,Moderate
1.4434159439990064,3.934278472492454,1.0757870097162845,1.0699219120942025,Moderate
2.924156438520976,5.168757822113311,1.1818888457054022,1.644284157348908,Bad
2.7118543022708765,2.443475700177739,1.5292417784687136,1.6842393644501383,Bad
2.152881454397417,3.92244670445821,1.756704245627672,1.3246389045344684,Bad
1.1009515888899335,6.229641471135745,1.0617955600466382,2.198668199718899,Bad
1.724821891370984,4.955785997496924,1.008516539448115,1.5793558969747346,Moderate
1.072558972654383,5.365922404635949,1.0,1.2397336399437795,Moderate
2.0788566615016864,2.83789951936729,1.0439731395258454,1.6642623602336228,Good
2.0936425032101704,1.70593060799512,1.0304162083171395,1.0998886170871751,Good
1.510366462799961,6.107348316733801,1.0559657986785853,1.3446171074191833,Moderate
3.4172303244736217,1.252442602778625,1.094124287602021,1.938956356890404,Good
2.98596597674299,4.234048147408054,1.318305479984454,1.5244173373770182,Bad
2.3834577452769,5.770568871407086,1.3413913719393704,1.5884370072558047,Bad
2.668505830591805,3.382160848942503,1.2481961445783132,1.4744724294993308,Moderate
1.905643494999956,5.393561414763943,1.2355227454333464,1.449500574894587,Bad
1.6127202135259,5.168757822113311,1.3253012048192772,1.3096555520379822,Moderate
1.7150739642518391,2.7432453750933394,1.0863820069957248,1.4744724294993308,Good
3.25178180650515,4.494347044161417,1.0291995398367664,1.7941176823137703,Bad
3.3514481663745643,2.120042489193652,1.2903225806451613,2.1637066443376973,Moderate
1.595828162207637,2.9446693941083053,1.0,1.1132070194542516,Good
1.776894079959644,2.739269901033833,1.0292548620287605,1.5943392494712207,Good
1.0504758266933991,5.365922404635949,1.0,1.2397336399437795,Good
2.6043595064691325,2.459282942271489,1.1107656338904004,1.544395540261733,Good
1.7282771174003533,5.346234342626968,1.083948698017878,1.6742508623418806,Moderate
2.152881454397417,3.871144158261729,1.0198212110376992,1.3196452528144396,Good
3.1732639040352018,3.3584973128740154,1.0048665899727944,2.318535019690789,Moderate
1.9110182122161403,5.018825657583375,1.0408083855421686,1.6542726594571655,Bad
1.5912212801642969,5.089816265788837,1.0571317621453555,2.0238628201492928,Bad
2.178533598856892,6.048189476562582,1.1399144966964632,1.8190895369185145,Bad
2.303958329521748,3.6424597456958656,1.0194663598911775,1.6892342148383668,Moderate
2.9103357278940925,3.579325431465141,1.1046316984065294,2.0238628201492928,Moderate
2.076817206146749,3.0114005658214404,1.563155849203265,1.1248616703601186,Moderate
1.970257163403387,2.2778309476983267,1.0546938359891178,1.5094339848805318,Good
2.55072894463845,1.8321992364565696,1.090031928488146,2.3984466325614484,Good
2.4060316478804857,4.005269080697916,1.0559657986785853,1.6592675098453944,Moderate
2.255001468486112,4.198552843305323,1.2261950936649826,1.709212417723082,Bad
1.6852791861802827,6.292775785366469,1.3113097551496309,1.03995520710123,Bad
1.4066106792317452,3.0429203958646656,1.10048404508356,1.3645953103038984,Good
1.1961779846015457,2.758957963042815,1.0233190734551108,1.1298553220801475,Good
1.1317979238416294,4.340534059716248,1.0072998989506412,1.2397336399437795,Good
2.9994028020318835,2.5512867705057687,1.4690467003497862,1.3645953103038984,Moderate
1.7963960614000691,7.578463027039534,1.0304162083171395,1.604328950247678,Bad
1.9394108284516915,5.014944837668143,1.0534219012825496,1.5843507473629632,Bad
1.8088981981274452,2.8930828854790027,1.0535324897007383,1.5194224869887896,Good
1.7655497264483735,4.332583111597236,1.020351207151185,1.3795786628003843,Moderate
2.1982838287290924,3.1548015943964747,1.1001493136416634,1.260886537664219,Good
3.341504942749466,3.181020792360359,1.130586872910999,2.1637066443376973,Moderate
1.2660495663994038,4.995162121514888,1.047804110376992,1.274695195324981,Good
2.1357056813718587,4.502203338136154,1.0617955600466382,1.2297451378355222,Moderate
2.134069847395474,3.350546364755004,1.5619898857364944,1.6342956552406505,Bad
2.442384402645842,2.869419349410515,1.0597816587640887,2.348501724683761,Good
2.0631232963556325,5.093791739848342,1.0489700738437622,1.5743622452547057,Moderate
3.3302997734719626,2.1279934373126634,1.0705655685969686,2.528301954641596,Moderate
4.461331754048775,2.6761355868031087,1.1332519082782744,2.768035594585376,Bad
1.2579874583266948,3.110219492443444,1.0391760590750097,1.472416713536813,Good
1.620782321598609,4.94395422946268,1.0384764865915277,1.5194224869887896,Moderate
1.2687369572559284,3.054752163898909,1.0,1.3596004599156697,Good
2.5871837334435743,5.594701471346087,1.0145997699183833,2.4983352496486235,Bad
2.1260077393227643,5.772177991859743,1.1180148278274389,1.644284157348908,Bad
1.3645475010700567,3.6581723336453416,1.126531367275554,1.0998886170871751,Good
2.037324550522963,2.83789951936729,1.0665759906723669,1.3645953103038984,Good
2.8619964243368257,1.6665544839771569,1.192230345899728,2.7880137974700907,Good
1.4570865059251443,4.663872616556061,1.0377160792848814,1.234738789555551,Good
1.7175276184711197,4.691511626684054,1.0046638258841818,1.589345597751192,Good
1.830046591030047,4.190601895186311,1.090031928488146,1.314650402426211,Moderate
1.7927739819820272,5.618365007414575,1.1247570835600469,1.6342956552406505,Moderate
1.9782024676543388,3.6976431118075785,1.0991061111542946,2.238623406820129,Good
2.2388772523406937,4.845324611129223,1.0338126607073457,1.204772084562579,Moderate
2.134069847395474,3.1612380762071037,1.2739992320248736,1.7192009198313394,Moderate
2.149726719260133,1.4062555872237938,1.0356145915274,1.884017797292688,Good
1.7446456476688073,3.019256859796178,1.025317863972017,1.3196452528144396,Good
2.51427422033019,2.715606364965346,1.0279828993392923,1.3046619003179534,Good
2.037324550522963,6.229641471135745,1.369607452778857,1.6992227169466243,Bad
1.5294117419422832,4.001293606638411,1.0046638258841818,1.294672199541496,Good
2.242265724115221,4.498227864076648,1.0948985184609406,1.4794672798875594,Good
2.3409973309262533,4.9123397452751805,1.0816167990672367,1.8490562419114869,Bad
2.410868912724111,3.3703290809082587,1.13291877186164,1.419533869901615,Good
1.8975813869272469,4.758526760830012,1.1935483964244074,1.3596004599156697,Bad
2.8085995991433874,2.2620237056045767,1.0069957248348231,1.6293008048524218,Good
3.112272315049813,1.3312895049588254,1.426739214924213,1.7491676248243118,Good
3.268607103568571,4.955785997496924,1.167897396035756,2.103773234351753,Bad
1.784711873909318,2.971929787659203,1.0,1.3346286053109258,Good
4.294948547518786,1.2484671287191191,1.0742155180722892,3.287458081574165,Moderate
2.1475067371812324,3.4846712871911905,1.0081616883015934,2.383463280064962,Good
2.061510874741091,4.245879915442298,1.0233190734551108,1.374583812412156,Good
3.1547816180238124,3.461007751122703,1.1824971659541392,1.4295223720098722,Moderate
1.6422812549602122,6.596426280197301,1.0932763218033423,1.4544954252828155,Moderate
1.9309982444168448,2.5933132105634025,1.0279828993392923,1.569367394866477,Good
2.5927921228001383,5.780034285834482,1.0279828993392923,1.589345597751192,Bad
1.941067881896524,2.751101669068077,1.121259221142635,2.083796230135237,Good
2.657288987381812,1.6625790099176507,1.048665899727944,1.569367394866477,Good
1.6691549700348642,6.400586855694499,1.159152739992227,1.11986681997189,Moderate
1.7515286885600987,5.385610466644931,1.1348267019043918,1.6642623602336228,Bad
1.4066106792317452,3.29536299864329,1.0,1.15982202707312,Good
2.191789897421822,5.074103677839361,1.01703307889623,1.3695889620239272,Moderate
1.0767819693597325,5.422904199488867,1.0159902401865526,1.0998886170871751,Good
1.3386085390537867,2.356677849878527,1.0151574131364167,1.0,Good
3.3302997734719626,2.360653323938033,1.0255495903614458,1.6542726594571655,Moderate
1.8636971206600248,4.939978755403175,1.0814048006218422,1.5244173373770182,Moderate
1.658989683705011,5.11745527591683,1.0340661298095608,1.15982202707312,Bad
2.7172290194870614,4.494347044161417,1.2541779930042751,2.1087680847399817,Bad
2.920884899561935,2.762933437102321,1.1437303567819666,2.158712992617669,Moderate
3.21532708219689,2.325158019835301,1.0571824391760591,1.7591561269325693,Good
3.605112464365214,4.20640913728006,1.1240980862806065,2.083796230135237,Bad
1.8518960648506515,4.285256039460261,1.1655654970851146,1.5394006898735046,Moderate
2.0292624424502543,2.3921731539812585,1.1216647773027597,1.6143174523559356,Good
2.7648687255542104,4.178770127152067,1.113203560046638,1.6892342148383668,Moderate
1.927142428361559,3.1849016122755907,1.0226528286047416,2.038846172645779,Good
2.41051837226511,3.871144158261729,1.0693489280994948,1.3596004599156697,Moderate
1.143014767051622,3.437344215054216,1.0,1.3432554203443028,Good
2.160943562470126,2.017532050944964,1.1119315973571706,1.329633754922697,Good
1.0671842554381985,3.421536972960466,1.072289147298873,1.11986681997189,Good
1.8303971314890488,4.218240905314305,1.0384764865915277,1.2497221420520372,Moderate
2.9913406939591747,4.7309824048462925,1.0687912848814614,1.7391791227160542,Bad
3.6724135881220334,3.43336874099471,1.0389327197823552,2.1886796976106413,Moderate
1.5428486317280417,5.365922404635949,1.2308589195491644,1.5344058394852758,Moderate
1.2551832636484126,6.032476888613106,1.0559657986785853,1.2597118428284946,Moderate
2.1797551694720694,5.172638642028543,1.282160892343568,1.0499449078776877,Bad
2.4469731610702343,2.9955933237276904,1.018249719393704,1.234738789555551,Good
1.9562361255151124,5.831336832030962,1.0644823381267003,1.6742508623418806,Bad
2.3436846572859134,5.642028543483062,1.053633899727944,1.484462130275788,Bad
1.7610630020637492,5.247604724293511,1.459892878352118,2.07380652935878,Bad
1.8492087384909917,5.922015502245406,1.1270890104935871,1.6243059544641931,Bad
1.084126356323377,5.409274002713419,1.0454722114263506,2.198668199718899,Bad
1.7571370779166626,2.530273550476952,1.0012166404974738,1.3795786628003843,Good
1.233801134108567,6.533291965966576,1.005829761368053,1.0,Moderate
4.238864266971958,2.786596973170808,1.0,2.882907564169037,Moderate
1.9755150767978145,4.24976073535753,1.1165954232413524,2.043839824365808,Moderate
1.4122190685883091,7.259005290114953,1.1037699090555773,1.0,Bad
2.6822931963397,3.942134766467192,1.0804508356004665,1.4544954252828155,Good
3.993729485831641,1.9505169167990075,1.3894286917994558,4.006659001405504,Moderate
2.02634137945335,6.000862404425607,1.1289646762534007,1.1698117278495772,Bad
1.6422812549602122,5.7603462238255,1.1095996984065293,1.5993340998594494,Bad
1.905643494999956,4.865012673138205,1.1923824329576371,1.154828375353091,Moderate
1.8814571707818284,4.6803424376597285,1.024485036921881,1.4345172223981009,Moderate
1.521349633869574,4.7151751627525424,1.036144587640886,1.294672199541496,Good
3.861315423442663,3.224372390437828,1.0763170058297706,3.58712513150389,Moderate
1.9916392929432325,4.577169420401123,1.0991061111542946,1.1847950803460634,Moderate
1.276415115493783,7.05360579704048,1.0306479347065682,1.5194224869887896,Moderate
1.986264575727048,5.251580198353017,1.0652934224640498,1.5543840423699908,Bad
1.56166017423312,4.368078415699968,1.0023318989506411,1.409545367793357,Good
2.037558287160208,5.902327440236425,1.0072998989506412,1.2896785478214672,Bad
2.3123709780534587,3.748945658004059,1.0256510003886514,1.4045505174051285,Good
2.421618411653345,3.0035442718467023,1.0163233486202876,1.349611957807412,Good
2.2282446217300818,3.871144158261729,1.0279828993392923,1.3396222570309548,Moderate
1.3090474976194746,6.6161143422062825,1.0163233486202876,1.0,Bad
3.4772659409321807,2.344846081844284,1.1017560077730275,2.8129856520748344,Moderate
1.9029561041434315,6.221785177161006,1.20318019432569,1.3096555520379822,Bad
1.4649148773606095,5.283100028396243,1.162067634667703,1.329633754922697,Moderate
1.7347033914966776,6.840917934856914,1.048665899727944,1.5094339848805318,Bad
3.2826281414568457,2.1437060252621394,1.0766487990672369,2.703107334211202,Moderate
1.341295929910311,5.5710379352776,1.0489700738437622,1.0,Moderate
1.5965959973804815,5.713019151688525,1.108433734939759,1.2497221420520372,Bad
1.0886831887998012,4.324726817622498,1.0,1.0849052645906887,Good
1.9002687132869067,5.847049419980437,1.0746210742324136,1.7192009198313394,Bad
1.1738611020033178,4.679679858649811,1.0060832304702685,1.2846836974332383,Good
1.9562361255151124,4.723031456727281,1.0279828993392923,1.4395120727863295,Bad
1.142430554452241,4.557386704247867,1.0,1.1348501724683762,Moderate
1.7290950021401137,6.194146167033013,1.1788472164788184,1.1847950803460634,Bad
1.4434159439990064,4.139394003134104,1.215701506412748,1.0998886170871751,Good
1.3729601496017674,2.755077143127583,1.0216231418577535,1.4045505174051285,Good
2.220065709835615,4.829517369035474,1.0338126607073457,1.5194224869887896,Bad
2.884430110756811,2.411955870134514,1.087598647493199,1.729189421939597,Good
3.002334507011444,4.995162121514888,1.0279828993392923,1.449500574894587,Bad
2.324873114780835,2.8024042152645583,1.0769529731830547,1.7142060694431107,Good
1.6557181447459706,4.415405487836942,1.0699572483482316,1.5094339848805318,Moderate
1.2888337932783904,4.023064059821419,1.0291995398367664,1.5344058394852758,Good
1.6584054711056306,2.1831768034243764,1.0279828993392923,1.274695195324981,Good
3.4455061368874147,2.25416741162984,1.212203643995336,2.333518372187275,Moderate
1.3589390472166285,4.241904441382792,1.0389327197823552,1.11986681997189,Good
2.2871330969551917,4.186721075271079,1.0381584889234357,1.3246389045344684,Good
1.733651834616538,5.626221301389313,1.0629615235134084,1.0699219120942025,Bad
2.219831973198371,2.356677849878527,1.0948985184609406,1.6243059544641931,Good
2.32218572392431,3.8435998022780096,1.0466381748931208,1.669256011953652,Good
1.5025380913644957,5.042489193651862,1.012825486202876,1.1997784328425498,Moderate
2.9657522724019056,5.156926054079068,1.0620490291488536,1.9339627051703752,Bad
1.0263850868285815,6.253305007204232,1.0279828993392923,1.15982202707312,Moderate
2.022275303619528,5.283100028396243,1.1905502246404975,1.3396222570309548,Moderate
1.7470886599054318,4.596857482410105,1.3089778561989895,1.3695889620239272,Moderate
2.155568845253941,4.979449533565411,1.3567819665759813,1.6193123027441645,Moderate
3.2708270856474724,4.391741951768454,1.324135241352507,1.3945620152968707,Bad
1.9137056030726651,1.3667848090615569,1.9117761274776528,1.0,Bad
2.0426993322360127,1.9505169167990075,1.0757870097162845,1.354605609527441,Good
2.17438038775902,1.6783862520114003,1.0,1.2697003449367523,Good
3.243369222470304,2.502634540348958,1.0218996688690245,3.8018869168429257,Moderate
2.0856971989592186,4.758526760830012,1.0034978624174116,1.329633754922697,Good
4.726797107848798,1.5639493915841949,1.1216647773027597,2.997780732420898,Bad
1.5750970640188784,6.722600254514476,1.1539059463661097,1.03995520710123,Bad
1.222807321056298,6.363766393571932,1.0,1.1847950803460634,Moderate
1.854583455707176,4.683655332709317,1.215701506412748,1.8790229469044597,Good
1.9378919272907928,2.770789731077059,1.156449843762145,1.604328950247678,Good
1.5939086065239567,6.296656605281701,1.2483482316362222,1.1298553220801475,Moderate
1.0673010592599557,4.961275937864812,1.0012166404974738,1.094894965367146,Good
3.2385786533566354,1.453582659360769,1.5092887679751263,2.098779582631724,Moderate
1.2243369286967167,4.691511626684054,1.0216231418577535,1.329633754922697,Good
3.4455061368874147,1.307625968890338,1.1294209094442285,2.9628191770396968,Moderate
1.491788592435262,2.557817906460671,1.0198212110376992,1.449500574894587,Good
3.008197852473699,3.156032098272036,1.3331297567042362,2.323529870079017,Moderate
1.6127202135259,4.064427920869136,1.1189273221919938,1.4794672798875594,Moderate
2.005564746478197,5.590725997286581,1.0470621438010106,2.178689996834184,Bad
1.8384592395617576,5.630196775448819,1.0241670392537894,1.6243059544641931,Bad
1.4461033348555312,3.1967333803098343,1.047804110376992,1.644284157348908,Good
2.0143597969200124,3.563518189371391,1.231858300816168,1.0998886170871751,Good
4.781861628469725,4.360222121725229,1.0890364928099494,2.3285235217990463,Bad
1.0673010592599557,7.587928441466929,1.0024333089778468,1.5793558969747346,Bad
2.163630953326651,3.3623781327892472,1.0501360373105324,1.3172946644747907,Good
1.988951902086708,4.028932616766404,1.024485036921881,1.419533869901615,Good
1.5106001994372047,5.062271909805117,1.2028760202098718,1.0499449078776877,Moderate
1.8868318879980128,4.671823564675073,1.2903225806451613,1.2247502874472935,Moderate
1.5580380948150778,4.119611286980849,1.010175589584143,1.414539019513386,Moderate
1.4864138752190772,3.82779256018426,1.0594636610959969,1.5993340998594494,Good
4.468809649522104,2.948266251590716,1.0109498204430625,2.997780732420898,Moderate
1.9002687132869067,6.915884017121883,1.0559657986785853,1.724195770219568,Bad
1.1205810806316368,5.60653323938033,1.0024333089778468,1.4045505174051285,Moderate
1.5428486317280417,4.939978755403175,1.239020607850758,1.5793558969747346,Moderate
2.572111074178296,3.165213550266609,1.1935483964244074,1.6193123027441645,Moderate
2.676918479123516,3.2913875245837847,1.037310523124757,1.5094339848805318,Good
3.638762993995192,3.263843168600065,1.0851653385153517,2.523307104253368,Bad
2.3067625886968948,1.7454013861573572,1.3868940007773027,1.6243059544641931,Moderate
1.408480120851645,5.30676356446473,1.037310523124757,1.2397336399437795,Moderate
1.7497760507619564,3.425512447019972,1.1772250198212204,2.288568314697816,Good
2.457042798549913,6.316439321434957,1.020351207151185,1.834072889415001,Bad
1.7851792181900763,5.559206167243356,1.0279828993392923,1.419533869901615,Bad
1.5944928191233376,4.821661075060737,1.0474492592304705,1.3196452528144396,Bad
1.3617433063917748,5.626221301389313,1.0279828993392923,1.094894965367146,Moderate
2.583104887230565,1.2307668037398904,1.3140303085891956,1.6259709045936028,Moderate
2.1179456312500555,3.1849016122755907,1.853478429848426,1.469478777779302,Bad
2.0749477645268493,4.301063281554011,1.1143649063350174,1.4894557819958172,Moderate
2.7330026951734787,4.766477708949024,1.0571824391760591,1.8140958851984847,Bad
2.60194087404732,3.21651609646309,1.0408083855421686,1.529412187765247,Good
1.4246043369970636,3.7804654880472848,1.2110377085114652,1.11986681997189,Good
1.936740206779958,5.653860311517306,1.159380856587641,1.5943392494712207,Moderate
2.7077648140752117,1.6980743140203822,1.0218996688690245,1.8091010348102567,Good
3.094746001565253,2.739269901033833,1.159380856587641,2.39345178217322,Moderate
1.9110182122161403,3.5911571994993845,1.0174893120870578,1.6342956552406505,Good
3.6275461507852,1.8266146419444065,1.1630308060629615,2.333518372187275,Moderate
1.988951902086708,6.131011852802288,1.3917605907500972,1.6193123027441645,Moderate
3.587936691339656,1.3707602831210628,2.0645668153905947,2.443396690050907,Bad
1.5552339001367956,5.022801131642881,1.0877645581033812,1.2197554370590649,Moderate
1.905643494999956,3.074534880052165,1.030314798289934,1.2896785478214672,Good
1.1908032028884965,5.665692079551549,1.0594636610959969,1.3995556670168998,Moderate
1.671842360891389,3.90663946236446,1.1445783225806452,1.1698117278495772,Good
2.7648687255542104,4.178770127152067,1.113203560046638,1.6892342148383668,Moderate
2.651680598025248,4.356246647665724,1.092465237465993,1.729189421939597,Bad
1.50791280858068,4.352365827750491,1.0594636610959969,1.5593788927582195,Moderate
2.2657509674153458,4.466708034033423,1.0734551107656432,1.8890126476809168,Moderate
1.4971633096514465,2.5459861384264277,1.0,1.3596004599156697,Good
2.076817206146749,4.703343394718299,1.0291995398367664,1.639289306960679,Bad
2.201254102833672,5.247604724293511,1.2087057815779243,1.6742508623418806,Moderate
2.48074049452197,2.1753205094496386,1.1119315973571706,1.7391791227160542,Good
2.557138578543712,4.237928967323287,1.174893120870579,1.3046619003179534,Bad
1.1709166911414353,5.565926611486806,1.0027982899339292,1.5993340998594494,Good
1.0510600392927798,3.618796209627378,1.0256510003886514,1.2397336399437795,Good
3.058524949397373,2.498659066289452,1.276331130975515,1.8790229469044597,Moderate
1.80480870993178,5.519735389081118,1.0912485969685193,1.4345172223981009,Bad
1.9513287525796867,5.310739038524236,1.2238631947143412,1.254716992440266,Moderate
2.2254404270518,5.44476930681615,1.1107656338904004,1.9689230618833768,Bad
4.454788547136964,1.595563875771694,1.165464087057909,3.911765234706559,Bad
1.2159242801650063,5.780034285834482,1.032849489312087,1.2796888470450098,Moderate
1.7599413370918096,7.5942702691332835,1.0693489280994948,1.2247502874472935,Bad
3.2601944550368605,2.7826214991113023,1.0,1.958934559775119,Good
1.620782321598609,7.278693352123934,1.0687912848814614,1.5144288352687607,Bad
3.4677061511670204,3.1888770863350966,1.0523158492032647,1.9339627051703752,Moderate
1.6960286851095163,5.736682687757012,1.0163233486202876,1.2097669349508071,Moderate
1.7156080627874395,6.162626336989788,1.037310523124757,1.419533869901615,Bad
1.544017056926803,6.253305007204232,1.0279828993392923,1.329633754922697,Bad
1.1289937291633474,6.37162268754667,1.008516539448115,1.1248616703601186,Moderate
1.400418012778936,2.751101669068077,1.072289147298873,1.958934559775119,Good
2.1272930328401483,5.034632899677124,1.099765108433735,1.4295223720098722,Bad
2.490594196499029,2.5586697937591367,1.0730664562767198,1.6632626709550573,Good
2.518363708525856,4.328702291682004,1.15507190983288,1.589345597751192,Good
3.5882872317986574,1.9702049788079887,1.0629615235134084,1.9689230618833768,Moderate
1.8975813869272469,5.164782348053805,1.1445783225806452,1.6193123027441645,Moderate
3.2097186928403256,1.7927284582943324,1.0571824391760591,2.688123981714716,Good
2.43505523694224,3.689786817832841,1.034978624174116,1.2197554370590649,Moderate
1.9647655778685804,6.091635728784325,1.197046258841819,1.6842393644501383,Moderate
1.548223348944226,4.821661075060737,1.150408083948698,1.254716992440266,Moderate
1.738782237709687,4.987305827540149,1.162067634667703,1.5044391344923034,Bad
1.9293411909720128,5.089816265788837,1.0717822090944422,1.4794672798875594,Bad
2.0561361575249064,2.920721895606996,1.3579479300427515,1.0699219120942025,Bad
2.4028068046514024,3.315051060652272,1.0501360373105324,2.253606759316616,Moderate
2.217027778520089,2.948266251590716,1.0316328488146134,1.6243059544641931,Good
1.1374063776950578,4.521134166990944,1.0,1.3096555520379822,Good
2.7722616786568848,3.461007751122703,1.1021984174115818,2.198668199718899,Moderate
2.007763509088651,2.699799122871596,1.4360668387096776,1.1348501724683762,Moderate
1.3925896413434706,5.1844704100627865,1.0048665899727944,1.8190895369185145,Bad
1.9943266837997573,2.1437060252621394,1.0746210742324136,1.2197554370590649,Good
2.2547571543630767,5.993006110450869,1.167897396035756,1.469478777779302,Moderate
1.6422812549602122,4.210384611339567,1.1235911480761758,1.4245287202898431,Good
1.6691549700348642,3.6976431118075785,1.3194714434512242,1.5993340998594494,Moderate
1.0336505296299778,6.332151909384432,1.0669156191216478,1.2197554370590649,Bad
2.315175172731741,5.089816265788837,1.0,1.829079237694972,Bad
2.9725290869572314,3.800153550056266,1.1177613587252235,1.544395540261733,Moderate
2.2598387333297376,2.4908027723147144,1.1165954232413524,1.7891228319255417,Good
1.8496760827717504,5.894376492117413,1.0194663598911775,1.1448386745766337,Bad
2.416243629940296,3.859312390227485,1.1702292949863973,1.729189421939597,Moderate
1.3421138146500715,3.681835869713829,1.0534219012825496,1.274695195324981,Good
2.584379474268428,3.4846712871911905,1.0661413882627284,1.8140958851984847,Good
4.799940293102562,1.3825920511553065,1.2448503692188106,2.6381802725052284,Moderate
2.0688052121378195,5.077984497754594,1.0405752040419745,1.4280959568522067,Bad
3.745723691261335,4.261592503391773,1.0314807617567043,2.1187565868482388,Bad
2.1905046039044382,4.498227864076648,1.1340847353284105,1.254716992440266,Bad
2.47805316816231,2.5094496387366823,1.3031480668480373,2.3584902267920187,Good
3.1161114264171723,2.810260509239296,1.0582976976292269,1.779134329817284,Moderate
1.4864138752190772,5.614389533355069,1.0163233486202876,1.0149833524964862,Moderate
1.9244550375050344,4.565337652366879,1.4372328021764478,1.8140958851984847,Moderate
1.7175276184711197,4.916315219334686,1.0314807617567043,1.3995556670168998,Moderate
1.9405792536504527,7.733033244638895,1.1165954232413524,1.5194224869887896,Bad
1.5750970640188784,2.762933437102321,1.324135241352507,1.5194224869887896,Bad
3.293844984666838,1.954397736714239,1.0705655685969686,1.604328950247678,Moderate
2.2254404270518,4.151225771168347,1.0279828993392923,1.5244173373770182,Moderate
2.7526321869151813,6.482084073914369,1.0121664889234356,1.5194224869887896,Bad
1.3449180093283537,4.778309476983267,1.0012166404974738,1.329633754922697,Good
1.5777843903785382,4.340534059716248,1.1675476097940147,1.644284157348908,Moderate
1.823102858589184,2.8024042152645583,1.122425184609405,1.4944506323840456,Good
2.957339623870196,2.790572447230314,1.0024333089778468,3.3473914915601104,Moderate
2.061510874741091,3.181020792360359,1.2728332685581034,1.943951207278633,Moderate
1.56084228949336,4.214265431254798,1.170330705013603,1.2647054945485237,Moderate
1.2364885249650917,3.4799385799774933,1.0,1.557380712869288,Good
1.193490593745021,5.1844704100627865,1.0279828993392923,1.2397336399437795,Good
2.8928427592885217,2.904914653513246,1.0729988775748154,2.0788013797470093,Good
2.578771084911864,1.6152519377806758,1.103027942479596,1.669256011953652,Good
2.152881454397417,2.913054909920806,1.4034201414691023,1.569367394866477,Moderate
1.3421138146500715,4.841349137069718,1.1119315973571706,1.0,Good
1.0196294917417033,3.989461838604167,1.0012166404974738,1.034961555381201,Good
1.4654990899599902,2.6761355868031087,1.0368865542168677,1.5094339848805318,Good
2.5817088525966945,4.805853832966987,1.0763170058297706,1.5943392494712207,Bad
1.844601791950787,4.174889307236835,1.0291995398367664,1.0799116128706598,Good
1.556285457016935,2.751101669068077,1.0874465604352896,1.0,Good
1.459540160144425,4.979449533565411,1.0932763218033423,1.11986681997189,Moderate
2.48074049452197,3.3071947666775343,1.2215312957637,1.449500574894587,Good
1.8035234164143965,1.650747241883407,1.1585697722502917,1.469478777779302,Good
1.5436164024040218,6.411093465708907,1.101438010104936,1.6243059544641931,Bad
2.4646162783765515,4.758526760830012,1.2576758554216867,1.4644839273910732,Moderate
2.040011941379488,2.52232260235794,1.0897784593859308,1.449500574894587,Good
2.440429954158424,4.608689250444348,1.08861252390206,1.3596004599156697,Moderate
1.9534319308368304,2.755077143127583,1.0,1.6942290652265954,Good
1.5240370247260986,5.929871796220144,1.0104935872522347,1.0699219120942025,Moderate
2.7142587453824816,3.67994278682835,1.044183514963078,1.6367924811006649,Bad
2.099134088744977,4.628377312453329,1.2739992320248736,1.354605609527441,Bad
2.0023887918724665,5.488215559037893,1.0163233486202876,1.5094339848805318,Bad
2.668505830591805,2.786596973170808,1.0109498204430625,1.4894557819958172,Good
2.4694068474902195,1.5639493915841949,1.004014930431403,4.10654881716088,Moderate
2.5506121408166926,6.304607553400713,1.145744258064516,1.7691458277090266,Bad
1.3925896413434706,3.6581723336453416,1.0571824391760591,1.5194224869887896,Good
2.954535429191913,2.1831768034243764,1.1131482378546445,2.9877910316444405,Good
1.4486738573934337,2.8024042152645583,1.0050877947920716,1.4445057245063584,Good
1.9459540353635016,5.413249476772925,1.0069957248348231,1.059933409985945,Bad
2.280723463049929,2.699231198005952,1.069290975514963,2.067385263812886,Good
1.6046581054531908,3.575349957405635,1.342790516906335,1.3596004599156697,Moderate
1.8973476502900024,3.077847775101753,1.0012719626894675,1.5344058394852758,Good
1.9567034697958712,1.6744107779518946,1.030314798289934,1.2697003449367523,Good
2.2030067406318143,4.364197595784735,1.0027982899339292,1.6243059544641931,Moderate
2.071208816790185,4.163057539202592,1.1216647773027597,1.449500574894587,Moderate
1.249574809794984,5.054320961686106,1.0851653385153517,1.5144288352687607,Bad
2.3067625886968948,1.7454013861573572,1.3868940007773027,1.6243059544641931,Moderate
3.4368598162153248,2.2659991796640826,1.0048665899727944,2.223640054323643,Moderate
1.4810390935060278,6.5569555020350645,1.0687912848814614,1.9289678547821465,Bad
1.5535980661604107,3.5398546533029034,1.1737271574038088,1.2097669349508071,Moderate
2.392057305722169,1.6665544839771569,1.1630308060629615,1.6892342148383668,Good
1.5916886244450557,5.223941188225024,1.0389327197823552,1.4395120727863295,Moderate
1.8693055745134532,3.524142065353428,1.0,1.6542726594571655,Good
1.8665013798351715,2.443475700177739,1.0254390019432569,1.644284157348908,Good
3.9472262790152857,2.120042489193652,1.3256192024873688,4.071587261779678,Moderate
1.795461308341687,4.999137595574393,1.191216469490867,1.4794672798875594,Moderate
2.7387279528486643,4.868988147197712,1.2215312957637,1.6143174523559356,Moderate
2.1020551517418813,4.336558585656741,1.0377160792848814,1.174805379569606,Good
3.683630431332027,2.2936381897920763,1.116798187329965,3.122641204112817,Moderate
1.9325171455777437,5.79584152792823,1.241352506801399,1.0,Bad
4.586586535475458,1.6428909479086693,1.083948698017878,4.131520671765623,Moderate
2.4861152762350187,5.365922404635949,1.0985484679362612,1.8740292951844304,Bad
1.9281939852416987,7.120999547763533,1.1301813167508743,1.5593788927582195,Bad
3.622872514487017,1.473270721369751,2.112320248736883,2.2336297551001,Moderate
2.0684045576150387,3.4886467612506964,1.0623255561601244,1.8140958851984847,Good
1.7963960614000691,2.6919428288968583,1.0050877947920716,1.6243059544641931,Good
1.9943266837997573,3.0272078079151896,1.0944422852701128,1.2397336399437795,Good
3.120334423122522,2.841780339282521,1.3019821313641664,1.918979352673889,Moderate
2.1985667119771475,4.687536152624549,1.3276331037699185,1.0899001149789174,Bad
1.491788592435262,5.219965714165518,1.060629624562767,1.804106184422028,Bad
1.2776169500683978,4.088091456937622,1.0,1.1997784328425498,Good
1.857270846563701,4.971498585446399,1.517683637776914,1.4644839273910732,Bad
1.833084522345573,4.880819915231955,1.1900505340069958,1.0149833524964862,Moderate
3.2826281414568457,3.614820735567872,1.2141300147687524,1.6143174523559356,Moderate
2.315175172731741,4.794022064932743,1.0816167990672367,1.0499449078776877,Bad
2.326392015941733,1.89523889654302,1.0457902090944422,1.729189421939597,Good
1.773962374980084,5.018825657583375,1.0165353470656822,1.3196452528144396,Moderate
2.7853904669205365,4.983330353480644,1.1282549459774582,1.9639294101633475,Good
1.493541230233404,3.524142065353428,1.0152634123591138,1.3346286053109258,Good
4.805315010318747,3.29536299864329,1.0194663598911775,3.167591261602275,Bad
1.5524296409616491,6.150794568955543,1.135047906723669,1.11986681997189,Moderate
2.4619289520168914,5.2752437344215055,1.1165954232413524,1.4994454827722743,Moderate
2.134069847395474,5.874688430108432,1.6261173727166731,1.7042175673348532,Bad
2.295312008849658,2.2659991796640826,1.0932763218033423,2.148723291841211,Moderate
1.722902335687304,5.799722347843463,1.060629624562767,1.409545367793357,Bad
1.3332338218376023,5.851024894039943,1.0851146614846483,1.1897887320660925,Bad
1.6234697124551336,3.0823911740269025,1.0874465604352896,1.5993340998594494,Good
2.0023887918724665,6.430781527717889,1.3626117279440342,1.529412187765247,Bad
1.4290443656517304,4.076259688903379,1.0401493882627284,1.294672199541496,Good
1.131681120019872,5.764227043740732,1.0093276237854645,1.839067739803229,Moderate
1.5888844297667737,3.7804654880472848,1.0559657986785853,1.2397336399437795,Good
3.481727189055296,4.088091456937622,1.0401493882627284,1.9988897668763488,Moderate
1.693341294252992,5.440888486900918,1.247182268169452,1.274695195324981,Moderate
2.0235371847750683,6.012694172459851,1.1301813167508743,1.5943392494712207,Bad
1.2230516351793332,4.178770127152067,1.0279828993392923,1.274695195324981,Good
1.5912212801642969,4.8611318532229735,1.060629624562767,1.3196452528144396,Moderate
1.6315318205278428,3.575349957405635,1.047804110376992,1.7192009198313394,Good
1.9562361255151124,5.448744780875656,1.0097331799455889,1.4894557819958172,Moderate
2.007763509088651,4.892651683266199,1.409249902837155,1.5643725444782484,Bad
1.314422214835659,4.202433663220555,1.0617955600466382,1.4794672798875594,Good
3.163332354342592,1.6467717678239011,1.3626117279440342,1.4794672798875594,Good
2.7145416286305366,2.0885226591504265,1.125923047026817,2.0238628201492928,Good
1.0268737150746523,6.343983677418676,1.0,1.294672199541496,Bad
3.7061809215737695,1.5482368036347192,1.1107149568596968,2.79300744919012,Moderate
1.9137056030726651,3.074534880052165,1.034978624174116,1.0,Good
2.010450899945176,4.825636549120242,1.0206373882627284,1.2996670499297247,Good
2.988185958821891,2.5459861384264277,1.1459977271667314,1.569367394866477,Moderate
1.556285457016935,3.989461838604167,1.197046258841819,1.644284157348908,Good
1.833084522345573,3.31117024073704,1.0427107469879515,1.918979352673889,Good
2.292624682489998,4.391741951768454,1.0687912848814614,1.354605609527441,Moderate
1.3386085390537867,6.008813352544618,1.0594636610959969,1.829079237694972,Bad
1.6154076043824244,2.2896627157325704,1.0116595507190052,1.7841291802055128,Good
1.3925896413434706,5.1844704100627865,1.0048665899727944,1.8190895369185145,Bad
2.4553857451050805,6.359790919512426,1.0145997699183833,1.2996670499297247,Bad
1.3090474976194746,2.214696633467602,1.0279828993392923,1.449500574894587,Good
3.63595879931691,2.6406402827003777,1.158164216090167,4.016648702181962,Moderate
1.8693055745134532,5.622245827329807,1.0559657986785853,1.3596004599156697,Bad
1.6127202135259,2.6919428288968583,1.6039642347454333,1.2846836974332383,Bad
2.320783626585169,5.314619858439468,1.083948698017878,1.0,Moderate
1.9197814012068528,5.314619858439468,1.1348267019043918,1.4744724294993308,Bad
3.975268419288699,3.0665839319331534,1.1180148278274389,2.368479927568476,Moderate
1.468303349135137,5.231797482199762,1.0279828993392923,1.3396222570309548,Bad
2.0212003343775446,3.1970173427426563,1.0443062479595802,1.3995556670168998,Good
2.0265751160905943,2.155537793296383,1.008516539448115,1.764150977320798,Good
2.8435353577938844,3.1100301841548963,2.3198600948309367,1.7491676248243118,Bad
2.017928795418504,3.867263338346497,1.0279828993392923,1.2647054945485237,Moderate
1.967452968725105,2.9285781895817338,1.0116595507190052,1.4395120727863295,Good
1.7290950021401137,4.107779518946605,1.0024333089778468,1.349611957807412,Good
1.0717877836445795,2.80628503517979,1.014478100272056,1.11986681997189,Good
1.2660495663994038,5.192421358181798,1.0559657986785853,1.2397336399437795,Moderate
1.795461308341687,4.9123397452751805,1.0233190734551108,1.3596004599156697,Moderate
2.1357056813718587,4.502203338136154,1.0617955600466382,1.2297451378355222,Moderate
2.456554170303842,4.671823564675073,1.0862805969685192,1.0149833524964862,Bad
1.5019538787651148,4.679679858649811,1.0,1.2597118428284946,Good
1.6960286851095163,5.736682687757012,1.0163233486202876,1.2097669349508071,Moderate
1.799200256078351,5.413249476772925,1.0279828993392923,1.3346286053109258,Bad
2.2388772523406937,4.425533481274255,1.0617955600466382,1.2247502874472935,Moderate
1.6814233701249963,6.872532419044414,1.0194663598911775,1.3396222570309548,Bad
1.7793370921962686,5.334402574592724,1.137582597745822,1.0749167624824312,Moderate
1.4178275224417378,4.794022064932743,1.0407023863194715,1.3795786628003843,Good
1.3493580379830206,5.425081244807168,1.0338126607073457,1.3596004599156697,Moderate
1.5052254177241555,4.170913833177329,1.1783909832879906,1.1302904386366457,Moderate
2.5675542417018717,5.13326251801058,1.0304162083171395,1.7391791227160542,Bad
1.6799044689640985,5.610414059295563,1.0874465604352896,1.469478777779302,Bad
1.5106001994372047,2.975905261718709,1.2436844057520404,1.3945620152968707,Good
2.1233204129631047,4.34441487963148,1.0757870097162845,1.3396222570309548,Moderate
1.5580380948150778,4.119611286980849,1.010175589584143,1.414539019513386,Moderate
3.8249626686773066,1.3842011716079636,1.026583754372328,2.85441042638892,Moderate
3.49574822694357,3.630627977661622,1.0632656976292263,2.043839824365808,Moderate
3.1176470322659973,2.1950085714586205,1.5573260878352118,2.138734789732954,Moderate
3.0424007332519545,2.975905261718709,1.1434123591138747,2.148723291841211,Moderate
2.038092385695808,5.910183734211162,1.014657722502915,1.6792457127301093,Bad
1.7010528618666996,3.934278472492454,1.0291995398367664,1.2097669349508071,Good
4.858085183975909,3.740994709885048,1.031798759424796,1.9239730043939176,Bad
1.6870318239784252,5.4014177087386805,1.0304162083171395,1.4295223720098722,Bad
2.6930426952689337,2.250191937570333,1.0617955600466382,1.918979352673889,Good
1.6926402133349892,5.369897878695455,1.0912485969685193,1.0,Moderate
3.024640683130151,4.43906902390543,1.0048665899727944,1.799112532701999,Moderate
1.0644968645816737,6.359790919512426,1.0582976976292269,2.198668199718899,Bad
1.1766652966815998,4.293964220733464,1.0,1.354605609527441,Good
1.0564347565089645,3.5596373694561594,1.0046638258841818,1.1698117278495772,Good
2.4042726248927497,4.652040848521818,1.008516539448115,1.3046619003179534,Moderate
2.096446697888452,2.9562171997097275,1.247182268169452,1.0699219120942025,Good
1.7712749841235595,5.661716605492043,1.0862805969685192,1.3795786628003843,Bad
2.0292624424502543,6.269112249297982,1.1853867081228138,1.3995556670168998,Bad
2.0265751160905943,2.155537793296383,1.008516539448115,1.764150977320798,Good
2.6957300861254585,4.20640913728006,1.0991061111542946,1.5843507473629632,Bad
1.795461308341687,7.211678217977977,1.2224640497473769,1.4245287202898431,Bad
1.9701403595816296,4.94395422946268,1.2191993688301594,1.3246389045344684,Bad
4.031352635338663,1.8400555304313075,1.191216469490867,4.026637204290219,Moderate
1.2692043015366874,4.987305827540149,1.018249719393704,1.0,Moderate
1.496345424911686,5.582869703311843,1.1935483964244074,1.274695195324981,Moderate
3.4391541631790887,5.377754172670193,1.0801328379323747,1.864039594407973,Bad
3.141833356484125,3.7804654880472848,1.2331908184998055,1.419533869901615,Moderate
2.4296805197260545,5.720875445663262,1.102603973571706,1.4345172223981009,Bad
1.070105318435102,4.41152466792171,1.0,1.3645953103038984,Good
2.1805730542118296,4.41152466792171,1.0620490291488536,1.5993340998594494,Bad
2.3060615077788915,5.618365007414575,1.0,2.31354016930256,Bad
1.1486232209050506,4.592882008350599,1.0145997699183833,1.11986681997189,Good
2.950262318422784,4.028932616766404,1.2421686840264283,1.7841291802055128,Moderate
1.7010528618666996,5.835217651946195,1.0218996688690245,1.1897887320660925,Bad
1.8046751369252312,4.028932616766404,1.2467582992615625,1.7841291802055128,Bad
3.609435624701259,1.4811270153444884,1.2600077823552274,3.172586111990504,Moderate
2.768289058779841,5.665692079551549,1.2153466552662262,1.938956356890404,Bad
1.5374738500149925,2.1082107211594083,1.1037699090555773,1.0998886170871751,Moderate
1.8975813869272469,8.241042036957184,1.0072998989506412,1.5493891919817622,Bad
2.4778194315250657,3.879095106380741,1.0693489280994948,1.2796888470450098,Moderate
2.789787992141444,3.950085714586204,1.1760590843373495,1.9289678547821465,Good
2.1958793856174874,4.395717425827961,1.034978624174116,1.1498335249648624,Bad
1.827242396351765,7.255029816055447,1.0410415950252625,2.027430056711656,Bad
1.4299791187101127,5.30676356446473,1.077286109599689,1.2846836974332383,Good
1.529995954541664,3.165213550266609,1.0,1.1498335249648624,Good
1.854583455707176,5.097767213907848,1.0186552755538285,1.3396222570309548,Moderate
2.2086151299883783,2.3882923340660263,1.0050877947920716,1.6143174523559356,Good
1.142430554452241,3.070559405992659,1.0046638258841818,1.2397336399437795,Good
1.6253391540750337,2.6012641586824143,1.006359757481539,1.374583812412156,Good
4.238864266971958,3.315051060652272,1.0048665899727944,2.318535019690789,Moderate
2.68981785203985,2.302914295930924,1.0559657986785853,2.142260072908327,Good
2.14335352608336,5.208133946131275,1.0897784593859308,2.283573464309588,Bad
1.6530307538894458,5.855000368099449,1.0,1.1648168774613483,Bad
2.9913406939591747,2.620952220691396,1.2724834823163622,1.6592675098453944,Moderate
2.637659495640109,5.196302178097031,1.0316328488146134,1.5244173373770182,Moderate
2.721785851963486,2.644615756759884,1.6156237854644384,1.4794672798875594,Moderate
2.438560512538524,2.1082107211594083,1.225079835211815,1.589345597751192,Moderate
1.3981980307000346,3.815960792150016,1.01703307889623,1.3096555520379822,Good
2.430147864006813,4.103898699031372,1.1800638849591916,1.1048834674754036,Moderate
3.73971464738199,2.758957963042815,1.1107149568596968,2.0788013797470093,Moderate
1.8707076718525943,7.073672475626558,1.0932763218033423,1.484462130275788,Bad
2.315175172731741,5.1844704100627865,1.0804508356004665,1.034961555381201,Bad
3.731301998850279,1.6744107779518946,1.0693489280994948,2.743063739980632,Moderate
3.6303504099603456,2.660422998853633,1.099765108433735,2.19367334933067,Moderate
1.765900266907375,7.980743140203821,1.1842207446560435,1.4295223720098722,Bad
2.2496267512699277,2.273855473638821,1.083948698017878,1.669256011953652,Good
1.131681120019872,4.707318868777804,1.0,1.0,Good
1.370155890426621,4.450900791939674,1.0992121103769918,1.2896785478214672,Good
2.2066288200498567,5.216084894250287,1.1597357077341623,1.4245287202898431,Bad
2.6388067013704237,5.4763837910036495,1.0216231418577535,1.3695889620239272,Bad
2.4329520586850952,4.963642291471661,1.0523158492032647,2.1687014947259264,Bad
2.8850674687726072,7.207702743918471,1.0610535934706569,1.908989651897432,Bad
2.6241483054663526,2.63278398872564,1.0046638258841818,1.744172774436083,Good
1.784711873909318,4.841349137069718,1.0804508356004665,2.0138731193728354,Good
1.6960286851095163,4.332583111597236,1.1037699090555773,1.724195770219568,Good
4.343087459317797,1.6980743140203822,1.2541779930042751,2.2086567018271563,Moderate
1.8088981981274452,2.873394823470021,1.247182268169452,1.604328950247678,Good
2.040011941379488,5.006993889549131,1.0944422852701128,1.5144288352687607,Bad
2.623171113471076,2.55393708654544,1.494364564321803,1.5493891919817622,Bad
2.3168110067081256,6.296656605281701,1.1877186070734551,1.5643725444782484,Bad
1.5860802350884915,5.929871796220144,1.032849489312087,1.2597118428284946,Bad
1.884528446976343,6.008813352544618,1.0104935872522347,1.5993340998594494,Bad
2.824723815288806,5.784009759893987,1.1993781577924605,1.4894557819958172,Bad
2.1958793856174874,5.125311569891568,1.2273610571317528,1.6842393644501383,Good
4.61451180743025,4.28137521954503,1.1760590843373495,2.2685901118131016,Bad
1.6369065377440275,4.005269080697916,1.0151574131364167,1.0099885021082575,Good
1.8115855244871053,6.253305007204232,1.2984842689467548,1.2497221420520372,Bad
1.712152901254935,4.379910183734211,1.072289147298873,1.0649282603741737,Moderate
1.8599581729233607,4.159082065143085,1.053633899727944,1.0249718546047435,Moderate
1.733651834616538,4.466708034033423,1.0408083855421686,1.274695195324981,Good
1.2579874583266948,3.950085714586204,1.0340661298095608,1.2397336399437795,Good
2.908032222375558,2.8772756433852527,1.0804508356004665,1.8790229469044597,Moderate
2.187817277544778,3.73313841591031,1.0466381748931208,1.4794672798875594,Good
1.544017056926803,6.253305007204232,1.0279828993392923,1.329633754922697,Bad
2.2496267512699277,1.6704353038923887,1.0816167990672367,1.1897887320660925,Good
2.1553351086166974,4.663872616556061,1.0054749102215312,1.5843507473629632,Moderate
3.9399820556823366,1.453582659360769,1.6167897489312089,2.47336339504388,Moderate
1.954016143436211,5.827361357971456,1.053633899727944,1.6293008048524218,Bad
2.2254404270518,4.589001188435367,1.1492421204819276,1.1148719695836613,Bad
1.9225855958851343,3.3584973128740154,1.031798759424796,1.5743622452547057,Good
2.023887725234069,6.501772135923352,1.0804508356004665,1.3596004599156697,Bad
1.9647655778685804,4.592882008350599,1.15507190983288,1.349611957807412,Bad
1.7578381588346657,3.677955049798597,1.0454722114263506,1.389567164908642,Good
1.5412127977516563,4.545554936213623,1.0915803902059853,1.2497221420520372,Good
1.5025380913644957,4.352365827750491,1.06645938593082,1.0,Moderate
2.4834278853784943,5.858881188014681,1.024332949863972,1.3945620152968707,Bad
1.5750970640188784,2.762933437102321,1.324135241352507,1.5194224869887896,Bad
1.7038570565449818,4.1157304670656165,1.1873637559269334,1.0849052645906887,Moderate
1.9352045364342685,3.263843168600065,1.3579479300427515,1.5993340998594494,Bad
1.970257163403387,1.1893082885479005,1.033070694131364,1.6942290652265954,Good
1.0376231495070214,4.774334002923761,1.0,1.11986681997189,Good
1.7515286885600987,5.385610466644931,1.1348267019043918,1.6642623602336228,Bad
1.861912621410779,2.644615756759884,1.0206830003886511,1.449500574894587,Good
2.3067625886968948,4.494347044161417,1.2116967057909056,1.4395120727863295,Bad
1.2355537719067096,3.4768149932164527,1.1788472164788184,1.15982202707312,Good
4.911875053062109,2.7984287412050524,1.099765108433735,2.618202069620513,Bad
1.894893996070722,6.04430865664735,1.1049358725223477,1.0449500574894588,Bad
4.698754967575384,1.307625968890338,1.1216647773027597,2.4184236367779635,Moderate
3.609435624701259,3.220396916378322,1.335794792071512,1.7491676248243118,Moderate
2.6236384577518344,3.074534880052165,1.1240980862806065,2.4084351346697064,Good
3.108767039453528,4.821661075060737,1.0316328488146134,1.9139845022856603,Bad
1.510366462799961,6.107348316733801,1.0559657986785853,1.3446171074191833,Moderate
3.235891326996976,4.797997538992249,1.3536021018266615,1.3346286053109258,Moderate
1.8160255531417728,5.764227043740732,1.1630308060629615,1.409545367793357,Bad
2.647357437689203,1.4811270153444884,1.0816167990672367,1.2497221420520372,Good
2.3759330895767503,4.939978755403175,1.138748533229693,1.349611957807412,Bad
1.8076129046100615,6.86070065101017,1.0450159782355228,1.6642623602336228,Bad
1.8650167910062303,4.147250297108842,1.1282549459774582,1.094894965367146,Moderate
3.0638996666135574,3.461007751122703,1.0523158492032647,2.348501724683761,Moderate
1.693341294252992,4.541674116298392,1.1527399828993392,1.544395540261733,Moderate
1.6674023322367215,1.0,1.0024333089778468,1.5593788927582195,Good
2.7226037367032463,2.61697674663189,1.3557825853089778,1.5394006898735046,Moderate
1.88613080708001,2.411955870134514,1.0036499494753206,1.0,Good
1.8814571707818284,2.968048967743971,1.0454722114263506,1.419533869901615,Good
1.9217677111453744,3.5911571994993845,1.2623396813058687,1.1947835824543211,Good
2.5647500470235896,3.973749250654691,1.0060832304702685,1.469478777779302,Moderate
1.5328002137168106,3.070559405992659,1.1788472164788184,1.0849052645906887,Good
2.2872499007769487,2.751101669068077,1.2844928192771086,1.3645953103038984,Moderate
2.424539474650249,4.667848090615568,1.1107149568596968,1.983906414379863,Moderate
2.418931020796821,3.7962727301410335,1.1340847353284105,1.8190895369185145,Moderate
3.0162280990953048,4.166938359117824,1.0644823381267003,1.6992227169466243,Bad
2.418931020796821,3.271699462574803,1.1094982883793238,2.1437296401211823,Moderate
3.815288138990056,2.1437060252621394,1.23658268169452,2.1187565868482388,Moderate
1.233801134108567,3.839624328218504,1.0827827345511076,1.2397336399437795,Good
2.9437009878920257,4.068403394928641,1.0493815903614458,1.709212417723082,Moderate
1.3579575984282888,4.379910183734211,1.0754321585697628,1.0856196708377213,Good
1.0,4.214265431254798,1.0,1.1947835824543211,Good
1.7444013335457718,5.9496545123734,1.0991061111542946,1.5593788927582195,Moderate
1.002804194678282,3.953966534501435,1.0,1.11986681997189,Good
1.6584054711056306,3.953966534501435,1.239679605130198,1.4445057245063584,Good
4.522089670893784,2.33301431381004,1.0450159782355228,2.3435068742955325,Moderate
2.1985667119771475,1.3312895049588254,1.08861252390206,1.4544954252828155,Good
1.5670349559461694,4.683655332709317,1.0233190734551108,1.2247502874472935,Good
1.6674023322367215,1.303650494830832,1.041974349008939,1.409545367793357,Good
1.2355537719067096,7.120999547763533,1.0571824391760591,1.314650402426211,Bad
3.4733145405235843,3.058727637958415,1.0401493882627284,2.178689996834184,Moderate
2.010450899945176,4.825636549120242,1.0206373882627284,1.2996670499297247,Good
2.5156763176693318,2.6051449785976466,1.0816167990672367,1.4395120727863295,Good
3.9140855970998256,2.719581839024852,1.4582199766809172,1.779134329817284,Moderate
2.539862641887459,6.198121641092519,1.114263496307812,1.7258607203489775,Bad
1.2257390260358578,5.851024894039943,1.0046638258841818,1.4794672798875594,Bad
1.2794863916882977,4.103898699031372,1.0,1.0,Good
2.255001468486112,4.170913833177329,1.0559657986785853,1.8440625901914576,Good
3.162180633831757,2.017532050944964,1.073773108433735,2.128746287624696,Moderate
3.5181819133635552,3.0114005658214404,1.1094982883793238,1.7491676248243118,Moderate
2.252314142126452,6.375598161606176,1.2949864065293433,1.5094339848805318,Bad
1.8216339424983363,4.0447398588601535,1.0025438973960357,1.374583812412156,Good
1.8384592395617576,5.500047327072137,1.1410804601632336,1.2597118428284946,Moderate
1.1031949833306778,5.780034285834482,1.0,1.0,Moderate
3.1143754933069565,2.10035442718467,2.0925497147298877,2.248613107596586,Bad
1.6687306451627817,3.242924602715522,1.0031092079284882,1.4395120727863295,Good
2.980433113214851,5.63407759536405,1.282160892343568,1.7192009198313394,Bad
2.7526321869151813,3.342690070780266,1.0389327197823552,1.4644839273910732,Good
1.7309644437600131,4.336558585656741,1.114263496307812,1.297061145263536,Moderate
2.3320004697951617,3.390017142917241,1.0,1.349611957807412,Good
1.7571370779166626,6.312463847375451,1.1297389071123205,1.5493891919817622,Bad
1.9117511545852464,3.673979575739091,1.08861252390206,1.6342956552406505,Good
2.317979431906888,7.7756276095621715,1.0206830003886511,1.3596004599156697,Bad
2.676918479123516,2.4868272982552084,1.0076316921881072,1.829079237694972,Good
2.12168457898672,5.582869703311843,1.2822623023707735,1.0,Bad
2.3678709815040406,5.768202517800238,1.4768752522347457,1.1398450228566048,Bad
1.3140716743766578,4.163057539202592,1.0,1.0799116128706598,Good
2.7498279922369,4.648160028606586,1.024332949863972,1.8091010348102567,Bad
1.6421644511384548,3.035064101889928,1.026766258841819,1.5993340998594494,Good
2.566736356962111,4.967617765531168,1.0034978624174116,1.5433958509831676,Bad
1.7175276184711197,6.947403847165108,1.1783909832879906,1.0,Bad
2.5936100075398985,1.7532576801320952,1.4349009032258064,1.8190895369185145,Moderate
1.4568527692879003,5.2042531262160425,1.0163233486202876,1.2597118428284946,Moderate
1.229945318053281,4.620521018478592,1.0241670392537894,1.414539019513386,Good
1.639360191963308,3.259867694540559,1.0915803902059853,1.3396222570309548,Good
2.337608859151726,1.4811270153444884,1.0145997699183833,2.2685901118131016,Good
2.6152258092201235,2.6091204526571525,1.0547491581811117,1.639289306960679,Good
1.5912212801642969,4.048620678775386,1.0766487990672369,1.8940062994009452,Good
2.5647500470235896,2.9837615556934467,1.0212913486202877,2.148723291841211,Moderate
1.7766497658366087,4.936003281343668,1.047804110376992,1.4894557819958172,Moderate
1.6449686458167367,1.9347096747052572,1.053167508744656,1.349611957807412,Good
1.854583455707176,4.510059632110892,1.0501360373105324,1.3945620152968707,Bad
1.2243369286967167,3.046895869924171,1.0316328488146134,1.1947835824543211,Good
2.413556303580636,2.2659991796640826,1.0034978624174116,1.4345172223981009,Good
1.1906863990667391,3.421536972960466,1.01703307889623,1.3596004599156697,Good
2.128695130179289,5.129287043951074,1.0489700738437622,1.5244173373770182,Bad
1.3579575984282888,4.379910183734211,1.0754321585697628,1.0856196708377213,Good
2.233502535124509,4.403573719802698,1.369607452778857,1.0,Bad
3.655588291058613,3.8435998022780096,1.0,1.7891228319255417,Bad
1.3332338218376023,5.851024894039943,1.0851146614846483,1.1897887320660925,Bad
1.7900865911255024,5.2042531262160425,1.0579479113874857,1.3196452528144396,Bad
1.80480870993178,5.330427100533218,1.0206830003886511,1.3845723145204134,Bad
2.859192229658544,3.6936676377480726,1.0669156191216478,2.148723291841211,Moderate
1.658989683705011,5.302788090405224,1.083948698017878,1.3795786628003843,Bad
3.1143754933069565,2.10035442718467,2.0925497147298877,2.248613107596586,Bad
3.0773364919024515,1.295794200856094,1.2355227454333464,1.7541624752125404,Good
1.7543328832383809,5.906208260151656,1.1484310361445784,2.2685901118131016,Moderate
2.457042798549913,2.447451174237245,1.006359757481539,1.6842393644501383,Good
1.967452968725105,2.1910330973991146,1.0076316921881072,1.569367394866477,Good
3.1171796879852387,2.9285781895817338,1.0535324897007383,2.1687014947259264,Moderate
3.3424088663065783,1.8992143706025264,1.1437303567819666,2.523307104253368,Moderate
1.4016395833941129,4.336558585656741,1.0173227578701904,1.3596004599156697,Good
1.9110182122161403,4.616545544419086,1.0,1.414539019513386,Good
1.7417139426892472,4.0999232249718665,1.0534219012825496,2.1087680847399817,Good
2.1690056705428358,2.0017248088512143,1.0501360373105324,1.8940062994009452,Good
1.94501928230512,1.654722715942913,1.0228951045472212,2.043839824365808,Good
1.2794863916882977,5.125311569891568,1.0,1.1098783178636322,Moderate
1.556285457016935,6.919859491181389,1.1539059463661097,1.0699219120942025,Bad
2.502239492380437,2.971929787659203,1.0524679362611735,1.4994454827722743,Moderate
1.773962374980084,2.7984287412050524,1.0377160792848814,1.5194224869887896,Bad
1.825022414272864,5.235772956259268,1.167897396035756,1.274695195324981,Moderate
1.634219146887503,6.375598161606176,1.150408083948698,1.409545367793357,Bad
1.712152901254935,4.273424271426018,1.1643995336183444,1.0149833524964862,Good
1.3729601496017674,4.920290693394192,1.013139790128255,1.2247502874472935,Moderate
3.673932489282933,1.4456317112417572,1.3894286917994558,2.098779582631724,Moderate
1.1465837655501134,5.180589590147555,1.0209871745044694,1.1997784328425498,Good
1.5552339001367956,3.378185374882997,1.0139914496696465,1.389567164908642,Good
2.3168110067081256,5.957510806348138,1.0861640202098717,1.9039960001774028,Bad
1.50791280858068,4.210384611339567,1.08861252390206,1.2247502874472935,Moderate
3.1171796879852387,4.896627157325705,1.0316328488146134,1.7391791227160542,Bad
1.835771848705233,4.608689250444348,1.0687912848814614,1.4295223720098722,Good
1.878769779925304,4.699367920658792,1.0932763218033423,1.3795786628003843,Moderate
1.6477728404950187,2.904914653513246,1.0012166404974738,1.5094339848805318,Good
1.9459540353635016,4.119611286980849,1.030314798289934,1.4794672798875594,Good
2.915276445708507,2.573625148554421,1.276179043917606,2.323529870079017,Moderate
3.8862346900298967,1.8676945405593008,1.271667305091333,1.9039960001774028,Moderate
2.657288987381812,1.6625790099176507,1.048665899727944,1.569367394866477,Good
2.1394446291085227,4.352365827750491,1.0461717839098328,1.6892342148383668,Moderate
1.3386085390537867,3.912034748588076,1.01554606762534,1.2637070039381575,Good
2.020732990096786,2.1753205094496386,1.048334106490478,2.058823176862294,Good
1.7309644437600131,3.90663946236446,1.209263424795958,1.644284157348908,Moderate
1.2635959121801232,3.413680678985728,1.0,1.3596004599156697,Good
1.8400716611762995,3.7804654880472848,1.0804508356004665,1.4295223720098722,Good
1.5428486317280417,4.699367920658792,1.1270890104935871,1.9988897668763488,Moderate
1.6449686458167367,5.519735389081118,1.0127194869801788,1.374583812412156,Bad
1.6169265055433228,5.212109420190781,1.1628096012436844,1.4794672798875594,Bad
2.130230800524979,6.61223352229105,1.1971522580645162,1.294672199541496,Bad
4.12389164019375,1.4929587833787323,1.135047906723669,2.3753135349750734,Moderate
1.3645475010700567,3.4531514571479653,1.0114475522736106,1.204772084562579,Good
3.204620086701416,2.61697674663189,1.0795303381267003,1.4869589561358023,Bad
1.8088981981274452,5.551255219124344,1.2378546443839875,1.0,Bad
3.2826281414568457,2.356677849878527,1.0863820069957248,2.4334069892744496,Moderate
2.7817258840687358,4.663872616556061,1.216867469879518,1.669256011953652,Bad
4.7940981671087535,1.81639199436282,1.1277480077730275,2.2685901118131016,Bad
1.815005857712736,6.127131032887056,1.0778654675476098,1.6193123027441645,Bad
1.25261274111051,5.283100028396243,1.457054013214147,1.1798002299578347,Moderate
3.265802908890289,3.457032277063197,1.0389327197823552,1.864039594407973,Moderate
3.0397133423954297,1.3707602831210628,1.1690633595025262,2.383463280064962,Good
2.67105513366126,5.784009759893987,1.092465237465993,1.7391791227160542,Bad
2.3482916038261177,1.320782894944417,1.0391760590750097,1.779134329817284,Good
2.571378131809189,4.328702291682004,1.1729851908278277,2.0238628201492928,Moderate
1.0953431995333696,5.997738817664566,1.0279828993392923,1.2397336399437795,Good
2.383995197649459,3.259867694540559,1.0163233486202876,1.349611957807412,Good
5.374569948343817,1.3273140308993194,1.1569475755926937,4.071587261779678,Bad
1.0940579060159858,4.616545544419086,1.2401865433346289,1.3446171074191833,Moderate
2.009516146886793,5.113479801857324,1.159380856587641,1.6243059544641931,Bad
1.8760823890687792,6.075828486690575,1.1410804601632336,2.053829525142265,Moderate
3.206330221065799,1.3194577369245817,1.3287990672366887,1.8091010348102567,Good
1.6879665770368073,6.840917934856914,1.2658375437232805,1.419533869901615,Bad
4.224843229083684,1.2602988967533628,1.081515389040031,3.3074362844588805,Moderate
1.493541230233404,6.5569555020350645,1.041366028760202,1.2697003449367523,Bad
2.1152583048903955,3.882975926295973,1.0443062479595802,1.5793558969747346,Good
1.3117348239791344,5.393561414763943,1.0,1.11986681997189,Moderate
3.7817778255436783,1.7769212162005823,1.1569475755926937,3.2375143723646778,Moderate
1.6960286851095163,4.951810523437418,1.064127486980179,1.0749167624824312,Moderate
2.152881454397417,4.857156379163468,1.0046638258841818,1.6842393644501383,Bad
4.191192699453706,1.2642743708128688,1.0888152879906725,3.482241664028486,Moderate
3.944422084337004,2.33301431381004,1.0510992087057909,3.217536169479963,Bad
1.6073454963097151,6.777878274770464,1.150408083948698,1.859045942687944,Bad
1.7605255496911902,3.7962727301410335,1.283326855810338,1.469478777779302,Good
1.7497760507619564,3.425512447019972,1.1772250198212204,2.288568314697816,Good
1.4111675117081697,5.547374399209112,1.0233190734551108,1.0,Moderate
2.789787992141444,3.950085714586204,1.1760590843373495,1.9289678547821465,Good
1.844322585024013,5.054320961686106,1.054799835211815,1.6892342148383668,Moderate
1.8765710173148495,3.737113889969816,1.1373705993004275,1.529412187765247,Good
1.9835771848705237,4.747168263517137,1.0503692188107268,1.4442120507974272,Bad
2.1179456312500555,3.701618585867085,1.5759813354061407,1.9739179122716053,Bad
1.1374063776950578,5.79584152792823,1.0790821080450836,1.2397336399437795,Good
1.496345424911686,5.780034285834482,1.0874465604352896,1.374583812412156,Bad
3.2826281414568457,2.356677849878527,1.0863820069957248,2.4334069892744496,Moderate
2.013138226304836,2.3843168600065203,1.101438010104936,1.174805379569606,Good
2.264699410535206,1.6665544839771569,1.0966681849980566,1.8690344447962015,Good
1.4461033348555312,4.707318868777804,1.0827827345511076,1.7741394794290557,Moderate
1.7927739819820272,5.657741131432537,1.0034978624174116,1.469478777779302,Bad
2.539862641887459,6.746263790582964,1.1947143319082782,1.5244173373770182,Bad
3.515377718685273,2.751101669068077,1.0048665899727944,1.8690344447962015,Moderate
3.1216073977387704,4.383885657793717,1.0944422852701128,1.6942290652265954,Moderate
1.171991660383418,5.385610466644931,1.0629615235134084,1.1798002299578347,Moderate
1.0268737150746523,5.500047327072137,1.0,1.214761785339036,Good
1.9325171455777437,4.407549193862204,1.2191993688301594,1.0,Moderate
1.9117511545852464,3.673979575739091,1.08861252390206,1.6342956552406505,Good
1.058888410728245,4.166938359117824,1.0024333089778468,1.0749167624824312,Good
3.807015706641945,1.2799869587623445,1.1131482378546445,2.19367334933067,Moderate
2.6937437761869365,3.2913875245837847,1.0523158492032647,1.7341842723278256,Moderate
3.192893395776905,1.3825920511553065,1.1618141655654877,2.278579812589559,Moderate
1.6982486671884178,4.790141245017511,1.008516539448115,1.2297451378355222,Moderate
2.292624682489998,5.586750523227075,1.1422463956471045,1.669256011953652,Moderate
1.4795201923451295,3.737113889969816,1.0571824391760591,1.329633754922697,Good
2.6713100252700865,3.0823911740269025,1.0279828993392923,1.5993340998594494,Good
2.1501940635408925,4.178770127152067,1.3194714434512242,1.2846836974332383,Bad
1.967452968725105,5.1884458841222925,1.0,1.3596004599156697,Moderate
1.3449180093283537,4.778309476983267,1.0012166404974738,1.329633754922697,Good
1.583275975913345,6.16650715690502,1.0571824391760591,1.3246389045344684,Bad
3.1396133744052235,3.2756749366343088,1.0133831294209097,2.6731406292182296,Moderate
1.5831591720915876,5.093791739848342,1.1177613587252235,1.589345597751192,Moderate
3.020901735393487,6.276968543272719,1.4127477652545668,1.5493891919817622,Bad
1.5776675865567809,7.882113521870365,1.0304162083171395,1.3795786628003843,Bad
2.142131955468183,4.900507977240936,1.3824329669646327,1.8490562419114869,Moderate
1.5019538787651148,5.736682687757012,1.0279828993392923,1.3995556670168998,Bad
1.9562361255151124,5.141118811985318,1.0,1.4045505174051285,Bad
2.2872499007769487,3.867263338346497,1.0489700738437622,1.484462130275788,Moderate
4.062198970290359,4.190601895186311,1.1192314963078118,2.31354016930256,Moderate
1.9982993036768009,6.131011852802288,1.026766258841819,1.6742508623418806,Bad
1.7390265518327226,3.4768149932164527,1.0594636610959969,1.5244173373770182,Good
1.9567034697958712,3.5596373694561594,1.1422463956471045,1.1498335249648624,Good
1.3117348239791344,2.4947782463742203,1.0652934224640498,1.2697003449367523,Good
2.822036424432281,3.145525488257628,1.1399144966964632,1.6492790077371366,Moderate
2.2979993997061827,4.727006930786786,1.0559657986785853,1.7491676248243118,Bad
2.5318005338147493,4.557386704247867,1.0034978624174116,1.4295223720098722,Moderate
1.8973476502900024,3.819936266209522,1.0572377613680528,1.4894557819958172,Good
2.023887725234069,6.501772135923352,1.0804508356004665,1.3596004599156697,Bad
3.145221828258652,3.0429203958646656,1.1034150579090556,1.938956356890404,Moderate
3.080023882758976,1.828223762397064,1.3218033424018656,2.213651552215385,Moderate
3.2708270856474724,4.391741951768454,1.324135241352507,1.3945620152968707,Bad
3.927596787273582,1.6940988399608763,1.087598647493199,2.428413337554421,Moderate
1.7148402276145949,2.6012641586824143,1.0319471527399922,1.8940062994009452,Good
2.453866843944182,3.93825394655196,1.1527399828993392,1.983906414379863,Good
1.3953938360217526,3.567493663430897,1.0,1.0,Good
2.2226362323735174,4.73883869882103,1.0316328488146134,1.5743622452547057,Moderate
3.271411298246853,1.6231082317554135,1.0523158492032647,2.508323751756881,Good
4.878224523432131,3.713450353901328,1.0620490291488536,3.017757736637413,Bad
1.2383579665849915,6.821229872847932,1.032849489312087,1.2846836974332383,Bad
3.034338625179245,3.886951400355479,1.0620490291488536,2.0288564718693216,Moderate
2.4357563178602417,4.652040848521818,1.0364994387874078,1.5743622452547057,Bad
1.3735443622011485,5.365922404635949,1.0629615235134084,1.0,Moderate
2.6953461362906035,4.829517369035474,1.0543197326078508,1.1648168774613483,Bad
2.107196196817686,6.363766393571932,1.0279828993392923,1.4594890770028446,Bad
2.096446697888452,5.511879095106381,1.0466381748931208,1.5643725444782484,Moderate
2.187817277544778,3.73313841591031,1.0466381748931208,1.4794672798875594,Good
1.9835771848705237,3.81198531809051,1.0559657986785853,1.414539019513386,Good
3.526127217614506,1.5797566336779445,1.4337349397590362,1.9988897668763488,Good
4.321588525956194,1.0887855873289651,1.0559657986785853,3.4133182425446496,Moderate
2.9180806403867887,1.9860122209017383,1.0072998989506412,2.5183134525333384,Moderate
1.5412127977516563,4.514035106170399,1.0340661298095608,1.0249718546047435,Good
1.8922066052141973,2.360653323938033,1.0011659634667702,1.1098783178636322,Good
1.5496254462833672,3.9619174826204473,1.054799835211815,1.0,Good
1.7683539211266557,5.219965714165518,1.0401493882627284,1.374583812412156,Moderate
2.109883523177346,4.596857482410105,1.0713563933151962,1.9639294101633475,Bad
2.1394446291085227,2.534154370392184,1.1830548091721729,1.943951207278633,Good
1.521349633869574,7.341827666354659,1.2844928192771086,1.3695889620239272,Bad
1.3950432955627512,3.6581723336453416,1.029148862806063,1.978912762659834,Good
1.400418012778936,3.3860416688577346,1.3043140303148075,1.15982202707312,Moderate
1.467602268217134,4.600832956469611,1.0139914496696465,1.214761785339036,Good
1.1854284856723118,4.254682750859775,1.0034978624174116,1.11986681997189,Good
3.3717255936178554,1.9110461386367696,1.2251351574038087,3.776915062238182,Moderate
1.6261570388147937,6.509628429898089,1.278663029926156,1.1947835824543211,Bad
2.337608859151726,5.716899971603756,1.28799068169452,1.2697003449367523,Bad
1.5013165207493189,5.334402574592724,1.1643995336183444,1.4994454827722743,Good
2.6065582690795863,4.628377312453329,1.2022400528565875,1.7491676248243118,Bad
2.0749477645268493,5.290956322370981,1.1897970649047804,1.7591561269325693,Bad
1.5697222823058292,5.279124554336737,1.163233570151574,1.4245287202898431,Moderate
2.2282446217300818,3.871144158261729,1.0279828993392923,1.3396222570309548,Moderate
3.088085990831685,1.9741804528674949,1.3844606917994555,1.6892342148383668,Moderate
2.2388772523406937,4.502203338136154,1.0617955600466382,1.2247502874472935,Moderate
2.0023887918724665,6.430781527717889,1.3626117279440342,1.529412187765247,Bad
3.201492956222173,2.978271615325557,1.1343179168286048,1.6345893289495816,Good
2.0319498333067787,1.8834071285087768,1.0547491581811117,1.059933409985945,Good
2.9797733102901804,5.298907270489993,1.1155815468324912,1.7192009198313394,Bad
1.9405792536504527,3.181020792360359,1.0279828993392923,1.3346286053109258,Good
2.3786204804332747,4.707318868777804,1.0991061111542946,1.5593788927582195,Moderate
2.131382521035814,4.0447398588601535,1.1154294597745822,2.338513222575504,Good
2.295545745486902,6.320320141350189,1.0364994387874078,1.5394006898735046,Bad
2.264855170463171,5.55523069318385,1.0359113781577924,1.892341349271536,Bad
2.091071980672268,5.472408316944144,1.2238631947143412,2.253606759316616,Moderate
3.6578082731375146,5.586750523227075,1.335794792071512,1.804106184422028,Bad
2.727978518416295,2.155537793296383,1.1643995336183444,1.669256011953652,Good
1.6046581054531908,3.342690070780266,1.047804110376992,1.3795786628003843,Good
1.825022414272864,5.006993889549131,1.15507190983288,1.5044391344923034,Moderate
2.507614209596622,2.735294426974328,1.0921103863194714,1.5394006898735046,Good
1.66459813755844,2.760567083495472,1.049882568208317,1.5843507473629632,Good
3.885533609111894,4.592882008350599,1.0255495903614458,2.927857621658496,Bad
1.469905709238804,1.8440310044908133,1.0,1.4994454827722743,Good
3.0692743838297423,3.5833009055246468,1.1667314325689857,2.533296805029825,Good
2.1140367342752184,5.330427100533218,1.2314948869024485,1.5493891919817622,Moderate
2.674114284445233,5.413249476772925,1.0231163093664983,1.174805379569606,Bad
1.8496760827717504,5.894376492117413,1.0194663598911775,1.1448386745766337,Bad
1.7820244830527932,4.092066930997129,1.0081616883015934,1.349611957807412,Good
2.211419389163525,5.638053069423556,1.0705655685969686,1.9139845022856603,Moderate
2.038092385695808,5.910183734211162,1.014657722502915,1.6792457127301093,Bad
2.029018128327219,4.211899077647949,1.041847166731442,1.6742508623418806,Good
3.988354704118592,6.063996718656331,1.2916112771084338,2.460876868407408,Bad
1.8016038607307163,3.165213550266609,1.1177613587252235,1.0,Good
3.0074649101045927,2.979880735778215,1.1492421204819276,1.5743622452547057,Moderate
1.8733950627091192,3.90663946236446,1.2075398460940536,1.4544954252828155,Moderate
1.9835771848705237,6.9632110892588575,1.1002720466381657,1.5793558969747346,Bad
2.134069847395474,2.61697674663189,1.0402254178002333,1.409545367793357,Good
2.824723815288806,1.5245732675662316,1.041974349008939,2.103773234351753,Good
7.051955771748091,3.2007088543693403,1.1165954232413524,2.6681469774982007,Bad
1.8841444971414885,5.858881188014681,1.1364166342790516,1.5843507473629632,Bad
1.5436164024040218,6.411093465708907,1.101438010104936,1.6243059544641931,Bad
1.7578381588346657,5.464552022969405,1.071229211037699,2.173696345114155,Moderate
1.2579874583266948,5.247604724293511,1.0190792444617178,1.2647054945485237,Good
2.091071980672268,3.236204158472072,1.270501369607462,1.0449500574894588,Good
2.212003601762906,5.953535332288632,1.034978624174116,1.4345172223981009,Bad
1.9244550375050344,5.910183734211162,1.1422463956471045,1.4245287202898431,Bad
2.41051837226511,3.0863666480864085,1.0457902090944422,1.779134329817284,Good
2.091071980672268,5.196302178097031,1.0139914496696465,2.003884617264578,Bad
1.8465213476344668,3.0784156999673966,1.0151574131364167,1.3596004599156697,Good
1.712152901254935,4.028932616766404,1.0048665899727944,1.6143174523559356,Good
3.17045970935692,2.758957963042815,1.0340661298095608,1.938956356890404,Moderate
1.102608642334766,5.803697821902969,1.033070694131364,1.1398450228566048,Moderate
2.620483722614551,5.003113069633899,1.064127486980179,1.6742508623418806,Moderate
1.6799044689640985,2.63278398872564,1.0408083855421686,1.5394006898735046,Good
3.3030755179383093,1.5284540874814636,1.7217256214535563,1.7841291802055128,Moderate
2.566736356962111,4.269543451510785,1.3567819665759813,1.4594890770028446,Moderate
2.046282455547847,3.789173669320488,1.042129821997668,1.500620177607999,Moderate
3.865904181867056,2.644615756759884,1.0194663598911775,2.4334069892744496,Moderate
1.9217677111453744,5.464552022969405,1.145744258064516,1.1448386745766337,Moderate
1.88613080708001,5.287075502455749,1.1411864593859309,1.294672199541496,Bad
4.653887594735414,2.538129844451689,1.2116967057909056,3.542175074014432,Bad
3.9107715547070256,2.841780339282521,1.0389327197823552,2.31354016930256,Moderate
2.7267569478011184,4.241904441382792,1.1373705993004275,1.9039960001774028,Bad
1.7148402276145949,2.6012641586824143,1.0319471527399922,1.8940062994009452,Good
2.050761440308721,4.841349137069718,2.185775359502526,1.3645953103038984,Bad
2.392057305722169,7.215653692037483,1.0594636610959969,1.918979352673889,Bad
1.799200256078351,4.648160028606586,1.0597816587640887,1.604328950247678,Moderate
1.9582391401415609,4.064427920869136,1.0599633517294986,1.6259709045936028,Good
1.5412127977516563,5.55523069318385,1.1562378453167508,1.0,Moderate
2.5254910635401826,4.478539802067667,1.0,1.5044391344923034,Moderate
2.2469393604134025,2.447451174237245,1.012825486202876,1.6642623602336228,Good
2.3421490514370884,7.570606733064796,1.2874606855810338,2.0788013797470093,Bad
1.9567034697958712,2.6761355868031087,1.0396424500582977,1.3596004599156697,Good
2.3194983330677856,4.975474059505905,1.3276331037699185,1.0998886170871751,Bad
3.8136757173755136,4.218240905314305,1.2425184702681695,2.223640054323643,Moderate
1.3896685783465663,4.478539802067667,1.024485036921881,1.3396222570309548,Good
1.0276414857506324,4.381708612475416,1.0013325176836378,1.0,Good
4.734954800274817,1.4772461954292564,1.162067634667703,3.067702644515101,Bad
1.518779111331671,5.862856662074187,1.000559657986786,1.5543840423699908,Bad
1.6799044689640985,4.49037157010191,1.141131137193937,1.3795786628003843,Good
1.2776169500683978,4.383885657793717,1.0863820069957248,1.5244173373770182,Good
2.295545745486902,5.5394234510901,1.243329554605519,1.839067739803229,Bad
2.372024192601913,5.736682687757012,1.0241670392537894,1.414539019513386,Bad
3.5237903672169835,2.7314136070590957,1.0450159782355228,2.613207219232285,Moderate
1.755150767978141,5.1844704100627865,1.1492421204819276,1.6842393644501383,Moderate
1.9782024676543388,5.368288758242798,1.1189273221919938,1.7192009198313394,Bad
1.7683539211266557,4.87684444117245,1.0788609032258063,1.4045505174051285,Bad
1.94501928230512,6.249329533144726,1.0048665899727944,1.154828375353091,Bad
3.3302997734719626,2.360653323938033,1.0255495903614458,1.6542726594571655,Moderate
1.25261274111051,5.283100028396243,1.457054013214147,1.1798002299578347,Moderate
3.1143754933069565,4.53372316817938,1.068132287602021,1.6492790077371366,Bad
3.214392329138508,2.218672107527108,1.06645938593082,2.368479927568476,Moderate
1.795461308341687,4.589001188435367,1.0053300707345512,1.1997784328425498,Good
1.9742421021815657,4.908648233648496,1.0,1.5094339848805318,Moderate
1.5075622681216787,3.670004101679585,1.0462326187329964,2.0088794676528066,Good
1.926409485992453,4.64418455454708,1.067413350952196,1.4794672798875594,Good
5.380178337700381,2.163488741415395,1.1192314963078118,2.817980502463063,Bad
2.2496267512699277,5.768202517800238,1.1165954232413524,1.3396222570309548,Bad
1.6421644511384548,4.174889307236835,1.0,1.4944506323840456,Moderate
1.5965959973804815,4.774334002923761,1.1107656338904004,1.5843507473629632,Moderate
1.6154076043824244,3.228347864497334,1.024485036921881,1.5344058394852758,Good
5.444675202282054,1.8005847522690703,1.0717822090944422,3.217536169479963,Bad
2.1475067371812324,3.784440962106791,2.178779634667703,1.2846836974332383,Bad
1.9835771848705237,3.224372390437828,1.2495141951029929,1.1148719695836613,Good
2.252314142126452,2.6439531777499656,1.060629624562767,1.2996670499297247,Good
5.10536564680713,1.252442602778625,1.0802987485425573,3.632075188993349,Bad
1.228670731015418,2.4553074682119838,1.0,1.4794672798875594,Good
2.383995197649459,1.6955186521249854,1.0909444228527012,1.5094339848805318,Good
1.4514780520717157,3.3703290809082587,1.0012719626894675,1.3596004599156697,Good
1.2902358906175315,3.4728395191569468,1.017955703070346,1.2397336399437795,Good
1.4598907006034263,5.614389533355069,1.094124287602021,1.354605609527441,Bad
2.4243057380130053,5.5275916830558565,1.1352506708122814,1.6742508623418806,Bad
2.1501940635408925,6.288800311306964,1.2518460940536338,1.609322601967707,Bad
1.3735443622011485,5.085935445873605,1.0114475522736106,1.764150977320798,Good
3.7061809215737695,5.815529589937213,1.2926544795958026,2.138734789732954,Bad
1.9970140101594172,6.549099208060325,1.1772250198212204,1.6243059544641931,Bad
3.8163631082320384,5.941703564254388,1.4010882145355616,1.5793558969747346,Bad
1.4066106792317452,4.596857482410105,1.006359757481539,1.3346286053109258,Good
2.02634137945335,5.389585940704437,1.1106596346677031,1.639289306960679,Bad
3.219278482605486,3.169189024326115,1.0750450431403031,2.0238628201492928,Moderate
1.3729601496017674,6.395286223615157,1.0012166404974738,1.3645953103038984,Bad
1.6169265055433228,2.91674642154749,1.0961151869413135,1.1498335249648624,Good
1.6100328226693752,5.101648033823081,1.0256510003886514,1.325353310781501,Moderate
2.8381606405777,3.0390395759494333,1.0676253493975905,2.223640054323643,Moderate
2.8059122082868626,5.251580198353017,1.0206830003886511,1.5493891919817622,Bad
2.7252911275597707,4.553505884332635,1.438398765643218,1.6542726594571655,Bad
1.544017056926803,6.253305007204232,1.0279828993392923,1.329633754922697,Bad
1.6870318239784252,4.305038755613516,1.024332949863972,1.4445057245063584,Moderate
2.1260077393227643,5.2752437344215055,1.0757870097162845,1.5094339848805318,Bad
1.3477222040066357,6.718719434599245,1.0450159782355228,1.2297451378355222,Bad
2.0856971989592186,2.02150752500447,1.8383210167120088,1.7691458277090266,Bad
3.3359081628285265,3.31117024073704,1.0766487990672369,2.133739939344725,Moderate
2.8928427592885217,4.671823564675073,1.0827320575204042,3.1276360545010453,Moderate
1.3386085390537867,3.912034748588076,1.01554606762534,1.2637070039381575,Good
3.829449393061931,1.3746411030362946,1.041366028760202,3.50721471730143,Moderate
2.281875183560764,6.336127383443938,1.174893120870579,1.7341842723278256,Bad
1.3493580379830206,5.145094286044824,1.034978624174116,1.0699219120942025,Good
1.20155270181773,3.535973833387672,1.0279828993392923,1.4994454827722743,Good
1.7417139426892472,6.04430865664735,1.2238631947143412,1.1798002299578347,Bad
1.4514780520717157,2.620952220691396,1.7056557139525843,2.003884617264578,Bad
1.7175276184711197,4.431212729930692,1.2670035071900505,1.7391791227160542,Good
1.9567034697958712,1.6231082317554135,1.0,1.3346286053109258,Good
1.1637228398597246,5.874688430108432,1.053633899727944,1.2397336399437795,Bad
4.945525582692087,1.3194577369245817,1.1459977271667314,5.210322051512632,Bad
1.5524296409616491,5.515759915021612,1.1119315973571706,1.5793558969747346,Moderate
2.913407004088607,5.259436492327756,1.1783909832879906,1.6193123027441645,Bad
4.400743786441938,1.1104613863676998,2.0864664842596192,2.4483903417709363,Moderate
3.2977008007221245,2.814235983298802,1.114263496307812,1.529412187765247,Moderate
3.565853545378672,2.7314136070590957,1.1107149568596968,3.342397839840081,Moderate
4.280927445133647,4.013125374672654,1.0,2.098779582631724,Moderate
1.914172947353424,3.930302998432948,1.0340661298095608,1.3645953103038984,Good
1.5831591720915876,4.040764384800648,1.0151574131364167,1.5793558969747346,Moderate
2.1577187192410423,3.701618585867085,1.0546332809949477,1.3695889620239272,Good
3.837862041593641,1.812416520303314,1.08861252390206,3.042730789910357,Moderate
2.402105723733399,4.94395422946268,1.159380856587641,1.419533869901615,Bad
2.842366932595122,8.217378500888696,1.024332949863972,1.6892342148383668,Bad
1.0,4.939978755403175,1.0,1.15982202707312,Good
2.7072699296332763,6.883512299780191,1.1991723995336183,1.779134329817284,Bad
5.270814100278737,1.6073956438059378,1.2129133742712788,4.10654881716088,Bad
2.7526321869151813,5.519735389081118,1.0194663598911775,1.3446171074191833,Bad
1.7571370779166626,4.178770127152067,1.1107656338904004,1.1148719695836613,Good
2.865034355652352,5.038608373736629,1.1667314325689857,1.7142060694431107,Bad
1.283225339424962,4.581050240316355,1.067413350952196,1.2597118428284946,Good
2.9612910242787915,3.5946594028375207,1.167897396035756,2.1886796976106413,Moderate
1.3708569713446237,7.314188656226666,1.0,1.0799116128706598,Bad
1.647656036673261,5.93384727027965,1.1713952584531675,1.1048834674754036,Bad
1.66459813755844,5.517085073041448,1.1597357077341623,1.589345597751192,Bad
1.0953431995333696,4.900507977240936,1.0279828993392923,2.198668199718899,Good
3.21532708219689,2.033339293038713,1.0304162083171395,2.7780240966936334,Moderate
2.962948077723624,6.075828486690575,1.0425826692576758,1.4544954252828155,Bad
3.3723629516336517,5.089816265788837,1.081515389040031,2.0338513222575503,Bad
4.421138017506987,1.9898930408169704,1.0656989786241742,3.94672559141956,Moderate
3.182143896847671,3.737113889969816,1.163233570151574,2.248613107596586,Moderate
2.27650046634458,5.279124554336737,1.06645938593082,1.5843507473629632,Moderate
1.658989683705011,5.290956322370981,1.0827320575204042,1.2896785478214672,Good
1.2982979986902408,5.085935445873605,1.072289147298873,1.943951207278633,Bad
1.4290443656517304,4.076259688903379,1.0401493882627284,1.294672199541496,Good
1.8008360900547362,3.4531514571479653,1.032879906723669,1.329633754922697,Good
2.0515793250484817,5.685380141560532,1.041366028760202,1.449500574894587,Bad
2.298349940165184,2.8970583595385087,1.008516539448115,1.4794672798875594,Good
3.243369222470304,3.725282121935572,1.015816410415857,3.137624556609303,Moderate
1.3574201460557298,5.882544724083169,1.0944422852701128,1.0,Bad
2.17438038775902,2.91674642154749,1.0,1.354605609527441,Good
1.888935066255157,3.3703290809082587,1.1119315973571706,1.5044391344923034,Good
1.8328507857083287,2.131874257227896,1.0,1.3845723145204134,Good
1.970257163403387,5.1844704100627865,1.0,2.0338513222575503,Bad
1.5724096731623538,3.934278472492454,1.125923047026817,1.11986681997189,Good
2.1553351086166974,4.163057539202592,1.0377160792848814,1.9889012647680917,Moderate
2.8212685892594367,1.2799869587623445,1.0795303381267003,3.422308254042542,Good
1.7605255496911902,5.050440141770873,1.0874465604352896,1.0199782028847149,Moderate
2.045386658595673,6.61223352229105,1.1982121943256898,1.529412187765247,Bad
1.4971633096514465,5.744538981731751,1.047804110376992,1.11986681997189,Moderate
2.727978518416295,2.155537793296383,1.1643995336183444,1.669256011953652,Good
1.3520453643426806,3.0074250917619345,1.029148862806063,1.274695195324981,Good
2.5828605731075296,5.578894229252337,1.1539059463661097,2.038846172645779,Bad
2.819933246175137,7.39313021255114,1.0133831294209097,1.669256011953652,Bad
2.4469731610702343,2.9955933237276904,1.018249719393704,1.234738789555551,Good
1.2664001068584052,5.397442234679175,1.0279828993392923,1.3596004599156697,Moderate
2.770732071016466,5.630196775448819,1.0496060411970465,1.6193123027441645,Bad
3.506965070153562,4.301063281554011,1.0669156191216478,1.829079237694972,Bad
2.1260077393227643,5.772177991859743,1.1180148278274389,1.644284157348908,Bad
2.7467900609213736,1.958373210773745,1.0979401476875243,2.298556816806074,Good
2.4968647106673885,5.559206167243356,1.1352506708122814,1.449500574894587,Bad
1.995495108998519,2.818116803214034,1.0024333089778468,1.5194224869887896,Moderate
1.4326664450697726,3.0902474680016403,1.1154294597745822,1.0,Good
2.4323678460857145,6.943523027249876,1.2215312957637,1.2097669349508071,Bad
1.405792794491985,6.304607553400713,1.1947143319082782,1.0,Bad
1.2311137432520425,3.113911004070128,1.377769141080451,1.0,Bad
2.3436846572859134,4.182745601211574,1.0524679362611735,1.4544954252828155,Moderate
2.402105723733399,2.250191937570333,1.0316328488146134,1.294672199541496,Good
3.84347049544707,1.761208628251107,1.0121664889234356,2.6681469774982007,Moderate
1.6261570388147937,7.353659434388902,1.1037699090555773,1.4744724294993308,Bad
2.7526321869151813,5.219965714165518,1.0024333089778468,2.003884617264578,Bad
1.102608642334766,5.803697821902969,1.033070694131364,1.1398450228566048,Moderate
3.034338625179245,2.660422998853633,1.312475718616401,1.9639294101633475,Good
2.1985667119771475,4.687536152624549,1.3276331037699185,1.0899001149789174,Bad
2.709166911414352,5.496071853012631,1.0356145915274,2.6531636250017145,Moderate
1.5912212801642969,5.038608373736629,1.0081616883015934,1.0,Bad
1.5159749166533891,5.310739038524236,1.0394304516129032,1.3096555520379822,Bad
3.5041608754752804,4.525866874204642,1.068132287602021,1.6243059544641931,Bad
1.5831591720915876,2.534154370392184,1.08861252390206,1.3596004599156697,Good
2.27650046634458,2.83789951936729,1.3754372421298096,1.0749167624824312,Moderate
1.671842360891389,6.600401754256807,1.1737271574038088,2.4334069892744496,Bad
1.8599581729233607,3.871144158261729,1.2273610571317528,1.1098783178636322,Good
1.992690849823372,3.934278472492454,1.0121664889234356,1.6193123027441645,Good
2.281524643101763,4.991281301599655,1.0510992087057909,1.3246389045344684,Bad
1.365482254128439,3.3978734368919787,1.037310523124757,1.918979352673889,Good
3.461630353032833,2.017532050944964,1.0932763218033423,2.043839824365808,Moderate
1.7497760507619564,1.863719066499795,1.0804508356004665,1.544395540261733,Good
4.412725368975276,1.051302546196481,1.1155815468324912,4.775804829114531,Moderate
2.9517312345136317,2.648591230819389,1.090031928488146,2.6381802725052284,Moderate
1.6755197786192422,4.6264842295678505,1.0913126218422076,1.2397336399437795,Moderate
2.12168457898672,2.4908027723147144,1.0279828993392923,1.469478777779302,Good
1.6906539033964674,5.30676356446473,1.167897396035756,1.4295223720098722,Bad
1.3439832562699714,5.622245827329807,1.0139914496696465,1.3695889620239272,Moderate
1.5240370247260986,5.835217651946195,1.2028760202098718,1.0,Moderate
1.7879834128683587,5.105623507882586,1.018249719393704,1.0049948503882289,Bad
2.570358436380153,2.90093917945374,1.0863820069957248,2.458380042547393,Moderate
2.7252911275597707,2.3527970299632948,1.0279828993392923,1.7391791227160542,Moderate
2.4778194315250657,4.50617881219566,1.0462326187329964,1.799112532701999,Bad
1.6046581054531908,5.862856662074187,1.1958802953750487,1.274695195324981,Bad
1.8196476325598143,4.237928967323287,1.121259221142635,1.0149833524964862,Moderate
1.954016143436211,6.004837878485112,1.0501360373105324,1.6742508623418806,Bad
2.584379474268428,3.4846712871911905,1.0661413882627284,1.8140958851984847,Good
1.1906863990667391,2.971929787659203,1.0,1.15982202707312,Good
2.626442652430116,1.5889380856725177,1.1472784205207929,1.1098783178636322,Good
2.385280491166843,4.5850257143758615,1.0194663598911775,1.764150977320798,Moderate
1.1850779452133104,4.31687052364776,1.0,1.1298553220801475,Good
2.152881454397417,3.031088627830422,1.1072677714729888,1.3645953103038984,Good
1.9898866551450904,3.0823911740269025,1.0291995398367664,1.5194224869887896,Good
1.2289638692649416,3.279555756549541,1.0079951061018266,1.0865702147200984,Good
1.6505770996701652,1.398304639104782,1.1107656338904004,1.0,Good
3.0638996666135574,5.361946930576443,1.1539059463661097,1.6842393644501383,Bad
1.979179659649616,2.2659991796640826,1.322469615235134,2.39345178217322,Moderate
2.132901422196712,3.0074250917619345,1.0725011457442677,1.6143174523559356,Good
1.9029561041434315,4.383885657793717,1.037310523124757,1.6842393644501383,Good
1.877718223045164,4.348390353690985,1.0133831294209097,1.9739179122716053,Moderate
3.010619645241876,4.754645940914779,1.1545142666148465,2.1687014947259264,Bad
1.8975813869272469,6.079803960750081,1.1294209094442285,1.8940062994009452,Bad
1.6369065377440275,4.435188203990197,1.3041619432568985,2.1437296401211823,Good
4.662300243267124,3.149406308172859,1.0510992087057909,2.228634904711871,Moderate
2.3235878212634518,1.09465414427395,1.0145997699183833,2.5183134525333384,Good
2.626442652430116,1.5889380856725177,1.1472784205207929,1.1098783178636322,Good
3.034338625179245,5.101648033823081,1.072289147298873,1.6342956552406505,Bad
4.048177932402084,1.512741499531988,1.0948985184609406,4.316315752111686,Moderate
1.3449180093283537,3.614820735567872,1.033070694131364,1.2397336399437795,Good
2.221409373015445,2.577600622613927,1.3789351045472211,1.7192009198313394,Good
1.8693055745134532,5.13326251801058,1.0928523528954528,1.5194224869887896,Bad
3.108767039453528,3.390017142917241,1.048665899727944,2.2635964600930727,Moderate
2.2442520340537424,3.177045318300853,1.0256510003886514,1.4794672798875594,Good
1.7793370921962686,4.8611318532229735,1.0139914496696465,1.3995556670168998,Moderate
1.20155270181773,3.6661232817643534,1.0,1.0,Good
3.69484727454202,1.3667848090615569,1.0510992087057909,2.743063739980632,Moderate
2.1833772488901118,1.3431212729930693,1.0218996688690245,1.589345597751192,Good
1.6852791861802827,5.050440141770873,1.2005441212592305,1.0,Bad
3.141833356484125,3.7804654880472848,1.2331908184998055,1.419533869901615,Moderate
1.368169580488099,5.271268260362,1.0104935872522347,1.419533869901615,Moderate
1.1693042695268934,5.267292786302494,1.1260396517683635,1.0,Good
2.5828605731075296,2.569649674494915,1.0513019727944035,1.9889012647680917,Good
1.995495108998519,5.109598981942092,1.0535324897007383,1.0,Moderate
2.124488838161866,6.38742992964042,1.0024333089778468,1.4944506323840456,Bad
1.5777843903785382,3.90663946236446,1.2565099199378158,1.0699219120942025,Moderate
1.14021057237334,4.719150636812048,1.0291995398367664,1.5493891919817622,Good
3.11157123413181,2.577600622613927,1.0571824391760591,1.5643725444782484,Moderate
2.1839781661774187,3.2138657804234194,1.1737271574038088,1.3995556670168998,Good
2.738611149026907,2.6249276947509017,1.0425826692576758,1.589345597751192,Good
2.990607751590068,2.6682792928283705,1.041974349008939,1.484462130275788,Good
4.679125475833681,2.0372201129539453,1.0608323886513795,2.4833518971521373,Bad
1.6127202135259,3.516191117234416,1.1352506708122814,1.0998886170871751,Good
1.5496254462833672,5.736682687757012,1.1233791496307812,1.3596004599156697,Bad
2.531099452896747,2.510490834323696,1.0462326187329964,1.804106184422028,Good
2.1905046039044382,6.103467496818569,1.1189273221919938,1.6492790077371366,Bad
1.171991660383418,4.0249571427068975,1.0151574131364167,1.3346286053109258,Good
2.0348815382863386,6.584594512163057,1.142458394092499,2.083796230135237,Bad
3.98368106782041,2.762933437102321,1.1447810866692576,2.4384018396626788,Bad
1.1149726912750728,4.813804781085999,1.0036499494753206,1.2397336399437795,Good
2.187817277544778,3.464983225182209,1.036144587640886,1.1448386745766337,Good
1.986264575727048,3.4886467612506964,1.1865526715895842,1.6342956552406505,Moderate
2.163630953326651,4.656016322581324,1.0046638258841818,2.103773234351753,Moderate
1.1297999399706182,5.531567157115362,1.0138748449280994,1.2397336399437795,Moderate
3.522166852141734,5.515002681867421,1.0191462075398368,1.529412187765247,Bad
1.5944928191233376,4.766477708949024,1.116798187329965,1.0899001149789174,Moderate
1.3056590258449472,5.917282795031709,1.032849489312087,1.3596004599156697,Moderate
1.1822737505350285,4.518010580229904,1.035282798289934,1.2397336399437795,Good
1.6799044689640985,3.7764900139877793,1.0571317621453555,1.2277469579465907,Good
1.9352045364342685,5.216084894250287,1.0093276237854645,1.1648168774613483,Bad
3.1015228161205792,1.8005847522690703,1.0862805969685192,2.043839824365808,Good
1.8814571707818284,5.957510806348138,1.222697231247571,1.0,Bad
1.8610331421653437,4.332583111597236,1.2590750003886515,1.3396222570309548,Bad
1.827242396351765,2.660422998853633,1.024332949863972,1.6592675098453944,Good
3.837862041593641,1.2208281185911256,1.1247570835600469,2.388456931784991,Moderate
1.6505770996701652,3.0429203958646656,1.0,1.2297451378355222,Good
1.6584054711056306,3.681835869713829,1.0462326187329964,1.0,Good
2.812054760675892,2.316923109283468,1.0051968161678977,2.427978220997923,Moderate
2.4834278853784943,2.0766908911161828,1.0547491581811117,1.5643725444782484,Good
2.494644728588487,4.210384611339567,1.0279828993392923,1.5094339848805318,Moderate
3.5826787779452287,4.41152466792171,1.0742155180722892,2.058823176862294,Moderate
2.4646162783765515,2.758957963042815,1.0944422852701128,1.419533869901615,Moderate
2.413322566943392,1.7020497880798882,1.0054749102215312,2.55327380924634,Good
1.448790661215191,6.300632079341207,1.065992994947532,1.5194224869887896,Bad
2.2282446217300818,5.263411966387261,1.1170193921492422,1.5493891919817622,Bad
1.4407285531424818,5.018825657583375,1.174893120870579,1.2397336399437795,Good
4.384683293198727,2.411955870134514,1.1216647773027597,4.695893216243872,Bad
2.0880340493567418,2.364628797997539,1.5304584469490865,1.0649282603741737,Bad
1.5580380948150778,5.200277652156537,1.1422463956471045,1.0749167624824312,Moderate
2.0749477645268493,5.148975105960056,1.02215313797124,1.354605609527441,Bad
3.4723797874652025,4.021076322791666,1.1317528083948698,2.368479927568476,Moderate
3.29550203811167,2.9917125038124586,1.0966681849980566,2.173696345114155,Moderate
3.286951301792891,5.594701471346087,1.3113097551496309,2.0238628201492928,Bad
1.8438339567779425,6.464667711367962,1.1317528083948698,2.0238628201492928,Bad
3.467853719993183,4.919817422672822,1.002945563933152,2.101276408491738,Bad
1.7610630020637492,5.247604724293511,1.459892878352118,2.07380652935878,Bad
1.748724493881817,6.990850099386852,1.1459977271667314,1.4744724294993308,Bad
1.2825576678828123,3.878337873226549,1.0013325176836378,1.1065484176048133,Good
1.5384086030733746,5.018825657583375,1.0401493882627284,1.8740292951844304,Good
2.099134088744977,4.0447398588601535,1.1364166342790516,1.0649282603741737,Good
2.6903553044124093,5.13326251801058,1.7415468324912553,1.9339627051703752,Bad
3.5882872317986574,1.7257133241483755,1.079284872133696,1.9689230618833768,Moderate
2.396497334376836,2.6406402827003777,1.0097331799455889,1.8140958851984847,Good
1.1233852753099187,6.65558512036852,1.0862805969685192,2.198668199718899,Bad
3.668557772066748,1.3154822628650755,1.380101040031092,2.0887898818552664,Moderate
1.14021057237334,2.948266251590716,1.0389327197823552,1.4295223720098722,Good
2.397432087435217,4.801973013051755,1.13291877186164,1.4544954252828155,Moderate
1.5939086065239567,5.050440141770873,1.0909444228527012,1.7192009198313394,Moderate
3.302257633198549,2.1871522774838823,1.184930474931986,3.4872365144167152,Moderate
2.365183655144381,6.079803960750081,1.1410804601632336,1.4744724294993308,Bad
1.1773663775996026,3.1928525603946025,1.0559657986785853,1.0749167624824312,Good
2.12063302210658,6.4347570017773945,1.1177613587252235,1.729189421939597,Bad
2.360042610068576,4.036788910741142,1.226296503692188,1.4894557819958172,Moderate
1.5131707219751074,6.241473239169988,1.0632656976292263,1.389567164908642,Moderate
4.157542169823728,3.2007088543693403,1.0610535934706569,2.1687014947259264,Moderate
2.566736356962111,4.967617765531168,1.0034978624174116,1.5433958509831676,Bad
2.4001194137948776,7.56663125900529,1.0501360373105324,1.604328950247678,Bad
1.8088981981274452,4.443044497964936,1.0163233486202876,1.3695889620239272,Good
2.968556467080188,2.52232260235794,1.0778654675476098,2.11376293512821,Good
3.327261842156437,3.2401796325315777,1.2366886809172173,1.839067739803229,Moderate
1.8160255531417728,2.557817906460671,1.1800638849591916,1.254716992440266,Good
1.8814571707818284,2.2423356435955952,1.060629624562767,1.0049948503882289,Good
2.9214691121613163,1.9386851487647636,1.0699572483482316,1.7741394794290557,Moderate
1.8035234164143965,1.650747241883407,1.1585697722502917,1.469478777779302,Good
1.5748633273816344,4.577169420401123,1.0036499494753206,1.6865096420204058,Good
2.64607214417182,5.582869703311843,1.0559657986785853,2.4983352496486235,Bad
2.362496264287856,2.3764605660317826,1.5200155367275554,1.7691458277090266,Bad
1.9786698119350976,2.9522417256502216,1.1800638849591916,1.1298553220801475,Good
1.4626948952817085,3.677955049798597,1.0165353470656822,1.449500574894587,Good
1.5218382621156448,6.111323790793307,1.0292548620287605,1.4851753378546209,Bad
1.8975813869272469,2.664303818768865,1.2005441212592305,1.3596004599156697,Moderate
1.2748127553901158,6.075828486690575,1.0279828993392923,2.198668199718899,Bad
2.242265724115221,6.624065290325294,1.032849489312087,1.3645953103038984,Bad
1.9730614225785337,5.373778698610687,1.0231163093664983,1.0,Bad
2.8730964637250613,5.851024894039943,1.268381441119316,1.8140958851984847,Bad
1.5939086065239567,3.5478056014219157,1.2273610571317528,1.2647054945485237,Good
2.281875183560764,4.234048147408054,1.1830548091721729,1.4544954252828155,Moderate
1.684227629300143,5.776058811774976,1.0466381748931208,1.0799116128706598,Bad
2.187817277544778,4.87684444117245,1.0466381748931208,1.6592675098453944,Bad
2.884430110756811,4.762502234889517,1.0425826692576758,1.4744724294993308,Bad
2.8704090728685365,4.415405487836942,1.2670035071900505,1.4544954252828155,Moderate
2.6661689801942816,2.3093507777415523,1.914108054411193,1.604328950247678,Bad
2.245069918793503,5.452720254935162,1.167897396035756,1.4295223720098722,Bad
2.2576888593426365,2.3527970299632948,1.4349009032258064,1.5843507473629632,Bad
1.7935918667217872,5.815529589937213,1.1154294597745822,1.0899001149789174,Bad
1.2610587345212094,4.459135702491508,1.0133251768363778,1.2397336399437795,Good
2.5936100075398985,1.7532576801320952,1.4349009032258064,1.8190895369185145,Moderate
2.1973982867783857,3.993437312663673,1.090031928488146,1.314650402426211,Good
3.227829218924266,4.667848090615568,1.2856587547609797,1.6642623602336228,Bad
1.3757643442800491,7.349683960329396,1.0632656976292263,1.2397336399437795,Bad
2.0856971989592186,4.652040848521818,1.3567819665759813,1.3795786628003843,Bad
2.1958793856174874,5.44476930681615,1.0163233486202876,1.3396222570309548,Bad
4.093045305242054,1.3786165770958003,1.0729988775748154,2.6731406292182296,Moderate
1.8062108072709209,3.3308583027460217,1.037776914108045,1.9800874574955585,Good
3.692043015366873,4.782190296898499,1.0194663598911775,2.5882353646275407,Bad
2.65448479270353,3.1020792360358844,1.1058483668869024,1.9339627051703752,Good
2.3786204804332747,1.9938685148764763,1.4652157015157403,1.2397336399437795,Good
1.415023327763456,2.979880735778215,1.015816410415857,1.11986681997189,Good
2.359808873431332,2.463163762186721,1.0396424500582977,1.3795786628003843,Good
2.3194983330677856,4.502203338136154,1.28799068169452,1.5144288352687607,Moderate
1.4740519546753017,2.9877370297529526,1.0025438973960357,1.3645953103038984,Good
2.827411141648466,2.680111060862614,1.276331130975515,1.7042175673348532,Bad
2.674231088266991,4.021076322791666,1.0559657986785853,1.4395120727863295,Moderate
1.7363392254730623,4.624496492538098,1.012825486202876,1.034961555381201,Moderate
2.9590922616683377,1.2248035926506315,1.2355227454333464,1.5743622452547057,Good
1.9309982444168448,2.7826214991113023,1.0725011457442677,1.6243059544641931,Good
1.0429979312200706,4.1157304670656165,1.0139914496696465,1.7192009198313394,Good
1.6449686458167367,3.29536299864329,1.0921103863194714,1.2197554370590649,Good
1.8411466304182824,3.461007751122703,1.1313979572483484,1.3645953103038984,Good
2.1188803843084374,3.4806958131316845,1.0912485969685193,1.294672199541496,Good
2.0684045576150387,1.7769212162005823,1.0462326187329964,1.5943392494712207,Good
2.438560512538524,5.590725997286581,1.2165632957637,1.374583812412156,Bad
2.1690056705428358,6.004837878485112,1.2308589195491644,1.639289306960679,Bad
2.012320341565076,4.5298423482641486,1.0620490291488536,1.5394006898735046,Bad
1.661092861962155,6.324295615409695,1.1947143319082782,1.1947835824543211,Bad
2.507614209596622,3.4886467612506964,1.0198212110376992,1.4544954252828155,Moderate
1.4837264843625526,3.3860416688577346,1.0582976976292269,1.529412187765247,Good
2.908032222375558,2.8772756433852527,1.0804508356004665,1.8790229469044597,Moderate
2.142131955468183,6.190170692973507,1.0396424500582977,1.3835738239100477,Bad
2.4918405339102048,4.9281469873689305,1.0523158492032647,1.7391791227160542,Bad
2.27112568463153,2.510490834323696,1.1340847353284105,1.6143174523559356,Good
2.088384589815744,4.73883869882103,1.0025438973960357,1.3645953103038984,Bad
1.419229619780879,4.821661075060737,1.3521181406917997,1.2796888470450098,Bad
2.1690056705428358,2.829948571248278,1.475709288767975,2.683130329994687,Good
1.9225855958851343,3.425512447019972,1.0072998989506412,1.2846836974332383,Good
2.7790384932122105,5.448744780875656,1.1842207446560435,2.158712992617669,Bad
1.7094655103984104,2.4908027723147144,1.0534219012825496,1.5993340998594494,Good
2.0292624424502543,1.851887298465551,1.0687912848814614,1.3695889620239272,Good
1.3332338218376023,5.851024894039943,1.0851146614846483,1.1897887320660925,Bad
1.1289937291633474,5.105623507882586,1.041366028760202,1.0,Good
1.7282771174003533,4.427237255871185,1.1154294597745822,1.3346286053109258,Moderate
2.160943562470126,5.436913012841412,1.0632656976292263,1.3396222570309548,Bad
1.5131707219751074,6.241473239169988,1.0632656976292263,1.389567164908642,Moderate
1.5720591327033524,4.951810523437418,1.0206830003886511,1.329633754922697,Bad
2.8327859233615147,3.149406308172859,1.1119315973571706,1.6143174523559356,Moderate
2.177067778615545,6.300632079341207,1.1282549459774582,1.154828375353091,Bad
2.217027778520089,6.588569986222563,1.0304162083171395,1.5194224869887896,Bad
2.547924749960168,3.567493663430897,1.209871745044695,2.7330740392041744,Good
2.327560441140495,5.728731739638,1.13291877186164,1.6342956552406505,Bad
1.599283388237006,6.036357708528338,1.0198212110376992,1.0,Bad
3.6499799017020487,1.6980743140203822,1.0851653385153517,3.287458081574165,Moderate
2.47805316816231,5.129287043951074,1.1993781577924605,1.4644839273910732,Bad
2.099134088744977,5.535542631174868,1.08348230703459,1.779134329817284,Bad
2.8704090728685365,3.342690070780266,1.3999222790516908,1.8890126476809168,Moderate
1.765900266907375,2.5894323906481707,1.0617955600466382,1.1448386745766337,Good
2.020732990096786,4.813804781085999,1.0245762891566266,1.884017797292688,Bad
4.146325326613735,2.9837615556934467,1.1070650073843762,2.4034402842814773,Bad
1.0307127619451473,4.953987568755718,1.0106601414691023,1.0,Good
2.4726783864492603,2.6249276947509017,1.4617178390983288,2.0088794676528066,Bad
1.6530307538894458,4.147250297108842,1.1713952584531675,1.3046619003179534,Moderate
1.7066613157201282,2.6959183029563643,1.0,1.3795786628003843,Good
3.764151348428424,1.5442613295752132,1.0903084554994171,4.006659001405504,Moderate
2.281875183560764,3.701618585867085,1.132282804508356,1.0299667049929724,Moderate
2.088384589815744,2.3843168600065203,1.0816167990672367,1.254716992440266,Good
3.2224544372112174,4.510059632110892,1.2355227454333464,2.5183134525333384,Moderate
2.335622549213204,5.6893556156200376,1.0757870097162845,1.6492790077371366,Moderate
2.1690056705428358,6.004837878485112,1.2308589195491644,1.639289306960679,Bad
1.6505770996701652,4.447019972024441,1.0669156191216478,1.6842393644501383,Good
2.475015236846784,5.874688430108432,1.018249719393704,1.8091010348102567,Bad
2.1367572382519984,6.225665997076239,1.241352506801399,1.5144288352687607,Bad
1.684227629300143,4.589001188435367,1.0863820069957248,1.6592675098453944,Good
1.773962374980084,5.6498848374578,1.1958802953750487,1.1148719695836613,Moderate
1.8492087384909917,3.752826477919292,1.1445783225806452,1.5993340998594494,Moderate
2.636607938759969,1.8715753604745329,1.0897784593859308,1.2996670499297247,Good
1.5888844297667737,5.290956322370981,1.0316328488146134,1.3845723145204134,Bad
1.6954444725101356,4.947835049377912,1.0097331799455889,1.2697003449367523,Good
2.017928795418504,5.819505063996719,1.0,1.779134329817284,Bad
2.5927921228001383,5.780034285834482,1.0279828993392923,1.589345597751192,Bad
4.597803378685451,2.2305038755613515,1.158164216090167,2.633185422117,Moderate
1.7497760507619564,5.507903621046875,1.1958802953750487,1.2796888470450098,Moderate
3.389188184200208,5.022801131642881,1.164247446560435,2.423418487166193,Bad
2.1525309139384152,3.4846712871911905,1.0863820069957248,1.469478777779302,Good
3.17887235788863,1.8479118244060453,1.083948698017878,2.35349657507199,Moderate
2.3168110067081256,4.9123397452751805,1.1317528083948698,1.6742508623418806,Bad
3.5265945618952657,1.504790551412976,1.159380856587641,2.103773234351753,Moderate
1.144350110135921,6.266177970825489,1.014657722502915,1.1997784328425498,Moderate
1.0,5.464552022969405,1.0,1.0,Good
1.8223350234163396,4.147250297108842,1.0582976976292269,1.2697003449367523,Good
2.6065582690795863,4.628377312453329,1.2022400528565875,1.7491676248243118,Bad
1.4138549025646945,6.067972192715837,1.2366886809172173,1.0849052645906887,Bad
2.4834278853784943,3.81198531809051,1.008516539448115,1.3695889620239272,Moderate
2.133302076719493,5.145094286044824,1.191216469490867,1.5244173373770182,Moderate
1.674529687251049,2.1279934373126634,1.2966187329965022,1.3695889620239272,Moderate
2.6124216145418417,6.257280481263738,1.2017100567431014,2.0638180272505227,Bad
1.6739922348784897,3.2575013409337106,1.0069957248348231,1.4653649485178666,Good
2.0856971989592186,3.768633720013041,1.0594636610959969,1.5793558969747346,Moderate
1.647656036673261,5.791866053868725,1.0151574131364167,1.374583812412156,Moderate
1.8115855244871053,3.6345087975768537,1.0034978624174116,1.414539019513386,Good
2.4161268261185387,2.2896627157325704,1.0,1.604328950247678,Good
2.583398025480089,5.022801131642881,1.0778654675476098,1.6143174523559356,Bad
1.4326664450697726,4.458851740058686,1.0151574131364167,1.0299667049929724,Good
1.9970140101594172,5.3264516264737125,1.0851146614846483,1.3246389045344684,Bad
1.9835771848705237,2.774765205136565,1.3334628931208703,1.0,Bad
2.8972827879431886,5.034632899677124,1.3229693058686358,1.3845723145204134,Bad
3.120334423122522,2.841780339282521,1.3019821313641664,1.918979352673889,Moderate
1.7683539211266557,4.87684444117245,1.0788609032258063,1.4045505174051285,Bad
4.990392955532057,2.364628797997539,1.024332949863972,3.0027743841409267,Bad
1.3998805604063769,4.210384611339567,1.8483906350563544,1.094894965367146,Bad
2.491489993451204,1.3312895049588254,1.179556946754761,1.5244173373770182,Good
1.4864138752190772,5.058296435745612,1.0093276237854645,1.0,Moderate
1.070105318435102,5.393561414763943,1.0279828993392923,1.0499449078776877,Good
1.336305098032117,4.612664724503855,1.0,1.0,Good
1.5247699670952048,2.5421053185111955,1.0783521181500195,1.11986681997189,Good
3.037514579784976,2.7984287412050524,1.0304162083171395,1.9139845022856603,Moderate
1.1766652966815998,5.727974506483809,1.0072998989506412,1.2397336399437795,Good
5.296052045873868,1.654722715942913,1.0255495903614458,3.62708153727332,Bad
1.4810390935060278,5.902327440236425,1.0781189366498252,1.4794672798875594,Moderate
3.975268419288699,2.5421053185111955,1.0145997699183833,3.562153276899146,Bad
1.9394108284516915,3.8909268744149847,1.1362645472211426,1.4544954252828155,Good
2.67960586998004,3.859312390227485,1.054799835211815,1.5743622452547057,Good
1.4622275510009497,4.379910183734211,1.0279828993392923,1.2697003449367523,Good
1.2081489896490918,2.8260677513330457,1.0104935872522347,1.0499449078776877,Good
1.995495108998519,2.325158019835301,1.0097331799455889,1.7841291802055128,Good
1.102120014088695,4.84930008518873,1.0,1.0699219120942025,Good
3.700455663898584,3.748945658004059,1.0316328488146134,2.0238628201492928,Moderate
1.5374738500149925,3.429487921079477,1.1783909832879906,1.2996670499297247,Moderate
2.9429680455229192,3.654291513730109,1.018249719393704,1.5743622452547057,Moderate
1.6288444296713185,6.127131032887056,1.0038158600855034,1.349611957807412,Moderate
3.4733145405235843,2.9640734936844653,1.10828164788185,2.47336339504388,Moderate
1.5496254462833672,4.5731939463416165,1.0218996688690245,1.1997784328425498,Good
1.3505264631817822,3.157357256291871,1.0279828993392923,1.3196452528144396,Good
2.371407022104731,5.389585940704437,1.4324629770695685,1.4794672798875594,Bad
1.9217677111453744,5.511879095106381,1.125923047026817,1.0899001149789174,Moderate
2.045970871195053,6.154675388870776,1.0462326187329964,1.2397336399437795,Bad
2.413556303580636,4.778309476983267,1.0046638258841818,1.7142060694431107,Bad
1.8868318879980128,3.9619174826204473,1.096774184220754,1.0,Good
2.570358436380153,3.63848427163636,1.0474492592304705,1.414539019513386,Good
1.3028548311666652,4.454876265999179,1.06486945355616,1.329633754922697,Good
1.8518960648506515,3.031088627830422,1.0408083855421686,1.0849052645906887,Good
2.4323678460857145,2.1950085714586205,1.0,1.3995556670168998,Good
2.0151245362433574,2.6682792928283705,1.0632656976292263,1.7142060694431107,Good
3.481727189055296,4.088091456937622,1.0401493882627284,1.9988897668763488,Moderate
2.327560441140495,5.465403910267871,1.2401865433346289,1.1248616703601186,Moderate
3.2882365953102743,2.498659066289452,1.1034150579090556,2.133739939344725,Moderate
1.544017056926803,4.565337652366879,1.007786549553051,1.5044391344923034,Good
2.295312008849658,4.245879915442298,1.1853867081228138,1.6742508623418806,Moderate
1.314422214835659,2.2659991796640826,1.0279828993392923,1.7391791227160542,Good
2.828345894706848,1.6349399997896574,1.0255495903614458,1.609322601967707,Good
1.776766569658366,4.2970878074945045,1.081515389040031,1.059933409985945,Moderate
2.6853311276552256,2.407980396075008,1.090031928488146,2.0288564718693216,Moderate
1.24396642043842,3.12186195218914,1.0788609032258063,1.2597118428284946,Good
1.193490593745021,4.34441487963148,1.0279828993392923,2.0788013797470093,Good
4.771664480688768,3.153381782232365,1.0133831294209097,2.488346747540366,Moderate
1.1876272482827657,4.312895049588255,1.031798759424796,1.314650402426211,Good
1.1233852753099187,4.166938359117824,1.0279828993392923,1.3596004599156697,Good
1.7282771174003533,4.261592503391773,1.2320248830159346,1.569367394866477,Good
2.124488838161866,3.950085714586204,1.0948985184609406,2.2436182572083574,Good
1.737507650671824,5.724850919722768,1.0340661298095608,1.294672199541496,Moderate
3.829449393061931,1.157788458504675,1.2214298857364945,2.628190571728771,Moderate
2.1833772488901118,6.265136775238476,1.058399107656432,1.449500574894587,Bad
1.3589390472166285,4.277399745485523,1.067413350952196,1.11986681997189,Good
2.217027778520089,2.948266251590716,1.0316328488146134,1.6243059544641931,Good
1.6799044689640985,3.7764900139877793,1.0571317621453555,1.2277469579465907,Good
1.7475772881515026,4.198552843305323,1.0814048006218422,1.6942290652265954,Good
1.342329492165233,2.35961212835102,1.0408980707345512,1.1331852223389665,Good
4.858595031690427,3.299338472702797,1.0644823381267003,2.4983352496486235,Moderate
1.243329062422624,3.768633720013041,1.033070694131364,1.4994454827722743,Good
2.0749477645268493,1.398304639104782,1.0163233486202876,1.5194224869887896,Good
2.3011541348434656,5.598582291261319,1.0766487990672369,1.5244173373770182,Bad
2.182442495831729,4.778309476983267,1.3416245534395648,1.0899001149789174,Bad
2.623171113471076,6.549099208060325,1.2133696074621063,1.5044391344923034,Bad
1.9002687132869067,4.951810523437418,1.0932763218033423,1.274695195324981,Moderate
2.6661689801942816,2.459282942271489,1.541002711232025,1.943951207278633,Bad
1.6926402133349892,5.101648033823081,1.0279828993392923,1.7841291802055128,Bad
2.090838244035024,4.596857482410105,1.0705655685969686,1.9139845022856603,Moderate
1.737507650671824,5.724850919722768,1.064360668480373,1.2796888470450098,Bad
2.5640489661055863,2.139825205346908,1.2751651675087443,1.529412187765247,Good
2.281524643101763,4.991281301599655,1.0510992087057909,1.3246389045344684,Bad
1.5720591327033524,4.510059632110892,1.1869766404974738,1.3246389045344684,Good
2.281524643101763,4.9321224614284365,1.026766258841819,1.569367394866477,Moderate
2.045970871195053,2.3882923340660263,1.0340661298095608,1.2896785478214672,Good
1.3981980307000346,4.675704384590305,1.0851146614846483,1.059933409985945,Moderate
1.7431160400283885,4.924171513309425,1.0559657986785853,1.374583812412156,Bad
3.03866178551529,2.1437060252621394,1.0,2.293563165086045,Good
2.795162709357629,6.588569986222563,1.1982121943256898,1.943951207278633,Bad
1.131681120019872,4.407549193862204,1.0,1.2097669349508071,Moderate
2.418931020796821,2.1792013293648704,1.0571317621453555,1.5244173373770182,Good
2.410868912724111,5.661716605492043,1.1597357077341623,1.0799116128706598,Bad
2.1905046039044382,3.677955049798597,1.1585697722502917,1.2796888470450098,Moderate
2.867721682012012,3.419833198363535,1.3066459292654489,1.0499449078776877,Moderate
3.4172303244736217,3.21651609646309,1.0985484679362612,1.779134329817284,Moderate
1.297246441810101,3.4728395191569468,1.0,1.0,Good
2.775065873335167,1.6665544839771569,1.0279828993392923,2.6381802725052284,Good
1.7655497264483735,4.494347044161417,1.0437993097551497,1.2796888470450098,Moderate
1.3386085390537867,3.3032192926180284,1.095608248736883,1.604328950247678,Good
3.742518842060272,3.074534880052165,1.159380856587641,2.608213567512256,Bad
2.259090956681778,3.82779256018426,1.024332949863972,1.5394006898735046,Good
2.2226362323735174,3.1375745401386155,1.0788609032258063,1.6342956552406505,Good
2.884430110756811,3.046895869924171,1.0097331799455889,1.544395540261733,Moderate
3.3111376260110186,2.356677849878527,1.348620278274388,2.15371814222944,Moderate
1.6852791861802827,5.050440141770873,1.2005441212592305,1.0,Bad
1.980889794013999,4.20640913728006,1.0888152879906725,1.6992227169466243,Good
3.3380113410856707,1.354953041027313,1.61912164788185,1.7524975250831307,Moderate
1.7900865911255024,7.128855841738271,1.2191993688301594,1.2397336399437795,Bad
1.6758149807684326,4.829517369035474,1.0,1.419533869901615,Moderate
2.0872328693049083,3.5990134934741222,1.0279828993392923,1.2597118428284946,Good
2.093759307031928,5.180589590147555,1.0571317621453555,1.5194224869887896,Bad
2.0803224817430337,4.73883869882103,1.0163233486202876,2.103773234351753,Bad
1.9137056030726651,5.6498848374578,1.2250291581811117,1.3995556670168998,Bad
1.1641738664337442,4.111754993006111,1.0292548620287605,1.1248616703601186,Good
4.956742425902078,3.074534880052165,1.0012166404974738,2.743063739980632,Bad
1.5231412277739236,3.73313841591031,1.020351207151185,1.234738789555551,Good
2.9937943481784552,2.356677849878527,1.0523158492032647,1.9289678547821465,Moderate
2.2684383582718706,5.665692079551549,1.191216469490867,1.5793558969747346,Bad
2.041163661890323,4.312895049588255,1.0306479347065682,1.983906414379863,Moderate
1.2848611734013469,4.498227864076648,1.0433734939759036,1.2397336399437795,Good
1.825022414272864,5.413249476772925,1.0305267967353284,1.1148719695836613,Bad
2.884430110756811,2.538129844451689,1.0635974908666923,2.038846172645779,Good
3.21532708219689,2.11616166927842,1.026766258841819,1.7142060694431107,Moderate
1.6154076043824244,6.170482630964526,1.1888845705402251,1.5194224869887896,Bad
1.722902335687304,2.0096757569702257,1.0769529731830547,1.5793558969747346,Good
2.573162631058436,2.171345035390133,1.00875985075787,3.976692296412532,Moderate
1.599283388237006,3.323002008771284,1.0081616883015934,1.254716992440266,Good
1.3252885175866504,7.262980764174459,1.0454722114263506,2.198668199718899,Bad
3.708868312430294,2.02150752500447,1.081515389040031,3.042730789910357,Moderate
2.107663541098445,2.6682792928283705,1.058399107656432,1.609322601967707,Good
1.9352045364342685,1.812416520303314,1.1002720466381657,1.5394006898735046,Good
2.813974316359572,3.6503160396706034,1.0781189366498252,1.729189421939597,Moderate
1.636555997285026,7.511447892893577,1.0,1.4395120727863295,Bad
1.8046751369252312,4.028932616766404,1.2467582992615625,1.7841291802055128,Bad
1.9534319308368304,5.898351966176919,1.184930474931986,1.5144288352687607,Bad
2.813974316359572,2.3291334938948074,1.02215313797124,1.7391791227160542,Good
1.2848611734013469,6.0285014145536,1.0,1.9289678547821465,Bad
1.3393096199717895,3.2480359265063155,1.0190792444617178,1.254716992440266,Good
3.302257633198549,5.1844704100627865,1.0072998989506412,2.283573464309588,Bad
2.8928427592885217,1.4141118811985318,1.0559657986785853,1.9239730043939176,Good
1.9244550375050344,5.11745527591683,1.1958802953750487,1.6243059544641931,Moderate
1.3112674796983756,4.727006930786786,1.0218996688690245,1.204772084562579,Good
1.9562361255151124,5.141118811985318,1.0,1.4045505174051285,Bad
1.1854284856723118,5.334402574592724,1.0466381748931208,1.2397336399437795,Moderate
2.314123615851601,3.0823911740269025,1.2973183054799844,1.908989651897432,Bad
1.8216339424983363,3.050871343983677,1.0291995398367664,1.3795786628003843,Good
1.5294117419422832,6.056140424681594,1.3248449716284494,2.058823176862294,Moderate
2.7077648140752117,2.7274381329995894,1.0135047990672368,2.598223866735798,Moderate
2.023887725234069,3.4846712871911905,1.0389327197823552,2.11376293512821,Good
1.2702725631047536,6.855683981363651,1.062628387096774,1.4328522722686912,Moderate
1.7067781195418856,3.31117024073704,1.1469102215312863,1.4395120727863295,Good
1.4622275510009497,5.018825657583375,1.02215313797124,1.4395120727863295,Moderate
2.410868912724111,2.8575875813762712,1.6599300334240188,1.5843507473629632,Bad
2.867337796674022,3.8514560962527473,1.025317863972017,1.414539019513386,Moderate
2.158139367791844,3.4491759830884594,1.0802987485425573,2.003884617264578,Good
1.2714242836155885,3.6503160396706034,1.0851146614846483,1.15982202707312,Good
1.7632128760508503,6.2848248372474576,1.307811892732219,1.3346286053109258,Bad
1.4346527550082944,4.510059632110892,1.072289147298873,1.0,Good
1.634219146887503,3.177045318300853,1.0104935872522347,1.589345597751192,Good
3.230516545283926,3.1849016122755907,1.4978624267392149,1.8890126476809168,Moderate
1.2848611734013469,5.768202517800238,1.047804110376992,1.2397336399437795,Moderate
3.0638996666135574,2.4868272982552084,1.053633899727944,2.4783570467639087,Moderate
1.5885338893077725,3.567493663430897,1.0279828993392923,1.4544954252828155,Good
2.489036339231923,3.117886478129634,1.0863820069957248,1.7741394794290557,Good
1.5692549380250704,2.9285781895817338,1.0178073097551497,1.4245287202898431,Good
2.865034355652352,6.265136775238476,1.1177613587252235,1.529412187765247,Bad
1.6786191754467146,4.24976073535753,1.0127194869801788,1.4045505174051285,Moderate
2.263063576558821,3.855431570312253,1.08861252390206,1.7541624752125404,Moderate
3.647175642526903,2.6682792928283705,1.0231163093664983,2.543285307138082,Moderate
3.080023882758976,1.828223762397064,1.3218033424018656,2.213651552215385,Moderate
2.2633797401890003,2.1926422178517715,1.0,1.5673692149775456,Good
2.4028068046514024,6.134987326861794,1.1865526715895842,1.6842393644501383,Bad
3.422838713830185,3.882975926295973,1.081515389040031,2.098779582631724,Moderate
1.9870824604668085,4.064427920869136,1.058399107656432,1.2996670499297247,Moderate
2.107663541098445,5.523710863140624,1.2141300147687524,1.3945620152968707,Good
1.4971633096514465,2.869419349410515,1.0116595507190052,1.5793558969747346,Good
1.5374738500149925,3.165213550266609,1.0081616883015934,1.5044391344923034,Good
1.1374063776950578,5.79584152792823,1.0790821080450836,1.2397336399437795,Good
2.0684045576150387,4.995162121514888,1.059615748153906,1.2647054945485237,Bad
1.620782321598609,3.173069844241347,1.8056743194714344,1.0249718546047435,Bad
2.3849852890176524,5.598582291261319,1.1240980862806065,1.3346286053109258,Bad
1.4353538359262972,5.764227043740732,1.0186552755538285,1.4328522722686912,Bad
2.0212003343775446,3.263843168600065,1.517683637776914,1.2297451378355222,Bad
3.411621870620193,1.3116014429498437,1.0,2.3085465175825317,Moderate
1.8599581729233607,6.781759094685695,1.241352506801399,2.3285235217990463,Bad
1.9244550375050344,5.389585940704437,1.1900505340069958,1.4245287202898431,Bad
1.7820244830527932,6.111323790793307,1.0431403124757093,1.5344058394852758,Bad
1.193490593745021,2.93255366364124,1.0304162083171395,1.484462130275788,Good
1.4991496195899685,5.361946930576443,1.0145997699183833,1.4794672798875594,Moderate
2.4525815504267987,3.279555756549541,1.018249719393704,1.2447284903320084,Good
1.5750970640188784,3.098198416120652,1.1923824329576371,1.1348501724683762,Good
2.867721682012012,4.20640913728006,1.2693354061406918,2.1187565868482388,Moderate
1.3842937966335174,3.3860416688577346,1.0268169358725223,1.2397336399437795,Good
1.9916392929432325,4.577169420401123,1.0991061111542946,1.1847950803460634,Moderate
1.8841444971414885,3.894807694330217,1.4395647011270891,1.3845723145204134,Moderate
1.4318485603300124,2.404004922015502,1.0343426568208318,1.0899001149789174,Good
2.6661689801942816,3.1020792360358844,1.053633899727944,1.1997784328425498,Good
1.9582391401415609,4.064427920869136,1.0599633517294986,1.6259709045936028,Good
3.2036428947061384,2.139825205346908,1.0816167990672367,1.669256011953652,Good
1.145117945308766,4.123586761040354,1.0338126607073457,1.3596004599156697,Good
1.823102858589184,2.948266251590716,1.0106601414691023,1.3795786628003843,Good
1.684227629300143,5.137143337925812,1.1058483668869024,1.0,Moderate
1.50791280858068,3.953966534501435,1.02215313797124,1.2647054945485237,Good
2.088384589815744,5.429056718866674,1.1993781577924605,1.6642623602336228,Bad
1.440261208861723,1.9110461386367696,1.0279828993392923,1.4445057245063584,Good
1.5670349559461694,3.4925275811659287,1.0734551107656432,1.4944506323840456,Good
2.0534487666683816,2.940409957615977,1.083948698017878,1.0732518123530217,Good
2.55072894463845,1.8321992364565696,1.090031928488146,2.3984466325614484,Good
2.962948077723624,2.3764605660317826,1.0024333089778468,1.9689230618833768,Good
2.1721604056801187,1.8085357003880815,1.026766258841819,1.6992227169466243,Good
2.2791877927042394,2.0017248088512143,1.2378546443839875,2.11376293512821,Good
1.671842360891389,6.600401754256807,1.1737271574038088,2.4334069892744496,Bad
1.5888844297667737,2.810260509239296,1.0292548620287605,1.4744724294993308,Good
4.606215962720297,2.9522417256502216,1.018249719393704,3.062707794126872,Bad
2.2684383582718706,2.6012641586824143,1.174893120870579,1.7891228319255417,Good
1.892772371710308,4.857156379163468,1.0471291068791295,1.3371254311709402,Bad
2.1578722862756115,5.342258868567462,1.8248872102603968,1.6243059544641931,Bad
3.1095849241932885,3.737113889969816,1.4407306645938591,2.333518372187275,Bad
2.444168901895088,3.1060547100953904,1.01703307889623,1.4295223720098722,Good
1.3531970848535155,5.41864476299654,1.01199265915274,1.0,Moderate
1.8707076718525943,6.209953409126763,1.0069957248348231,1.414539019513386,Bad
2.416243629940296,1.7138815561141318,1.3439564803731052,1.0849052645906887,Moderate
2.0291456386284965,5.089816265788837,1.0206830003886511,1.669256011953652,Bad
1.2579874583266948,3.950085714586204,1.0340661298095608,1.2397336399437795,Good
2.0431666765167718,3.516191117234416,1.0693489280994948,1.414539019513386,Good
2.3984092794304948,5.389585940704437,1.0928523528954528,1.669256011953652,Bad
1.6073454963097151,5.381729646729699,1.0873299556937428,1.204772084562579,Bad
3.69484727454202,1.3667848090615569,1.0510992087057909,2.743063739980632,Moderate
2.865034355652352,2.55393708654544,1.438398765643218,1.7391791227160542,Bad
1.8062108072709209,1.7835470062997592,1.0426406218422075,1.286348647562648,Good
1.611318116186759,6.036357708528338,1.0961151869413135,1.2247502874472935,Moderate
2.386682588505984,5.484240084978387,1.1270890104935871,1.5993340998594494,Bad
1.733651834616538,3.323002008771284,1.0367275553828217,1.3596004599156697,Good
3.024640683130151,4.43906902390543,1.0048665899727944,1.799112532701999,Moderate
1.599283388237006,3.21651609646309,1.162067634667703,1.2697003449367523,Good
2.593993957374753,1.8755508345340384,1.0799511449669643,1.5993340998594494,Good
1.3601074724153897,5.018825657583375,1.0104935872522347,1.11986681997189,Moderate
5.753138487302148,2.131874257227896,1.0231163093664983,4.361265809601146,Bad
4.171563207712002,3.287506704668553,1.0060832304702685,2.4783570467639087,Moderate
1.287548499761007,3.220396916378322,1.0,1.3795786628003843,Good
1.6584054711056306,6.817254398788426,1.0384764865915277,1.5493891919817622,Bad
1.445869598218287,3.3032192926180284,1.0012166404974738,1.354605609527441,Good
3.285031746109211,3.1888770863350966,1.0510992087057909,1.3695889620239272,Moderate
3.260077651215102,2.8536121073167653,1.3731053151962689,1.938956356890404,Moderate
3.218131276875172,4.068403394928641,1.0012166404974738,1.6542726594571655,Bad
1.7156080627874395,6.162626336989788,1.037310523124757,1.419533869901615,Bad
1.7873992002689778,4.131443055015092,1.1410804601632336,1.3046619003179534,Good
1.6982486671884178,3.7449701839445537,1.176413935483871,1.2896785478214672,Good
1.4864138752190772,5.267292786302494,1.1119315973571706,1.3046619003179534,Moderate
2.193191994760963,5.567062461218094,1.1970969358725223,1.669256011953652,Bad
1.7040907931822258,6.12315555882755,1.0734551107656432,1.6243059544641931,Bad
1.9366066337734087,5.342258868567462,1.0620490291488536,1.484462130275788,Bad
2.158139367791844,1.9662295047484828,1.0216231418577535,1.3046619003179534,Good
1.8496760827717504,6.154675388870776,1.164247446560435,1.6143174523559356,Bad
1.725589726543829,2.841780339282521,1.2600077823552274,1.0,Good
1.647656036673261,5.756370749765994,1.3101437916828604,1.2497221420520372,Moderate
2.191789897421822,2.52232260235794,1.0012166404974738,1.5394006898735046,Good
2.209316210906381,3.6936676377480726,1.101438010104936,1.6642623602336228,Moderate
1.580471781235063,4.707318868777804,1.0523158492032647,1.5743622452547057,Moderate
1.752463441618481,3.33871459672076,1.0384764865915277,1.2247502874472935,Good
1.0644968645816737,5.622245827329807,1.0036499494753206,1.1298553220801475,Good
2.8059122082868626,3.177045318300853,1.081515389040031,2.338513222575504,Moderate
2.6930426952689337,4.750670466855274,1.2728332685581034,1.2996670499297247,Moderate
2.3235878212634518,4.703343394718299,1.0966681849980566,1.709212417723082,Bad
2.0561361575249064,3.662147807704848,1.0407023863194715,1.544395540261733,Good
2.566736356962111,5.365922404635949,1.3206373789350951,1.938956356890404,Bad
1.5466876785985366,4.368078415699968,1.019987793237466,1.4794672798875594,Moderate
1.7217506151764692,4.888676209206693,1.0190792444617178,1.3046619003179534,Moderate
3.6724135881220334,1.9860122209017383,1.0048665899727944,2.2436182572083574,Moderate
2.9322185465936856,6.194146167033013,1.3322969296541003,1.859045942687944,Bad
1.8196476325598143,2.8812511174447586,1.225612125923047,1.2697003449367523,Bad
1.647656036673261,5.756370749765994,1.3101437916828604,1.2497221420520372,Moderate
1.0225739026035858,4.512709948150564,1.0013991449669646,1.286348647562648,Good
2.451179453087658,3.413680678985728,1.0851146614846483,1.779134329817284,Moderate
2.045970871195053,2.1989840455181264,1.0178073097551497,1.589345597751192,Good
1.8035234164143965,5.200277652156537,1.2087057815779243,1.4594890770028446,Moderate
2.6339205479034447,4.845324611129223,1.114613282549553,1.8490562419114869,Bad
2.0534487666683816,3.520166591293922,1.0431403124757093,1.03995520710123,Good
5.5528922984702485,2.9522417256502216,1.1885803964244073,8.831298505274072,Bad
2.1693562110018365,4.829517369035474,1.0114475522736106,1.669256011953652,Bad
1.6288444296713185,3.8987831683897225,1.0466381748931208,1.1847950803460634,Good
2.1501940635408925,2.628808514666134,1.2028760202098718,1.0998886170871751,Good
2.2576888593426365,4.15510659108358,1.0851146614846483,1.2447284903320084,Moderate
1.661092861962155,3.760777426038303,1.7089001072677807,1.1348501724683762,Bad
1.109364237421644,4.273424271426018,1.0279828993392923,1.484462130275788,Good
2.219831973198371,4.782190296898499,1.0364994387874078,1.2846836974332383,Moderate
1.857270846563701,5.267292786302494,1.1107656338904004,1.2697003449367523,Bad
2.0515793250484817,4.868988147197712,1.0048665899727944,1.3096555520379822,Moderate
2.155568845253941,4.979449533565411,1.3567819665759813,1.6193123027441645,Moderate
2.064198265597615,4.54953041027313,1.0,1.3845723145204134,Moderate
1.5328002137168106,4.048620678775386,1.094124287602021,1.414539019513386,Good
1.7066613157201282,2.6959183029563643,1.0,1.3795786628003843,Good
1.541773662486059,5.574918755192831,1.205674310143801,1.449500574894587,Moderate
2.292624682489998,5.586750523227075,1.1422463956471045,1.669256011953652,Moderate
3.3595102744472736,3.606964441593135,1.0652934224640498,2.1187565868482388,Moderate
2.0185130080178846,6.61223352229105,1.096774184220754,1.669256011953652,Moderate
1.330896971440079,2.8970583595385087,1.0072998989506412,1.0,Good
2.0776350908865093,3.800153550056266,1.3439564803731052,1.2097669349508071,Moderate
6.86383995971612,3.713450353901328,1.1119315973571706,2.79300744919012,Bad
1.50791280858068,5.101648033823081,1.0151574131364167,1.234738789555551,Moderate
2.5640489661055863,2.3803413859470144,1.02215313797124,1.764150977320798,Good
3.975268419288699,1.1183176803424375,1.1119315973571706,2.2086567018271563,Moderate
3.564698858012066,1.1893082885479005,1.0139914496696465,2.917869119550238,Good
4.45759280631211,4.190601895186311,1.068132287602021,2.4483903417709363,Bad
3.461630353032833,2.017532050944964,1.0932763218033423,2.043839824365808,Moderate
2.3404131183268726,4.766477708949024,1.226296503692188,1.4345172223981009,Bad
2.160943562470126,3.9461102405266977,1.178072985619899,1.5843507473629632,Moderate
2.242265724115221,3.3584973128740154,1.0394304516129032,1.6642623602336228,Good
1.7543328832383809,5.906208260151656,1.1484310361445784,2.2685901118131016,Moderate
1.7543328832383809,3.859312390227485,1.0510992087057909,1.2996670499297247,Good
2.346372048142438,1.828223762397064,1.3637776914108044,1.1798002299578347,Good
3.305061827876831,1.8360800563718012,1.2238631947143412,1.839067739803229,Moderate
1.954016143436211,4.013125374672654,1.037310523124757,1.4295223720098722,Moderate
1.2230516351793332,5.697211909594775,1.037310523124757,1.7192009198313394,Moderate
3.3595102744472736,5.22791666228453,1.0513019727944035,1.724195770219568,Bad
2.3759330895767503,6.931691259215633,1.336960755538282,2.148723291841211,Bad
2.7142587453824816,4.218240905314305,1.1332519082782744,1.2397336399437795,Moderate
1.5267244155826232,2.033339293038713,1.409249902837155,1.0,Bad
1.8833266124017285,8.970636181020794,1.024332949863972,1.4894557819958172,Bad
1.0252378810982672,4.939978755403175,1.0,1.11986681997189,Good
3.223739730728601,3.5083348232596783,1.0,1.8091010348102567,Good
1.246770615116702,3.29536299864329,1.0496060411970465,1.329633754922697,Good
1.159840064115043,5.794232407475574,1.015816410415857,1.5244173373770182,Good
4.02013579212867,1.532429561540969,1.068132287602021,2.8129856520748344,Moderate
2.7301985004951965,1.5994446956869262,1.035282798289934,2.148723291841211,Good
2.5899879281218565,3.800153550056266,1.166680755538282,1.7841291802055128,Moderate
1.00293170497956,5.803697821902969,1.0114475522736106,1.1498335249648624,Good
2.1553351086166974,5.042489193651862,1.0121664889234356,1.8690344447962015,Bad
2.079473831998868,1.3312895049588254,1.0116595507190052,1.4358789094729816,Good
2.295312008849658,2.2659991796640826,1.0932763218033423,2.148723291841211,Moderate
2.372024192601913,5.440888486900918,1.0,1.2896785478214672,Bad
1.5374738500149925,3.429487921079477,1.1783909832879906,1.2996670499297247,Moderate
2.072260373670325,5.093791739848342,1.0081616883015934,1.11986681997189,Moderate
1.161242161454184,5.346234342626968,1.0011659634667702,1.1148719695836613,Moderate
1.7927739819820272,3.050871343983677,1.1410804601632336,1.5493891919817622,Good
3.955129079832478,1.4180873552580378,1.2384629646327243,1.958934559775119,Moderate
1.3305464309810775,3.823817086124754,1.0620490291488536,1.639289306960679,Good
2.534487924671274,6.979018331352608,1.0559657986785853,1.5943392494712207,Bad
2.752164842634423,1.5639493915841949,1.1410804601632336,1.7691458277090266,Good
1.7685876577638997,5.935551044876582,1.0186552755538285,1.2846836974332383,Bad
2.252314142126452,4.407549193862204,1.095608248736883,1.3246389045344684,Bad
3.55463670216868,2.167369561330627,1.122881417800233,4.620976453761441,Moderate
3.856673648595584,3.125742772104372,1.3859308293820445,1.6942290652265954,Moderate
2.8648006190151074,3.062703112017921,1.0377160792848814,1.5344058394852758,Moderate
1.959390860652396,4.387861131853223,1.0233190734551108,1.2896785478214672,Moderate
1.992690849823372,1.9741804528674949,1.501360289156627,1.8740292951844304,Bad
2.6180300683952704,5.894376492117413,1.0279828993392923,1.9489460576668611,Bad
2.854284856723118,1.5719003397032068,1.077286109599689,2.3784684296767336,Good
2.233502535124509,4.821661075060737,1.071123211815002,1.6742508623418806,Moderate
2.3404131183268726,2.4749955302209647,1.0279828993392923,1.6293008048524218,Good
1.5075622681216787,6.596426280197301,1.0206830003886511,1.6642623602336228,Bad
2.0185130080178846,5.993006110450869,1.3287990672366887,2.0688128776387518,Bad
2.6065582690795863,4.628377312453329,1.2022400528565875,1.7491676248243118,Bad
1.894893996070722,3.4413196891137217,1.079284872133696,1.4594890770028446,Good
2.893443676575829,2.6959183029563643,1.0305267967353284,1.7192009198313394,Bad
1.7616772702020251,3.334833776805528,1.0526736945200157,1.0799116128706598,Good
2.418931020796821,3.73313841591031,1.071123211815002,1.943951207278633,Bad
2.8762724183307915,5.180589590147555,1.241670504469491,1.4994454827722743,Bad
1.661092861962155,5.196302178097031,1.1270890104935871,1.547218403872071,Moderate
1.7873992002689778,5.811554115877707,1.1107149568596968,1.4045505174051285,Bad
2.4619289520168914,5.164782348053805,1.3194714434512242,1.1498335249648624,Bad
2.212003601762906,4.83349284309498,1.2005441212592305,1.6342956552406505,Moderate
1.365482254128439,5.235772956259268,1.0011659634667702,1.5144288352687607,Moderate
2.2388772523406937,7.136712135713008,1.271667305091333,1.4295223720098722,Bad
1.7309644437600131,5.235772956259268,1.0152634123591138,1.389567164908642,Bad
1.9378919272907928,3.8474806221932414,1.1760590843373495,1.094894965367146,Moderate
1.2257390260358578,5.101648033823081,1.064127486980179,1.958934559775119,Moderate
2.220065709835615,5.653860311517306,1.0687912848814614,1.2996670499297247,Bad
4.0108308939723365,1.2642743708128688,1.7613680435289545,2.4483903417709363,Moderate
1.7907876720435052,5.129287043951074,1.0279828993392923,1.9639294101633475,Bad
2.4202746839766505,3.5478056014219157,1.0559657986785853,1.5044391344923034,Moderate
1.7605255496911902,2.155537793296383,1.1200932856587642,1.604328950247678,Good
2.284328837780045,6.403142517589895,1.2360296836377769,1.4245287202898431,Bad
1.9562361255151124,1.362809335002051,1.0109498204430625,2.3285235217990463,Good
1.0,4.466708034033423,1.0133831294209097,1.1897887320660925,Good
1.7148402276145949,6.008813352544618,1.2296929560823942,1.11986681997189,Moderate
2.194594092100104,5.377754172670193,1.0462326187329964,1.5793558969747346,Bad
1.6530307538894458,5.267292786302494,1.108433734939759,1.2197554370590649,Bad
1.8814571707818284,5.290956322370981,1.1935483964244074,1.0,Moderate
4.889441366642123,1.354953041027313,1.0097331799455889,3.1076578516163305,Bad
1.5965959973804815,4.908458925359948,1.032879906723669,1.294672199541496,Good
2.4497773557485165,4.620521018478592,1.132282804508356,2.11376293512821,Moderate
1.670206526915004,4.163057539202592,1.1788472164788184,1.4245287202898431,Good
1.7873992002689778,5.208133946131275,1.0074621158181112,1.8091010348102567,Moderate
2.250678308150067,4.525866874204642,1.0559657986785853,1.1648168774613483,Bad
2.3740636479568504,3.0823911740269025,1.0086382090944424,2.1637066443376973,Moderate
3.3527334598919483,3.579325431465141,1.041366028760202,2.493340399260395,Moderate
3.8098199013202274,2.912770947487984,1.1094982883793238,4.1814655796433104,Bad
2.4834278853784943,3.713450353901328,1.1119315973571706,1.5144288352687607,Good
1.7795708288335126,4.758526760830012,1.0979401476875243,1.5194224869887896,Bad
3.300388191578649,1.7769212162005823,1.096774184220754,2.2336297551001,Moderate
3.195697590455187,4.072284214843873,1.0705655685969686,1.764150977320798,Moderate
1.5496254462833672,5.736682687757012,1.1233791496307812,1.3596004599156697,Bad
2.3984092794304948,3.0942229420611462,1.2327668495919162,1.644284157348908,Good
2.580173182251005,2.644615756759884,1.0139914496696465,1.5344058394852758,Good
2.8928427592885217,1.4141118811985318,1.0559657986785853,1.9239730043939176,Good
3.483129286394436,2.63278398872564,1.2203653322969297,2.2086567018271563,Moderate
1.8438339567779425,3.8514560962527473,1.2258619852312476,1.0,Good
1.7444013335457718,7.23931722810597,1.1189273221919938,1.1148719695836613,Bad
2.5532994671763527,4.790141245017511,1.0874465604352896,1.4544954252828155,Bad
1.810417099288344,3.571469137490403,1.0291995398367664,1.3596004599156697,Good
2.416243629940296,4.5731939463416165,1.0256510003886514,1.589345597751192,Moderate
1.491788592435262,4.991281301599655,1.0816167990672367,1.6293008048524218,Bad
2.241564643197218,5.377754172670193,1.5864749226583754,1.3446171074191833,Bad
3.293844984666838,2.0530273550476954,1.0827320575204042,1.9889012647680917,Moderate
1.4542822467499978,4.727006930786786,1.0304162083171395,2.303551667194302,Moderate
3.621937761428635,1.0591588401712189,1.4920326373882626,1.9739179122716053,Moderate
2.416243629940296,6.004837878485112,1.125923047026817,1.1798002299578347,Bad
1.143014767051622,3.145525488257628,1.0012166404974738,1.204772084562579,Good
2.663481653834621,7.23931722810597,1.2961523420132142,1.644284157348908,Bad
2.824723815288806,5.642028543483062,1.1317528083948698,2.55327380924634,Bad
3.829449393061931,3.277000094654144,1.018249719393704,2.4384018396626788,Bad
1.1738611020033178,6.5569555020350645,1.0121664889234356,1.2397336399437795,Moderate
1.7347033914966776,2.9285781895817338,1.008516539448115,1.3945620152968707,Good
1.143014767051622,3.437344215054216,1.0,1.3432554203443028,Good
2.3490594389989625,1.8005847522690703,1.1643995336183444,1.7941176823137703,Good
3.100354390921817,2.770789731077059,1.0571824391760591,1.7591561269325693,Moderate
3.087353048462579,5.63407759536405,1.2569338888457051,1.8690344447962015,Bad
1.2047074369550137,2.8970583595385087,1.0877645581033812,1.2796888470450098,Good
1.2902358906175315,3.208565148344078,1.0279828993392923,2.198668199718899,Good
2.3006867905627075,4.892651683266199,1.247182268169452,1.0299667049929724,Bad
3.13645863926794,2.841780339282521,1.137582597745822,1.9489460576668611,Moderate
2.864545727406281,2.6722547668878764,1.0432463116984063,2.743063739980632,Moderate
2.048074049452197,2.818116803214034,1.060629624562767,1.5144288352687607,Good
1.5972970782984843,4.332583111597236,1.0097331799455889,1.5793558969747346,Good
1.599283388237006,5.993006110450869,1.0069957248348231,1.0,Bad
3.300388191578649,1.7769212162005823,1.096774184220754,2.2336297551001,Moderate
2.152881454397417,4.857156379163468,1.0046638258841818,1.6842393644501383,Bad
3.29550203811167,2.9917125038124586,1.0966681849980566,2.173696345114155,Moderate
1.7067781195418856,7.061840707592314,1.2180334333462883,1.2896785478214672,Bad
3.3078660870519774,1.8715753604745329,1.103027942479596,2.1836848472224126,Good
2.293008567827988,4.05903263464552,1.166564878352118,1.7028558802599725,Good
1.737507650671824,5.724850919722768,1.064360668480373,1.2796888470450098,Bad
1.386981187490042,5.563086987158588,1.0023318989506411,1.5943392494712207,Bad
2.054383519726764,5.8391931260057,1.132614597745822,1.604328950247678,Bad
1.8384592395617576,5.890495672202181,1.041366028760202,1.3346286053109258,Bad
1.5965959973804815,3.31117024073704,1.4617178390983288,1.0,Bad
5.450283656135484,2.912770947487984,1.1192314963078118,3.2375143723646778,Bad
1.8088981981274452,4.443044497964936,1.0163233486202876,1.3695889620239272,Good
2.4269931288695297,2.0924981332099324,1.0699572483482316,1.7142060694431107,Good
3.734106193528561,1.532429561540969,1.0608323886513795,3.167591261602275,Moderate
1.964648774046823,3.752826477919292,1.090031928488146,1.669256011953652,Good
1.8076129046100615,3.378185374882997,1.041974349008939,1.3096555520379822,Good
2.0749477645268493,4.261592503391773,1.2926544795958026,1.2896785478214672,Bad
2.371259453278568,3.729162941850804,1.083948698017878,1.5643725444782484,Good
4.510872827683793,3.4965030552254346,1.0206830003886511,2.4633736942674225,Bad
2.005076118232126,5.535542631174868,1.012825486202876,1.2846836974332383,Bad
2.1462851665660554,4.865012673138205,1.1075009809560823,1.5593788927582195,Bad
4.855790837012146,3.4965030552254346,1.1204481368052857,2.503330100036852,Bad
1.7851792181900763,5.697211909594775,1.106843802565099,1.4894557819958172,Moderate
1.510366462799961,6.994730919302083,1.0036499494753206,1.1348501724683762,Bad
1.8814571707818284,4.021076322791666,1.0617955600466382,1.5943392494712207,Good
2.4497773557485165,2.4947782463742203,1.0,1.6342956552406505,Good
1.6786191754467146,5.996981584510375,1.018249719393704,1.0,Bad
2.1125709140338707,4.360222121725229,1.072289147298873,1.2097669349508071,Bad
7.191698999840672,1.1696202265389186,1.1459977271667314,5.649834124298962,Bad
1.214989527106624,5.310739038524236,1.037427127866304,1.3596004599156697,Good
1.3090474976194746,2.5933132105634025,1.2087057815779243,1.779134329817284,Good
2.3732457632170902,4.774334002923761,1.0450159782355228,1.4994454827722743,Bad
1.5692549380250704,2.9285781895817338,1.0178073097551497,1.4245287202898431,Good
3.333103968150245,5.026776605702387,1.0778654675476098,2.338513222575504,Bad
2.822036424432281,2.9364344835564715,1.0338126607073457,1.4045505174051285,Moderate
1.9325171455777437,4.9281469873689305,1.0652934224640498,1.7491676248243118,Moderate
2.9429680455229192,3.654291513730109,1.018249719393704,1.5743622452547057,Moderate
1.8518960648506515,5.993006110450869,1.0,1.5993340998594494,Moderate
2.005076118232126,4.687536152624549,1.064127486980179,1.1648168774613483,Moderate
1.6057096623333302,3.267723988515297,1.0,1.1298553220801475,Good
2.3432173130051543,3.046895869924171,1.1034150579090556,2.1437296401211823,Good
1.8610331421653437,5.097956522196396,1.026583754372328,1.380753357636109,Moderate
1.8841444971414885,5.7603462238255,1.0291995398367664,1.4245287202898431,Bad
3.219767110851557,2.226528401501846,1.0,2.283573464309588,Moderate
1.2334172487705768,5.960729047253452,1.0333129700738437,1.4794672798875594,Moderate
1.670206526915004,6.1389628009213,1.0364994387874078,1.214761785339036,Bad
1.975865617256816,5.085935445873605,1.0279828993392923,1.8940062994009452,Bad
1.633241954892226,3.5516864213371475,1.0,1.0699219120942025,Moderate
2.814324856818573,2.6959183029563643,1.059615748153906,2.0638180272505227,Moderate
3.163332354342592,1.2248035926506315,1.528177225029149,2.8229741541830924,Moderate
1.9309982444168448,5.60653323938033,1.0474492592304705,2.198668199718899,Bad
1.795461308341687,2.8260677513330457,1.003997553050913,1.5993340998594494,Good
1.4851285817016937,6.604282574172038,1.0194663598911775,1.174805379569606,Bad
2.037324550522963,4.64418455454708,1.053633899727944,1.0549385595977163,Bad
1.8693055745134532,5.622245827329807,1.0559657986785853,1.3596004599156697,Bad
1.8088981981274452,7.23931722810597,1.1480761849980567,1.4445057245063584,Bad
3.148918272561557,1.6192274118401817,1.180722882238632,2.5882353646275407,Good
2.8999701143028487,2.755077143127583,1.0474492592304705,1.6892342148383668,Good
2.163747757148408,5.989030636391363,1.0060832304702685,1.314650402426211,Bad
2.8479753864485517,3.4846712871911905,1.152080985619899,1.6293008048524218,Good
2.676918479123516,5.077984497754594,1.2944287633113098,1.899001149789174,Bad
1.6449686458167367,4.766477708949024,1.0114475522736106,1.3596004599156697,Moderate
1.6637802528186798,5.062271909805117,1.029148862806063,1.214761785339036,Moderate
2.0803224817430337,5.318595332498974,1.2673921616789738,1.4155387087919515,Bad
2.3067625886968948,4.332583111597236,1.0629615235134084,1.204772084562579,Moderate
3.0891375477118244,3.464983225182209,1.0097331799455889,1.7841291802055128,Moderate
1.5047580734433967,4.419380961896448,1.0206830003886511,1.709212417723082,Good
1.583275975913345,2.4749955302209647,1.0024333089778468,1.4295223720098722,Good
1.8707076718525943,5.894376492117413,1.4255732514574426,1.3645953103038984,Bad
1.9970140101594172,4.600832956469611,1.180722882238632,1.414539019513386,Bad
1.5939086065239567,3.973749250654691,1.079284872133696,1.4045505174051285,Good
1.980889794013999,1.918902432611508,1.2914885441119317,1.7391791227160542,Moderate
1.168252712646754,3.677955049798597,1.008516539448115,1.2796888470450098,Good
2.956404870811813,4.561362178307373,1.108433734939759,2.5133186021451097,Moderate
3.592159688045005,1.141981216410925,1.6569898142246404,2.07380652935878,Moderate
1.518779111331671,5.618365007414575,1.0145997699183833,1.5194224869887896,Moderate
1.6180949307420844,6.513603903957595,1.0163233486202876,1.5493891919817622,Bad
1.824438201673483,2.411955870134514,1.1386978561989896,1.4894557819958172,Good
1.3090474976194746,3.985581018688935,1.0,1.1398450228566048,Good
1.7766497658366087,3.5516864213371475,1.0011659634667702,1.3046619003179534,Good
1.3708569713446237,3.705499405782316,1.0431403124757093,1.0499449078776877,Good
3.1498954645568342,6.564906450154076,1.1838876362223083,1.7591561269325693,Bad
3.019032293773587,4.514035106170399,1.2189966047415468,2.083796230135237,Bad
1.967452968725105,6.4149742856241385,1.0364994387874078,1.2796888470450098,Bad
2.33024783199702,4.399692899887466,1.1655654970851146,1.0649282603741737,Bad
1.9782024676543388,3.4413196891137217,1.029148862806063,1.409545367793357,Good
3.478922994377013,2.0885226591504265,1.0754321585697628,1.6642623602336228,Moderate
1.4234359117983018,3.993437312663673,1.0291995398367664,1.0849052645906887,Good
2.7590053800919554,4.829517369035474,1.0432463116984063,1.5793558969747346,Moderate
1.3439832562699714,3.3978734368919787,1.053633899727944,1.419533869901615,Good
3.112272315049813,1.3312895049588254,1.426739214924213,1.7491676248243118,Good
1.7963960614000691,2.4868272982552084,1.0292548620287605,1.4445057245063584,Good
2.0023887918724665,3.535973833387672,1.095608248736883,1.943951207278633,Good
1.5858464984512477,6.115299264852813,1.2028760202098718,1.3346286053109258,Bad
3.324691319618534,2.644615756759884,1.024332949863972,2.708102184599431,Moderate
1.0644968645816737,5.642028543483062,1.0279828993392923,2.198668199718899,Bad
2.360042610068576,3.90663946236446,1.1472143956471046,1.484462130275788,Good
1.8833266124017285,6.592450806137795,1.0291995398367664,1.3596004599156697,Bad
1.3816064702738573,4.458851740058686,1.0408083855421686,1.0,Good
2.3087488986354163,6.296656605281701,1.2273610571317528,1.7192009198313394,Bad
1.5916886244450557,5.736682687757012,1.1034150579090556,1.5593788927582195,Moderate
2.7467900609213736,5.093791739848342,1.1436921881072677,1.569367394866477,Bad
1.214989527106624,3.4846712871911905,1.0,1.0,Good
1.6100328226693752,5.101648033823081,1.0256510003886514,1.325353310781501,Moderate
3.2696753651366373,2.80628503517979,1.0165353470656822,1.7591561269325693,Moderate
2.2576888593426365,5.101648033823081,1.0513019727944035,1.174805379569606,Bad
2.404909982908546,5.677523847585793,1.0669156191216478,2.768035594585376,Bad
2.79469536507687,2.033339293038713,1.0547491581811117,2.2436182572083574,Good
4.578173886943748,3.050871343983677,1.1715473455110763,2.618202069620513,Moderate
1.4626948952817085,5.771704721138374,1.018249719393704,1.0,Moderate
3.100354390921817,3.031088627830422,1.0620490291488536,1.8690344447962015,Moderate
1.580471781235063,2.699799122871596,1.0340661298095608,1.5244173373770182,Good
1.229945318053281,4.163057539202592,1.0040702526233969,1.3995556670168998,Good
2.386682588505984,2.3093507777415523,1.3532841041585697,1.3346286053109258,Good
2.901255407820232,4.518010580229904,1.0012166404974738,2.093784732243495,Bad
3.210483432163671,3.457032277063197,1.126531367275554,1.669256011953652,Moderate
2.152148512028311,1.9386851487647636,1.1058483668869024,1.834072889415001,Good
1.4066106792317452,3.823817086124754,1.083948698017878,1.484462130275788,Good
1.3337011661183609,6.336127383443938,1.0,1.11986681997189,Moderate
1.908330821359616,3.212540622403584,1.5001943256898562,1.414539019513386,Bad
3.669609328946888,2.8024042152645583,1.1070650073843762,3.217536169479963,Moderate
2.458857675822377,7.353659434388902,1.1313979572483484,1.2197554370590649,Bad
4.143521067438589,3.165213550266609,1.0961151869413135,3.222531019868191,Bad
2.0067119522085117,1.958373210773745,1.035282798289934,1.6842393644501383,Good
1.5106001994372047,4.541674116298392,1.1119315973571706,1.5493891919817622,Good
1.4998507005079709,2.751101669068077,1.3964244166342792,1.8440625901914576,Moderate
2.5156763176693318,3.788321782022023,1.0921103863194714,1.2447284903320084,Good
2.0992508925667344,5.9180400281859,1.0754321585697628,2.198668199718899,Bad
3.5237903672169835,2.7314136070590957,1.0450159782355228,2.613207219232285,Moderate
2.7118543022708765,2.443475700177739,1.5292417784687136,1.6842393644501383,Bad
1.6503433630329214,6.829086166822671,1.1445783225806452,1.0,Bad
1.8917392609334387,4.794022064932743,1.1119315973571706,1.1048834674754036,Good
2.096446697888452,2.467139236246227,1.415079664205208,1.2647054945485237,Good
1.988951902086708,2.0570028291072013,1.0656989786241742,1.294672199541496,Good
4.370662255310451,1.903189844662032,1.0742155180722892,2.0088794676528066,Moderate
2.52949709279308,5.547374399209112,1.0364994387874078,1.2447284903320084,Bad
2.072260373670325,3.879095106380741,1.4127477652545668,1.5194224869887896,Bad
1.353330657860064,4.312895049588255,1.0279828993392923,2.198668199718899,Moderate
1.2902358906175315,3.4728395191569468,1.017955703070346,1.2397336399437795,Good
1.6449686458167367,2.5421053185111955,1.08861252390206,1.5044391344923034,Good
2.072260373670325,4.237928967323287,1.029148862806063,1.569367394866477,Moderate
2.500253182441916,4.368078415699968,1.2718338872911,1.7142060694431107,Moderate
3.543419858958687,2.829948571248278,1.150864317139526,2.528301954641596,Moderate
1.5728839186076229,3.882975926295973,1.4127477652545668,1.3995556670168998,Bad
1.81427291534363,5.432937538781906,1.3171395165176836,1.5094339848805318,Bad
3.2654523684312875,3.1020792360358844,1.137582597745822,1.4944506323840456,Moderate
1.967452968725105,2.11616166927842,1.1154294597745822,1.779134329817284,Good
2.418931020796821,2.8772756433852527,1.0121664889234356,2.453385192159165,Good
3.2293481200851644,2.9877370297529526,1.0754321585697628,2.2336297551001,Moderate
2.008496451457757,3.1928525603946025,1.0279828993392923,1.1348501724683762,Good
1.6960286851095163,5.452720254935162,1.1554605643218034,1.5743622452547057,Bad
2.1721604056801187,2.573625148554421,1.0194663598911775,1.7841291802055128,Good
2.723825307318423,5.254135860248415,1.2261950936649826,1.4744724294993308,Bad
2.558674248889402,5.590725997286581,1.162067634667703,2.4034402842814773,Bad
3.3836965986654013,1.7887529842348264,1.2938204430625728,2.238623406820129,Moderate
1.9618445148716763,5.925990976304912,1.0620490291488536,1.3196452528144396,Bad
2.346372048142438,4.269543451510785,1.222697231247571,1.389567164908642,Moderate
1.6309476079284622,5.973318048441887,1.068685285658764,1.4794672798875594,Bad
3.329053436060786,1.5679248656437008,1.1585697722502917,3.0137625755277497,Moderate
3.579874583266947,3.819936266209522,1.0,2.293563165086045,Moderate
1.6987160114691764,6.683224130496513,1.2133696074621063,1.3596004599156697,Bad
1.9534319308368304,5.594701471346087,1.0676253493975905,1.1798002299578347,Moderate
3.055837558540848,3.382160848942503,1.5711055390594637,2.15371814222944,Bad
1.2606748491832194,4.214265431254798,1.1247570835600469,1.529412187765247,Moderate
2.0260864878445237,3.2520114005658214,1.0279828993392923,1.419533869901615,Good
2.315175172731741,5.811554115877707,1.2859122238631948,1.609322601967707,Bad
2.2226362323735174,5.705068203569513,1.0340661298095608,1.4994454827722743,Bad
1.6234697124551336,5.338283394507956,1.1119315973571706,1.4644839273910732,Moderate
1.5328002137168106,3.098198416120652,1.005829761368053,1.214761785339036,Good
1.9378919272907928,3.823817086124754,1.0524679362611735,1.2497221420520372,Moderate
2.5425500327439834,4.462732559973917,1.036144587640886,1.609322601967707,Bad
1.2748127553901158,7.684948939347727,1.0510992087057909,1.5493891919817622,Bad
3.49656611168333,1.9662295047484828,1.0781189366498252,2.1637066443376973,Moderate
3.1767691796314863,3.740994709885048,1.0699572483482316,2.0338513222575503,Moderate
2.924156438520976,2.534154370392184,1.3089778561989895,1.1947835824543211,Moderate
2.194594092100104,4.5731939463416165,1.041366028760202,1.2996670499297247,Moderate
2.2791877927042394,2.1437060252621394,2.213758258841819,1.5593788927582195,Bad
1.7605255496911902,2.155537793296383,1.1200932856587642,1.604328950247678,Good
2.7355519982429337,5.085935445873605,1.0127194869801788,1.3845723145204134,Moderate
1.112168432099926,6.880388713019151,1.0874465604352896,2.198668199718899,Bad
2.721785851963486,1.3006215622140656,1.2194448348231637,1.492785682254636,Good
2.351746765358622,3.5043593492001723,1.2385209172172562,1.5593788927582195,Good
2.7442195383834718,5.243629250234005,1.0316328488146134,1.3046619003179534,Moderate
1.493541230233404,4.679679858649811,1.068685285658764,1.3596004599156697,Good
3.182143896847671,1.6349399997896574,1.3905946272833267,2.198668199718899,Moderate
3.913575749385308,3.1612380762071037,1.068132287602021,2.5582686596345683,Moderate
2.5156763176693318,5.030657425617618,1.026710936649825,1.5793558969747346,Bad
1.7900865911255024,6.482084073914369,1.0256510003886514,1.419533869901615,Bad
1.2902358906175315,6.245448713229494,1.0060832304702685,1.2197554370590649,Moderate
1.911368752675142,4.896627157325705,1.0693489280994948,1.799112532701999,Bad
2.457042798549913,6.316439321434957,1.020351207151185,1.834072889415001,Bad
2.3060615077788915,1.654722715942913,1.0466381748931208,1.3995556670168998,Good
1.5860802350884915,4.166938359117824,1.0104935872522347,1.3396222570309548,Good
1.5159749166533891,4.6599917966408295,1.0656989786241742,1.3596004599156697,Bad
1.3518010502196454,2.71163089090584,1.132282804508356,1.529412187765247,Moderate
2.08522985467846,5.196302178097031,1.0523158492032647,1.5493891919817622,Moderate
2.3067625886968948,4.632352786512836,1.081515389040031,1.729189421939597,Bad
3.5180651095417974,2.6012641586824143,1.0746210742324136,1.4544954252828155,Moderate
2.3740636479568504,5.7405635076722445,1.008516539448115,1.3446171074191833,Moderate
1.541773662486059,5.574918755192831,1.205674310143801,1.449500574894587,Moderate
1.293460733846615,2.159513267355889,1.0523158492032647,1.5244173373770182,Good
2.905344896015898,2.924602715522228,1.0333129700738437,2.07380652935878,Moderate
1.1626442587933252,4.1157304670656165,1.0510992087057909,1.1348501724683762,Good
2.013138226304836,5.716899971603756,1.2401865433346289,1.484462130275788,Bad
2.303374116922367,3.0784156999673966,1.1235911480761758,1.604328950247678,Good
1.378919079417333,3.92244670445821,1.0804508356004665,1.6143174523559356,Good
3.483129286394436,2.63278398872564,1.2203653322969297,2.2086567018271563,Moderate
1.7123972153779703,5.4763837910036495,1.0023318989506411,1.3346286053109258,Bad
1.2606748491832194,4.163057539202592,1.0699572483482316,1.1897887320660925,Good
2.2371671179763104,2.565768854579683,1.0305267967353284,1.4395120727863295,Good
1.7685876577638997,5.1884458841222925,1.1702292949863973,1.4295223720098722,Moderate
3.2950134098656,4.691511626684054,1.2355227454333464,1.7741394794290557,Bad
3.509769264831845,2.6012641586824143,1.1630308060629615,5.190343848627918,Moderate
2.924156438520976,3.156032098272036,1.041974349008939,1.6942290652265954,Moderate
1.7038570565449818,2.9640734936844653,1.1970969358725223,2.058823176862294,Good
1.4729769854333186,4.379910183734211,1.1399144966964632,1.5194224869887896,Good
1.7935918667217872,4.111754993006111,1.0620490291488536,1.7042175673348532,Good
2.6124216145418417,5.125311569891568,1.0304162083171395,1.5493891919817622,Bad
1.5455359580877015,2.829948571248278,1.2553439564710454,1.3596004599156697,Good
2.013138226304836,4.667848090615568,1.0081616883015934,1.204772084562579,Good
3.6107209182186426,2.7274381329995894,1.1216647773027597,2.4134299850579346,Moderate
3.235891326996976,1.6940988399608763,1.28799068169452,1.729189421939597,Good
2.1179456312500555,3.4728395191569468,1.4337349397590362,1.3995556670168998,Moderate
1.81427291534363,2.510490834323696,1.1200932856587642,1.3596004599156697,Good
1.3359211481972622,3.0823911740269025,1.0279828993392923,1.529412187765247,Good
2.263063576558821,2.206840339492864,1.9117761274776528,1.5843507473629632,Bad
2.0426993322360127,4.5850257143758615,1.2180334333462883,1.1847950803460634,Bad
2.040011941379488,5.006993889549131,1.0944422852701128,1.5144288352687607,Bad
2.212003601762906,3.705499405782316,1.2926544795958026,1.3096555520379822,Moderate
3.2385786533566354,1.453582659360769,1.5092887679751263,2.098779582631724,Moderate
1.9701403595816296,7.270837058149196,1.15507190983288,1.094894965367146,Bad
3.268607103568571,3.957942008560941,1.0608323886513795,1.7941176823137703,Moderate
2.109883523177346,5.811554115877707,1.049882568208317,1.5244173373770182,Bad
1.356134852538346,3.768633720013041,1.0139914496696465,1.3096555520379822,Good
1.833084522345573,6.213834229041995,1.1595025262339682,1.6992227169466243,Bad
2.101821415104637,4.356246647665724,1.0408083855421686,1.6243059544641931,Moderate
2.5855478994671897,5.377754172670193,1.1165954232413524,1.5244173373770182,Bad
1.633751802606744,3.6936676377480726,1.031798759424796,1.5643725444782484,Good
2.755436381593464,2.6761355868031087,1.083948698017878,1.5793558969747346,Good
1.7470886599054318,6.777878274770464,1.079284872133696,1.5943392494712207,Bad
2.9103357278940925,3.579325431465141,1.1046316984065294,2.0238628201492928,Moderate
1.400418012778936,2.029363818979208,1.0198212110376992,1.2397336399437795,Good
1.9478234769834015,5.389585940704437,1.0291995398367664,1.7491676248243118,Bad
1.577540076255503,3.177045318300853,1.0139914496696465,2.213651552215385,Good
2.1501940635408925,2.3291334938948074,1.191216469490867,1.409545367793357,Moderate
2.5452373591036435,3.323002008771284,1.1702292949863973,1.6293008048524218,Moderate
2.9164782802831217,4.312895049588255,1.1505746381655657,1.755682386489784,Bad
2.6713100252700865,3.9461102405266977,1.143564446171784,1.4544954252828155,Moderate
1.9029561041434315,3.4189813110650693,1.0676253493975905,1.3645953103038984,Good
1.8945434556117209,3.614820735567872,1.1180148278274389,1.5244173373770182,Good
2.6713100252700865,3.0823911740269025,1.0279828993392923,1.5993340998594494,Good
2.303374116922367,2.8575875813762712,1.012825486202876,1.484462130275788,Good
2.547924749960168,6.462301357761114,1.3287990672366887,1.0699219120942025,Bad
2.547924749960168,3.567493663430897,1.209871745044695,2.7330740392041744,Good
1.056084216049963,4.719150636812048,1.0,1.3596004599156697,Good
1.6288444296713185,6.714743960539739,1.0093276237854645,1.7192009198313394,Bad
1.7578381588346657,3.62267702954261,1.0104935872522347,1.409545367793357,Good
1.0953431995333696,4.612664724503855,1.0,1.2297451378355222,Good
4.510872827683793,3.4965030552254346,1.0206830003886511,2.4633736942674225,Bad
1.9567034697958712,6.497796661863846,1.1772250198212204,1.449500574894587,Bad
3.211705002778848,3.1612380762071037,1.1643995336183444,2.173696345114155,Moderate
1.2633621755428792,4.013125374672654,1.0139914496696465,1.1698117278495772,Good
1.80480870993178,4.202433663220555,1.0279828993392923,1.3995556670168998,Good
3.0128396273207776,2.356677849878527,1.0699572483482316,2.503330100036852,Moderate
1.6691549700348642,4.324726817622498,1.174893120870579,1.6942290652265954,Bad
2.186181443568393,3.512310297319184,1.3540445114652158,1.1398450228566048,Good
2.0992508925667344,5.709043677629019,1.0,1.5344058394852758,Bad
2.2872499007769487,5.259436492327756,1.2483482316362222,1.7391791227160542,Bad
3.655588291058613,3.8435998022780096,1.0,1.7891228319255417,Bad
1.7534406336137578,4.190601895186311,1.0173227578701904,1.4445057245063584,Moderate
1.6315318205278428,10.0,1.125923047026817,1.0998886170871751,Bad
2.0892803867679177,2.218672107527108,1.0081616883015934,1.8440625901914576,Good
2.354434156215147,5.231797482199762,1.2973183054799844,1.0,Moderate
1.4066106792317452,3.29536299864329,1.0,1.15982202707312,Good
2.1093460708047878,3.6708559889780505,1.0363777691410805,1.297061145263536,Good
1.750508993131063,3.965798302535679,1.0466381748931208,1.2497221420520372,Moderate
1.3729601496017674,4.920290693394192,1.013139790128255,1.2247502874472935,Moderate
1.301962581542042,4.186721075271079,1.010175589584143,1.0,Good
1.756372338593318,5.148975105960056,1.0190792444617178,1.3246389045344684,Moderate
3.748127295913701,1.4456317112417572,1.0948985184609406,2.6681469774982007,Moderate
1.967452968725105,5.121430749976336,1.239020607850758,1.9489460576668611,Bad
1.8975813869272469,4.758526760830012,1.1935483964244074,1.3596004599156697,Bad
2.3678709815040406,4.951810523437418,1.0699572483482316,1.529412187765247,Bad
1.4541654429282402,6.6358970583595385,1.0279828993392923,1.0,Moderate
2.475015236846784,2.0806663651756887,1.1812805254566654,1.6992227169466243,Moderate
1.5636464841716418,3.725282121935572,1.1094982883793238,1.4794672798875594,Good
2.289937291633473,4.494347044161417,1.2530120575204042,2.0788013797470093,Bad
1.5570183993860416,5.488215559037893,1.0,1.4544954252828155,Moderate
2.88115857179777,6.265136775238476,1.2623396813058687,1.6842393644501383,Bad
2.0656003629367565,3.21651609646309,1.0961151869413135,1.7491676248243118,Good
1.7347033914966776,6.280944017332225,1.1119315973571706,1.2647054945485237,Moderate
1.988951902086708,5.389585940704437,1.1643995336183444,2.798002299578348,Moderate
2.134069847395474,2.9600980196249598,1.053633899727944,1.0799116128706598,Good
1.86802028099607,4.766477708949024,1.138748533229693,1.294672199541496,Bad
3.6668051342686057,1.7217378500888696,1.0693489280994948,2.9078806174419807,Moderate
2.5506121408166926,5.300611045086924,1.101438010104936,1.918979352673889,Moderate
3.907967360028744,1.907070664577264,1.0291995398367664,2.643173924225257,Moderate
1.9701403595816296,4.991281301599655,1.0186552755538285,1.4744724294993308,Moderate
1.7094655103984104,5.239748430318774,1.2914885441119317,1.639289306960679,Bad
2.01582561716136,4.541674116298392,1.1760590843373495,1.669256011953652,Moderate
1.81427291534363,5.113479801857324,1.197046258841819,1.0,Bad
1.4626948952817085,3.5083348232596783,1.0097331799455889,1.4994454827722743,Good
1.7390265518327226,5.196302178097031,1.005829761368053,1.938956356890404,Moderate
6.855193639044029,1.201140056582144,1.1313979572483484,5.614872568917761,Bad
1.4456147066094602,6.032476888613106,1.092465237465993,1.1398450228566048,Bad
1.6954444725101356,2.4789710042804707,1.0025438973960357,1.5044391344923034,Good
2.8339543485602765,2.9955933237276904,1.0826767353284104,2.288568314697816,Moderate
1.6852791861802827,4.466708034033423,1.0314807617567043,1.4944506323840456,Moderate
1.7820244830527932,6.111323790793307,1.0431403124757093,1.5344058394852758,Bad
2.990607751590068,2.6682792928283705,1.041974349008939,1.484462130275788,Good
1.4346527550082944,5.898351966176919,1.0304162083171395,1.2447284903320084,Bad
1.468303349135137,4.166938359117824,1.0608323886513795,1.0649282603741737,Good
2.1833772488901118,2.5421053185111955,1.1119315973571706,1.8690344447962015,Good
1.8008360900547362,4.399692899887466,1.1154294597745822,1.4594890770028446,Moderate
2.2058109353100965,6.73443202254872,1.0544930027205597,1.2297451378355222,Bad
2.744102734561713,2.372485091972277,1.1189273221919938,1.978912762659834,Good
1.6315318205278428,3.575349957405635,1.047804110376992,1.7192009198313394,Good
2.1958793856174874,1.141981216410925,1.0816167990672367,2.603218717124027,Good
1.5535980661604107,6.154675388870776,1.258841818888457,1.7891228319255417,Bad
1.634219146887503,5.7405635076722445,1.0371939463661095,1.5993340998594494,Moderate
2.3309807743661253,3.054752163898909,1.10048404508356,1.918979352673889,Good
1.356134852538346,3.5951326735588904,1.0255495903614458,1.2796888470450098,Good
1.3981980307000346,3.815960792150016,1.01703307889623,1.3096555520379822,Good
2.0936425032101704,3.6256113080151033,1.0705655685969686,1.8338559304708515,Good
1.7963960614000691,6.040333182587844,1.0255495903614458,1.204772084562579,Bad
2.31925401894475,3.153381782232365,1.0114475522736106,2.1087680847399817,Good
2.915276445708507,3.4728395191569468,1.0389327197823552,1.6942290652265954,Good
1.6758149807684326,6.367647213487164,1.0652934224640498,1.1723085537095916,Bad
2.278720448423481,3.3623781327892472,1.0474492592304705,1.4544954252828155,Moderate
1.1822737505350285,3.346665544839772,1.0,1.254716992440266,Good
1.3589390472166285,3.5319983593281656,1.0097331799455889,1.274695195324981,Good
1.493541230233404,6.5569555020350645,1.041366028760202,1.2697003449367523,Bad
3.0638996666135574,2.5894323906481707,1.1095996984065293,2.148723291841211,Moderate
5.183883549277078,1.5994446956869262,1.0948985184609406,2.728080387484145,Bad
1.086930551001659,5.070128203779855,1.0,1.0,Good
2.4028068046514024,2.419812164109252,1.0292548620287605,1.6243059544641931,Good
2.5425500327439834,5.105623507882586,1.0524679362611735,1.3795786628003843,Bad
1.448790661215191,6.391310749555651,1.1690633595025262,1.0,Bad
1.732039413001996,5.251580198353017,1.0817333758258842,1.5194224869887896,Bad
2.1501940635408925,2.628808514666134,1.2028760202098718,1.0998886170871751,Good
1.6369065377440275,2.71163089090584,1.3661095903614455,2.2336297551001,Moderate
1.8518960648506515,3.031088627830422,1.0408083855421686,1.0849052645906887,Good
2.2086151299883783,1.6073956438059378,1.243329554605519,1.234738789555551,Good
2.738611149026907,6.272993069213213,1.0316328488146134,1.3596004599156697,Bad
1.4299791187101127,4.454876265999179,1.0617955600466382,1.0149833524964862,Good
1.4514780520717157,5.681404667501026,1.3722942308589197,2.158712992617669,Bad
1.4234359117983018,5.582869703311843,1.008516539448115,1.0998886170871751,Bad
1.6584054711056306,3.953966534501435,1.239679605130198,1.4445057245063584,Good
2.013138226304836,4.419380961896448,1.036144587640886,1.569367394866477,Moderate
2.005076118232126,3.6976431118075785,1.0186552755538285,1.2896785478214672,Good
1.5720591327033524,3.914590410483472,1.0050877947920716,1.3795786628003843,Good
1.55897284787346,3.271699462574803,1.012825486202876,1.7142060694431107,Good
3.7228893503185687,3.0074250917619345,1.0474492592304705,1.6642623602336228,Moderate
1.4851285817016937,2.549961612485933,1.0050877947920716,1.3196452528144396,Good
2.57748579139448,7.830905629818158,1.3392926544889234,1.779134329817284,Bad
1.440261208861723,4.616545544419086,1.087598647493199,1.0199782028847149,Good
2.303374116922367,6.182314398998769,1.1180148278274389,1.409545367793357,Bad
4.474418038878667,1.5560930976094571,1.041366028760202,4.046615407174935,Moderate
1.8814571707818284,2.2423356435955952,1.060629624562767,1.0049948503882289,Good
2.284562574417289,2.234479349620857,1.0338126607073457,1.4594890770028446,Good
3.510003001469088,1.201140056582144,1.3171395165176836,1.9489460576668611,Good
1.6786191754467146,4.936003281343668,1.0608323886513795,1.234738789555551,Moderate
5.747530097945584,2.447451174237245,1.192230345899728,3.232519521976449,Bad
1.6057096623333302,3.098198416120652,1.0050877947920716,1.4445057245063584,Good
2.676918479123516,7.215653692037483,1.068132287602021,1.3645953103038984,Bad
1.4094148739100274,5.089816265788837,1.0279828993392923,2.198668199718899,Bad
1.353330657860064,5.208133946131275,1.0036499494753206,1.349611957807412,Moderate
2.1501940635408925,4.999137595574393,1.034978624174116,1.5793558969747346,Moderate
2.4637983936367918,4.699367920658792,1.0401493882627284,1.589345597751192,Bad
3.529398756573548,2.845755813342027,1.0888152879906725,3.392341549049569,Moderate
3.1257091403387065,5.212109420190781,1.137582597745822,2.0238628201492928,Bad
3.930401046448729,1.7887529842348264,1.1630308060629615,3.122641204112817,Moderate
1.3493580379830206,3.1415500141981214,1.060629624562767,1.5543840423699908,Good
1.6315318205278428,3.5990134934741222,1.2238631947143412,1.4744724294993308,Good
1.2579874583266948,3.950085714586204,1.0340661298095608,1.2397336399437795,Good
2.9510301535956285,5.710463489793128,1.0,1.7403538175517783,Bad
1.5552339001367956,3.378185374882997,1.0139914496696465,1.389567164908642,Good
4.945525582692087,1.3194577369245817,1.1459977271667314,5.210322051512632,Bad
1.878769779925304,4.821661075060737,1.0699572483482316,1.5943392494712207,Moderate
2.383995197649459,1.6955186521249854,1.0909444228527012,1.5094339848805318,Good
1.518779111331671,3.891684107569176,1.301728662261951,1.2996670499297247,Bad
2.7834785218668774,1.5521176235499512,1.0699572483482316,1.7142060694431107,Good
1.9234778455097572,2.93208039291987,1.216231502526234,1.6742508623418806,Moderate
1.722902335687304,4.28137521954503,1.014657722502915,1.529412187765247,Good
1.3816064702738573,6.489940367889107,1.130586872910999,1.2597118428284946,Bad
2.2086151299883783,4.734863224761524,1.0377160792848814,1.414539019513386,Bad
2.424539474650249,6.54512373400082,1.0279828993392923,1.389567164908642,Bad
2.457042798549913,6.316439321434957,1.020351207151185,1.834072889415001,Bad
1.300050636488383,5.298907270489993,1.0279828993392923,2.198668199718899,Bad
3.0397133423954297,1.4614389533355068,1.2681694426739214,1.938956356890404,Good
2.1851298866882534,3.0665839319331534,1.0921103863194714,1.0749167624824312,Good
1.6906539033964674,3.023232333855684,1.064127486980179,2.018867969761064,Good
2.392057305722169,5.480264610918881,1.1993781577924605,1.1448386745766337,Bad
3.3611461084236587,4.43906902390543,1.026766258841819,1.9289678547821465,Bad
4.273215877519938,1.4299191232922814,1.355616003109211,2.213651552215385,Moderate
2.819933246175137,6.052164950622088,1.0206830003886511,1.374583812412156,Bad
1.5524296409616491,3.157357256291871,1.0254390019432569,1.3845723145204134,Good
1.954016143436211,5.452720254935162,1.1958802953750487,1.899001149789174,Bad
1.7793370921962686,4.987305827540149,1.270501369607462,1.0,Moderate
1.0967452968725104,2.5894323906481707,1.3179874823163622,1.0,Moderate
1.400418012778936,1.1301494483766814,1.079284872133696,1.2397336399437795,Good
3.300388191578649,3.153381782232365,1.079284872133696,2.0638180272505227,Moderate
2.2066288200498567,4.348390353690985,1.2751651675087443,1.609322601967707,Bad
5.1306035279053965,3.4925275811659287,1.0089036548775747,2.2436182572083574,Bad
2.142131955468183,4.900507977240936,1.3824329669646327,1.8490562419114869,Moderate
1.4541654429282402,5.993006110450869,1.1655654970851146,1.4395120727863295,Bad
2.107663541098445,5.314619858439468,1.0,1.0849052645906887,Moderate
1.9459540353635016,4.119611286980849,1.030314798289934,1.4794672798875594,Good
1.4162979148013188,3.299338472702797,1.0,1.2097669349508071,Good
1.6503433630329214,6.257280481263738,1.0944422852701128,1.174805379569606,Bad
3.3802414371328964,1.4890779634635003,1.1172616680917218,3.557158426510917,Moderate
2.5132576852475186,3.989461838604167,1.047804110376992,2.0088794676528066,Moderate
1.544017056926803,6.253305007204232,1.0279828993392923,1.329633754922697,Bad
1.3160346364502011,2.845755813342027,1.0228951045472212,1.2397336399437795,Good
1.9104807598435816,4.052596152834892,1.0629615235134084,1.4445057245063584,Good
2.2173783189790903,2.2581428856893453,1.0256510003886514,1.8890126476809168,Good
1.3386085390537867,2.526298076417446,1.0909444228527012,1.414539019513386,Good
2.5425500327439834,5.582869703311843,1.167897396035756,1.03995520710123,Bad
1.4514780520717157,1.8321992364565696,1.2530627345511076,2.1087680847399817,Good
1.7014034023257012,6.63977787827477,1.1842207446560435,1.4994454827722743,Bad
1.5374738500149925,4.691511626684054,1.0699572483482316,1.2197554370590649,Moderate
3.1310839220517552,1.2602988967533628,1.4990283622230858,1.5793558969747346,Moderate
4.432354860716979,4.139394003134104,1.008516539448115,2.293563165086045,Moderate
2.3482916038261177,6.698936718445989,1.243329554605519,1.1648168774613483,Bad
1.98147400661338,5.724850919722768,1.0279828993392923,1.943951207278633,Bad
1.580471781235063,5.910183734211162,1.0338740272055966,1.4569922511428302,Bad
3.7061809215737695,5.815529589937213,1.2926544795958026,2.138734789732954,Bad
2.859192229658544,4.53372316817938,1.0912485969685193,1.983906414379863,Bad
2.335622549213204,5.821776763459293,1.197046258841819,1.484462130275788,Bad
3.955638927546996,4.671823564675073,1.0060832304702685,2.288568314697816,Bad
2.4273436693285317,3.4728395191569468,1.0693489280994948,1.589345597751192,Good
1.988951902086708,5.709043677629019,1.053633899727944,1.5194224869887896,Bad
2.2086151299883783,2.3882923340660263,1.0050877947920716,1.6143174523559356,Good
2.1357056813718587,4.502203338136154,1.0617955600466382,1.2297451378355222,Moderate
1.7543328832383809,5.235772956259268,1.1532976261173726,1.884017797292688,Bad
1.5912212801642969,7.136712135713008,1.1690633595025262,1.0,Bad
1.5965959973804815,5.807673295962474,1.047804110376992,1.0,Bad
1.988951902086708,6.131011852802288,1.3917605907500972,1.6193123027441645,Moderate
1.5552339001367956,4.040764384800648,1.0559657986785853,1.1648168774613483,Good
2.0185130080178846,3.902758642449229,1.1049358725223477,1.0,Good
2.1413140707284226,2.6091204526571525,1.0425826692576758,1.8540510922997155,Good
2.5962973983964237,5.748514455791256,1.263505644772639,1.5993340998594494,Bad
2.1501940635408925,6.288800311306964,1.2518460940536338,1.609322601967707,Bad
1.5294117419422832,6.186289873058275,1.0186552755538285,1.0,Moderate
1.86533295463641,3.117886478129634,1.2623396813058687,1.8940062994009452,Moderate
1.406330246864544,4.790141245017511,1.3138951232024874,1.254716992440266,Moderate
1.3386085390537867,3.985581018688935,1.037310523124757,1.3596004599156697,Good
1.0336505296299778,5.7405635076722445,1.0255495903614458,1.2247502874472935,Good
1.1074947958017445,6.797566336779445,1.0338126607073457,1.7192009198313394,Bad
1.9217677111453744,5.11745527591683,1.3171395165176836,1.419533869901615,Bad
1.378919079417333,4.770358528864255,1.0268169358725223,1.1798002299578347,Good
1.4837264843625526,6.276968543272719,1.0769529731830547,1.414539019513386,Bad
1.6926402133349892,5.2042531262160425,1.0523158492032647,1.8440625901914576,Bad
1.9422150876268376,3.8474806221932414,1.048665899727944,1.254716992440266,Good
1.5436164024040218,6.411093465708907,1.101438010104936,1.6243059544641931,Bad
2.6124216145418417,2.4395002261182333,1.0676253493975905,1.724195770219568,Moderate
2.9264932889185,2.91674642154749,1.0790821080450836,1.5244173373770182,Moderate
3.2735144765039967,4.908458925359948,1.4978624267392149,1.6293008048524218,Bad
1.825022414272864,3.997412786723179,1.0571317621453555,1.6642623602336228,Good
2.284328837780045,6.063996718656331,1.0109498204430625,1.3795786628003843,Bad
2.5237384257420405,2.778740679196071,1.0023318989506411,2.158712992617669,Good
1.4434159439990064,4.084115982878117,1.1935483964244074,1.0899001149789174,Moderate
2.2273216071010538,4.691511626684054,1.037310523124757,1.8440625901914576,Moderate
4.474768579337669,1.7217378500888696,1.596157425573261,2.468368544655651,Bad
2.285330345093269,2.346171239864119,1.1379157061795568,1.5843507473629632,Good
1.7178781589301209,5.32257080655848,1.0316328488146134,1.0,Moderate
1.25261274111051,5.283100028396243,1.457054013214147,1.1798002299578347,Moderate
1.0268737150746523,2.873394823470021,1.0,1.1448386745766337,Good
3.595998799412365,3.271699462574803,1.1920644352895453,1.6293008048524218,Moderate
2.184396944319148,5.381729646729699,1.0165353470656822,1.204772084562579,Moderate
2.957339623870196,3.0784156999673966,1.0888152879906725,2.0088794676528066,Moderate
6.384086095230611,1.6980743140203822,1.0291995398367664,6.438956956224503,Bad
1.8868318879980128,4.671823564675073,1.2903225806451613,1.2247502874472935,Moderate
1.5860802350884915,3.98832598887288,1.0060832304702685,1.3845723145204134,Good
2.255001468486112,2.82209227727354,1.072289147298873,1.414539019513386,Good
1.7981486991982116,5.3264516264737125,1.0550330446949088,1.354605609527441,Moderate
1.8610331421653437,4.332583111597236,1.2590750003886515,1.7192009198313394,Bad
2.2684383582718706,2.6012641586824143,1.174893120870579,1.7891228319255417,Good
1.906180947372515,5.511879095106381,1.0026650353672757,1.3945620152968707,Moderate
1.9730614225785337,2.8260677513330457,1.4051437201710066,1.0,Moderate
1.3950432955627512,5.13326251801058,1.1119315973571706,1.3945620152968707,Moderate
2.241564643197218,3.729162941850804,1.041974349008939,1.2247502874472935,Good
1.7148402276145949,5.732707213697506,1.1359169436455498,1.2796888470450098,Bad
2.383995197649459,1.6955186521249854,1.0909444228527012,1.5094339848805318,Good
2.128695130179289,2.356677849878527,1.2541779930042751,1.639289306960679,Good
2.850779581126833,2.8930828854790027,1.0316328488146134,1.4395120727863295,Moderate
2.444168901895088,5.673548373526288,1.0705655685969686,1.4644839273910732,Bad
1.6852791861802827,4.41152466792171,1.179556946754761,1.5094339848805318,Moderate
2.5506121408166926,3.729162941850804,1.3462883793237466,1.5144288352687607,Moderate
1.405792794491985,2.889107411419497,1.0827827345511076,1.0,Good
2.421618411653345,4.628377312453329,1.102603973571706,1.6293008048524218,Bad
2.010450899945176,6.426806053658383,1.137582597745822,1.6592675098453944,Bad
2.634855300961827,3.0074250917619345,1.01703307889623,1.9239730043939176,Moderate
3.1254648262156715,2.360653323938033,1.1081157372716672,1.908989651897432,Moderate
4.081828462032062,1.81639199436282,1.081515389040031,3.2475028744729357,Moderate
1.7610630020637492,5.247604724293511,1.459892878352118,2.07380652935878,Bad
1.7014034023257012,5.969342574382381,1.0769529731830547,1.8140958851984847,Moderate
1.0107494989292338,5.543398925149606,1.005829761368053,1.1648168774613483,Good
1.6772170781075737,3.204684328428846,1.5806451612903225,1.0099885021082575,Bad
1.5720591327033524,4.951810523437418,1.0206830003886511,1.329633754922697,Bad
2.3842639560841707,4.257711683476542,1.0489700738437622,1.859045942687944,Moderate
4.838965539948724,1.7177623760293637,1.1107149568596968,5.275250311886805,Bad
1.7040907931822258,4.383885657793717,1.0769529731830547,1.1897887320660925,Good
1.4094148739100274,6.060021244596825,1.0454722114263506,2.198668199718899,Bad
3.218131276875172,3.2401796325315777,1.0437993097551497,1.824084387306743,Moderate
2.5452373591036435,2.786596973170808,1.0,1.3845723145204134,Good
1.6730107860901504,5.898351966176919,1.0255495903614458,1.3596004599156697,Bad
2.4619289520168914,4.454876265999179,1.1667314325689857,1.1498335249648624,Bad
1.5643475650896446,2.581481442529159,1.1539059463661097,1.0,Good
4.07341581350035,3.673979575739091,1.1897970649047804,4.556049392055467,Bad
2.7467900609213736,1.89523889654302,1.2949864065293433,1.908989651897432,Moderate
1.5240370247260986,6.470252305880126,1.125923047026817,1.0,Bad
1.0168252970634213,3.6976431118075785,1.0012166404974738,1.11986681997189,Good
1.8707076718525943,5.373778698610687,1.1831608083948697,2.198668199718899,Moderate
2.0776350908865093,5.046464667711368,1.1772250198212204,1.214761785339036,Bad
2.765601667923317,3.29536299864329,1.1585697722502917,1.6143174523559356,Moderate
1.2088469747175945,4.168642133714754,1.01199265915274,1.3063268504473629,Good
3.2788891937201816,4.979449533565411,1.1717450446949087,1.9889012647680917,Bad
3.974917878829698,1.4692952473102447,1.1585697722502917,3.592119981892119,Moderate
3.478922994377013,4.581050240316355,1.1472143956471046,2.428413337554421,Bad
3.0668313715931173,1.9425659686799956,1.0423559238243296,4.50110963378955,Moderate
1.8076129046100615,3.390017142917241,1.1362645472211426,1.0998886170871751,Good
1.5831591720915876,4.81768560100123,1.2203653322969297,1.314650402426211,Moderate
2.437742627798764,2.889107411419497,1.2670035071900505,1.0899001149789174,Moderate
2.724590046641768,5.263411966387261,1.041366028760202,1.3596004599156697,Moderate
3.487335578411859,2.644615756759884,1.0608323886513795,3.911765234706559,Moderate
1.2075116316332957,5.271268260362,1.048665899727944,1.2497221420520372,Moderate
1.9459540353635016,3.977630070569923,1.102603973571706,1.1048834674754036,Good
2.825541700028566,5.054320961686106,1.0425826692576758,1.7491676248243118,Bad
1.9217677111453744,3.33871459672076,1.1585697722502917,1.5543840423699908,Good
3.010619645241876,3.035064101889928,1.0766487990672369,1.8940062994009452,Moderate
2.27650046634458,4.695487100743561,1.4045860769529732,1.234738789555551,Bad
1.8937422755598876,6.111323790793307,1.0699572483482316,1.349611957807412,Bad
1.633751802606744,3.5043593492001723,1.0,1.4994454827722743,Good
2.78441327492526,5.626221301389313,1.0443062479595802,1.5244173373770182,Bad
2.040011941379488,5.815529589937213,1.0036499494753206,1.409545367793357,Bad
2.2442520340537424,5.251580198353017,1.108433734939759,1.294672199541496,Bad
1.171991660383418,5.633793632931228,1.037310523124757,1.2397336399437795,Moderate
2.8205706041909338,1.6874730498617,1.260362633501749,1.8490562419114869,Good
4.412725368975276,2.975905261718709,1.083948698017878,2.5732520121310545,Moderate
2.511470025651908,4.41152466792171,1.032849489312087,1.274695195324981,Moderate
2.0265751160905943,5.381729646729699,1.162067634667703,1.2796888470450098,Bad
2.131382521035814,3.973749250654691,1.036144587640886,1.3995556670168998,Good
2.076817206146749,4.841349137069718,1.0851653385153517,1.349611957807412,Bad
2.2078503906650333,7.692805233322464,1.1857047057909056,1.349611957807412,Bad
1.9190803202888496,5.7603462238255,1.152080985619899,1.724195770219568,Moderate
2.023887725234069,5.953535332288632,1.4453944904780411,1.274695195324981,Bad
2.076817206146749,5.724850919722768,1.0559657986785853,1.314650402426211,Bad
2.2576888593426365,4.15510659108358,1.0851146614846483,1.2447284903320084,Moderate
3.2770197521002813,2.9578263201623844,1.0530202347454334,2.864595510081932,Moderate
1.5912212801642969,3.6976431118075785,1.1130975608239408,1.1098783178636322,Good
3.06670386129184,5.160806873994299,1.0790821080450836,2.223640054323643,Bad
1.314422214835659,3.0863666480864085,1.0011659634667702,1.3596004599156697,Good
1.3813727336366135,3.520166591293922,1.0623255561601244,1.2896785478214672,Good
2.572111074178296,3.764658245953535,1.0186552755538285,1.3845723145204134,Good
2.009516146886793,5.113479801857324,1.159380856587641,1.6243059544641931,Bad
1.7148402276145949,6.048189476562582,1.1667314325689857,1.0699219120942025,Bad
1.773962374980084,5.898351966176919,1.121259221142635,1.4345172223981009,Bad
2.2811422411916578,3.1612380762071037,1.068685285658764,1.389567164908642,Good
1.9439995868760835,5.996981584510375,1.0025438973960357,1.2796888470450098,Bad
2.9913406939591747,4.277399745485523,1.072289147298873,1.764150977320798,Bad
3.159242866146927,2.9955933237276904,1.0863820069957248,2.128746287624696,Bad
1.328092776761797,4.368078415699968,1.0036499494753206,1.034961555381201,Moderate
1.4066106792317452,5.452720254935162,1.0024333089778468,1.4345172223981009,Moderate
3.4508808541036,2.214696633467602,1.0953962502914885,2.758047092477118,Good
1.3224843229083685,3.90663946236446,1.0629615235134084,1.0,Good
1.7094655103984104,6.730551202633488,1.0559657986785853,1.5993340998594494,Moderate
1.5267244155826232,2.7826214991113023,1.1410804601632336,2.7230855370959173,Good
1.773962374980084,3.839624328218504,1.024485036921881,1.3596004599156697,Good
1.693341294252992,5.287075502455749,1.0256510003886514,1.3596004599156697,Moderate
2.990990153500173,5.63407759536405,1.0194663598911775,1.3995556670168998,Bad
3.539947928241391,1.1932837626074062,1.5270112615623783,1.978912762659834,Moderate
1.7262908074618315,3.673979575739091,1.0534219012825496,1.4345172223981009,Good
2.303374116922367,5.346234342626968,1.0874465604352896,1.8440625901914576,Bad
1.720215009327644,3.354521838814509,1.0629615235134084,1.0,Good
1.5777843903785382,3.90663946236446,1.2565099199378158,1.0699219120942025,Moderate
4.008918948918677,1.7493768602168631,1.0790821080450836,2.1437296401211823,Moderate
2.2254404270518,5.523710863140624,1.0489700738437622,1.5943392494712207,Bad
1.356134852538346,5.038608373736629,1.015816410415857,1.5643725444782484,Good
1.6449686458167367,5.890495672202181,1.3066459292654489,1.419533869901615,Bad
3.596699880330368,3.863287864286991,1.0656989786241742,1.864039594407973,Moderate
1.733651834616538,6.288800311306964,1.1037699090555773,1.5943392494712207,Bad
1.4851285817016937,2.159513267355889,1.0457902090944422,1.4744724294993308,Good
1.3168758690549398,4.636328260572341,1.015816410415857,1.329633754922697,Good
2.1260077393227643,3.555661895396653,1.060629624562767,1.5743622452547057,Good
1.8580887313034609,6.12315555882755,1.0139914496696465,1.349611957807412,Moderate
2.0561361575249064,3.031088627830422,1.0081616883015934,1.2247502874472935,Good
1.795461308341687,4.9321224614284365,1.024485036921881,1.4594890770028446,Moderate
3.812063295760972,5.129287043951074,1.28799068169452,2.298556816806074,Bad
1.143014767051622,5.507903621046875,1.0,1.2197554370590649,Moderate
1.5831591720915876,3.169189024326115,1.0816167990672367,1.0,Good
1.034935823147361,4.94395422946268,1.0,1.1897887320660925,Good
1.6533812943484474,4.624496492538098,1.0121664889234356,1.6143174523559356,Moderate
4.210822191195408,1.3589285150868189,1.0851653385153517,3.9617089439160456,Moderate
3.268607103568571,2.372485091972277,1.0279828993392923,1.8540510922997155,Moderate
2.370558372360565,4.241904441382792,1.058399107656432,1.5344058394852758,Moderate
3.4723797874652025,4.021076322791666,1.1317528083948698,2.368479927568476,Moderate
1.4178275224417378,3.1060547100953904,1.073773108433735,1.2397336399437795,Good
3.736910452703708,1.4456317112417572,1.1034150579090556,1.983906414379863,Moderate
3.42508210827093,1.560068571668963,1.0130586956859695,1.978912762659834,Good
1.6057096623333302,3.0272078079151896,1.0546938359891178,1.329633754922697,Good
2.47805316816231,1.9268533807305197,1.0314807617567043,1.5643725444782484,Good
1.6584054711056306,4.9123397452751805,1.0804508356004665,1.4744724294993308,Moderate
2.4243057380130053,3.808104498175278,1.145744258064516,1.7142060694431107,Moderate
2.32919627511688,5.799722347843463,1.0474492592304705,1.15982202707312,Bad
2.8029805033073028,2.064859123081938,1.0381584889234357,1.389567164908642,Moderate
3.439664010893607,1.9307342006457515,1.0705655685969686,2.1836848472224126,Moderate
2.547924749960168,4.663872616556061,1.0173227578701904,1.604328950247678,Moderate
2.320783626585169,4.671823564675073,1.3297115616012438,1.274695195324981,Bad
1.9029561041434315,6.205977935067257,1.241352506801399,1.6542726594571655,Bad
2.3893699793625087,2.0806663651756887,1.02215313797124,1.374583812412156,Good
2.0292624424502543,2.7471261950085712,1.0186552755538285,1.4395120727863295,Good
2.0856971989592186,2.538129844451689,1.012825486202876,1.5543840423699908,Good
2.572494959516286,4.218240905314305,1.0906112864360669,1.8608619250105185,Moderate
2.075924956522126,3.2401796325315777,1.1434123591138747,1.274695195324981,Good
1.90856455799686,5.219965714165518,1.0072998989506412,1.4445057245063584,Moderate
1.2047074369550137,4.805853832966987,1.0127194869801788,1.3596004599156697,Good
2.1125709140338707,3.670004101679585,1.048503682860474,1.349611957807412,Good
3.708868312430294,2.02150752500447,1.081515389040031,3.042730789910357,Moderate
2.23385307558351,4.131443055015092,1.0231163093664983,1.2996670499297247,Good
3.8911420629653226,1.102510438248688,1.0024333089778468,1.709212417723082,Moderate
1.4944759832917862,4.636328260572341,1.1270890104935871,1.0699219120942025,Good
1.6127202135259,2.904914653513246,1.2984842689467548,1.294672199541496,Moderate
2.072260373670325,2.755077143127583,1.270501369607462,1.3945620152968707,Good
1.3140716743766578,3.5990134934741222,1.0368865542168677,1.2397336399437795,Good
3.530036114589344,4.131443055015092,1.06486945355616,1.8690344447962015,Moderate
2.783148620404542,4.301063281554011,1.0757870097162845,1.3046619003179534,Moderate
2.3011541348434656,5.062271909805117,1.081515389040031,2.2086567018271563,Bad
1.8303971314890488,3.4413196891137217,1.0326467252234746,1.0849052645906887,Moderate
2.5828605731075296,5.578894229252337,1.1539059463661097,2.038846172645779,Bad
1.529995954541664,5.551255219124344,1.0529343272444618,1.3196452528144396,Moderate
1.8438339567779425,3.705499405782316,1.0116595507190052,1.3096555520379822,Good
2.101821415104637,6.131011852802288,1.1374811877186164,1.7841291802055128,Bad
1.073291915023489,5.425081244807168,1.0165353470656822,1.0,Good
3.1660196807022527,4.273424271426018,1.0629615235134084,1.5194224869887896,Bad
2.32218572392431,5.559206167243356,1.1630308060629615,1.6243059544641931,Bad
3.1660196807022527,5.563086987158588,1.1364166342790516,1.5194224869887896,Bad
1.5885338893077725,3.283531230609047,1.0163233486202876,1.3196452528144396,Good
2.5962973983964237,4.289231513519767,1.1923824329576371,1.7192009198313394,Moderate
4.191192699453706,3.3703290809082587,1.083948698017878,2.2436182572083574,Bad
2.825541700028566,5.054320961686106,1.0425826692576758,1.7491676248243118,Bad
1.0,4.703343394718299,1.0,1.03995520710123,Good
2.7638490301251744,2.8536121073167653,1.049882568208317,2.043839824365808,Good
1.6449686458167367,4.951810523437418,1.0594636610959969,1.2996670499297247,Good
2.071208816790185,5.688976999042941,1.0961151869413135,1.4954491229944116,Bad
1.756372338593318,3.0942229420611462,1.2215312957637,1.0,Good
1.6530307538894458,3.417656153045234,1.005829761368053,1.0,Good
1.5524296409616491,6.150794568955543,1.135047906723669,1.11986681997189,Moderate
2.23385307558351,1.1814519945731623,1.0432463116984063,1.799112532701999,Good
3.980876808645264,1.5679248656437008,1.0608323886513795,4.615982802041412,Moderate
2.643267949493538,2.739269901033833,1.0754321585697628,1.7949064059891855,Good
2.9698417605975718,3.263843168600065,1.2506801305868636,1.484462130275788,Moderate
2.4694068474902195,2.9364344835564715,1.094124287602021,1.5493891919817622,Moderate
2.899725800179813,4.589001188435367,1.3281630998834046,2.043839824365808,Bad
1.4998507005079709,1.8834071285087768,1.0,1.0449500574894588,Good
2.346372048142438,4.963642291471661,1.0218996688690245,1.2846836974332383,Moderate
3.4172303244736217,1.252442602778625,1.094124287602021,1.938956356890404,Good
2.0688052121378195,2.91674642154749,1.0,1.389567164908642,Good
1.3601074724153897,5.855000368099449,1.0256510003886514,1.0,Moderate
1.457341397533971,4.214265431254798,1.057831334628838,1.4594890770028446,Good
3.3541355572310887,1.8767813384096,1.560823950252623,1.6542726594571655,Moderate
2.1905046039044382,5.11745527591683,1.078057570151574,1.709212417723082,Bad
2.131382521035814,4.94395422946268,1.1095996984065293,1.7192009198313394,Bad
1.2257390260358578,4.450900791939674,1.060629624562767,1.2097669349508071,Moderate
1.376231688560808,3.259867694540559,1.1130975608239408,1.274695195324981,Good
1.827242396351765,2.580724209374967,1.0255495903614458,1.3645953103038984,Good
2.8967941596971176,4.15510659108358,1.0874465604352896,1.978912762659834,Moderate
2.0426993322360127,2.4868272982552084,1.4232413525068015,1.4295223720098722,Moderate
2.9510301535956285,5.710463489793128,1.0,1.7403538175517783,Bad
3.349929265213666,6.012694172459851,1.0024333089778468,2.148723291841211,Bad
2.281875183560764,4.186721075271079,1.1034150579090556,1.5244173373770182,Moderate
2.5318005338147493,2.6130959267166585,1.0256510003886514,1.4445057245063584,Good
1.8411466304182824,3.461007751122703,1.1313979572483484,1.3645953103038984,Good
1.740311845350106,3.748945658004059,1.0291995398367664,1.3596004599156697,Good
1.954016143436211,6.182314398998769,1.216867469879518,1.834072889415001,Bad
1.3386085390537867,4.561362178307373,1.0233190734551108,1.0149833524964862,Bad
1.693341294252992,2.6919428288968583,1.096774184220754,1.0749167624824312,Good
1.6234697124551336,4.521891400145136,1.02215313797124,1.1398450228566048,Moderate
2.668856371050806,2.139825205346908,1.4174115911387486,1.5244173373770182,Good
1.5885338893077725,4.009244554757423,1.125923047026817,1.0649282603741737,Good
4.7940981671087535,1.5797566336779445,1.0194663598911775,5.370144078585752,Moderate
2.2394614649400744,4.269543451510785,1.0608323886513795,1.329633754922697,Moderate
1.7094655103984104,3.654291513730109,1.0089036548775747,1.2247502874472935,Good
1.8035234164143965,4.983330353480644,1.102603973571706,1.4994454827722743,Moderate
1.2635959121801232,6.040333182587844,1.0462326187329964,1.3396222570309548,Moderate
2.547924749960168,4.786165770958005,1.122425184609405,1.2597118428284946,Moderate
3.865904181867056,1.761208628251107,1.1180148278274389,3.657048242266293,Bad
3.728497804171997,2.360653323938033,1.0644823381267003,2.55327380924634,Bad
2.2469393604134025,5.811554115877707,1.1737271574038088,2.7380688895924035,Bad
2.170618092157377,2.849731287401533,1.0,1.589345597751192,Good
2.883987339781458,3.342690070780266,1.075718423630004,1.2397336399437795,Good
3.380775535668497,4.545554936213623,1.0620490291488536,1.9988897668763488,Moderate
1.3386085390537867,6.008813352544618,1.0594636610959969,1.829079237694972,Bad
1.5939086065239567,4.178770127152067,1.0,1.1048834674754036,Good
1.7820244830527932,5.590725997286581,1.0,1.604328950247678,Bad
1.9002687132869067,2.5972886846229084,1.2203653322969297,1.0,Good
3.308987752023917,5.598582291261319,1.1348267019043918,1.484462130275788,Moderate
3.341516616681955,4.005269080697916,1.132614597745822,1.0998886170871751,Good
2.9769691156118983,1.650747241883407,1.1569475755926937,2.383463280064962,Moderate
1.330896971440079,3.969773776595185,1.0072998989506412,1.6243059544641931,Good
2.048074049452197,3.92244670445821,1.06645938593082,1.4295223720098722,Good
1.6906539033964674,5.4763837910036495,1.4978624267392149,1.2397336399437795,Moderate
2.421618411653345,3.390017142917241,1.029148862806063,1.5244173373770182,Good
2.233502535124509,5.381729646729699,1.1317528083948698,1.354605609527441,Bad
3.753735685270265,1.6902180200456445,1.1240980862806065,3.482241664028486,Moderate
3.607916723540361,1.8715753604745329,1.083948698017878,2.2086567018271563,Moderate
1.9432666445069773,1.5797566336779445,1.024485036921881,1.0649282603741737,Good
1.4162979148013188,2.2383601695360893,1.0381584889234357,1.4644839273910732,Good
1.9562361255151124,5.464552022969405,1.0594636610959969,1.349611957807412,Bad
1.2257390260358578,5.101648033823081,1.064127486980179,1.958934559775119,Moderate
2.144819346324708,6.347959151478182,1.092465237465993,1.6942290652265954,Bad
1.755150767978141,3.31117024073704,1.135134094053634,1.3096555520379822,Good
2.298349940165184,1.903189844662032,1.0750450431403031,1.7142060694431107,Good
1.6169265055433228,3.804129024115772,1.0,1.3695889620239272,Good
2.370558372360565,4.963642291471661,1.0804508356004665,1.314650402426211,Bad
1.5687450903105522,6.083684780665313,1.034978624174116,1.729189421939597,Bad
2.2066288200498567,5.216084894250287,1.1597357077341623,1.4245287202898431,Bad
1.5267244155826232,5.014944837668143,1.174893120870579,1.3196452528144396,Moderate
2.269569891264092,2.367184459892936,1.0396424500582977,1.918979352673889,Good
2.4722110421685017,2.471114710305733,1.087598647493199,1.604328950247678,Good
3.38907138037845,3.173069844241347,1.037310523124757,2.0088794676528066,Moderate
2.517078415008472,5.32257080655848,1.3479612809949475,2.0638180272505227,Bad
1.7066613157201282,3.926422178517716,1.0152634123591138,1.4644839273910732,Good
3.2742155574219995,2.0411955870134517,1.1289646762534007,2.3784684296767336,Good
2.674231088266991,5.32257080655848,1.2087057815779243,1.8540510922997155,Bad
3.4677061511670204,2.845755813342027,1.0,1.2097669349508071,Moderate
3.03024913698358,3.792297256081529,1.100981776914108,2.303551667194302,Moderate
1.3757643442800491,4.080235162962885,1.0206830003886511,1.3096555520379822,Moderate
2.0515793250484817,5.460576548909899,1.0291995398367664,2.198668199718899,Bad
2.2371671179763104,4.324726817622498,1.0174893120870578,1.2097669349508071,Moderate
2.4525815504267987,5.089816265788837,1.0194663598911775,1.9289678547821465,Bad
1.4541654429282402,3.6976431118075785,1.0186552755538285,1.409545367793357,Good
2.292624682489998,2.699799122871596,1.167897396035756,2.5183134525333384,Good
1.6315318205278428,3.5871817254398786,1.024485036921881,1.6542726594571655,Good
2.685713529565331,2.4237876381687578,1.1888845705402251,1.5843507473629632,Good
1.647656036673261,6.182314398998769,1.0757870097162845,1.0,Bad
1.467602268217134,4.600832956469611,1.0139914496696465,1.214761785339036,Good
1.1788321978409504,3.1020792360358844,1.0292548620287605,1.414539019513386,Good
2.418931020796821,4.999137595574393,1.0048665899727944,1.2297451378355222,Moderate
1.1908032028884965,5.397442234679175,1.0,1.254716992440266,Good
1.7148402276145949,4.474564328008161,1.5666537116206762,1.374583812412156,Bad
2.093759307031928,4.021076322791666,1.2017100567431014,1.2597118428284946,Good
4.149129521292018,4.723031456727281,1.1070650073843762,2.2685901118131016,Bad
2.142131955468183,2.703774596931102,1.1422463956471045,1.4644839273910732,Moderate
1.3505264631817822,6.048189476562582,1.0,1.0249718546047435,Moderate
1.2230516351793332,4.545554936213623,1.0011659634667702,1.5543840423699908,Good
2.0847200069639413,3.5398546533029034,1.1386425340069957,1.5743622452547057,Good
2.08522985467846,2.7944532671455464,1.0,1.589345597751192,Good
1.720215009327644,6.576738218188319,1.101438010104936,1.3246389045344684,Bad
1.9029561041434315,5.6025577653208245,1.2949864065293433,1.0149833524964862,Bad
2.007763509088651,6.4347570017773945,1.0233190734551108,1.4395120727863295,Bad
4.956742425902078,2.975905261718709,1.0255495903614458,1.5643725444782484,Bad
1.550910739800751,3.4018489109514847,1.1515740474154683,1.0449500574894588,Good
2.8193490335757563,4.478539802067667,1.1282549459774582,1.958934559775119,Moderate
2.509812972207076,1.402280113164288,1.1092665619898952,1.839067739803229,Good
2.988185958821891,2.0608836490224327,1.1034150579090556,1.918979352673889,Good
3.69484727454202,5.720875445663262,1.0,2.363485077180248,Bad
2.1905046039044382,4.608689250444348,1.0932763218033423,1.5394006898735046,Moderate
2.7590053800919554,4.829517369035474,1.0432463116984063,1.5793558969747346,Moderate
1.5132875257968648,2.5972886846229084,1.179556946754761,1.958934559775119,Good
2.511470025651908,4.147250297108842,1.0291995398367664,1.469478777779302,Moderate
1.9513287525796867,5.30676356446473,1.1818888457054022,1.174805379569606,Bad
2.193191994760963,4.447019972024441,1.083948698017878,1.829079237694972,Bad
1.9478234769834015,4.628377312453329,1.0826767353284104,1.4794672798875594,Moderate
1.2794863916882977,5.137143337925812,1.2360296836377769,2.1187565868482388,Bad
2.212003601762906,7.160375671781496,1.2203653322969297,1.274695195324981,Bad
3.133771248411416,4.178770127152067,1.0921103863194714,2.4334069892744496,Moderate
2.160943562470126,5.018825657583375,1.143564446171784,1.5094339848805318,Moderate
2.298349940165184,2.8970583595385087,1.008516539448115,1.4794672798875594,Good
2.685713529565331,2.214696633467602,1.1034150579090556,2.538290456749854,Good
2.0319498333067787,5.212109420190781,1.0233190734551108,1.3346286053109258,Bad
1.9870824604668085,4.703343394718299,1.3297115616012438,1.4395120727863295,Moderate
2.948926975338485,3.737113889969816,1.0632656976292263,1.609322601967707,Moderate
1.6163034013345992,5.6498848374578,1.0699572483482316,1.03995520710123,Moderate
2.3421490514370884,7.570606733064796,1.2874606855810338,2.0788013797470093,Bad
4.303361131553632,1.4417508913265251,1.149647676642052,3.602108484000376,Moderate
3.3595102744472736,7.677092645372989,1.1597357077341623,2.373473579288505,Bad
1.5944928191233376,2.841780339282521,1.0038158600855034,1.389567164908642,Good
4.193996894131987,1.4890779634635003,1.1313979572483484,3.8468369743323847,Moderate
2.4862320800567765,6.26116130117897,1.0425826692576758,1.604328950247678,Bad
1.2019032422767315,6.546732854453477,1.0474492592304705,1.2197554370590649,Moderate
2.9698417605975718,1.5719003397032068,1.6086280606296153,1.8790229469044597,Moderate
2.8967941596971176,5.093791739848342,1.0788609032258063,2.204661540717493,Bad
2.7890869112234418,1.855862772525057,1.6830371364166343,1.943951207278633,Moderate
1.7795708288335126,6.063996718656331,1.1667314325689857,1.7741394794290557,Bad
2.155568845253941,4.656016322581324,1.2308589195491644,1.314650402426211,Moderate
3.1401232221197417,3.299338472702797,1.2028760202098718,1.9489460576668611,Moderate
2.0627961682584743,4.868988147197712,1.1842207446560435,1.1148719695836613,Bad
1.7148402276145949,5.732707213697506,1.1359169436455498,1.2796888470450098,Bad
2.2979993997061827,3.4925275811659287,1.1399144966964632,1.5543840423699908,Good
2.814324856818573,5.503928146987369,1.0766487990672369,1.7391791227160542,Bad
2.327560441140495,3.804129024115772,1.1445783225806452,1.7691458277090266,Good
3.3555376545702296,7.357634908448408,1.0437993097551497,1.409545367793357,Bad
1.3757643442800491,4.080235162962885,1.0206830003886511,1.3096555520379822,Moderate
1.8076129046100615,3.259867694540559,1.0254390019432569,1.4994454827722743,Good
2.397432087435217,2.3093507777415523,1.577147298872911,1.5793558969747346,Moderate
1.9728276859412897,5.30676356446473,1.0163233486202876,1.3795786628003843,Moderate
1.5328002137168106,3.989461838604167,1.058399107656432,1.804106184422028,Good
2.5506121408166926,6.446588769811639,1.079284872133696,2.323529870079017,Bad
1.1504926625249503,6.012694172459851,1.0023318989506411,1.1897887320660925,Bad
1.8975813869272469,5.791866053868725,1.1095996984065293,1.4744724294993308,Bad
1.214989527106624,3.4846712871911905,1.0,1.0,Good
2.1905046039044382,4.608689250444348,1.0932763218033423,1.5394006898735046,Moderate
2.5049268187400973,4.462732559973917,1.2017100567431014,1.15982202707312,Good
1.784711873909318,2.1082107211594083,1.0687912848814614,1.5144288352687607,Good
1.9997014010159415,2.5972886846229084,1.108433734939759,1.609322601967707,Moderate
2.3432173130051543,5.030657425617618,1.1046316984065294,2.523307104253368,Bad
4.333469557877649,4.088091456937622,1.1970969358725223,2.148723291841211,Bad
1.330896971440079,4.253736209417036,1.0279828993392923,1.3845723145204134,Good
1.5965959973804815,5.713019151688525,1.108433734939759,1.2497221420520372,Bad
1.2982979986902408,3.232228684412566,1.0,1.0,Good
1.3617433063917748,5.866832136133693,1.0454722114263506,2.198668199718899,Bad
3.125592336516949,4.557386704247867,1.0364994387874078,1.6942290652265954,Bad
2.467303669233076,4.5298423482641486,1.3952584531675087,1.4794672798875594,Moderate
2.3893699793625087,3.4846712871911905,1.4488923528954527,1.4045505174051285,Bad
1.8384592395617576,3.6108452615083664,1.0,1.409545367793357,Good
2.303374116922367,2.4749955302209647,1.8371550812281383,1.7192009198313394,Bad
2.6903553044124093,1.0276390101279935,1.0559657986785853,1.7841291802055128,Good
1.7685876577638997,6.766046506736219,1.108433734939759,1.1048834674754036,Bad
1.5047580734433967,4.979449533565411,1.0571824391760591,1.1298553220801475,Moderate
2.2759162537451987,2.569649674494915,1.0385677388262728,1.983906414379863,Good
2.2496267512699277,4.139394003134104,1.0513019727944035,1.6892342148383668,Moderate
1.6100328226693752,4.8611318532229735,1.037310523124757,1.4744724294993308,Moderate
1.5535980661604107,6.134987326861794,1.0816167990672367,1.409545367793357,Bad
2.620834263073552,3.630627977661622,1.01703307889623,1.4395120727863295,Moderate
1.682591795323758,2.530273550476952,1.037310523124757,1.804106184422028,Good
2.5237384257420405,2.250191937570333,1.0454722114263506,1.773686382849562,Good
2.4726783864492603,2.751101669068077,1.535172949863972,1.3446171074191833,Moderate
1.2311137432520425,6.150794568955543,1.0038158600855034,1.2597118428284946,Moderate
2.8784711809412453,5.06425964683487,1.1760590843373495,1.544395540261733,Moderate
1.9459540353635016,3.977630070569923,1.102603973571706,1.1048834674754036,Good
2.385280491166843,7.061840707592314,1.015816410415857,1.4944506323840456,Bad
1.5885338893077725,5.239748430318774,1.0384764865915277,1.419533869901615,Moderate
3.265802908890289,2.538129844451689,1.0936818779634667,1.864039594407973,Moderate
1.9701403595816296,5.093791739848342,1.0617955600466382,1.669256011953652,Bad
1.1101821221614043,4.28137521954503,1.0279828993392923,1.4794672798875594,Good
1.827709740632524,4.600832956469611,1.0571317621453555,1.5993340998594494,Bad
3.069508120466986,4.419380961896448,1.0571824391760591,1.9689230618833768,Bad
2.109883523177346,4.596857482410105,1.0713563933151962,1.9639294101633475,Bad
5.307853101683242,1.5994446956869262,1.3404586179556937,4.466149277076549,Bad
1.6421644511384548,3.5833009055246468,1.031798759424796,1.329633754922697,Good
2.405494195507927,2.510490834323696,1.0069957248348231,1.589345597751192,Good
2.2066288200498567,4.577169420401123,1.054799835211815,1.644284157348908,Moderate
1.8328507857083287,5.369897878695455,1.0888152879906725,1.4045505174051285,Moderate
1.144350110135921,4.8722063881030255,1.0279828993392923,1.2130968352096263,Good
1.6180949307420844,4.139394003134104,1.0431403124757093,1.5593788927582195,Moderate
1.4837264843625526,4.5850257143758615,1.0944422852701128,1.0699219120942025,Good
1.521349633869574,4.640209080487574,1.0186552755538285,1.059933409985945,Moderate
1.9405792536504527,3.2520114005658214,1.342790516906335,1.1498335249648624,Moderate
2.8928427592885217,2.6012641586824143,1.158164216090167,1.2647054945485237,Moderate
1.7122697050766924,6.320320141350189,1.0705655685969686,1.3246389045344684,Moderate
1.5320991327988076,4.202433663220555,1.0693489280994948,1.5144288352687607,Good
1.658989683705011,4.553505884332635,1.116798187329965,1.6492790077371366,Good
1.8465213476344668,5.338283394507956,1.0046638258841818,1.3446171074191833,Bad
1.1149726912750728,4.813804781085999,1.0036499494753206,1.2397336399437795,Good
2.69093951701179,2.778740679196071,1.0669156191216478,1.5493891919817622,Good
1.856886896728846,4.348390353690985,1.2961523420132142,1.1348501724683762,Good
1.6127202135259,3.555661895396653,1.0305267967353284,1.3995556670168998,Good
1.632069272900402,3.468864045097441,1.3474543427905168,1.1997784328425498,Moderate
1.4353538359262972,6.012694172459851,1.1177613587252235,1.669256011953652,Bad
1.2169439755940423,5.097767213907848,1.0,1.1648168774613483,Good
1.6730107860901504,2.534154370392184,1.0644823381267003,1.0,Good
1.1346021830167758,5.121430749976336,1.1374811877186164,1.544395540261733,Moderate
2.155568845253941,3.863287864286991,1.1842207446560435,1.4045505174051285,Moderate
2.0212003343775446,3.263843168600065,1.517683637776914,1.2297451378355222,Bad
1.661092861962155,4.6599917966408295,1.0,1.589345597751192,Good
2.623171113471076,3.417656153045234,1.3509522052079286,1.2697003449367523,Moderate
1.0061425523890295,4.158040869556071,1.0013325176836378,1.2530520423108564,Good
2.06688565645414,3.4768149932164527,1.1130975608239408,1.4944506323840456,Good
4.942721388013805,1.201140056582144,1.1557309071123203,2.902885767053752,Bad
2.0627961682584743,4.868988147197712,1.1842207446560435,1.1148719695836613,Bad
1.6799044689640985,3.354521838814509,1.0408083855421686,1.414539019513386,Good
2.437742627798764,2.889107411419497,1.2670035071900505,1.0899001149789174,Moderate
1.854583455707176,1.7650894481663388,1.083948698017878,1.354605609527441,Good
3.8701104738844783,1.350977566967807,1.114263496307812,2.977802529536183,Moderate
2.149726719260133,1.796703932353838,1.0801328379323747,1.7341842723278256,Good
4.193996894131987,1.4890779634635003,1.1313979572483484,3.8468369743323847,Moderate
2.5129889268128065,7.5942702691332835,1.2681694426739214,1.6342956552406505,Bad
2.0599919735801926,5.511879095106381,1.0109498204430625,1.2397336399437795,Bad
1.4991496195899685,4.340534059716248,1.01703307889623,1.154828375353091,Good
1.7543328832383809,3.5990134934741222,1.0407023863194715,1.4744724294993308,Good
1.2579874583266948,4.147250297108842,1.0218996688690245,1.3446171074191833,Good
3.002334507011444,4.995162121514888,1.0279828993392923,1.449500574894587,Bad
3.403209286585347,2.2383601695360893,1.0827827345511076,2.123751437236468,Moderate
2.267503605213488,5.050440141770873,1.0,1.6842393644501383,Bad
2.3796720373134144,5.058296435745612,1.2518460940536338,1.5493891919817622,Bad
2.247874113471785,4.159082065143085,1.015816410415857,1.5344058394852758,Good
2.47805316816231,4.604713776384843,1.0781189366498252,1.7841291802055128,Moderate
1.7555347178129956,6.3426585193988405,1.1132641150408085,1.578488061198138,Bad
1.599283388237006,6.864581470925402,1.1585697722502917,1.3995556670168998,Bad
1.6691549700348642,5.60653323938033,1.0489700738437622,1.6143174523559356,Bad
1.550910739800751,4.494347044161417,1.3905946272833267,1.9739179122716053,Good
2.402105723733399,3.7804654880472848,1.0012166404974738,1.5344058394852758,Good
2.4726783864492603,5.716899971603756,1.0693742806062962,2.1187565868482388,Bad
3.061095471935275,4.28137521954503,1.1289646762534007,2.278579812589559,Moderate
1.5720591327033524,5.081959971814099,1.1500900862806065,1.4794672798875594,Bad
1.556285457016935,4.959666817412156,1.1865526715895842,1.154828375353091,Bad
3.204620086701416,2.61697674663189,1.0795303381267003,1.4869589561358023,Bad
1.7873992002689778,4.94395422946268,1.102603973571706,1.5493891919817622,Moderate
1.2944421826349544,5.129287043951074,1.0304162083171395,1.0,Good
2.008496451457757,2.758957963042815,1.3684415172949864,1.2497221420520372,Moderate
1.4234359117983018,3.5871817254398786,1.0190792444617178,1.3196452528144396,Good
2.211419389163525,3.626652503602116,1.026710936649825,1.6592675098453944,Moderate
1.982111364629176,4.719150636812048,1.0928523528954528,1.9988897668763488,Good
1.386981187490042,4.908458925359948,1.0268169358725223,1.0,Moderate
2.256286762003495,4.285256039460261,1.2542794030314808,1.0998886170871751,Moderate
3.192893395776905,5.046464667711368,1.138748533229693,1.3662602604333078,Good
2.571378131809189,2.2305038755613515,1.0024333089778468,1.11986681997189,Good
2.5156763176693318,5.030657425617618,1.026710936649825,1.5793558969747346,Bad
1.810417099288344,4.84930008518873,1.0133831294209097,1.529412187765247,Bad
2.437742627798764,4.308919575528749,1.053633899727944,1.7491676248243118,Moderate
1.440261208861723,6.608258048231544,1.0644823381267003,1.3196452528144396,Moderate
2.0749477645268493,4.261592503391773,1.2926544795958026,1.2896785478214672,Bad
1.8973476502900024,4.691511626684054,1.0,1.5743622452547057,Bad
2.3194983330677856,4.230072673348548,1.0769529731830547,1.4644839273910732,Moderate
3.1391460301244645,2.6012641586824143,1.0466381748931208,1.9539397093868904,Moderate
2.9818127656451177,2.904914653513246,1.025317863972017,2.0338513222575503,Moderate
5.318485732293854,2.218672107527108,1.1861471154294598,3.312431134847109,Bad
1.827709740632524,2.751101669068077,1.0,1.4295223720098722,Good
4.498954903555797,2.02150752500447,1.77419355771473,1.8190895369185145,Bad
2.972246203709176,4.088091456937622,1.064802490478041,1.7941176823137703,Bad
2.054383519726764,3.567493663430897,1.0038158600855034,1.0799116128706598,Good
1.7605255496911902,3.7962727301410335,1.283326855810338,1.469478777779302,Good
2.4941773843077284,3.43336874099471,1.0571317621453555,1.5344058394852758,Moderate
3.708868312430294,6.2178097031015005,1.3264671682860474,1.6143174523559356,Bad
1.6505770996701652,2.2383601695360893,1.033070694131364,1.3945620152968707,Good
2.231048880905228,4.340534059716248,1.0608323886513795,1.409545367793357,Moderate
2.096446697888452,4.285256039460261,1.026766258841819,1.5394006898735046,Good
3.921988397917018,1.7769212162005823,1.0888152879906725,3.617091836496863,Moderate
1.6879665770368073,6.651609646309014,1.280994956859697,1.5144288352687607,Bad
2.0627961682584743,2.297519009707308,1.0190792444617178,1.5244173373770182,Good
1.4998507005079709,3.1612380762071037,1.0,1.4794672798875594,Good
1.7431160400283885,4.719150636812048,1.0725011457442677,1.5244173373770182,Good
2.172670253394637,5.409274002713419,1.0011659634667702,1.6792457127301093,Bad
2.365183655144381,4.41152466792171,1.1346677030703458,1.5543840423699908,Bad
1.8937422755598876,6.111323790793307,1.0699572483482316,1.349611957807412,Bad
2.228511703246314,3.149406308172859,1.052149938593082,1.3945620152968707,Good
3.63595879931691,1.7295941440636076,1.0401493882627284,2.5632635100227974,Moderate
2.3432173130051543,1.89523889654302,1.0474492592304705,1.9639294101633475,Good
1.174678986743078,4.143274823049335,1.0,1.0849052645906887,Good
3.1015228161205792,1.8005847522690703,1.0862805969685192,2.043839824365808,Good
1.4178275224417378,4.999137595574393,1.0364994387874078,1.3945620152968707,Moderate
2.558674248889402,3.173069844241347,1.0746210742324136,1.529412187765247,Moderate
1.3171096056921838,5.724850919722768,1.0186552755538285,1.0149833524964862,Moderate
1.50791280858068,4.482515276127173,1.4617178390983288,1.0,Moderate
2.6339205479034447,4.845324611129223,1.114613282549553,1.8490562419114869,Bad
3.5503135418326344,5.507903621046875,1.1760590843373495,1.8091010348102567,Bad
3.421319812669287,4.884795389291462,1.239020607850758,1.918979352673889,Bad
3.2097186928403256,1.7927284582943324,1.0571824391760591,2.688123981714716,Good
3.658392485736895,1.9662295047484828,1.1107149568596968,1.9988897668763488,Moderate
2.4269931288695297,1.6625790099176507,1.451224251846094,1.5943392494712207,Bad
1.6852791861802827,4.41152466792171,1.179556946754761,1.5094339848805318,Moderate
1.599283388237006,4.766477708949024,1.0314807617567043,1.3945620152968707,Good
1.4622275510009497,4.379910183734211,1.0279828993392923,1.2697003449367523,Good
1.7766497658366087,3.957942008560941,1.0932763218033423,1.449500574894587,Moderate
1.9217677111453744,5.11745527591683,1.3171395165176836,1.419533869901615,Bad
3.500493841742625,2.120042489193652,1.083948698017878,2.648168774613486,Moderate
2.906863797176796,6.063996718656331,1.0693489280994948,1.5543840423699908,Bad
2.182442495831729,2.467139236246227,1.060629624562767,1.644284157348908,Good
1.518779111331671,4.305038755613516,1.0450159782355228,1.3695889620239272,Good
2.3235878212634518,4.052596152834892,1.048334106490478,2.0238628201492928,Moderate
2.4941773843077284,5.922015502245406,1.4465604259619125,1.3196452528144396,Bad
2.752164842634423,3.5871817254398786,1.1923824329576371,1.6992227169466243,Moderate
2.918781721304792,4.423356435955954,1.1317528083948698,1.804106184422028,Moderate
1.8518960648506515,3.7449701839445537,1.3579479300427515,1.389567164908642,Moderate
2.2406161523066803,5.070128203779855,1.0632656976292263,1.5743622452547057,Bad
1.1209316210906382,3.729162941850804,1.0233190734551108,1.254716992440266,Good
1.5888844297667737,2.810260509239296,1.0292548620287605,1.4744724294993308,Good
2.792475382997969,5.906208260151656,1.4244073159735715,1.6642623602336228,Bad
2.8928427592885217,4.671823564675073,1.0827320575204042,3.1276360545010453,Moderate
1.50791280858068,4.28137521954503,1.1947143319082782,1.2846836974332383,Good
1.400418012778936,1.1301494483766814,1.079284872133696,1.2397336399437795,Good
2.444168901895088,4.376029363818979,1.1399144966964632,1.8140958851984847,Good
4.143521067438589,5.598203674684223,1.0754321585697628,2.07380652935878,Bad
2.201254102833672,4.092066930997129,1.1002720466381657,1.3795786628003843,Moderate
2.8381606405777,1.0433515980774692,1.5479984360668482,2.138734789732954,Good
3.17887235788863,1.8479118244060453,1.083948698017878,2.35349657507199,Moderate
1.5535980661604107,3.1888770863350966,1.0851653385153517,1.6842393644501383,Good
1.7417139426892472,6.04430865664735,1.2238631947143412,1.1798002299578347,Bad
2.2979993997061827,5.003113069633899,1.2693354061406918,1.7541624752125404,Bad
1.8020045152534976,2.4829464783399766,1.0127194869801788,1.609322601967707,Good
2.448492062231133,5.543398925149606,1.1189273221919938,3.02774743741387,Bad
1.7309644437600131,4.581050240316355,1.2774970944422852,1.3845723145204134,Moderate
3.061095471935275,2.948266251590716,1.0985484679362612,1.9539397093868904,Moderate
2.32218572392431,5.559206167243356,1.1630308060629615,1.6243059544641931,Bad
2.4699910600896007,5.55523069318385,1.204041983676642,1.2097669349508071,Bad
1.914172947353424,3.6345087975768537,1.0,1.709212417723082,Good
3.3274955787936804,5.13326251801058,1.1192314963078118,2.7780240966936334,Bad
1.9728276859412897,7.077553295541789,1.0,2.138734789732954,Bad
4.050982127080365,1.2484671287191191,1.1058483668869024,3.956715292196017,Bad
1.3977306864192758,3.804129024115772,1.0093276237854645,1.2497221420520372,Good
1.795461308341687,5.894944416983057,1.0159902401865526,1.952274759257481,Bad
1.7010528618666996,4.699367920658792,1.049882568208317,1.3845723145204134,Moderate
1.9422150876268376,5.807673295962474,1.0364994387874078,1.7341842723278256,Bad
1.7262908074618315,5.058296435745612,1.0165353470656822,1.4894557819958172,Moderate
1.7481636291474143,3.6936676377480726,1.008516539448115,1.3995556670168998,Good
1.6481934890458203,5.114710305732886,1.0309284632724447,1.4794672798875594,Moderate
2.386682588505984,2.1910330973991146,1.150408083948698,1.804106184422028,Good
1.9782024676543388,4.131443055015092,1.2681694426739214,1.154828375353091,Good
2.819933246175137,6.052164950622088,1.0206830003886511,1.374583812412156,Bad
2.005564746478197,4.360222121725229,1.170330705013603,1.0998886170871751,Moderate
2.577241477271445,3.760777426038303,1.3264671682860474,1.3945620152968707,Moderate
1.773962374980084,5.685380141560532,1.0408083855421686,1.0449500574894588,Bad
2.73335323563248,3.0863666480864085,1.0851146614846483,1.5843507473629632,Moderate
1.4299791187101127,4.87684444117245,1.4273751822774972,1.0499449078776877,Moderate
1.4756643762898434,3.914590410483472,1.0897784593859308,1.094894965367146,Good
1.4971633096514465,5.653860311517306,1.1842207446560435,1.3645953103038984,Moderate
1.144350110135921,4.8722063881030255,1.0279828993392923,1.2130968352096263,Good
2.7330026951734787,3.12186195218914,1.299295353284104,1.2896785478214672,Moderate
2.760226950707132,4.277399745485523,1.1737271574038088,1.4894557819958172,Moderate
1.6180949307420844,4.139394003134104,1.0431403124757093,1.5593788927582195,Moderate
1.7599413370918096,1.0670151341459566,1.0546938359891178,1.5793558969747346,Good
5.01843509580547,2.356677849878527,1.032849489312087,3.142619406997532,Bad
2.5909226811802384,4.541674116298392,1.3206373789350951,1.1997784328425498,Bad
2.144118265406705,3.445200509028953,1.048665899727944,1.9739179122716053,Good
2.7330026951734787,2.3291334938948074,1.0888152879906725,1.9289678547821465,Moderate
2.620483722614551,5.310739038524236,1.083948698017878,1.5843507473629632,Bad
1.7363392254730623,5.496071853012631,1.1830548091721729,1.6293008048524218,Bad
2.676918479123516,5.314619858439468,1.032849489312087,1.744172774436083,Bad
2.009516146886793,4.54953041027313,1.1289646762534007,1.1098783178636322,Moderate
2.539862641887459,2.301494483766814,1.444228527011271,1.544395540261733,Bad
2.0265751160905943,3.1888770863350966,1.0699572483482316,1.094894965367146,Good
1.7262908074618315,4.596857482410105,1.0036499494753206,1.449500574894587,Good
2.507614209596622,3.4886467612506964,1.0198212110376992,1.4544954252828155,Moderate
2.289937291633473,4.510059632110892,1.2180334333462883,1.7741394794290557,Moderate
1.611318116186759,4.356246647665724,1.0572377613680528,1.3046619003179534,Good
3.0612122757570326,4.667848090615568,1.247182268169452,1.5394006898735046,Moderate
1.4729769854333186,6.229641471135745,1.029148862806063,1.0799116128706598,Bad
1.712152901254935,3.0114005658214404,1.121259221142635,1.4045505174051285,Good
2.091071980672268,5.472408316944144,1.2238631947143412,2.253606759316616,Moderate
4.903462404530398,1.4811270153444884,1.2445461951029926,3.592119981892119,Moderate
2.17438038775902,5.137143337925812,1.3567819665759813,1.799112532701999,Bad
1.9459540353635016,3.7449701839445537,1.071123211815002,1.034961555381201,Moderate
3.829449393061931,3.930302998432948,1.0316328488146134,1.7491676248243118,Bad
2.639295329616494,3.662147807704848,1.1072677714729888,1.469478777779302,Moderate
1.9943266837997573,3.40582438501099,1.1294209094442285,1.2896785478214672,Good
2.7072699296332763,6.883512299780191,1.1991723995336183,1.779134329817284,Bad
2.0830098725995585,5.784009759893987,1.2926544795958026,1.0649282603741737,Bad
3.024640683130151,3.1849016122755907,1.0036499494753206,1.8190895369185145,Moderate
2.7526321869151813,2.4001241021002704,1.024332949863972,2.098779582631724,Moderate
4.280927445133647,4.013125374672654,1.0,2.098779582631724,Moderate
1.2660495663994038,4.995162121514888,1.047804110376992,1.274695195324981,Good
3.989289457176974,3.3623781327892472,1.0912485969685193,2.0688128776387518,Moderate
2.163630953326651,4.49037157010191,1.2576758554216867,1.2697003449367523,Moderate
4.653887594735414,2.6130959267166585,1.059615748153906,2.608213567512256,Bad
2.846222748650409,4.541674116298392,1.0746210742324136,1.4794672798875594,Moderate
1.671842360891389,4.900507977240936,1.10828164788185,2.003884617264578,Bad
1.9636590051629528,5.468432842884638,1.2042751651768364,1.0,Moderate
4.25568956403538,1.5560930976094571,1.2567126840264282,2.8529408591760648,Moderate
1.7497760507619564,5.487742288316523,1.0734551107656432,1.3046619003179534,Moderate
2.451179453087658,6.54512373400082,1.034978624174116,1.5194224869887896,Bad
2.107196196817686,4.628377312453329,1.0594636610959969,1.329633754922697,Moderate
4.079725283774918,2.0924981332099324,1.3381266910221532,2.1087680847399817,Moderate
4.331403271827046,1.4377754172670194,1.1715473455110763,4.725859921236844,Moderate
1.6987160114691764,2.4789710042804707,1.2296929560823942,1.274695195324981,Good
4.421138017506987,1.9898930408169704,1.0656989786241742,3.94672559141956,Moderate
1.6772170781075737,4.904483451300443,1.1492421204819276,1.1997784328425498,Good
1.7766497658366087,4.7151751627525424,1.0652934224640498,1.0749167624824312,Good
1.639593928600552,4.888676209206693,1.0314807617567043,1.5493891919817622,Moderate
2.3732457632170902,5.298907270489993,1.034978624174116,1.11986681997189,Bad
5.374569948343817,3.0784156999673966,1.0218996688690245,2.648168774613486,Bad
4.409538772386889,1.3234332109840876,1.1895205378935094,3.4422864569272567,Moderate
3.0134238399201583,5.819505063996719,1.024332949863972,1.4644839273910732,Bad
2.418931020796821,5.13326251801058,1.2366886809172173,1.4045505174051285,Bad
2.0684045576150387,4.995162121514888,1.059615748153906,1.2647054945485237,Bad
1.7879834128683587,5.180589590147555,1.0851653385153517,1.3096555520379822,Moderate
2.685713529565331,2.214696633467602,1.1034150579090556,2.538290456749854,Good
1.8196476325598143,2.8812511174447586,1.225612125923047,1.354605609527441,Bad
1.6617939428801578,5.736682687757012,1.0060832304702685,1.2597118428284946,Moderate
2.003907693033365,3.153381782232365,1.0437993097551497,1.7891228319255417,Good
1.6261570388147937,7.353659434388902,1.1037699090555773,1.4744724294993308,Bad
1.4729769854333186,5.480264610918881,1.0048665899727944,1.2647054945485237,Moderate
2.789787992141444,2.0096757569702257,1.6121259230470268,1.5194224869887896,Bad
2.049539869693545,1.6744107779518946,1.0,1.2996670499297247,Good
1.852480277450032,5.906208260151656,1.0535324897007383,1.2896785478214672,Bad
3.2942456391896195,4.786165770958005,1.1058483668869024,1.9239730043939176,Moderate
1.5697222823058292,5.9496545123734,1.024485036921881,1.5347906119773855,Bad
1.4262401709734485,3.244060452446809,1.0165353470656822,1.2497221420520372,Good
1.9567034697958712,3.244060452446809,1.0454722114263506,1.5144288352687607,Good
2.113271994951874,1.5364050356004753,1.0597816587640887,1.9039960001774028,Good
1.9325171455777437,4.9281469873689305,1.0652934224640498,1.7491676248243118,Moderate
1.8736393768321544,6.012694172459851,1.307811892732219,1.5543840423699908,Bad
1.527191759863382,3.910614936423966,1.0012166404974738,1.4544954252828155,Good
1.6503433630329214,5.610414059295563,1.096774184220754,1.669256011953652,Bad
2.623171113471076,4.24976073535753,1.4325689762922658,1.7042175673348532,Moderate
3.0162280990953048,5.823385883911951,1.0547491581811117,1.6992227169466243,Bad
1.8196476325598143,5.006993889549131,1.0687912848814614,1.9239730043939176,Moderate
1.792932063797117,1.5612044214002505,1.0647104547221142,1.5993340998594494,Good
1.8814571707818284,6.691080424471251,1.215701506412748,1.5793558969747346,Bad
2.33024783199702,1.8479118244060453,1.150408083948698,1.1048834674754036,Good
2.088384589815744,4.50617881219566,1.1061018359891177,1.5593788927582195,Moderate
3.159242866146927,2.104329901244176,1.1739806265060242,3.057714142406843,Moderate
1.8196476325598143,2.8812511174447586,1.225612125923047,1.354605609527441,Bad
1.8077464776166103,5.417224950832431,1.110532452390206,1.744172774436083,Moderate
2.5640489661055863,3.934278472492454,1.0023318989506411,1.5493891919817622,Moderate
2.2394614649400744,4.83349284309498,1.109387699961135,1.6892342148383668,Moderate
2.757539559850607,3.729162941850804,1.2518460940536338,1.4794672798875594,Moderate
2.2576888593426365,5.219965714165518,1.28799068169452,1.0699219120942025,Moderate
2.67960586998004,4.766477708949024,1.0862805969685192,1.7142060694431107,Moderate
3.163332354342592,5.361946930576443,1.228527020598523,1.6742508623418806,Bad
1.365482254128439,3.3978734368919787,1.037310523124757,1.918979352673889,Good
3.4391541631790887,5.377754172670193,1.0801328379323747,1.864039594407973,Bad
3.235891326996976,1.654722715942913,1.5200155367275554,3.077691146623358,Good
2.69093951701179,4.5298423482641486,1.048665899727944,1.5643725444782484,Good
1.6361735953749212,2.762933437102321,1.0314807617567043,2.298556816806074,Good
3.0638996666135574,2.4868272982552084,1.053633899727944,2.4783570467639087,Moderate
3.5574408968469617,1.3746411030362946,1.1983136043528957,1.9639294101633475,Moderate
1.8518960648506515,6.777878274770464,1.053633899727944,1.2497221420520372,Bad
2.580173182251005,5.772177991859743,1.2611737178390985,1.5543840423699908,Bad
1.1101821221614043,3.894807694330217,1.0081616883015934,1.0699219120942025,Good
1.878769779925304,2.317301725860564,1.0,1.469478777779302,Good
1.6960286851095163,4.951810523437418,1.064127486980179,1.0749167624824312,Moderate
1.9755150767978145,4.072284214843873,1.0384764865915277,1.569367394866477,Good
1.86802028099607,2.9443854316754834,1.2611737178390985,1.4045505174051285,Good
1.7234865482866848,5.728731739638,1.0316328488146134,1.544395540261733,Moderate
1.6127202135259,6.651609646309014,1.2448503692188106,1.0,Bad
3.975268419288699,2.5421053185111955,1.0145997699183833,3.562153276899146,Bad
2.5318005338147493,4.656016322581324,1.5182919580256509,1.609322601967707,Bad
1.9378919272907928,2.8812511174447586,1.1364166342790516,1.4894557819958172,Good
2.048074049452197,1.9505169167990075,1.1246510843373494,1.0249718546047435,Good
2.142131955468183,2.139825205346908,1.0827827345511076,1.864039594407973,Good
1.4864138752190772,6.608258048231544,1.0816167990672367,1.824084387306743,Bad
2.441364707216806,5.645909363398294,1.0304162083171395,1.2447284903320084,Moderate
2.1582561716136013,1.8676945405593008,1.5188496012436845,1.4994454827722743,Bad
2.6554195457619123,3.926422178517716,1.0023318989506411,1.4594890770028446,Good
1.072558972654383,2.948266251590716,1.0,1.2397336399437795,Good
1.9110182122161403,6.343983677418676,1.3089778561989895,1.4894557819958172,Bad
1.4756643762898434,3.914590410483472,1.0897784593859308,1.094894965367146,Good
1.817937498195432,4.131443055015092,1.1577218064516128,1.484462130275788,Moderate
1.7094655103984104,3.334833776805528,1.0178073097551497,1.389567164908642,Good
3.506965070153562,2.2383601695360893,1.0851653385153517,2.5882353646275407,Moderate
2.1958793856174874,1.997843988935982,2.141469111542946,1.7591561269325693,Bad
1.7632128760508503,6.158650862930282,1.4850369125534395,1.374583812412156,Bad
1.7347033914966776,3.819936266209522,1.0194663598911775,1.604328950247678,Good
1.3708569713446237,3.705499405782316,1.0431403124757093,1.0499449078776877,Good
2.2394614649400744,4.269543451510785,1.0608323886513795,1.329633754922697,Moderate
1.3757643442800491,7.791434851655921,1.0,1.3596004599156697,Bad
1.8223350234163396,6.312463847375451,1.1422463956471045,1.0998886170871751,Bad
2.381307871289799,1.6704353038923887,1.0408083855421686,1.3945620152968707,Good
2.003907693033365,2.9955933237276904,1.0377160792848814,1.3346286053109258,Good
1.386981187490042,4.26556797745128,1.102603973571706,1.1698117278495772,Good
1.5535980661604107,1.2248035926506315,1.0023318989506411,1.2497221420520372,Good
1.6772170781075737,3.4413196891137217,1.0079951061018266,1.6345893289495816,Good
1.9217677111453744,4.032908090825909,1.2646715802565098,1.484462130275788,Moderate
2.7118543022708765,5.661716605492043,1.0524679362611735,1.3596004599156697,Bad
1.2200481451894938,2.757822113311528,1.0,1.0,Good
1.408480120851645,5.342258868567462,1.0046638258841818,1.234738789555551,Moderate
1.830046591030047,4.190601895186311,1.090031928488146,1.314650402426211,Moderate
3.430359112737273,1.512741499531988,1.2294597745821998,1.6542726594571655,Moderate
1.1781342127724477,5.737250612622656,1.0,1.2930072494120866,Good
2.185513772026244,5.7405635076722445,1.0079951061018266,1.1648168774613483,Bad
1.634219146887503,5.448744780875656,1.282160892343568,1.569367394866477,Bad
2.359808873431332,1.907070664577264,1.034978624174116,1.3945620152968707,Good
2.416243629940296,6.004837878485112,1.125923047026817,1.1798002299578347,Bad
1.894893996070722,4.20640913728006,1.2401865433346289,1.5593788927582195,Bad
2.1525309139384152,3.9619174826204473,1.0279828993392923,1.6342956552406505,Good
2.9107196132320823,4.636328260572341,1.114263496307812,1.8140958851984847,Moderate
3.088085990831685,2.167369561330627,1.095608248736883,2.523307104253368,Moderate
1.6879665770368073,3.5951326735588904,1.005829761368053,1.3396222570309548,Good
1.6960286851095163,2.577600622613927,1.1667314325689857,1.3795786628003843,Good
1.1766652966815998,5.704310970415321,1.0024333089778468,1.354605609527441,Good
1.556285457016935,3.989461838604167,1.197046258841819,1.644284157348908,Good
1.6617939428801578,3.5911571994993845,1.0038158600855034,1.4744724294993308,Good
3.167655514678638,5.468432842884638,1.032849489312087,1.829079237694972,Bad
1.8020045152534976,4.474564328008161,1.008516539448115,1.1498335249648624,Good
1.6169265055433228,3.804129024115772,1.0,1.3695889620239272,Good
1.3925896413434706,3.6581723336453416,1.0571824391760591,1.5194224869887896,Good
3.422838713830185,3.461007751122703,1.01703307889623,1.729189421939597,Moderate
2.721785851963486,2.644615756759884,1.6156237854644384,1.4794672798875594,Moderate
2.061510874741091,5.902327440236425,1.0151574131364167,1.4594890770028446,Bad
2.458190004280227,1.7217378500888696,1.0074215406140692,4.001665349685475,Moderate
1.611318116186759,5.799722347843463,1.0407023863194715,1.4445057245063584,Bad
1.601970714596666,3.800153550056266,1.0423241352506802,1.389567164908642,Good
1.8115855244871053,4.352365827750491,1.0268169358725223,1.6892342148383668,Good
2.918781721304792,4.423356435955954,1.1317528083948698,1.804106184422028,Moderate
2.072684698542408,2.6537025546101827,1.1103769794014768,1.3469832784454283,Good
2.418931020796821,4.226097199289042,1.064127486980179,1.9988897668763488,Moderate
2.440429954158424,5.338283394507956,1.4222873874854256,1.4295223720098722,Bad
2.072260373670325,1.560068571668963,1.068132287602021,1.3096555520379822,Good
4.609020221895444,1.252442602778625,1.116798187329965,2.927857621658496,Bad
1.7497760507619564,1.863719066499795,1.0804508356004665,1.544395540261733,Good
2.1985667119771475,4.521891400145136,1.1185941857753594,1.0449500574894588,Moderate
3.1958251007564646,5.160806873994299,1.0190792444617178,1.2697003449367523,Bad
2.037558287160208,3.52802288526866,1.0851653385153517,1.908989651897432,Good
1.2257390260358578,5.851024894039943,1.0046638258841818,1.4794672798875594,Bad
2.393693139698553,3.354521838814509,1.077588940536339,1.8490562419114869,Good
1.8922066052141973,6.237497765110482,1.1037699090555773,1.2447284903320084,Bad
2.842366932595122,2.1516569733811512,1.049882568208317,1.779134329817284,Good
2.623171113471076,6.549099208060325,1.2133696074621063,1.5044391344923034,Bad
2.324873114780835,4.052596152834892,1.0338126607073457,1.589345597751192,Good
2.264699410535206,4.900507977240936,1.058509696074621,1.4944506323840456,Bad
1.4461033348555312,3.7449701839445537,1.0116595507190052,1.2896785478214672,Good
1.7851792181900763,5.077984497754594,1.0024333089778468,1.1698117278495772,Moderate
1.8223350234163396,3.2480359265063155,1.1667314325689857,1.3196452528144396,Good
1.0833084715836168,7.3733474963978844,1.030314798289934,1.2397336399437795,Bad
1.9459540353635016,4.936003281343668,1.0501360373105324,1.5593788927582195,Bad
1.5664507433467885,5.764227043740732,1.026710936649825,1.449500574894587,Bad
1.7094655103984104,4.245879915442298,1.106843802565099,1.1997784328425498,Moderate
1.6617939428801578,3.5911571994993845,1.0038158600855034,1.4744724294993308,Good
2.275278895729403,5.2752437344215055,1.0089036548775747,1.3596004599156697,Moderate
4.673517086477117,1.2761061388471124,1.090031928488146,3.8018869168429257,Moderate
1.6517577792731974,4.040764384800648,1.059615748153906,1.1298553220801475,Good
3.456255571319784,4.7151751627525424,1.1737271574038088,2.363485077180248,Moderate
2.3740636479568504,4.454876265999179,1.0474492592304705,1.354605609527441,Bad
1.2096148098904391,6.024525940494094,1.0,1.0,Moderate
5.270814100278737,1.6073956438059378,1.2129133742712788,4.10654881716088,Bad
3.8862346900298967,1.6389154738491634,1.5001943256898562,2.743063739980632,Moderate
1.4654990899599902,4.809829307026492,1.036144587640886,1.2397336399437795,Moderate
1.986264575727048,5.251580198353017,1.0652934224640498,1.4644839273910732,Bad
2.825261267661365,3.4965030552254346,1.2203653322969297,1.469478777779302,Moderate
3.0330533316618618,2.206840339492864,1.10828164788185,1.4295223720098722,Moderate
1.4998507005079709,6.332151909384432,1.0023318989506411,1.0299667049929724,Bad
1.8328507857083287,4.060452446809629,1.126531367275554,1.3596004599156697,Good
2.12168457898672,5.338283394507956,1.0699572483482316,1.389567164908642,Bad
3.0612122757570326,3.267723988515297,1.054799835211815,1.908989651897432,Moderate
1.601970714596666,6.375598161606176,1.1095996984065293,1.1897887320660925,Bad
1.5535980661604107,3.208565148344078,1.0163233486202876,1.3945620152968707,Good
2.016593452334205,1.4890779634635003,1.0153905946366109,1.4794672798875594,Good
3.802388766073721,2.074608499942156,1.030781189273222,1.7897113780116038,Bad
1.722902335687304,5.653860311517306,1.1130975608239408,1.354605609527441,Bad
2.182442495831729,3.748945658004059,1.0023318989506411,1.2597118428284946,Good
1.6786191754467146,4.805853832966987,1.0109498204430625,1.7391791227160542,Good
1.6684220276657582,3.5398546533029034,1.0439731395258454,1.4994454827722743,Good
1.1346021830167758,4.435188203990197,1.0036499494753206,1.2397336399437795,Good
1.6960286851095163,6.549099208060325,1.024485036921881,1.4594890770028446,Bad
3.11157123413181,1.4969342574382385,1.0041366000777303,3.18756946448699,Moderate
3.440131355174366,2.889107411419497,1.3276331037699185,2.1836848472224126,Moderate
2.263063576558821,5.63407759536405,1.0676253493975905,1.639289306960679,Bad
1.4246043369970636,3.220396916378322,1.030314798289934,1.3845723145204134,Good
1.9513287525796867,4.825636549120242,1.138748533229693,1.1448386745766337,Bad
2.149726719260133,2.71163089090584,1.297151751263117,1.034961555381201,Moderate
1.5912212801642969,1.7940536163141676,1.1130975608239408,1.034961555381201,Good
1.0061425523890295,5.464552022969405,1.0,1.11986681997189,Good
2.1152583048903955,2.9522417256502216,1.2296929560823942,1.3995556670168998,Moderate
2.706479520557828,3.6936676377480726,1.197046258841819,2.228634904711871,Moderate
1.6772170781075737,3.204684328428846,1.5806451612903225,1.0099885021082575,Bad
2.7271723076090244,3.145525488257628,1.0781189366498252,1.779134329817284,Moderate
1.835771848705233,5.448744780875656,1.145744258064516,1.5344058394852758,Bad
3.7384293538646074,3.6108452615083664,1.7982490291488535,1.6342956552406505,Bad
1.9647655778685804,5.953535332288632,1.2600077823552274,1.5843507473629632,Bad
1.634219146887503,3.764658245953535,1.125923047026817,1.4395120727863295,Good
2.1582561716136013,4.975474059505905,1.0571317621453555,1.589345597751192,Moderate
1.8169603062001547,5.342258868567462,1.0559657986785853,1.0149833524964862,Moderate
2.962948077723624,5.523710863140624,1.3151117916828603,2.533296805029825,Bad
1.4094148739100274,4.009244554757423,1.0109498204430625,1.3845723145204134,Good
2.1394446291085227,4.782190296898499,1.0,1.354605609527441,Moderate
1.7820244830527932,3.875119632321235,1.0163233486202876,1.3096555520379822,Good
3.243369222470304,2.502634540348958,1.0218996688690245,3.8018869168429257,Moderate
1.443065403540005,3.21651609646309,1.0012166404974738,1.3945620152968707,Good
2.186181443568393,3.512310297319184,1.3540445114652158,1.1398450228566048,Good
2.3383099400697285,1.7295941440636076,1.163233570151574,1.6293008048524218,Bad
2.374955897581473,3.2138657804234194,1.1737271574038088,3.005771054640224,Good
1.1233852753099187,4.636328260572341,1.0012166404974738,1.1947835824543211,Good
1.6637802528186798,5.058296435745612,1.1107656338904004,1.314650402426211,Bad
1.712152901254935,5.906208260151656,1.263505644772639,1.6143174523559356,Bad
1.7040907931822258,4.107779518946605,1.0340458701904391,1.7050985884616463,Good
1.0268737150746523,5.500047327072137,1.0,1.214761785339036,Good
4.06500316496864,2.829948571248278,1.058399107656432,1.943951207278633,Moderate
1.600101272976766,3.315051060652272,1.0343426568208318,1.389567164908642,Good
1.3923559047062266,5.503928146987369,1.0093276237854645,1.0,Moderate
1.9110182122161403,2.502634540348958,1.4209094535561602,1.5094339848805318,Bad
1.5240370247260986,6.470252305880126,1.125923047026817,1.0,Bad
1.3386085390537867,4.561362178307373,1.0233190734551108,1.0149833524964862,Bad
3.332636623869486,1.8913580766277884,1.122425184609405,3.4722531619202286,Good
1.634219146887503,3.177045318300853,1.0104935872522347,1.589345597751192,Good
1.20155270181773,3.914590410483472,1.083948698017878,1.8890126476809168,Good
2.856972247579643,2.869419349410515,1.10828164788185,1.7891228319255417,Good
1.2982979986902408,4.5298423482641486,1.0,1.6492790077371366,Good
3.192893395776905,5.290956322370981,1.0523158492032647,1.839067739803229,Bad
1.6814233701249963,3.81198531809051,1.0948985184609406,1.0,Good
1.5159749166533891,5.673548373526288,1.0608323886513795,1.274695195324981,Moderate
1.4326664450697726,6.000862404425607,1.0431403124757093,1.6243059544641931,Bad
1.9405792536504527,3.3032192926180284,1.3602798289933928,1.5244173373770182,Moderate
2.021766100873656,5.650642070611991,1.1368052887679752,1.5230556503021375,Bad
2.0319498333067787,6.056140424681594,1.0766487990672369,1.0,Bad
2.63084927170893,2.3803413859470144,1.047970692576759,1.9889012647680917,Good
2.8193490335757563,5.787890579809219,1.4127477652545668,2.0887898818552664,Bad
1.9513287525796867,4.825636549120242,1.138748533229693,1.1448386745766337,Bad
2.6124216145418417,4.2970878074945045,1.2541779930042751,1.6742508623418806,Bad
2.650044764048863,5.425081244807168,1.342790516906335,1.804106184422028,Bad
1.8020045152534976,4.435188203990197,1.143564446171784,1.3645953103038984,Good
1.6982486671884178,3.756801951978797,1.0948985184609406,1.9889012647680917,Good
1.4810390935060278,4.478539802067667,1.0676253493975905,1.4045505174051285,Moderate
1.750508993131063,3.965798302535679,1.0466381748931208,1.2497221420520372,Moderate
2.107196196817686,5.085935445873605,1.3113097551496309,1.5244173373770182,Bad
2.741415343705189,1.812416520303314,1.0255495903614458,1.824084387306743,Good
1.7282771174003533,4.261592503391773,1.2320248830159346,1.569367394866477,Good
2.099134088744977,5.535542631174868,1.08348230703459,1.414539019513386,Bad
1.773962374980084,3.457032277063197,1.0474492592304705,1.5044391344923034,Good
2.1905046039044382,3.334833776805528,1.08861252390206,1.5344058394852758,Moderate
1.4290443656517304,3.740994709885048,1.0109498204430625,1.2796888470450098,Good
2.547924749960168,4.600832956469611,1.0513019727944035,1.8940062994009452,Bad
2.7790384932122105,2.234479349620857,1.197046258841819,1.5044391344923034,Good
1.274111674472113,4.746694992795767,1.0093276237854645,1.214761785339036,Moderate
2.2442520340537424,5.164782348053805,1.2670035071900505,1.0,Bad
5.525997363927149,1.201140056582144,1.0401493882627284,5.065483376935998,Bad
2.390888880523407,2.9955933237276904,1.0109498204430625,1.2197554370590649,Good
1.671842360891389,4.245879915442298,1.0083948698017875,1.4295223720098722,Good
1.908330821359616,2.6091204526571525,1.3218033424018656,1.349611957807412,Bad
1.6180949307420844,3.7094748798418222,1.1130975608239408,1.1997784328425498,Moderate
2.507614209596622,3.299338472702797,1.3218033424018656,1.0799116128706598,Moderate
2.1357056813718587,6.198121641092519,1.026766258841819,1.3695889620239272,Bad
1.0552830359981296,4.020319089637475,1.0,1.0,Good
1.720215009327644,2.845755813342027,1.7800233190827828,1.174805379569606,Bad
2.278210600708962,4.872963621257218,1.1002720466381657,2.623196920008742,Bad
1.2203643088196732,4.15510659108358,1.0011659634667702,1.0,Good
2.005076118232126,3.792297256081529,1.1399144966964632,1.799112532701999,Good
3.0668313715931173,2.8970583595385087,1.073773108433735,1.8890126476809168,Moderate
3.171394462415301,2.4868272982552084,1.263505644772639,2.038846172645779,Moderate
4.653887594735414,2.538129844451689,1.2116967057909056,3.542175074014432,Bad
1.556285457016935,3.989461838604167,1.197046258841819,1.644284157348908,Good
2.005076118232126,3.8514560962527473,1.4768752522347457,1.0,Moderate
1.5697222823058292,5.279124554336737,1.163233570151574,1.4245287202898431,Moderate
1.8020045152534976,2.810260509239296,1.0291995398367664,1.5943392494712207,Good
1.9378919272907928,3.8474806221932414,1.1760590843373495,1.094894965367146,Moderate
2.131382521035814,3.973749250654691,1.036144587640886,1.3995556670168998,Good
1.3981980307000346,6.75023926464247,1.0571824391760591,1.03995520710123,Bad
1.639593928600552,4.159082065143085,1.2261950936649826,1.0,Moderate
1.8975813869272469,5.1844704100627865,1.1107656338904004,1.3596004599156697,Bad
3.324691319618534,3.5516864213371475,1.0656989786241742,1.6293008048524218,Moderate
1.6561854890267294,5.452720254935162,1.032849489312087,1.414539019513386,Bad
1.3950432955627512,5.642028543483062,1.0594636610959969,1.254716992440266,Moderate
2.182442495831729,4.967617765531168,1.1002720466381657,1.1798002299578347,Bad
2.636607938759969,4.727006930786786,1.114263496307812,1.7891228319255417,Moderate
1.6029054676550485,5.243629250234005,1.0279828993392923,1.449500574894587,Bad
2.008496451457757,2.758957963042815,1.3684415172949864,1.2497221420520372,Moderate
2.671543761907331,1.9860122209017383,1.071123211815002,1.5843507473629632,Good
1.5965959973804815,4.774334002923761,1.1107656338904004,1.5843507473629632,Moderate
2.2058109353100965,6.379478981521408,1.0559657986785853,1.4045505174051285,Bad
2.020732990096786,4.87684444117245,1.0888152879906725,1.5194224869887896,Bad
4.6006075733637335,1.2406108347443812,1.132614597745822,4.740843273733331,Moderate
3.652784096380331,1.5364050356004753,1.0036499494753206,2.897890916665524,Moderate
2.923689094240218,2.7826214991113023,1.087598647493199,1.9039960001774028,Moderate
1.647656036673261,2.829948571248278,1.0034978624174116,1.4894557819958172,Good
3.3424088663065783,1.8992143706025264,1.1437303567819666,2.523307104253368,Moderate
3.389188184200208,2.159513267355889,1.0547491581811117,2.323529870079017,Moderate
1.4795201923451295,3.737113889969816,1.0571824391760591,1.329633754922697,Good
1.6127202135259,5.547374399209112,1.0,1.2497221420520372,Moderate
1.967452968725105,6.758095558617208,1.0,1.314650402426211,Bad
2.040744883748594,4.7309824048462925,1.0652934224640498,1.4894557819958172,Moderate
1.9253897905634163,5.425081244807168,1.0470621438010106,1.6342956552406505,Bad
2.3732457632170902,1.4614389533355068,1.41974349008939,1.8690344447962015,Bad
3.5691250843377134,1.4969342574382385,1.2028760202098718,2.0338513222575503,Moderate
2.8304824178429806,2.2896627157325704,1.077588940536339,1.6742508623418806,Good
2.187817277544778,4.634719140119684,1.1154294597745822,1.839067739803229,Moderate
4.3454243097153205,1.4574634792760008,1.0766487990672369,2.867924211672551,Moderate
1.5552339001367956,3.378185374882997,1.0139914496696465,1.389567164908642,Good
1.5159749166533891,4.178770127152067,1.0610535934706569,1.3346286053109258,Moderate
1.2047074369550137,3.800153550056266,1.0036499494753206,1.1498335249648624,Good
2.413556303580636,3.259867694540559,1.488534774970851,1.2846836974332383,Good
3.5770703885886648,4.872963621257218,1.0401493882627284,1.6243059544641931,Bad
1.8841444971414885,3.630627977661622,1.0979401476875243,1.5194224869887896,Moderate
2.1260077393227643,2.518441782442708,1.0742155180722892,1.7591561269325693,Good
3.68082617215688,1.9780612727827265,1.0717822090944422,2.8129856520748344,Moderate
2.7118543022708765,2.443475700177739,1.5292417784687136,1.6842393644501383,Bad
1.7094655103984104,4.431212729930692,1.197046258841819,1.6492790077371366,Moderate
1.5468212516050852,6.024525940494094,1.0291995398367664,1.3945620152968707,Moderate
1.3171096056921838,2.889107411419497,1.0034978624174116,1.4794672798875594,Good
1.2411621612632735,7.23931722810597,1.0742155180722892,1.3845723145204134,Bad
1.6561854890267294,2.719581839024852,1.041974349008939,1.4594890770028446,Good
1.8833266124017285,7.199846449943733,1.0912485969685193,1.8190895369185145,Bad
1.544017056926803,4.687536152624549,1.067413350952196,1.2097669349508071,Moderate
3.476679599936269,5.567062461218094,1.1888845705402251,2.0288564718693216,Moderate
2.278720448423481,3.677955049798597,1.149647676642052,1.5344058394852758,Moderate
4.387487487877008,2.4513319941524774,1.01703307889623,3.032741089133899,Moderate
1.7823750235117948,4.340534059716248,1.0109498204430625,1.589345597751192,Moderate
2.47805316816231,2.5094496387366823,1.3031480668480373,2.3584902267920187,Good
1.938136241413828,5.693236435535269,1.0470621438010106,1.2896785478214672,Moderate
1.737507650671824,5.724850919722768,1.0340661298095608,1.294672199541496,Moderate
1.6420369408371769,5.492096378953125,1.0915803902059853,1.3196452528144396,Moderate
3.195697590455187,4.072284214843873,1.0705655685969686,1.764150977320798,Moderate
1.970257163403387,5.1844704100627865,1.0,2.0338513222575503,Bad
3.049878628725283,4.308919575528749,1.0231163093664983,1.6293008048524218,Moderate
2.4273436693285317,2.502634540348958,1.077588940536339,2.123751437236468,Good
1.6987160114691764,3.6463405656110974,1.1049358725223477,1.5144288352687607,Good
2.601204771331849,2.246311117655101,1.0445182464049747,1.5993340998594494,Good
2.1475067371812324,3.784440962106791,2.178779634667703,1.2846836974332383,Bad
3.027044287782516,3.4965030552254346,1.1119315973571706,1.6792457127301093,Moderate
2.6797226738017974,3.875119632321235,1.0316328488146134,1.3695889620239272,Moderate
1.2692043015366874,6.101858376365912,1.032849489312087,1.3396222570309548,Moderate
2.0936425032101704,4.853180905103962,1.0279828993392923,1.2796888470450098,Bad
2.9601438185484774,4.324726817622498,1.1107149568596968,1.3795786628003843,Moderate
2.6488763388501013,5.902327440236425,1.0,2.758047092477118,Bad
1.7683539211266557,4.230072673348548,1.008516539448115,1.15982202707312,Moderate
1.5019538787651148,4.679679858649811,1.0,1.2597118428284946,Good
1.7262908074618315,7.381298444516896,1.0048665899727944,1.204772084562579,Bad
2.6488763388501013,2.63278398872564,1.0389327197823552,1.7391791227160542,Good
3.3078660870519774,6.0166696465193565,1.3722942308589197,3.3473914915601104,Bad
2.005076118232126,5.172638642028543,1.1037699090555773,1.0,Bad
1.988951902086708,5.791866053868725,1.1081157372716672,1.5244173373770182,Bad
1.9169771420317057,2.297519009707308,1.4075770011659543,1.1448386745766337,Bad
3.864735756668293,3.181020792360359,1.2467582992615625,1.8440625901914576,Moderate
2.4296805197260545,2.0530273550476954,1.1340847353284105,1.7691458277090266,Good
2.854284856723118,5.081959971814099,1.2320248830159346,1.3196452528144396,Bad
1.6906539033964674,5.507903621046875,1.1247570835600469,1.3396222570309548,Moderate
2.012320341565076,4.151225771168347,1.0304162083171395,1.0649282603741737,Moderate
1.9225855958851343,3.425512447019972,1.0072998989506412,1.2846836974332383,Good
1.4219170106374035,4.687536152624549,1.0,1.3096555520379822,Good
3.5518324429935326,1.532429561540969,1.1374811877186164,3.8018869168429257,Moderate
3.0891375477118244,3.464983225182209,1.0097331799455889,1.7841291802055128,Moderate
2.0151245362433574,2.6682792928283705,1.0632656976292263,1.7142060694431107,Good
3.1368091797269417,2.63278398872564,1.1070650073843762,2.4384018396626788,Moderate
1.4756643762898434,3.125742772104372,1.0338126607073457,1.2397336399437795,Good
2.609734223685317,3.0390395759494333,1.054799835211815,2.0488346747540365,Good
1.7578381588346657,4.013125374672654,1.0652934224640498,1.274695195324981,Moderate
1.599283388237006,6.063996718656331,1.1445783225806452,1.1148719695836613,Bad
1.94501928230512,3.8514560962527473,1.1216647773027597,1.0499449078776877,Good
4.25568956403538,1.5560930976094571,1.2567126840264282,2.8529408591760648,Moderate
1.8196476325598143,3.677955049798597,1.072289147298873,1.7491676248243118,Moderate
3.823841003705367,2.829948571248278,1.0389327197823552,2.488346747540366,Moderate
2.668856371050806,6.888245006993889,1.1364166342790516,1.3845723145204134,Bad
1.6561854890267294,5.669572899466782,1.041366028760202,1.0,Bad
2.2254404270518,4.589001188435367,1.1492421204819276,1.1148719695836613,Bad
1.8496760827717504,2.6761355868031087,1.0012166404974738,1.3596004599156697,Good
3.291040789988556,2.889107411419497,1.0060832304702685,1.744172774436083,Moderate
2.02634137945335,2.762933437102321,1.20318019432569,1.1148719695836613,Good
1.3084632850200937,4.060452446809629,1.018249719393704,1.4994454827722743,Good
1.1101821221614043,5.208133946131275,1.307811892732219,1.8091010348102567,Bad
4.266906407245372,1.6862425459861383,1.1107149568596968,2.7130970349876598,Bad
1.55897284787346,6.777878274770464,1.1061018359891177,1.449500574894587,Bad
2.7118543022708765,3.5398546533029034,1.02215313797124,1.669256011953652,Moderate
2.4968647106673885,5.559206167243356,1.1352506708122814,1.449500574894587,Bad
1.6691549700348642,6.793590862719939,1.114263496307812,1.2097669349508071,Bad
2.01582561716136,4.541674116298392,1.1760590843373495,1.669256011953652,Moderate
2.0319498333067787,5.488215559037893,1.0151574131364167,1.4644839273910732,Bad
1.9755150767978145,6.048189476562582,1.1165954232413524,1.374583812412156,Bad
1.50791280858068,4.210384611339567,1.08861252390206,1.2247502874472935,Moderate
3.38907138037845,1.5994446956869262,1.0693489280994948,1.6342956552406505,Good
4.182780050921995,1.5679248656437008,1.0863820069957248,3.262486226969421,Moderate
2.6903553044124093,3.62267702954261,1.7240575204041977,1.4994454827722743,Bad
4.956742425902078,3.074534880052165,1.0012166404974738,2.743063739980632,Bad
1.3337011661183609,3.6581723336453416,1.0279828993392923,1.3995556670168998,Good
1.9997014010159415,1.610992501288348,1.0186552755538285,1.389567164908642,Good
1.9244550375050344,3.3584973128740154,1.0139914496696465,1.3246389045344684,Good
1.8917392609334387,3.208565148344078,1.033070694131364,1.6642623602336228,Good
1.7578381588346657,5.038608373736629,1.0991061111542946,1.3396222570309548,Bad
1.521349633869574,1.9702049788079887,1.0888152879906725,1.884017797292688,Good
1.9169771420317057,4.797997538992249,1.0559657986785853,1.2896785478214672,Bad
1.7010528618666996,5.365922404635949,1.1776305759813448,1.4594890770028446,Moderate
1.5912212801642969,4.048620678775386,1.0766487990672369,1.8940062994009452,Good
1.4879327763799757,4.569218472282111,1.0036499494753206,1.3645953103038984,Good
2.634855300961827,3.0074250917619345,1.01703307889623,1.9239730043939176,Moderate
1.6315318205278428,5.342258868567462,1.0093276237854645,1.0649282603741737,Bad
2.317979431906888,7.7756276095621715,1.0206830003886511,1.3596004599156697,Bad
1.8223350234163396,4.379910183734211,1.0559657986785853,1.7741394794290557,Good
2.410868912724111,3.3703290809082587,1.13291877186164,1.419533869901615,Good
2.827411141648466,2.735294426974328,1.1597357077341623,1.9689230618833768,Moderate
1.7578381588346657,5.318595332498974,1.130586872910999,1.3945620152968707,Bad
4.771664480688768,3.153381782232365,1.0133831294209097,2.488346747540366,Moderate
1.3925896413434706,3.63848427163636,1.0559657986785853,1.409545367793357,Good
1.6180949307420844,6.513603903957595,1.0163233486202876,1.5493891919817622,Bad
4.911875053062109,2.814235983298802,1.068132287602021,2.3085465175825317,Bad
1.3977306864192758,5.4566010748503935,1.099222687912942,1.2796888470450098,Moderate
2.360042610068576,4.036788910741142,1.226296503692188,1.4894557819958172,Moderate
3.411621870620193,1.3116014429498437,1.0,2.3085465175825317,Moderate
2.010450899945176,6.426806053658383,1.137582597745822,1.7391791227160542,Bad
1.5025380913644957,5.042489193651862,1.012825486202876,1.1997784328425498,Moderate
3.343386058301855,1.347096747052575,1.0165353470656822,1.7409951050386283,Moderate
1.8973476502900024,4.458851740058686,1.0340661298095608,1.0,Moderate
3.25178180650515,5.310739038524236,1.097331827438787,1.9339627051703752,Bad
1.854583455707176,4.683655332709317,1.215701506412748,1.8790229469044597,Good
2.8408480314342244,4.5298423482641486,1.1119315973571706,1.6143174523559356,Bad
1.9478234769834015,3.4886467612506964,1.032849489312087,1.3645953103038984,Good
2.1851298866882534,5.089816265788837,1.1434123591138747,1.449500574894587,Moderate
3.4677061511670204,3.1888770863350966,1.0523158492032647,1.9339627051703752,Moderate
1.90856455799686,6.6871049504117455,1.0462326187329964,2.2635964600930727,Bad
1.556285457016935,5.492096378953125,1.1574038087835212,1.1298553220801475,Bad
4.491243335942089,1.2208281185911256,1.0729988775748154,3.6420648897698062,Bad
2.882135763793048,1.4456317112417572,1.0254390019432569,2.0788013797470093,Good
1.9281939852416987,2.407980396075008,1.0368865542168677,1.3396222570309548,Good
2.1152583048903955,7.495640650799828,1.413913728721337,1.5593788927582195,Bad
2.0599919735801926,4.971498585446399,1.0,1.8190895369185145,Bad
4.401508525765284,5.003113069633899,1.018249719393704,2.663152127109972,Bad
1.8440676934151865,4.1157304670656165,1.0425826692576758,2.103773234351753,Good
2.0749477645268493,6.091635728784325,1.1282549459774582,1.389567164908642,Bad
1.6852791861802827,4.521891400145136,1.1317528083948698,1.0149833524964862,Moderate
1.8693055745134532,3.524142065353428,1.0,1.6542726594571655,Good
3.647058838705145,3.571469137490403,1.4127477652545668,2.093784732243495,Moderate
2.9264932889185,2.91674642154749,1.0790821080450836,1.5244173373770182,Moderate
5.284835202663876,2.715606364965346,1.0559657986785853,3.921753736814816,Bad
4.479898982430818,2.971929787659203,1.0644823381267003,2.7330740392041744,Bad
1.9534319308368304,2.755077143127583,1.0,1.6942290652265954,Good
1.7935918667217872,2.068834597141445,1.0069957248348231,1.254716992440266,Good
1.6127202135259,5.014944837668143,1.054799835211815,1.5743622452547057,Moderate
1.7094655103984104,5.050440141770873,1.0489700738437622,1.4744724294993308,Moderate
1.855284536625179,5.673548373526288,1.0597816587640887,1.4894557819958172,Bad
1.005608453853429,3.748945658004059,1.0012166404974738,1.11986681997189,Good
1.8814571707818284,5.827361357971456,1.180722882238632,1.6293008048524218,Bad
4.961182454556746,1.2248035926506315,1.4349009032258064,2.4084351346697064,Bad
1.7627455317700913,5.977198868357119,1.0652934224640498,2.198668199718899,Bad
3.0853985999751607,4.794022064932743,1.1165954232413524,1.724195770219568,Bad
1.2215327340184348,4.040764384800648,1.018249719393704,1.2397336399437795,Good
3.0612122757570326,3.267723988515297,1.054799835211815,1.908989651897432,Moderate
1.720215009327644,3.354521838814509,1.0629615235134084,1.0,Good
2.2388772523406937,4.425533481274255,1.0617955600466382,1.2297451378355222,Moderate
3.071961774686266,6.154675388870776,1.071123211815002,1.8890126476809168,Bad
3.349929265213666,1.4141118811985318,1.0754321585697628,2.5832405142393124,Good
1.3505264631817822,3.157357256291871,1.0279828993392923,1.3196452528144396,Good
2.360042610068576,4.746694992795767,1.2214298857364945,1.469478777779302,Bad
1.825022414272864,3.997412786723179,1.0571317621453555,1.6642623602336228,Good
2.259090956681778,3.82779256018426,1.024332949863972,1.5394006898735046,Good
1.9701403595816296,2.3921731539812585,1.1709288674698797,1.329633754922697,Good
2.0212003343775446,1.9938685148764763,1.3614457924601633,1.094894965367146,Bad
1.634219146887503,4.766477708949024,1.1154294597745822,1.2796888470450098,Good
1.4649148773606095,5.283100028396243,1.162067634667703,1.329633754922697,Moderate
1.7655497264483735,5.503928146987369,1.0121664889234356,1.484462130275788,Bad
1.852480277450032,5.744538981731751,1.0594636610959969,1.0998886170871751,Bad
2.040011941379488,5.815529589937213,1.0036499494753206,1.409545367793357,Bad
2.3786204804332747,3.050871343983677,1.3701374488923437,1.639289306960679,Moderate
1.7873992002689778,3.2401796325315777,1.0559657986785853,1.4644839273910732,Good
2.191789897421822,5.058296435745612,1.0693489280994948,1.529412187765247,Bad
1.0644968645816737,4.518010580229904,1.0279828993392923,2.198668199718899,Moderate
2.090838244035024,5.152950580019562,1.3868940007773027,1.154828375353091,Moderate
2.316322378462055,4.521891400145136,1.1042999051690634,1.6293008048524218,Moderate
1.8303971314890488,6.604282574172038,1.1597357077341623,1.15982202707312,Bad
3.2321523792603117,1.3589285150868189,1.0,2.018867969761064,Good
2.741415343705189,3.2007088543693403,1.1690633595025262,1.2497221420520372,Moderate
2.2872499007769487,5.259436492327756,1.2483482316362222,1.7391791227160542,Bad
2.0684045576150387,4.995162121514888,1.059615748153906,1.2647054945485237,Bad
1.4541654429282402,6.391310749555651,1.0279828993392923,1.0,Moderate
2.547924749960168,2.8852265915042645,1.167897396035756,2.058823176862294,Good
2.320783626585169,1.5402858555157073,1.1130975608239408,1.6492790077371366,Good
1.641897369622222,5.259436492327756,1.121259221142635,1.0649282603741737,Bad
1.5939086065239567,4.936003281343668,1.034978624174116,1.0099885021082575,Moderate
1.9001519094651491,1.8608794421715764,1.0076316921881072,1.709212417723082,Good
4.104262148452047,2.530273550476952,1.0060832304702685,2.2685901118131016,Moderate
2.0026331059955016,3.0390395759494333,1.0546938359891178,1.829079237694972,Good
3.218131276875172,4.068403394928641,1.0012166404974738,1.6542726594571655,Bad
2.643267949493538,2.2305038755613515,1.0291995398367664,2.0488346747540365,Good
2.744347048684749,3.413680678985728,1.0108115849203263,2.4334069892744496,Moderate
2.4862320800567765,6.26116130117897,1.0425826692576758,1.604328950247678,Bad
2.230815144267984,4.656016322581324,1.4222873874854256,1.3795786628003843,Bad
2.0455281002197,6.662589527044792,1.0397651830547998,2.198668199718899,Bad
1.4246043369970636,6.186289873058275,1.108433734939759,1.0549385595977163,Bad
4.121087381018603,1.6704353038923887,1.1459977271667314,1.0,Moderate
1.9190803202888496,3.819936266209522,1.1935483964244074,1.4894557819958172,Moderate
1.1794695558567465,4.939978755403175,1.0036499494753206,1.0,Good
2.295545745486902,2.6761355868031087,1.059615748153906,2.4633736942674225,Good
1.6141223108650409,4.31687052364776,1.2104800652934318,1.829079237694972,Moderate
1.9169771420317057,5.160806873994299,1.0888152879906725,1.5493891919817622,Bad
2.569423683321771,2.861563055435777,1.024485036921881,1.5144288352687607,Moderate
2.413556303580636,3.133693720223384,1.0279828993392923,1.4944506323840456,Good
2.1985667119771475,5.79584152792823,1.0769529731830547,1.639289306960679,Bad
2.7358068898517605,4.707318868777804,1.0802987485425573,1.918979352673889,Bad
1.7262908074618315,5.330427100533218,1.0060832304702685,1.0,Bad
3.3274955787936804,5.13326251801058,1.1192314963078118,2.7780240966936334,Bad
2.4646162783765515,5.468432842884638,1.2238631947143412,1.6992227169466243,Bad
1.658989683705011,3.0429203958646656,1.0559657986785853,1.4544954252828155,Good
2.494644728588487,2.029363818979208,1.0445182464049747,1.5633740538678824,Good
1.5189066216329494,2.3961486280407645,1.025317863972017,1.094894965367146,Good
2.8112869255030475,3.914590410483472,1.0501360373105324,1.5643725444782484,Moderate
5.643774249880504,2.948266251590716,1.030314798289934,2.0338513222575503,Bad
2.954535429191913,2.3093507777415523,1.0863820069957248,1.5394006898735046,Good
2.040011941379488,3.3032192926180284,1.2751651675087443,1.2796888470450098,Good
2.0695729828138,6.596426280197301,1.137582597745822,1.1648168774613483,Bad
2.3436846572859134,3.800153550056266,1.4349009032258064,1.529412187765247,Bad
2.67105513366126,1.7454013861573572,1.0852812157015157,2.2635964600930727,Good
2.5640489661055863,5.271268260362,1.5071900505246794,1.9988897668763488,Bad
4.076220008178633,3.772609194072547,1.0072998989506412,2.2735849622013298,Moderate
2.4722110421685017,4.41152466792171,1.0571824391760591,1.6492790077371366,Moderate
1.4998507005079709,5.452720254935162,1.0897784593859308,1.8490562419114869,Bad
2.758388209594773,4.064427920869136,1.212080910998834,1.7891228319255417,Moderate
1.5885338893077725,2.707750070990608,1.0069957248348231,1.03995520710123,Good
2.1985667119771475,5.79584152792823,1.0769529731830547,1.639289306960679,Bad
1.0084126485317106,2.873394823470021,1.0,1.2397336399437795,Good
1.091370579656326,3.886951400355479,1.0011659634667702,1.3795786628003843,Good
1.7965362775836695,5.659066289452373,1.1933363979790128,1.1248616703601186,Bad
1.862645563779885,4.734863224761524,1.0279828993392923,1.1897887320660925,Moderate
1.8355275345821973,2.33301431381004,1.032849489312087,1.0149833524964862,Good
2.601672115612608,1.5009097314977442,1.7263894193548386,2.228634904711871,Bad
1.2944421826349544,3.930302998432948,1.024332949863972,1.2197554370590649,Good
1.833084522345573,6.213834229041995,1.1595025262339682,1.3396222570309548,Bad
3.114959705906337,4.813804781085999,1.1609016712009328,2.248613107596586,Bad
2.3286354103824776,4.983330353480644,1.1958802953750487,1.3795786628003843,Bad
2.0023887918724665,2.1082107211594083,1.3824329669646327,1.3695889620239272,Bad
2.0067119522085117,4.537698642238886,1.2398534349008938,2.138734789732954,Bad
1.4514780520717157,3.5478056014219157,1.0,1.4395120727863295,Good
1.693341294252992,4.54953041027313,1.2681694426739214,1.5993340998594494,Moderate
1.171991660383418,6.671392362462269,1.0256510003886514,1.1248616703601186,Bad
2.453866843944182,3.437344215054216,1.5748153999222696,1.234738789555551,Bad
2.8596595739393025,1.8360800563718012,1.0582976976292269,1.6243059544641931,Good
1.5965959973804815,4.979449533565411,1.0314807617567043,1.294672199541496,Good
1.3197969320518437,3.023232333855684,1.0314807617567043,1.2397336399437795,Good
3.021836488451869,4.778309476983267,1.116798187329965,2.158712992617669,Bad
1.4486738573934337,4.671823564675073,1.0826767353284104,1.3695889620239272,Moderate
1.6691549700348642,4.94395422946268,1.0601632335794793,1.11986681997189,Bad
2.39254593396824,5.4053931827981865,1.0139914496696465,1.2597118428284946,Bad
2.351629961536865,5.058296435745612,1.0510992087057909,1.374583812412156,Bad
2.4619289520168914,5.2752437344215055,1.1165954232413524,1.4994454827722743,Moderate
2.386682588505984,7.389154738491634,1.2273610571317528,1.254716992440266,Bad
1.682591795323758,4.868988147197712,1.3940924897007383,1.4794672798875594,Bad
3.4368598162153248,2.246311117655101,1.1289646762534007,2.8279690045713206,Good
1.6870318239784252,3.212540622403584,1.0559657986785853,1.978912762659834,Good
1.5777843903785382,3.953966534501435,1.096774184220754,1.4295223720098722,Good
1.6730107860901504,5.231797482199762,1.1107149568596968,1.5244173373770182,Bad
2.096446697888452,6.134987326861794,1.0206830003886511,1.2397336399437795,Bad
2.899725800179813,4.589001188435367,1.3281630998834046,2.043839824365808,Bad
1.9137056030726651,6.359790919512426,1.241352506801399,1.2447284903320084,Bad
1.9029561041434315,6.103467496818569,1.1282549459774582,1.5743622452547057,Bad
3.9281576520079846,4.253073630407118,1.0597816587640887,1.938956356890404,Bad
2.230815144267984,2.865443875351009,1.0851146614846483,1.1248616703601186,Good
2.5532994671763527,4.9321224614284365,1.0816167990672367,1.978912762659834,Bad
1.9405792536504527,3.2520114005658214,1.342790516906335,1.1498335249648624,Moderate
2.2282446217300818,5.263411966387261,1.1170193921492422,1.5493891919817622,Bad
3.512573524006991,1.7887529842348264,1.0644823381267003,2.633185422117,Moderate
2.273813075488055,7.207702743918471,1.2366886809172173,1.8091010348102567,Bad
1.3493580379830206,3.2401796325315777,1.1200932856587642,1.3995556670168998,Good
1.400418012778936,5.180589590147555,1.024485036921881,1.2297451378355222,Bad
2.5955963174784205,5.263411966387261,1.0316328488146134,1.529412187765247,Bad
2.93490593745021,6.190170692973507,1.0218996688690245,1.4445057245063584,Bad
3.42508210827093,1.560068571668963,1.0130586956859695,1.978912762659834,Good
2.5425500327439834,5.271268260362,1.162067634667703,1.0049948503882289,Bad
2.445804735871473,1.7730403962853507,1.0209871745044694,1.9289678547821465,Good
2.8127013417433235,5.070128203779855,1.0851146614846483,1.824084387306743,Bad
1.894161053701616,5.866832136133693,1.053633899727944,1.4045505174051285,Bad
2.4637983936367918,1.8321992364565696,1.0432463116984063,2.083796230135237,Good
1.4122190685883091,2.90093917945374,1.033070694131364,1.3596004599156697,Good
1.334211013832879,6.595101122177465,1.0076316921881072,1.0,Bad
1.6180949307420844,6.158650862930282,1.041974349008939,1.4794672798875594,Bad
6.42895346807058,1.1893082885479005,1.0985484679362612,5.105438584037228,Bad
3.187284941923476,3.354521838814509,1.0,1.8690344447962015,Moderate
1.8465213476344668,3.468864045097441,1.2145355709288768,1.5643725444782484,Good
3.807015706641945,1.2799869587623445,1.1131482378546445,2.19367334933067,Moderate
1.5540866944064815,4.289231513519767,1.13609863661096,1.4894557819958172,Good
3.321887124940252,1.9860122209017383,1.0547491581811117,3.332408139063624,Moderate
6.384086095230611,1.6980743140203822,1.0291995398367664,6.438956956224503,Bad
2.2657509674153458,2.940409957615977,1.0,1.5194224869887896,Good
1.3505264631817822,5.267292786302494,1.041366028760202,1.294672199541496,Moderate
2.43505523694224,5.417224950832431,1.3602798289933928,1.5943392494712207,Bad
1.467602268217134,4.447019972024441,1.0163233486202876,1.314650402426211,Good
2.2254404270518,3.1158040869556074,1.0447726389428682,1.394855689005802,Good
1.5643475650896446,2.131874257227896,1.0023318989506411,1.3695889620239272,Good
2.6124216145418417,4.088091456937622,1.0932763218033423,1.9988897668763488,Bad
2.194594092100104,3.0902474680016403,1.0496060411970465,1.3695889620239272,Good
7.369065377440275,3.40582438501099,1.060629624562767,2.912874269162009,Bad
1.7685876577638997,3.685811343773335,1.4768752522347457,1.0,Bad
1.6814233701249963,5.018825657583375,1.0407023863194715,1.4994454827722743,Bad
3.291040789988556,3.113911004070128,1.092465237465993,4.640954656646155,Bad
3.1620470608252087,2.968048967743971,1.0206830003886511,2.018867969761064,Moderate
1.2550557533471347,2.9522417256502216,1.0546938359891178,1.4544954252828155,Good
2.647357437689203,5.480264610918881,1.0816167990672367,1.8091010348102567,Bad
1.959390860652396,3.263843168600065,1.1072677714729888,1.4644839273910732,Good
2.12063302210658,4.991281301599655,1.034978624174116,1.839067739803229,Bad
2.0588235483814312,4.0447398588601535,1.979401476875243,1.2647054945485237,Bad
1.327859040124553,4.991281301599655,1.0629615235134084,1.2996670499297247,Good
1.28042114474668,4.797997538992249,1.0316328488146134,1.2996670499297247,Good
1.720215009327644,2.845755813342027,1.7800233190827828,1.174805379569606,Bad
2.178533598856892,6.048189476562582,1.1399144966964632,1.8190895369185145,Bad
2.580173182251005,4.600832956469611,1.216867469879518,1.389567164908642,Bad
1.81427291534363,5.432937538781906,1.3171395165176836,1.5094339848805318,Bad
1.7444013335457718,5.9496545123734,1.0991061111542946,1.5593788927582195,Moderate
1.6449686458167367,5.034632899677124,1.0279828993392923,1.2297451378355222,Good
1.2215327340184348,4.51573888076733,1.0036499494753206,1.3596004599156697,Good
2.2086151299883783,1.8045602263285765,1.0,1.6492790077371366,Good
2.754852168994083,3.153381782232365,1.0629615235134084,1.9039960001774028,Moderate
3.4992535025398546,1.8834071285087768,1.226407092110377,2.2685901118131016,Moderate
3.0516145618354984,2.5459861384264277,1.323075305091333,1.5394006898735046,Moderate
2.6258584398307354,4.967617765531168,1.0338126607073457,1.3046619003179534,Moderate
2.4269931288695297,5.129287043951074,1.0687912848814614,1.764150977320798,Moderate
1.908330821359616,6.65558512036852,1.0921103863194714,1.4644839273910732,Bad
2.1052417483302674,2.510490834323696,1.138748533229693,1.744172774436083,Good
2.488802602594679,3.4491759830884594,1.0851146614846483,2.058823176862294,Moderate
1.0762235555061843,5.5710379352776,1.0,1.11986681997189,Moderate
3.848611540522875,3.149406308172859,1.4349009032258064,2.468368544655651,Moderate
1.722902335687304,5.590725997286581,1.1830548091721729,1.0,Moderate
2.233502535124509,5.160806873994299,1.1107656338904004,1.374583812412156,Moderate
2.160943562470126,6.336127383443938,1.2996502044306255,1.5194224869887896,Bad
1.7578381588346657,3.1928525603946025,1.307811892732219,1.3446171074191833,Good
1.2606748491832194,4.163057539202592,1.0699572483482316,1.1897887320660925,Good
1.8895192788545376,6.549099208060325,1.0186552755538285,1.6842393644501383,Bad
1.9338024390951272,4.939978755403175,1.0,1.4894557819958172,Moderate
2.1851298866882534,2.0608836490224327,1.034978624174116,1.5843507473629632,Good
1.8922066052141973,3.689786817832841,1.1294209094442285,1.0,Moderate
1.9137056030726651,6.359790919512426,1.241352506801399,1.2447284903320084,Bad
1.9137056030726651,4.214265431254798,1.2670035071900505,1.4544954252828155,Moderate
2.1152583048903955,5.669572899466782,1.216867469879518,1.2846836974332383,Bad
1.9835771848705237,5.385610466644931,1.1410804601632336,1.6992227169466243,Moderate
1.577540076255503,3.87644479034107,1.1475461888845706,1.4395120727863295,Moderate
1.979179659649616,2.2659991796640826,1.322469615235134,2.39345178217322,Moderate
2.701104803341643,2.415836690049746,1.0489700738437622,1.8890126476809168,Good
2.017928795418504,1.4141118811985318,1.0445182464049747,1.9889012647680917,Good
2.134069847395474,4.036788910741142,1.1445783225806452,2.07380652935878,Good
1.7178781589301209,5.32257080655848,1.0316328488146134,1.0,Moderate
3.5378114051052583,4.285256039460261,1.0705655685969686,2.0788013797470093,Bad
1.2767990653286376,5.4014177087386805,1.0121664889234356,1.0199782028847149,Bad
1.7981486991982116,5.890495672202181,1.2028760202098718,1.6293008048524218,Bad
1.661092861962155,3.81198531809051,1.0116595507190052,1.4994454827722743,Good
2.980975144864796,3.520166591293922,1.1411864593859309,1.744172774436083,Moderate
2.988185958821891,3.5043593492001723,1.1301813167508743,2.783018947081862,Moderate
1.4221613247604388,6.868556944984908,1.0851146614846483,1.4045505174051285,Bad
1.10375584806508,5.172638642028543,1.0024333089778468,1.11986681997189,Good
3.160644963486068,5.6025577653208245,1.329965030703459,1.709212417723082,Bad
1.20155270181773,3.914590410483472,1.083948698017878,1.8890126476809168,Good
1.438041226782822,2.90093917945374,1.0851146614846483,1.3046619003179534,Good
1.967452968725105,3.654291513730109,1.3722942308589197,1.8740292951844304,Moderate
1.3337011661183609,3.82779256018426,1.0,1.2896785478214672,Good
2.152148512028311,5.208133946131275,1.125923047026817,1.354605609527441,Moderate
2.2547571543630767,3.346665544839772,1.036144587640886,1.5743622452547057,Good
1.9325171455777437,4.170913833177329,1.3276331037699185,1.3096555520379822,Good
2.6236384577518344,3.074534880052165,1.1240980862806065,2.4084351346697064,Good
3.427427472254578,1.6783862520114003,1.0966681849980566,3.172586111990504,Moderate
2.172670253394637,3.315051060652272,1.0178073097551497,1.7891228319255417,Good
1.4810390935060278,6.5569555020350645,1.0687912848814614,1.9289678547821465,Bad
1.5535980661604107,3.1888770863350966,1.0851653385153517,1.6842393644501383,Good
1.8328507857083287,4.060452446809629,1.126531367275554,1.3596004599156697,Good
2.682526932976944,6.584594512163057,1.0024333089778468,1.5593788927582195,Bad
3.5518324429935326,4.210384611339567,1.0,2.4134299850579346,Moderate
2.1367572382519984,6.225665997076239,1.241352506801399,1.5144288352687607,Bad
2.2388772523406937,4.425533481274255,1.0617955600466382,1.2247502874472935,Moderate
1.488333430902757,5.320299107095906,1.1017560077730275,1.1048834674754036,Bad
2.2142235838418074,5.290956322370981,1.018249719393704,1.6243059544641931,Bad
3.403209286585347,1.8440310044908133,1.100981776914108,2.248613107596586,Moderate
2.3409973309262533,4.868988147197712,1.0921103863194714,1.6193123027441645,Moderate
1.3547327551992052,4.226097199289042,1.0314807617567043,1.419533869901615,Good
2.558674248889402,5.720875445663262,1.2028760202098718,1.4944506323840456,Bad
2.5318005338147493,4.608689250444348,1.0023318989506411,1.0799116128706598,Bad
2.013138226304836,5.22791666228453,1.137582597745822,1.1098783178636322,Bad
2.1260077393227643,5.772177991859743,1.1180148278274389,1.644284157348908,Bad
2.875783790084721,4.707318868777804,1.3661095903614455,1.3246389045344684,Bad
1.4767159331699828,5.500047327072137,1.0133831294209097,1.4894557819958172,Good
1.8760823890687792,4.723031456727281,1.2751651675087443,1.1448386745766337,Bad
1.9842782657885265,2.6367594627851454,1.0407023863194715,2.093784732243495,Good
3.4428187460308903,2.91674642154749,1.0699572483482316,2.1836848472224126,Moderate
2.557138578543712,5.633982941219776,1.141247014380101,2.0631671504180757,Bad
2.4028068046514024,3.740994709885048,1.041974349008939,1.4794672798875594,Moderate
1.3716248065174683,6.721843021360285,1.003997553050913,1.1798002299578347,Moderate
2.394360811240703,4.364197595784735,1.335794792071512,1.4944506323840456,Moderate
1.830046591030047,5.776058811774976,1.1340847353284105,1.254716992440266,Bad
2.034637224163303,1.958373210773745,1.012825486202876,1.0,Good
1.9378919272907928,4.995162121514888,1.2203653322969297,1.589345597751192,Bad
1.86802028099607,5.385610466644931,1.137582597745822,1.1298553220801475,Moderate
2.088384589815744,1.6389154738491634,1.1539059463661097,1.349611957807412,Moderate
1.905643494999956,5.393561414763943,1.2355227454333464,1.449500574894587,Bad
2.142131955468183,2.139825205346908,1.0827827345511076,1.864039594407973,Good
1.7712749841235595,4.608689250444348,1.145744258064516,1.8540510922997155,Bad
2.041163661890323,5.79584152792823,1.212203643995336,1.0,Bad
3.655588291058613,3.8435998022780096,1.0,1.7891228319255417,Bad
1.4823243870234115,5.2554610182682495,1.0559657986785853,1.1348501724683762,Bad
1.6898360186567072,3.784440962106791,1.031798759424796,1.11986681997189,Good
2.142131955468183,6.710768486480233,1.137582597745822,1.604328950247678,Bad
2.7252911275597707,4.230072673348548,1.1539059463661097,1.15982202707312,Bad
1.6309476079284622,6.095516548699557,1.0454722114263506,1.0,Bad
1.6691549700348642,3.918471230398704,1.0559657986785853,1.839067739803229,Good
1.8465213476344668,3.1849016122755907,1.0069957248348231,1.0849052645906887,Good
3.5770703885886648,4.872963621257218,1.0401493882627284,1.6243059544641931,Bad
1.8223350234163396,5.515759915021612,1.0909444228527012,1.3645953103038984,Moderate
1.489101201578737,4.163057539202592,1.0326467252234746,1.4894557819958172,Moderate
3.1767691796314863,5.259436492327756,1.0687912848814614,1.7691458277090266,Bad
1.405792794491985,3.224372390437828,1.030314798289934,1.1398450228566048,Good
3.896750452321887,1.354953041027313,1.0304162083171395,2.817980502463063,Moderate
2.1525309139384152,4.596857482410105,1.0,1.5743622452547057,Moderate
2.220065709835615,4.719150636812048,1.0314807617567043,1.3246389045344684,Moderate
3.7032598585768657,4.6599917966408295,1.1107149568596968,3.7519420089652384,Bad
2.376867842635132,3.208565148344078,1.068685285658764,1.639289306960679,Good
2.905344896015898,5.373778698610687,1.054100262728333,1.669256011953652,Bad
1.9169771420317057,3.326882828686516,1.0127194869801788,1.5194224869887896,Good
3.394446097594635,2.1121861952189143,1.1562378453167508,2.5882353646275407,Good
1.4514780520717157,6.127131032887056,1.132614597745822,1.1448386745766337,Moderate
1.9733163141873604,1.9662295047484828,1.2213192973183056,1.094894965367146,Good
1.8438339567779425,4.494347044161417,1.0888152879906725,1.4744724294993308,Moderate
1.8693055745134532,2.6682792928283705,1.026710936649825,1.5993340998594494,Good
3.148026022936934,1.295794200856094,1.1715473455110763,2.148723291841211,Moderate
1.3493580379830206,5.145094286044824,1.034978624174116,1.0699219120942025,Good
2.842366932595122,8.217378500888696,1.024332949863972,1.6892342148383668,Bad
1.5384086030733746,3.563518189371391,1.0198212110376992,1.3596004599156697,Good
1.7605255496911902,5.050440141770873,1.0874465604352896,1.0199782028847149,Moderate
4.303361131553632,1.4417508913265251,1.149647676642052,3.602108484000376,Moderate
2.851597465866593,3.871144158261729,1.1900505340069958,1.779134329817284,Moderate
2.2086151299883783,1.8045602263285765,1.0,1.6492790077371366,Good
1.6852791861802827,3.4886467612506964,1.0652934224640498,1.1997784328425498,Good
1.2364885249650917,3.4799385799774933,1.0,1.557380712869288,Good
2.9495643333542807,3.3308583027460217,1.1247570835600469,2.148723291841211,Moderate
2.144118265406705,3.1612380762071037,1.0457902090944422,1.6143174523559356,Good
2.1690056705428358,2.829948571248278,1.475709288767975,2.683130329994687,Good
2.3383099400697285,5.79584152792823,1.174893120870579,1.6193123027441645,Bad
1.6786191754467146,5.996981584510375,1.018249719393704,1.0,Bad
4.333469557877649,4.088091456937622,1.1970969358725223,2.148723291841211,Bad
1.5831591720915876,3.169189024326115,1.0816167990672367,1.0,Good
3.930401046448729,3.181020792360359,1.0948985184609406,2.643173924225257,Moderate
1.601970714596666,2.3961486280407645,1.0474492592304705,1.3396222570309548,Good
1.5240370247260986,3.752826477919292,1.0501360373105324,1.4544954252828155,Good
2.8212685892594367,3.3584973128740154,1.031980452390206,1.5094339848805318,Moderate
1.982111364629176,6.42292523374315,1.0572377613680528,1.9039960001774028,Bad
3.437444028814705,1.3154822628650755,1.8418188791294208,1.839067739803229,Moderate
1.682591795323758,5.089816265788837,1.08861252390206,1.4994454827722743,Moderate
2.4803566091839797,5.989030636391363,1.1861471154294598,1.3995556670168998,Bad
1.7444013335457718,6.65558512036852,1.1574038087835212,1.0849052645906887,Bad
2.647357437689203,5.373778698610687,1.2401865433346289,1.5643725444782484,Bad
1.620782321598609,4.750670466855274,1.036144587640886,1.5593788927582195,Good
3.226543925406882,4.699367920658792,1.0827320575204042,2.0288564718693216,Bad
1.5384086030733746,3.3623781327892472,1.1119315973571706,1.5993340998594494,Good
1.8833266124017285,5.819505063996719,1.1301813167508743,1.529412187765247,Moderate
2.64607214417182,5.582869703311843,1.0559657986785853,2.4983352496486235,Bad
1.6954444725101356,5.283100028396243,1.0279828993392923,1.234738789555551,Bad
1.6637802528186798,3.5083348232596783,1.3602798289933928,1.0,Moderate
4.586586535475458,3.630627977661622,1.0778654675476098,3.716981652252237,Bad
1.6100328226693752,5.8391931260057,1.1877186070734551,1.4994454827722743,Bad
1.600101272976766,3.315051060652272,1.0343426568208318,1.389567164908642,Good
1.4111675117081697,2.561793380520177,1.0408083855421686,1.0749167624824312,Good
4.1855842456002765,1.8360800563718012,1.0644823381267003,3.8618203268288713,Moderate
2.475365777305785,2.068834597141445,1.0338126607073457,1.0249718546047435,Good
3.905163100853597,2.660422998853633,1.1313979572483484,2.643173924225257,Moderate
1.94501928230512,1.654722715942913,1.0228951045472212,2.043839824365808,Good
1.8411466304182824,4.683655332709317,1.012825486202876,1.3596004599156697,Moderate
1.548223348944226,3.855431570312253,1.0093276237854645,1.4544954252828155,Good
1.7515286885600987,5.385610466644931,1.1348267019043918,1.6642623602336228,Bad
2.636607938759969,1.5205977935067256,1.06645938593082,1.7341842723278256,Good
2.4646162783765515,5.8707129560489255,1.138748533229693,1.569367394866477,Bad
1.9190803202888496,5.7603462238255,1.152080985619899,1.724195770219568,Moderate
2.421618411653345,4.628377312453329,1.102603973571706,1.6293008048524218,Bad
2.475365777305785,4.178770127152067,1.2506801305868636,1.006659800517638,Bad
1.9647655778685804,8.21340302682919,1.2949864065293433,1.5344058394852758,Bad
1.8088981981274452,4.312895049588255,1.0011659634667702,1.409545367793357,Good
2.0830098725995585,5.472408316944144,1.034978624174116,1.4045505174051285,Bad
3.112272315049813,5.8391931260057,1.2308589195491644,1.6243059544641931,Bad
3.1368091797269417,5.5394234510901,1.0218996688690245,1.589345597751192,Bad
1.8496760827717504,2.8852265915042645,1.0047449203264671,1.5643725444782484,Good
2.7467900609213736,3.0114005658214404,1.0582976976292269,1.2247502874472935,Moderate
2.402105723733399,3.7804654880472848,1.0012166404974738,1.5344058394852758,Good
2.088384589815744,5.551255219124344,1.0781189366498252,1.7042175673348532,Bad
1.1474213863304357,4.6700251359338685,1.003997553050913,1.2397336399437795,Good
2.9965986073536017,3.764658245953535,1.2531180567431015,1.7192009198313394,Moderate
2.158139367791844,6.840917934856914,1.026766258841819,1.484462130275788,Bad
2.1985667119771475,3.31117024073704,1.212203643995336,1.3995556670168998,Good
1.5047580734433967,6.150794568955543,1.008516539448115,1.0649282603741737,Bad
2.7133732034317752,3.425512447019972,1.0,2.298556816806074,Good
1.7935918667217872,5.358066110661212,1.099765108433735,1.0,Moderate
2.016593452334205,1.4890779634635003,1.0153905946366109,1.4794672798875594,Good
2.0803224817430337,4.939978755403175,1.1900505340069958,1.7042175673348532,Moderate
1.6449686458167367,2.778740679196071,1.0256510003886514,1.6492790077371366,Good
1.98147400661338,5.724850919722768,1.0279828993392923,1.943951207278633,Bad
2.948342762739104,2.0806663651756887,1.2611737178390985,1.7541624752125404,Moderate
2.182442495831729,6.253305007204232,1.1729851908278277,1.174805379569606,Bad
2.2281278179083244,3.831768034243766,1.0331130882238633,1.958934559775119,Moderate
1.4160047765517951,3.2913875245837847,1.1557309071123203,1.0,Moderate
2.5127446126897715,4.896627157325705,1.010175589584143,1.414539019513386,Moderate
3.73971464738199,2.758957963042815,1.1107149568596968,2.0788013797470093,Moderate
1.2230516351793332,5.697211909594775,1.037310523124757,1.7192009198313394,Moderate
2.5747984650348203,4.719150636812048,1.1469102215312863,2.058823176862294,Moderate
1.5394282985024108,4.525866874204642,1.0114475522736106,1.1298553220801475,Good
1.9733163141873604,7.006941303913423,1.1577218064516128,1.1997784328425498,Bad
2.2928689966130333,4.245879915442298,1.054799835211815,1.5094339848805318,Moderate
1.5374738500149925,4.553505884332635,1.172561221919938,1.274695195324981,Good
2.580173182251005,5.531567157115362,1.1061018359891177,1.799112532701999,Bad
2.65448479270353,1.4851024894039944,1.0012166404974738,2.8879024145572654,Good
1.2692043015366874,6.25803771441793,1.008516539448115,1.204772084562579,Moderate
1.779825720442339,7.042057991439059,1.0050877947920716,1.419533869901615,Bad
1.927142428361559,1.8755508345340384,1.0,1.374583812412156,Good
1.7851792181900763,5.141118811985318,1.1411864593859309,1.4345172223981009,Bad
1.647656036673261,5.397442234679175,1.0948985184609406,1.9039960001774028,Bad
2.0749477645268493,3.752826477919292,1.0384764865915277,1.6792457127301093,Good
2.5506121408166926,4.381235341754046,1.1349008845705402,1.5943392494712207,Good
3.0807249636769782,3.33871459672076,1.0316328488146134,1.6992227169466243,Moderate
1.639360191963308,3.930302998432948,1.0725011457442677,1.2697003449367523,Good
3.3057629087948337,2.861563055435777,1.172561221919938,2.043839824365808,Moderate
3.4172303244736217,2.514466308383202,1.024332949863972,1.9339627051703752,Moderate
1.9782024676543388,5.4014177087386805,1.2996502044306255,1.0,Moderate
2.93490593745021,4.829517369035474,1.0326467252234746,1.5843507473629632,Bad
1.8035234164143965,4.9123397452751805,1.6389428589195492,1.589345597751192,Bad
1.784711873909318,4.758526760830012,1.3218033424018656,1.5044391344923034,Moderate
1.5888844297667737,5.653860311517306,1.0742155180722892,1.2697003449367523,Bad
2.813974316359572,3.6503160396706034,1.0781189366498252,1.729189421939597,Moderate
2.1663182796863105,3.3860416688577346,1.3859308293820445,1.03995520710123,Moderate
3.1958251007564646,2.5854569165886647,1.0,1.3346286053109258,Good
2.3893699793625087,2.0806663651756887,1.02215313797124,1.374583812412156,Good
2.0627961682584743,3.415763070159755,1.0620490291488536,1.3845723145204134,Good
2.2872499007769487,4.979449533565411,1.1095996984065293,1.1498335249648624,Bad
2.43505523694224,6.403142517589895,1.1667314325689857,1.2497221420520372,Bad
1.722902335687304,2.0096757569702257,1.0769529731830547,1.5793558969747346,Good
1.3171096056921838,5.886520198142675,1.071123211815002,1.0,Bad
4.3014332557744215,4.951810523437418,1.215701506412748,1.6243059544641931,Bad
2.1367572382519984,2.1831768034243764,2.378157792460163,1.589345597751192,Bad
1.86533295463641,5.673548373526288,1.029148862806063,1.5094339848805318,Bad
1.1629394609425154,4.324726817622498,1.167897396035756,1.4295223720098722,Moderate
2.264855170463171,5.55523069318385,1.0359113781577924,1.892341349271536,Bad
2.47805316816231,2.5094496387366823,1.3031480668480373,2.3584902267920187,Good
1.3009853895467651,6.789710042804707,1.0011659634667702,1.15982202707312,Moderate
2.013138226304836,1.6744107779518946,1.8919549164399532,1.9289678547821465,Bad
1.3977306864192758,4.979449533565411,1.125923047026817,1.3945620152968707,Bad
2.0265751160905943,1.757233154191601,1.0217644834823163,1.729189421939597,Good
2.281875183560764,2.526298076417446,1.0,1.2247502874472935,Good
2.1179456312500555,3.1849016122755907,1.853478429848426,1.469478777779302,Bad
1.2902358906175315,4.01710084873216,1.0069957248348231,1.389567164908642,Good
1.755150767978141,4.782190296898499,1.0909444228527012,1.0,Bad
2.682526932976944,2.751101669068077,1.0255495903614458,2.1687014947259264,Moderate
1.880522417723446,3.6424597456958656,1.0450159782355228,1.5793558969747346,Good
1.3950432955627512,5.882544724083169,1.0384764865915277,1.4594890770028446,Moderate
2.0426993322360127,2.4868272982552084,1.4232413525068015,1.4295223720098722,Moderate
1.4851285817016937,6.84489340891642,1.008516539448115,1.1448386745766337,Bad
1.4864138752190772,4.186721075271079,1.1492421204819276,1.374583812412156,Bad
2.0856971989592186,5.645909363398294,1.030314798289934,1.469478777779302,Bad
1.6786191754467146,4.936003281343668,1.0608323886513795,1.234738789555551,Moderate
2.393693139698553,6.052164950622088,1.0060832304702685,1.2697003449367523,Bad
3.664000939590324,1.997843988935982,1.106335017489312,3.252497724861164,Moderate
4.838965539948724,1.7177623760293637,1.1107149568596968,5.275250311886805,Bad
1.9762480191669205,4.955785997496924,1.012825486202876,1.4744724294993308,Bad
2.220065709835615,2.7984287412050524,1.409249902837155,1.409545367793357,Moderate
1.8223350234163396,2.569649674494915,1.0256510003886514,1.174805379569606,Good
2.124488838161866,4.178770127152067,1.071123211815002,1.764150977320798,Good
1.6584054711056306,4.9123397452751805,1.0804508356004665,1.4744724294993308,Moderate
1.5863351266973185,4.380478108599855,1.0116595507190052,1.3596004599156697,Good
2.359808873431332,5.354090636601706,1.2802953843762146,1.899001149789174,Moderate
4.516481217040356,1.6467717678239011,1.141131137193937,3.1276360545010453,Bad
4.303672715906426,2.4553074682119838,1.1803342277497084,5.090455231540743,Bad
3.461630353032833,2.8536121073167653,1.096774184220754,2.2735849622013298,Moderate
3.0424007332519545,3.153381782232365,1.2926544795958026,1.414539019513386,Moderate
2.6930426952689337,2.250191937570333,1.0617955600466382,1.918979352673889,Good
1.5347865236553324,4.50617881219566,1.0,1.804106184422028,Good
1.7685876577638997,5.1884458841222925,1.1702292949863973,1.4295223720098722,Moderate
1.5720591327033524,4.494347044161417,1.0,1.3795786628003843,Good
2.1582561716136013,6.0166696465193565,1.2401865433346289,1.4045505174051285,Bad
1.8665013798351715,4.703343394718299,1.0559657986785853,1.2796888470450098,Moderate
1.171056907325036,5.713019151688525,1.166680755538282,1.419533869901615,Bad
1.7390265518327226,6.020645120578863,1.2961523420132142,1.0,Bad
7.096355800307302,2.818116803214034,1.1399144966964632,3.5122083690214585,Bad
1.4756643762898434,3.914590410483472,1.0897784593859308,1.094894965367146,Good
1.6617939428801578,4.750670466855274,1.1301813167508743,1.4245287202898431,Good
1.9244550375050344,4.829517369035474,1.2087057815779243,1.1698117278495772,Moderate
5.643774249880504,2.948266251590716,1.030314798289934,2.0338513222575503,Bad
1.4290443656517304,4.746694992795767,1.0072998989506412,1.3346286053109258,Good
3.1424175690835057,4.671823564675073,1.0279828993392923,1.9739179122716053,Bad
2.421618411653345,3.445200509028953,1.072289147298873,1.5543840423699908,Good
2.0515793250484817,3.7764900139877793,1.2214298857364945,1.1897887320660925,Moderate
1.892772371710308,4.857156379163468,1.0471291068791295,1.3371254311709402,Bad
1.6772170781075737,3.681835869713829,1.0011659634667702,1.1798002299578347,Good
1.88613080708001,4.28137521954503,1.0571824391760591,1.724195770219568,Good
2.214690928122566,1.8873826025682825,1.0623255561601244,1.4594890770028446,Good
2.521051034885516,5.192421358181798,1.3334628931208703,1.604328950247678,Bad
1.647656036673261,7.353659434388902,1.0909444228527012,1.3596004599156697,Bad
1.3925896413434706,3.6581723336453416,1.0571824391760591,1.5194224869887896,Good
2.096446697888452,5.890495672202181,1.079284872133696,1.0,Bad
1.161242161454184,5.346234342626968,1.0011659634667702,1.1148719695836613,Moderate
1.4234359117983018,5.089816265788837,1.1993781577924605,1.034961555381201,Moderate
5.805016411334688,2.471114710305733,1.024485036921881,2.3085465175825317,Bad
2.0143597969200124,4.971498585446399,1.0190792444617178,1.4395120727863295,Moderate
1.733651834616538,5.156926054079068,1.0991061111542946,1.4644839273910732,Moderate
1.3816064702738573,6.580619038103552,1.0,1.15982202707312,Bad
2.071208816790185,3.6503160396706034,1.1049358725223477,1.0,Moderate
1.8945434556117209,4.150657846302704,1.0535324897007383,1.2397336399437795,Bad
4.467654962155498,1.3864728710705383,1.377160820831714,3.991675648909019,Bad
2.012320341565076,1.828223762397064,1.0254390019432569,1.6492790077371366,Good
2.88384589815743,1.7532576801320952,1.0804508356004665,2.11376293512821,Good
2.088384589815744,4.821661075060737,1.1853867081228138,1.4395120727863295,Bad
1.9513287525796867,2.920721895606996,1.079284872133696,1.5394006898735046,Good
1.5047580734433967,6.150794568955543,1.008516539448115,1.0649282603741737,Bad
2.3409973309262533,4.9123397452751805,1.0816167990672367,1.8490562419114869,Bad
2.163747757148408,4.139394003134104,1.0523158492032647,1.5244173373770182,Good
3.5180651095417974,2.6012641586824143,1.0746210742324136,1.4544954252828155,Moderate
3.4060134812636287,2.912770947487984,1.1484310361445784,3.112652702004559,Moderate
2.704960619396929,6.458420537845882,1.0936818779634667,2.373473579288505,Bad
2.104859346420163,4.257711683476542,1.0133831294209097,1.5843507473629632,Moderate
2.359808873431332,1.6231082317554135,1.2215312957637,1.0998886170871751,Good
2.037558287160208,3.52802288526866,1.0851653385153517,1.908989651897432,Good
3.2798239467785635,2.2383601695360893,1.0291995398367664,1.5493891919817622,Moderate
1.400418012778936,3.3860416688577346,1.3043140303148075,1.15982202707312,Moderate
3.5315019348306915,1.5837321077374504,1.5853089871745043,1.9889012647680917,Moderate
1.5720591327033524,2.6761355868031087,1.0178073097551497,1.3246389045344684,Good
2.1663182796863105,4.5731939463416165,1.033696083948698,1.329633754922697,Moderate
3.2439534350696846,4.790141245017511,1.222697231247571,2.3984466325614484,Moderate
2.142131955468183,6.604282574172038,1.0769529731830547,1.3246389045344684,Bad
2.0684045576150387,1.7769212162005823,1.0462326187329964,1.5943392494712207,Good
1.6253391540750337,3.4018489109514847,1.0508780038865138,1.3596004599156697,Good
1.4541654429282402,2.660422998853633,1.0687912848814614,2.0887898818552664,Good
1.550910739800751,3.0784156999673966,1.012825486202876,2.0788013797470093,Good
1.9378919272907928,6.0718530126310695,1.1095996984065293,1.4345172223981009,Bad
2.8762724183307915,2.8812511174447586,1.1144754947532065,2.39345178217322,Moderate
1.405792794491985,7.152519377806758,1.1655654970851146,1.4395120727863295,Bad
1.2272746963815475,3.974885100385978,1.0079951061018266,1.2996670499297247,Good
2.1985667119771475,3.3623781327892472,1.2436844057520404,1.1648168774613483,Moderate
1.7685876577638997,3.512310297319184,1.037310523124757,1.4295223720098722,Good
1.7470886599054318,6.73443202254872,1.1947143319082782,1.0,Bad
2.2576888593426365,2.4001241021002704,1.0699572483482316,1.0,Good
2.765601667923317,5.30676356446473,1.162067634667703,1.9739179122716053,Bad
2.3432173130051543,3.046895869924171,1.1034150579090556,2.1437296401211823,Good
1.4066106792317452,3.910614936423966,1.0462326187329964,1.1798002299578347,Good
2.278720448423481,4.7111996886930365,1.0036499494753206,1.5593788927582195,Bad
1.5951301771391335,5.432937538781906,1.1107149568596968,1.5843507473629632,Moderate
1.4756643762898434,6.919859491181389,1.125923047026817,1.349611957807412,Bad
3.422838713830185,2.246311117655101,1.0109498204430625,2.967814027427925,Moderate
2.6937437761869365,4.34441487963148,1.0279828993392923,1.6243059544641931,Moderate
1.214989527106624,3.382160848942503,1.0,1.3596004599156697,Good
2.233502535124509,5.582869703311843,1.2145355709288768,1.7142060694431107,Bad
2.537175251030934,4.178770127152067,1.053633899727944,1.644284157348908,Moderate
1.5965959973804815,6.056140424681594,1.0093276237854645,1.0,Bad
1.6261570388147937,6.134987326861794,1.3905439502526231,2.038846172645779,Moderate
2.761044835446892,4.719150636812048,1.0559657986785853,1.7691458277090266,Bad
3.1171796879852387,2.6564475247941277,1.0425826692576758,2.4833518971521373,Good
1.8895192788545376,4.991281301599655,1.1107656338904004,1.724195770219568,Moderate
2.424539474650249,4.667848090615568,1.1107149568596968,1.983906414379863,Moderate
1.914172947353424,4.9321224614284365,1.0890364928099494,1.484462130275788,Bad
1.614417513014231,6.048189476562582,1.2739992320248736,1.6942290652265954,Bad
1.2714242836155885,4.821661075060737,1.0,1.1098783178636322,Good
2.413067675334565,2.845755813342027,1.0921103863194714,2.3085465175825317,Good
4.533306514103778,2.3211825457757955,1.0,2.8879024145572654,Bad
4.3454243097153205,1.3786165770958003,1.0025549506412748,5.519977603550615,Bad
1.9366066337734087,6.663441414343257,1.0097331799455889,1.3246389045344684,Bad
2.0265751160905943,4.3720538897594725,1.1838876362223083,1.9889012647680917,Moderate
4.648279140881986,2.577600622613927,1.0291995398367664,2.648168774613486,Bad
1.4122190685883091,4.040764384800648,1.1131482378546445,1.4794672798875594,Good
1.3708569713446237,6.359790919512426,1.0011659634667702,1.0,Bad
2.811520662140292,2.1082107211594083,1.073773108433735,1.6792457127301093,Good
3.506965070153562,1.6586035358581448,1.0559657986785853,3.4572698094237424,Good
2.4243057380130053,5.109598981942092,1.2087057815779243,1.254716992440266,Bad
4.909070858383826,4.0447398588601535,1.081515389040031,2.388456931784991,Bad
2.1916563244152734,4.028932616766404,1.0250373354061406,1.1123751437236469,Moderate
1.8196476325598143,5.448744780875656,1.156587631558492,1.2930072494120866,Bad
1.8975813869272469,4.553505884332635,1.2180334333462883,1.389567164908642,Bad
1.2956106078337162,3.8356488541589977,1.0233190734551108,1.2497221420520372,Good
3.4772659409321807,1.453582659360769,1.0966681849980566,2.997780732420898,Moderate
1.5888844297667737,4.975474059505905,1.0572377613680528,1.3995556670168998,Bad
3.037514579784976,5.223941188225024,1.0661413882627284,1.7142060694431107,Moderate
2.4834278853784943,2.0766908911161828,1.0547491581811117,1.5643725444782484,Good
1.365482254128439,5.925990976304912,1.0125923047026817,1.409545367793357,Bad
3.347125006038519,1.1616692784199067,1.1399144966964632,2.683130329994687,Good
2.230815144267984,3.4413196891137217,1.3929265542168676,1.1098783178636322,Moderate
2.32919627511688,4.308919575528749,1.0377160792848814,1.3945620152968707,Good
1.995495108998519,5.397442234679175,1.0060832304702685,1.4994454827722743,Moderate
2.3123709780534587,3.2913875245837847,1.0877645581033812,1.8740292951844304,Good
3.748127295913701,1.5521176235499512,1.0608323886513795,2.663152127109972,Moderate
1.25491618213218,6.024525940494094,1.0279828993392923,1.589345597751192,Bad
1.4864138752190772,3.886951400355479,1.064127486980179,1.0049948503882289,Good
1.9755150767978145,5.152950580019562,1.1061018359891177,1.589345597751192,Bad
1.5620441240679748,3.091383317732928,1.0106601414691023,1.4328522722686912,Good
2.7526321869151813,5.519735389081118,1.0194663598911775,1.3446171074191833,Bad
1.214989527106624,6.131011852802288,1.054799835211815,1.839067739803229,Bad
2.074013011468467,3.224372390437828,1.3509522052079286,1.4744724294993308,Bad
1.56166017423312,2.7471261950085712,1.3043140303148075,1.274695195324981,Bad
1.9225855958851343,6.198121641092519,1.0620490291488536,1.0249718546047435,Bad
1.7820244830527932,3.875119632321235,1.0163233486202876,1.3096555520379822,Good
2.6241483054663526,2.63278398872564,1.0046638258841818,1.744172774436083,Good
2.146922524581852,6.6319215843000325,1.026766258841819,1.3196452528144396,Bad
2.547924749960168,5.417224950832431,1.1800638849591916,1.4445057245063584,Bad
1.0448673728399704,4.951810523437418,1.0,1.0799116128706598,Good
1.8814571707818284,5.957510806348138,1.222697231247571,1.0,Bad
2.365183655144381,5.243629250234005,1.0,1.449500574894587,Bad
1.6420369408371769,5.492096378953125,1.0915803902059853,1.3196452528144396,Moderate
1.682591795323758,6.474133125795357,1.095608248736883,1.1398450228566048,Bad
1.8062108072709209,5.125311569891568,1.3346288286047416,1.589345597751192,Bad
2.2791877927042394,4.589001188435367,1.1783909832879906,1.8140958851984847,Moderate
2.902657505159373,2.845755813342027,1.2623396813058687,1.8790229469044597,Moderate
2.214690928122566,2.1910330973991146,1.1842207446560435,1.2247502874472935,Good
1.784711873909318,3.5043593492001723,1.2973183054799844,1.2597118428284946,Bad
2.3168110067081256,5.259436492327756,1.2436844057520404,1.5344058394852758,Bad
1.5528302954844304,2.222647581586614,1.0023318989506411,1.2397336399437795,Good
1.722902335687304,6.127131032887056,1.0513019727944035,1.1448386745766337,Bad
1.7262908074618315,5.713019151688525,1.1776305759813448,1.5743622452547057,Moderate
1.1738611020033178,6.5569555020350645,1.0121664889234356,1.2397336399437795,Moderate
2.558674248889402,2.415836690049746,1.1072677714729888,1.3945620152968707,Good
1.5944928191233376,3.930302998432948,1.001338310143801,1.4245287202898431,Good
2.6953461362906035,4.829517369035474,1.0543197326078508,1.1648168774613483,Bad
1.9835771848705237,4.5850257143758615,1.034978624174116,1.214761785339036,Moderate
4.923091896272101,2.561793380520177,1.0012166404974738,3.052719292018614,Bad
4.494047530620371,3.3071947666775343,1.0742155180722892,2.5732520121310545,Bad
2.6241483054663526,2.526298076417446,1.0343426568208318,1.859045942687944,Good
2.48074049452197,2.3882923340660263,1.083948698017878,1.6642623602336228,Good
2.0803224817430337,4.939978755403175,1.1900505340069958,1.7042175673348532,Moderate
2.494644728588487,4.210384611339567,1.0279828993392923,1.5094339848805318,Moderate
1.2550557533471347,2.9522417256502216,1.0546938359891178,1.4544954252828155,Good
1.752463441618481,2.883144200330237,1.1434123591138747,1.2996670499297247,Good
3.7061809215737695,5.815529589937213,1.2926544795958026,2.138734789732954,Bad
2.091071980672268,4.305038755613516,1.0255495903614458,1.2996670499297247,Good
2.040362481838489,4.868988147197712,1.0126531395258451,2.0088794676528066,Bad
1.824438201673483,2.841780339282521,1.026710936649825,1.419533869901615,Good
3.17045970935692,4.5298423482641486,1.0279828993392923,2.0288564718693216,Moderate
3.167655514678638,2.4316439321434955,1.0279828993392923,1.8940062994009452,Moderate
1.6691549700348642,5.5394234510901,1.005829761368053,1.11986681997189,Bad
4.429550666038697,2.3921731539812585,1.0036499494753206,2.3085465175825317,Moderate
2.3114362249950764,5.496071853012631,1.2261950936649826,1.0449500574894588,Bad
2.113271994951874,5.14812321866159,1.1553050913330742,1.683945690741207,Bad
3.1525828554133586,2.404004922015502,1.1609016712009328,1.6742508623418806,Moderate
4.3014332557744215,4.951810523437418,1.2010104842596192,1.6243059544641931,Bad
1.5664507433467885,5.977198868357119,1.0097331799455889,1.3096555520379822,Bad
2.7172290194870614,4.494347044161417,1.2541779930042751,2.1087680847399817,Bad
2.0936425032101704,5.590725997286581,1.0608323886513795,1.1847950803460634,Moderate
1.988951902086708,2.297519009707308,1.6471045472211427,1.11986681997189,Bad
2.6965479708652187,6.131011852802288,1.1800638849591916,1.609322601967707,Bad
2.034637224163303,2.313326251801058,1.305479993781578,1.644284157348908,Moderate
1.059122147365489,4.845324611129223,1.0401088130586864,1.274695195324981,Good
2.144118265406705,4.013125374672654,1.0632656976292263,1.859045942687944,Good
4.121087381018603,3.2480359265063155,1.059615748153906,2.2036630501071275,Moderate
2.0185130080178846,5.492096378953125,1.0979401476875243,1.3845723145204134,Bad
2.6043595064691325,5.089816265788837,1.0687912848814614,1.589345597751192,Moderate
2.491489993451204,5.298907270489993,1.0725223567819666,1.7741394794290557,Bad
2.263063576558821,5.298907270489993,1.3649436548775749,1.8440625901914576,Bad
4.396834889467101,1.8045602263285765,1.3066459292654489,3.067702644515101,Bad
2.676918479123516,2.5933132105634025,1.2670035071900505,1.5743622452547057,Good
1.9620782515089203,3.4728395191569468,1.1818888457054022,1.7341842723278256,Good
2.8193490335757563,4.478539802067667,1.1282549459774582,1.958934559775119,Moderate
1.7683539211266557,4.608689250444348,1.0255495903614458,1.4245287202898431,Moderate
2.06688565645414,5.784009759893987,1.1842207446560435,1.0,Bad
3.1230218139790464,3.382160848942503,1.1294209094442285,1.884017797292688,Moderate
2.3460215076834365,4.241904441382792,1.0644823381267003,1.2996670499297247,Moderate
2.7890869112234418,1.855862772525057,1.6830371364166343,1.943951207278633,Moderate
3.333103968150245,1.7808966902600885,1.0717822090944422,2.6681469774982007,Moderate
2.762914277066792,3.855431570312253,1.0673921399144968,1.419533869901615,Good
1.5423600034819709,7.475952588790846,1.0279828993392923,1.2996670499297247,Bad
4.550131746670334,1.3746411030362946,1.0705655685969686,4.071587261779678,Moderate
1.7793370921962686,2.2108158135523697,1.0233190734551108,1.03995520710123,Good
1.5052254177241555,4.498227864076648,1.137582597745822,1.2597118428284946,Good
3.1767691796314863,5.259436492327756,1.0687912848814614,1.7691458277090266,Bad
1.894161053701616,3.73313841591031,1.0,1.7841291802055128,Good
3.475067178321727,1.5442613295752132,1.150408083948698,2.8479472074560355,Moderate
1.5356044083950926,4.916315219334686,1.0109498204430625,1.4345172223981009,Moderate
2.5563373984918787,3.3623781327892472,1.141131137193937,1.234738789555551,Good
1.9378919272907928,2.849731287401533,1.241352506801399,1.829079237694972,Good
1.4514780520717157,3.326882828686516,1.0218996688690245,1.1648168774613483,Good
3.6965832076522354,3.315051060652272,1.6754054442285269,1.4944506323840456,Bad
1.817937498195432,2.7314136070590957,1.005829761368053,1.2197554370590649,Good
2.908032222375558,2.644615756759884,1.1585697722502917,1.8091010348102567,Moderate
2.9538756262672425,4.346307962516959,1.0778654675476098,1.4245287202898431,Moderate
4.628649713637147,2.6919428288968583,1.0,2.613207219232285,Bad
2.148658457692067,4.41152466792171,1.0293154170229304,1.7391791227160542,Good
1.528874289569724,3.850130938232912,1.0,1.0,Moderate
2.230815144267984,5.6498848374578,1.0443062479595802,1.5793558969747346,Bad
1.9943266837997573,4.514035106170399,1.158164216090167,1.2597118428284946,Bad
2.6177963317580266,1.9741804528674949,1.036144587640886,2.2036630501071275,Good
1.825022414272864,3.6424597456958656,1.0186552755538285,1.314650402426211,Good
1.7148402276145949,5.109598981942092,1.1165954232413524,1.419533869901615,Moderate
3.25178180650515,5.310739038524236,1.097331827438787,1.9339627051703752,Bad
1.7683539211266557,4.230072673348548,1.008516539448115,1.15982202707312,Moderate
2.8367585432385587,4.072284214843873,1.1170193921492422,1.859045942687944,Moderate
1.7066613157201282,3.926422178517716,1.0152634123591138,1.4644839273910732,Good
2.134069847395474,4.991281301599655,1.029148862806063,1.8890126476809168,Bad
1.7014034023257012,4.521891400145136,1.4850369125534395,1.5044391344923034,Moderate
2.8850674687726072,7.207702743918471,1.0610535934706569,1.908989651897432,Bad
2.418931020796821,3.271699462574803,1.1094982883793238,2.1437296401211823,Moderate
3.748127295913701,1.5521176235499512,1.0608323886513795,2.663152127109972,Moderate
2.132901422196712,3.535973833387672,1.126531367275554,1.5194224869887896,Good
1.9916392929432325,3.354521838814509,1.08861252390206,1.3396222570309548,Good
2.01582561716136,2.4947782463742203,1.349786241741158,1.409545367793357,Moderate
1.9730614225785337,5.480264610918881,1.1017560077730275,1.469478777779302,Bad
1.5965959973804815,4.959666817412156,1.1422463956471045,1.1498335249648624,Bad
1.8760823890687792,4.841349137069718,1.2063738826272834,1.2597118428284946,Moderate
4.488205404626562,1.3194577369245817,1.506024087057909,2.018867969761064,Moderate
2.0684045576150387,2.8575875813762712,1.049882568208317,1.0,Good
3.29550203811167,1.2839624328218504,1.049882568208317,1.8740292951844304,Moderate
1.8303971314890488,3.1297182461638777,1.1690633595025262,1.0199782028847149,Good
3.2742155574219995,2.0411955870134517,1.1289646762534007,2.3784684296767336,Good
1.4541654429282402,2.865443875351009,1.0,1.389567164908642,Good
2.5936100075398985,4.825636549120242,1.174893120870579,1.5743622452547057,Moderate
2.3482916038261177,6.698936718445989,1.243329554605519,1.1648168774613483,Bad
1.4541654429282402,5.993006110450869,1.1655654970851146,1.4395120727863295,Bad
1.4729769854333186,3.760777426038303,1.0011659634667702,1.294672199541496,Good
1.1059591254560546,3.505211236498638,1.0427107469879515,1.4794672798875594,Good
2.57430983678875,3.7764900139877793,1.1450022914885347,1.5943392494712207,Moderate
2.518901160898415,4.052596152834892,1.0326467252234746,1.799112532701999,Moderate
1.959390860652396,5.192421358181798,1.1154294597745822,1.4395120727863295,Bad
1.4221613247604388,4.967617765531168,1.215701506412748,1.469478777779302,Bad
1.0,4.036788910741142,1.0,1.2397336399437795,Good
2.842366932595122,1.0591588401712189,1.2968620722891566,2.288568314697816,Moderate
1.3359211481972622,5.957510806348138,1.0,1.4445057245063584,Moderate
1.3140716743766578,6.525435671991839,1.0437993097551497,1.2996670499297247,Moderate
3.565853545378672,2.7314136070590957,1.1107149568596968,3.342397839840081,Moderate
2.7137738579545565,3.070559405992659,1.1853867081228138,1.7891228319255417,Good
1.9534319308368304,5.196302178097031,1.0340661298095608,1.6193123027441645,Bad
3.4172303244736217,1.7138815561141318,1.122881417800233,2.283573464309588,Good
1.1289937291633474,5.677523847585793,1.0256510003886514,1.2796888470450098,Good
1.5127500734243058,5.957510806348138,1.113203560046638,1.3246389045344684,Bad
1.5131707219751074,4.005269080697916,1.1034150579090556,1.6842393644501383,Good
1.6141223108650409,4.34441487963148,1.0024333089778468,1.0,Good
1.00293170497956,5.06615272972035,1.0,1.11986681997189,Good
1.8008360900547362,3.571469137490403,1.163233570151574,1.6942290652265954,Good
1.328092776761797,3.63848427163636,1.0381584889234357,1.2297451378355222,Good
1.722902335687304,3.0823911740269025,1.064127486980179,1.779134329817284,Good
2.7330026951734787,4.744139330900371,1.0979401476875243,1.3346286053109258,Bad
1.929829819218084,6.98289915126784,1.0687912848814614,1.9123195521562508,Bad
1.5664507433467885,3.5833009055246468,1.0496060411970465,1.449500574894587,Good
2.842366932595122,4.178770127152067,1.0121664889234356,1.8091010348102567,Moderate
2.273813075488055,3.81198531809051,1.1189273221919938,1.4245287202898431,Good
2.5675542417018717,5.559206167243356,1.01703307889623,1.2597118428284946,Bad
1.1101821221614043,3.894807694330217,1.0081616883015934,1.0699219120942025,Good
2.281524643101763,4.888676209206693,1.0547491581811117,1.2097669349508071,Bad
1.7683539211266557,5.977198868357119,1.0693489280994948,1.15982202707312,Bad
2.4726783864492603,1.2366353606848752,1.3322969296541003,1.3596004599156697,Moderate
1.2902358906175315,4.01710084873216,1.0069957248348231,1.389567164908642,Good
1.102120014088695,2.2659991796640826,1.0,1.234738789555551,Good
1.400418012778936,3.7764900139877793,1.036144587640886,1.7591561269325693,Good
2.797499559755152,5.503928146987369,1.0620490291488536,1.5843507473629632,Bad
5.520155237933341,3.6936676377480726,1.121259221142635,2.4483903417709363,Bad
2.968556467080188,3.618796209627378,1.052149938593082,1.9639294101633475,Moderate
1.4568527692879003,6.091635728784325,1.1189273221919938,1.449500574894587,Bad
2.580173182251005,2.644615756759884,1.0139914496696465,1.5344058394852758,Good
2.045386658595673,4.916315219334686,1.2378546443839875,1.589345597751192,Bad
1.959390860652396,3.5911571994993845,1.0489700738437622,1.6842393644501383,Good
1.3589390472166285,4.427237255871185,1.0024333089778468,1.3795786628003843,Good
1.5294117419422832,6.186289873058275,1.0186552755538285,1.0,Moderate
1.4998507005079709,2.861563055435777,1.0279828993392923,1.3695889620239272,Good
1.7318991968183957,3.826088785587329,1.0024333089778468,1.5543840423699908,Good
1.8895192788545376,7.404961980585384,1.1865526715895842,1.1698117278495772,Bad
1.7175276184711197,4.656016322581324,1.0676253493975905,1.11986681997189,Good
2.459241561160366,6.8330616408821765,1.191216469490867,1.0499449078776877,Bad
1.459540160144425,3.579325431465141,1.342790516906335,1.2397336399437795,Bad
3.3802414371328964,3.098198416120652,1.1599022899339293,2.8379575066795786,Moderate
1.81427291534363,3.5990134934741222,1.1690633595025262,1.094894965367146,Good
2.62854583068726,2.660422998853633,1.1737271574038088,1.884017797292688,Good
1.2944421826349544,4.336558585656741,1.0024333089778468,1.6642623602336228,Good
1.671842360891389,5.515759915021612,1.1982121943256898,1.4794672798875594,Bad
3.1310839220517552,2.313326251801058,1.1061018359891177,1.7042175673348532,Moderate
1.4971633096514465,4.83349284309498,1.0233190734551108,1.2447284903320084,Moderate
1.8814571707818284,5.290956322370981,1.1935483964244074,1.0,Moderate
1.3028548311666652,3.512310297319184,1.0,1.294672199541496,Good
2.130230800524979,2.489761576727701,1.0545666537116207,1.4794672798875594,Good
2.2684383582718706,4.518010580229904,1.167897396035756,1.824084387306743,Moderate
3.0128396273207776,4.5850257143758615,1.138748533229693,1.5593788927582195,Bad
2.01582561716136,5.594701471346087,1.2436844057520404,1.469478777779302,Bad
1.20155270181773,3.950085714586204,1.0163233486202876,1.1448386745766337,Good
1.4622275510009497,2.869419349410515,1.0921103863194714,2.213651552215385,Good
1.5916886244450557,3.768633720013041,1.0729988775748154,1.3596004599156697,Good
2.5237384257420405,6.194146167033013,1.3381266910221532,1.7341842723278256,Bad
2.884430110756811,5.1844704100627865,1.1459977271667314,2.173696345114155,Bad
2.9375933283067344,2.52232260235794,1.5619898857364944,1.2597118428284946,Moderate
2.144118265406705,3.4965030552254346,1.0754321585697628,3.057714142406843,Good
2.620483722614551,3.8474806221932414,1.7345511076564322,1.469478777779302,Bad
2.187817277544778,4.458851740058686,1.0734551107656432,1.1698117278495772,Moderate
1.9835771848705237,3.413680678985728,1.032849489312087,1.3695889620239272,Good
2.222753036195275,5.9456790383138935,1.0186552755538285,1.744172774436083,Moderate
2.93490593745021,2.6406402827003777,1.165464087057909,4.2014425838598255,Moderate
2.091071980672268,4.695487100743561,1.1107656338904004,1.5543840423699908,Bad
2.2173783189790903,5.902327440236425,1.2331908184998055,2.083796230135237,Bad
2.7817258840687358,4.663872616556061,1.216867469879518,1.669256011953652,Bad
1.975865617256816,5.79584152792823,1.0439731395258454,2.038846172645779,Bad
2.284562574417289,3.1415500141981214,1.212203643995336,1.8440625901914576,Moderate
2.5264258165985654,4.261592503391773,1.137582597745822,1.8940062994009452,Moderate
2.48074049452197,4.518010580229904,1.234356781966576,1.609322601967707,Moderate
2.4726783864492603,2.751101669068077,1.535172949863972,1.3446171074191833,Moderate
1.6637802528186798,3.4925275811659287,1.138748533229693,1.0,Good
5.520388974570586,1.3707602831210628,1.1034150579090556,4.3462824571046585,Bad
2.4001194137948776,4.648160028606586,1.0443062479595802,1.354605609527441,Moderate
2.69093951701179,2.63278398872564,1.081515389040031,1.5643725444782484,Good
1.5025380913644957,3.950085714586204,1.0116595507190052,1.0,Moderate
1.7148402276145949,5.109598981942092,1.1165954232413524,1.419533869901615,Moderate
1.88613080708001,2.411955870134514,1.0036499494753206,1.0,Good
2.421618411653345,4.013125374672654,1.030314798289934,1.4045505174051285,Moderate
1.3009853895467651,4.853180905103962,1.2670035071900505,1.469478777779302,Moderate
1.1263063383068228,3.342690070780266,1.4325689762922658,1.5743622452547057,Good
1.5374738500149925,2.1082107211594083,1.1037699090555773,1.0998886170871751,Moderate
2.8498873315022104,2.301494483766814,1.4617178390983288,1.609322601967707,Moderate
1.5580380948150778,3.81198531809051,1.0012166404974738,1.1897887320660925,Good
1.2966855770756989,6.087660254724819,1.0015546179556938,1.0,Bad
1.5335649530401554,3.8435998022780096,1.006359757481539,1.669256011953652,Good
2.220065709835615,4.719150636812048,1.0314807617567043,1.3246389045344684,Moderate
1.1254105413546478,3.117886478129634,1.0,1.2397336399437795,Good
2.499552101523913,2.755077143127583,1.0116595507190052,1.943951207278633,Good
3.764151348428424,1.5442613295752132,1.0903084554994171,4.006659001405504,Moderate
2.001103498355083,5.985149816476131,1.1094982883793238,1.859045942687944,Bad
1.5892668316768783,4.947835049377912,1.0623255561601244,1.5394006898735046,Good
2.491489993451204,4.214265431254798,1.1002720466381657,1.8740292951844304,Moderate
2.724590046641768,5.377754172670193,1.0304162083171395,1.5743622452547057,Bad
3.4455061368874147,4.435188203990197,1.172561221919938,2.198668199718899,Bad
1.0925390048550874,6.320320141350189,1.0742155180722892,1.2397336399437795,Moderate
2.1475067371812324,3.784440962106791,2.178779634667703,1.2846836974332383,Bad
1.3729601496017674,3.220396916378322,1.0206830003886511,1.4445057245063584,Good
1.6906539033964674,4.498227864076648,1.1119315973571706,1.6293008048524218,Moderate
1.66459813755844,5.894376492117413,1.1877186070734551,1.7142060694431107,Bad
3.5378114051052583,4.285256039460261,1.0705655685969686,2.0788013797470093,Bad
2.1582561716136013,3.670004101679585,1.0781189366498252,1.314650402426211,Good
1.2418632421812763,4.691511626684054,1.0174893120870578,1.2597118428284946,Good
2.4527151234333475,5.077984497754594,1.1480761849980567,1.0799116128706598,Bad
2.9268438293775008,2.758957963042815,1.0778654675476098,1.8490562419114869,Good
1.3896685783465663,3.0823911740269025,1.0116595507190052,1.4045505174051285,Good
1.6100328226693752,5.993006110450869,1.0093276237854645,1.2447284903320084,Bad
2.607046897325657,1.3312895049588254,1.1364166342790516,2.0338513222575503,Good
2.110467735776727,3.729162941850804,1.1180148278274389,2.303551667194302,Good
1.3305464309810775,6.008813352544618,1.0,1.0,Moderate
3.248977611826868,2.0411955870134517,1.2019635258453167,2.603218717124027,Moderate
1.9701403595816296,4.320751343562993,1.037310523124757,1.0,Moderate
1.948641361723162,4.49037157010191,1.0338126607073457,1.3995556670168998,Moderate
1.3977306864192758,5.070128203779855,1.1177613587252235,1.1348501724683762,Moderate
2.6124216145418417,5.125311569891568,1.0304162083171395,1.5493891919817622,Bad
1.5374738500149925,5.196302178097031,1.0559657986785853,1.6193123027441645,Moderate
2.4968647106673885,4.376029363818979,1.0932763218033423,1.5993340998594494,Moderate
2.8395627379168404,4.454876265999179,1.024332949863972,1.5643725444782484,Moderate
1.732039413001996,6.232291787175415,1.257176164788185,1.1798002299578347,Bad
1.9590403201933944,5.168757822113311,1.3739532809949475,1.3695889620239272,Bad
1.491788592435262,2.557817906460671,1.0198212110376992,1.449500574894587,Good
2.842366932595122,4.178770127152067,1.0121664889234356,1.8091010348102567,Moderate
1.6730107860901504,5.334402574592724,1.0109498204430625,1.4245287202898431,Bad
3.052682823403565,3.157357256291871,1.035282798289934,1.639289306960679,Good
3.5770703885886648,3.33871459672076,1.0340661298095608,1.908989651897432,Moderate
1.7148402276145949,6.328271089469201,1.0408083855421686,1.4345172223981009,Bad
2.547924749960168,3.0942229420611462,1.589972785075787,2.4384018396626788,Bad
2.1169684392547783,3.701618585867085,1.2196657598134473,1.2846836974332383,Moderate
1.4879327763799757,3.82779256018426,1.0012166404974738,1.4994454827722743,Good
2.7907364830319823,3.582732980659004,1.0148144827050136,1.5822099259582652,Moderate
1.733651834616538,6.458420537845882,1.0060832304702685,1.3246389045344684,Bad
2.212003601762906,3.0823911740269025,1.4768752522347457,1.389567164908642,Moderate
2.152881454397417,5.373778698610687,1.1247570835600469,1.669256011953652,Bad
1.6503433630329214,5.827361357971456,1.0757870097162845,1.0,Bad
1.4010022253783163,4.423356435955954,1.0559657986785853,1.5593788927582195,Good
1.954016143436211,1.7769212162005823,1.2984842689467548,2.598223866735798,Moderate
2.354434156215147,8.454013861573571,1.4605518756315583,1.604328950247678,Bad
3.313092074498437,2.498659066289452,1.212203643995336,1.958934559775119,Moderate
1.4637631568497746,5.12606880304576,1.0013325176836378,1.11986681997189,Moderate
2.081090316915879,2.8024042152645583,1.2658375437232805,1.8940062994009452,Bad
1.2687369572559284,4.036788910741142,1.0093276237854645,1.0249718546047435,Good
1.6154076043824244,5.097767213907848,1.0,1.1798002299578347,Moderate
1.3977306864192758,4.979449533565411,1.125923047026817,1.3945620152968707,Bad
1.2103158908084422,4.83349284309498,1.0024333089778468,1.0,Good
2.163630953326651,2.2028648654333582,1.0851146614846483,1.154828375353091,Good
2.4722110421685017,3.40582438501099,1.0304162083171395,1.3046619003179534,Good
2.41051837226511,5.843168600065206,1.2202132452390206,1.7691458277090266,Bad
3.9584431222252783,2.766908911161827,1.0608323886513795,2.0688128776387518,Moderate
3.930401046448729,1.1261739743171757,1.1070650073843762,2.2336297551001,Good
2.0185130080178846,3.902758642449229,1.1049358725223477,1.0,Good
2.2388772523406937,4.502203338136154,1.0617955600466382,1.2247502874472935,Moderate
3.4200345191519035,4.498227864076648,1.0304162083171395,1.8140958851984847,Bad
3.148026022936934,3.125742772104372,1.1143649063350174,1.7741394794290557,Moderate
1.6422812549602122,2.620952220691396,1.5001943256898562,1.4445057245063584,Bad
1.3056590258449472,5.705068203569513,1.0048665899727944,1.449500574894587,Good
1.9058878091229916,5.030657425617618,1.0687912848814614,1.8690344447962015,Moderate
1.833084522345573,6.213834229041995,1.1595025262339682,1.6992227169466243,Bad
2.104859346420163,4.494347044161417,1.3467446125145743,1.5394006898735046,Bad
1.877718223045164,5.034632899677124,1.0340661298095608,1.529412187765247,Bad
1.6046581054531908,5.559206167243356,1.1574038087835212,1.294672199541496,Bad
2.281524643101763,4.7111996886930365,1.152080985619899,1.2896785478214672,Moderate
2.090838244035024,4.596857482410105,1.0705655685969686,1.9139845022856603,Moderate
3.1760680987134835,4.778309476983267,1.083948698017878,2.1637066443376973,Bad
2.7133732034317752,1.8601222090173848,1.0669156191216478,1.859045942687944,Good
1.6288444296713185,3.5596373694561594,1.0268169358725223,1.2697003449367523,Good
2.768289058779841,5.342258868567462,1.3171395165176836,1.709212417723082,Bad
1.722902335687304,5.799722347843463,1.060629624562767,1.409545367793357,Bad
3.787386214900242,1.8400555304313075,1.0340661298095608,3.771920211849953,Moderate
2.497448923266769,3.3939926169767465,1.041366028760202,1.3645953103038984,Good
1.3117348239791344,2.561793380520177,1.005829761368053,1.3945620152968707,Good
1.7578381588346657,5.038608373736629,1.0174893120870578,1.5194224869887896,Moderate
1.4115513970461595,3.2913875245837847,1.005829761368053,1.349611957807412,Good
1.992690849823372,5.827361357971456,1.0851653385153517,1.779134329817284,Bad
2.048074049452197,1.9505169167990075,1.1246510843373494,1.0249718546047435,Good
2.2684383582718706,4.5731939463416165,1.2087057815779243,1.1947835824543211,Moderate
1.8440676934151865,4.537698642238886,1.024332949863972,1.4245287202898431,Moderate
3.3101604340157413,4.951810523437418,1.0766487990672369,2.19367334933067,Bad
3.4428187460308903,2.91674642154749,1.0699572483482316,2.1836848472224126,Moderate
3.2573902603585783,3.768633720013041,1.0523158492032647,1.6592675098453944,Moderate
2.152344002024858,6.044497964935898,1.0634279144966965,1.4914539618847484,Moderate
2.1665520163235548,4.8611318532229735,1.011801479984454,2.11376293512821,Bad
3.728497804171997,2.360653323938033,1.0644823381267003,2.55327380924634,Bad
2.3168110067081256,5.259436492327756,1.2436844057520404,1.5344058394852758,Bad
1.7363392254730623,5.247604724293511,1.6879129327633111,1.6592675098453944,Bad
1.521349633869574,3.879095106380741,1.1888845705402251,1.5993340998594494,Moderate
1.81427291534363,2.510490834323696,1.1200932856587642,1.3596004599156697,Good
3.754553570010025,1.761208628251107,1.209871745044695,3.14761425738576,Moderate
3.880859972813712,2.443475700177739,1.2495141951029929,2.4084351346697064,Moderate
1.8693055745134532,1.1183176803424375,1.020351207151185,1.6892342148383668,Good
3.893946257643605,1.9268533807305197,1.12531472677808,3.097669349508073,Moderate
2.370558372360565,4.470683508092929,1.2973183054799844,1.799112532701999,Moderate
1.5912212801642969,6.0166696465193565,1.1993781577924605,1.484462130275788,Bad
3.1199838826635204,5.034632899677124,1.1739806265060242,2.0887898818552664,Bad
3.18751867856072,2.0924981332099324,1.0699572483482316,3.192564314875219,Moderate
2.800303754433434,3.421536972960466,1.0450159782355228,2.982797379924412,Moderate
2.3732457632170902,3.074534880052165,1.0501360373105324,1.639289306960679,Good
2.953717544452153,2.530273550476952,1.0629615235134084,1.409545367793357,Good
2.4296805197260545,5.32257080655848,1.1527399828993392,1.7391791227160542,Bad
1.8328507857083287,1.473270721369751,1.0462326187329964,1.6193123027441645,Bad
1.9795461308341689,1.8085357003880815,1.0069957248348231,1.1648168774613483,Good
4.6174328704271534,1.2839624328218504,1.083948698017878,2.35349657507199,Moderate
2.528295258218465,5.148975105960056,1.2019635258453167,1.2647054945485237,Moderate
1.3950432955627512,5.642028543483062,1.0594636610959969,1.254716992440266,Moderate
2.023887725234069,3.4846712871911905,1.0389327197823552,2.11376293512821,Good
1.3896685783465663,3.0823911740269025,1.0116595507190052,1.4045505174051285,Good
2.518901160898415,4.052596152834892,1.0326467252234746,1.799112532701999,Moderate
1.346670647126496,4.419380961896448,1.0116595507190052,1.0,Good
1.5019538787651148,4.955785997496924,1.0508780038865138,1.5194224869887896,Good
1.2047074369550137,4.230072673348548,1.0121664889234356,1.2397336399437795,Good
1.0,4.999137595574393,1.0024333089778468,1.11986681997189,Good
1.9567034697958712,3.070559405992659,1.0104935872522347,1.4045505174051285,Good
1.6992535283386,5.791866053868725,1.0559657986785853,1.4445057245063584,Moderate
3.3274955787936804,5.13326251801058,1.1192314963078118,2.7780240966936334,Bad
1.053280021371681,2.93255366364124,1.0012166404974738,1.11986681997189,Good
1.4622275510009497,3.681835869713829,1.234356781966576,1.1348501724683762,Moderate
1.6309476079284622,3.863287864286991,1.0024333089778468,2.2685901118131016,Good
2.163630953326651,1.6586035358581448,1.409249902837155,1.0,Moderate
2.061266560618056,2.9995687977871963,1.0671589584143024,1.3945620152968707,Good
2.558674248889402,1.6783862520114003,1.2553439564710454,1.2497221420520372,Good
1.1908032028884965,5.397442234679175,1.0,1.254716992440266,Good
2.522686868861901,4.234048147408054,1.0,1.6293008048524218,Moderate
1.7605255496911902,2.155537793296383,1.1200932856587642,1.604328950247678,Good
2.4028068046514024,5.492096378953125,1.0314807617567043,1.4395120727863295,Moderate
1.4346527550082944,6.0718530126310695,1.0304162083171395,1.2447284903320084,Bad
1.4823243870234115,5.2554610182682495,1.0559657986785853,1.1348501724683762,Bad
2.0319498333067787,2.9640734936844653,1.01199265915274,1.4894557819958172,Good
1.7927739819820272,6.158650862930282,1.1865526715895842,2.053829525142265,Moderate
3.2742155574219995,4.853180905103962,1.2043968348231635,1.6293008048524218,Moderate
1.799200256078351,3.867263338346497,1.0,1.604328950247678,Good
2.983278585886465,3.5004785292849405,1.0979401476875243,1.958934559775119,Moderate
3.2826281414568457,3.366353606848753,1.2445461951029926,1.2996670499297247,Moderate
3.4200345191519035,4.498227864076648,1.0304162083171395,1.8140958851984847,Bad
3.023973011588001,3.3860416688577346,1.006529333851535,2.363485077180248,Moderate
2.3684551941034213,4.821661075060737,1.0,1.6342956552406505,Bad
2.191789897421822,5.074103677839361,1.01703307889623,1.3695889620239272,Moderate
2.8059122082868626,7.621814625117003,1.0048665899727944,1.7042175673348532,Bad
1.7178781589301209,3.165213550266609,1.073773108433735,1.3995556670168998,Good
1.6315318205278428,5.843168600065206,1.0209871745044694,1.1897887320660925,Bad
1.7879834128683587,4.648160028606586,1.3812670034978625,1.11986681997189,Good
1.243329062422624,3.244060452446809,1.0305267967353284,1.6342956552406505,Good
1.5159749166533891,4.982194503749355,1.0396424500582977,1.2397336399437795,Good
1.3953938360217526,3.567493663430897,1.0,1.0,Good
4.878224523432131,3.713450353901328,1.0620490291488536,3.017757736637413,Bad
1.967452968725105,5.302788090405224,1.0072998989506412,1.6293008048524218,Moderate
2.007763509088651,5.436913012841412,1.0877963466770306,1.3446171074191833,Moderate
1.4234359117983018,5.582869703311843,1.008516539448115,1.0998886170871751,Bad
2.6554195457619123,5.409274002713419,1.2658375437232805,1.154828375353091,Moderate
3.4761187352018665,2.02150752500447,1.132614597745822,6.873474178622605,Bad
1.3140716743766578,6.525435671991839,1.0437993097551497,1.2996670499297247,Moderate
2.760226950707132,4.896627157325705,1.1888845705402251,1.4944506323840456,Bad
5.318485732293854,1.4456317112417572,1.058399107656432,4.6809098637473845,Bad
1.4461033348555312,5.44476930681615,1.005829761368053,1.4794672798875594,Bad
1.6730107860901504,5.231797482199762,1.1107149568596968,1.5244173373770182,Bad
1.357664460178765,4.683655332709317,1.106843802565099,1.3795786628003843,Good
2.8704090728685365,2.8812511174447586,1.0466381748931208,2.083796230135237,Moderate
2.460994198958509,4.632352786512836,1.2834789428682472,1.2397336399437795,Bad
1.6503433630329214,4.0999232249718665,1.1873637559269334,1.7541624752125404,Good
2.1152583048903955,3.6581723336453416,1.0206830003886511,2.5682571617428263,Good
1.6073454963097151,4.103898699031372,1.0233190734551108,1.5843507473629632,Moderate
1.0618094737251491,4.9321224614284365,1.0256510003886514,1.5144288352687607,Good
1.9378919272907928,5.192421358181798,1.0652934224640498,1.4594890770028446,Bad
1.8975813869272469,5.1844704100627865,1.1107656338904004,1.3596004599156697,Bad
1.8841444971414885,3.894807694330217,1.4395647011270891,1.3845723145204134,Moderate
1.6100328226693752,3.5004785292849405,1.1107656338904004,1.1897887320660925,Good
2.5086657664767618,4.151225771168347,1.326061612125923,1.1298553220801475,Moderate
2.166806907932381,4.991281301599655,1.0559657986785853,1.709212417723082,Moderate
1.0757137077916663,4.87684444117245,1.0133831294209097,1.2397336399437795,Good
2.6957300861254585,4.971498585446399,1.1165954232413524,1.484462130275788,Bad
2.5747984650348203,2.8852265915042645,1.0174893120870578,1.3995556670168998,Good
1.5347865236553324,2.557817906460671,1.1165954232413524,1.2497221420520372,Good
3.6107209182186426,2.7274381329995894,1.1216647773027597,2.4134299850579346,Moderate
2.281524643101763,3.342690070780266,1.0534219012825496,1.859045942687944,Good
2.915276445708507,2.6130959267166585,1.01703307889623,1.7891228319255417,Good
2.421618411653345,3.390017142917241,1.029148862806063,1.5244173373770182,Good
2.2496267512699277,5.440888486900918,1.4955304998056742,1.5643725444782484,Bad
4.528515944990109,2.644615756759884,1.1072677714729888,2.2036630501071275,Bad
1.3224843229083685,4.170913833177329,1.026710936649825,1.419533869901615,Good
2.8435353577938844,3.204684328428846,1.2856587547609797,1.978912762659834,Good
2.466602588315073,4.312895049588255,1.0632656976292263,1.779134329817284,Bad
2.142131955468183,2.703774596931102,1.1422463956471045,1.4644839273910732,Moderate
1.4165422289243543,3.6345087975768537,1.0,1.1997784328425498,Good
2.128695130179289,4.178770127152067,1.1061018359891177,1.059933409985945,Moderate
2.1525309139384152,6.308488373315945,1.0304162083171395,1.374583812412156,Bad
2.090304145499423,2.9877370297529526,1.002931544500583,1.525130544955851,Good
1.2821737825448225,3.930302998432948,1.122425184609405,1.0,Good
1.7178781589301209,5.421105770747662,1.0676253493975905,1.0199782028847149,Moderate
2.67960586998004,5.085935445873605,1.130586872910999,1.804106184422028,Bad
1.6786191754467146,4.24976073535753,1.0127194869801788,1.4045505174051285,Moderate
1.7067781195418856,3.81198531809051,1.0559657986785853,1.3596004599156697,Good
4.104262148452047,2.573625148554421,1.026766258841819,2.083796230135237,Moderate
1.9378919272907928,4.005269080697916,1.0326467252234746,1.3346286053109258,Good
2.480623690700212,2.2778309476983267,1.087598647493199,1.2796888470450098,Good
1.445869598218287,3.3032192926180284,1.0012166404974738,1.354605609527441,Good
2.413556303580636,6.04430865664735,1.125923047026817,1.5094339848805318,Moderate
4.0257441814852335,2.6959183029563643,1.008516539448115,1.9489460576668611,Moderate
1.6530307538894458,3.417656153045234,1.005829761368053,1.0,Good
1.4864138752190772,6.304607553400713,1.0699572483482316,1.374583812412156,Bad
3.359998902693345,3.630627977661622,1.1362645472211426,2.543285307138082,Moderate
2.1797551694720694,3.319026534711778,1.030314798289934,1.7591561269325693,Good
1.9325171455777437,4.407549193862204,1.2191993688301594,1.0,Moderate
2.248893808900821,5.314619858439468,1.015517776914108,3.342397839840081,Moderate
1.7122697050766924,5.716899971603756,1.012409800233191,1.2197554370590649,Bad
1.4326664450697726,3.910614936423966,1.0093276237854645,1.2397336399437795,Good
1.1908032028884965,6.142843620836532,1.0489700738437622,1.744172774436083,Bad
1.9163929294323248,5.263411966387261,1.122425184609405,1.059933409985945,Bad
1.815005857712736,6.900076775028133,1.0038158600855034,1.154828375353091,Bad
2.1851298866882534,5.089816265788837,1.1434123591138747,1.449500574894587,Moderate
1.1177768859533548,4.15510659108358,1.0121664889234356,1.1248616703601186,Good
1.7038570565449818,3.374209900823491,1.1119315973571706,1.5194224869887896,Good
1.4729769854333186,5.874688430108432,1.1923824329576371,1.3945620152968707,Bad
2.7226037367032463,1.5639493915841949,1.318305479984454,1.2996670499297247,Good
1.9943266837997573,5.081959971814099,1.0757870097162845,1.6293008048524218,Moderate
2.4694068474902195,5.44476930681615,1.0340661298095608,1.7448871806831154,Bad
2.6677046505399717,5.713019151688525,1.276179043917606,1.7591561269325693,Bad
1.7309644437600131,6.020645120578863,1.1702292949863973,1.4395120727863295,Bad
4.673517086477117,1.2761061388471124,1.090031928488146,3.8018869168429257,Moderate
3.9360094358052926,1.4654144273950127,1.032849489312087,2.897890916665524,Moderate
1.3505264631817822,3.157357256291871,1.0279828993392923,1.3196452528144396,Good
2.9601438185484774,4.301063281554011,1.0644823381267003,1.4994454827722743,Bad
1.86533295463641,4.545554936213623,1.0314807617567043,1.3246389045344684,Moderate
1.6225349593967515,4.135418529074598,1.081515389040031,1.799112532701999,Good
1.518779111331671,5.563086987158588,1.1399144966964632,1.3645953103038984,Bad
1.7965362775836695,5.659066289452373,1.1933363979790128,1.1248616703601186,Bad
2.4726783864492603,5.409274002713419,1.114263496307812,1.8690344447962015,Bad
2.9495643333542807,4.632352786512836,1.0152634123591138,2.2186464026036137,Bad
1.5944928191233376,3.930302998432948,1.001338310143801,1.4245287202898431,Good
3.090773381688209,2.829948571248278,1.0116595507190052,1.6293008048524218,Moderate
1.5231412277739236,3.73313841591031,1.020351207151185,1.234738789555551,Good
2.6930426952689337,2.250191937570333,1.0617955600466382,1.918979352673889,Good
1.927142428361559,2.0608836490224327,1.2600077823552274,1.3645953103038984,Good
1.468303349135137,4.214265431254798,1.0635974908666923,1.2796888470450098,Moderate
1.6533812943484474,3.212540622403584,1.0778654675476098,1.15982202707312,Good
1.7040907931822258,6.257280481263738,1.1597357077341623,1.484462130275788,Bad
2.55072894463845,2.569649674494915,1.3954105402254178,1.5993340998594494,Bad
1.988951902086708,4.636328260572341,1.4792071511853866,1.3795786628003843,Bad
4.143521067438589,5.598203674684223,1.0754321585697628,2.07380652935878,Bad
2.4941773843077284,5.922015502245406,1.4465604259619125,1.3196452528144396,Bad
1.5697222823058292,3.705499405782316,1.053633899727944,2.0238628201492928,Good
1.4998507005079709,3.074534880052165,1.0687912848814614,1.5394006898735046,Good
1.4837264843625526,6.276968543272719,1.0769529731830547,1.414539019513386,Bad
1.2687369572559284,4.447019972024441,1.3218033424018656,1.1398450228566048,Bad
1.8496760827717504,5.60653323938033,1.0194663598911775,1.1448386745766337,Bad
2.231303772514055,5.4053931827981865,1.068685285658764,2.0688128776387518,Bad
1.365482254128439,3.567493663430897,1.0093276237854645,1.609322601967707,Good
2.2872499007769487,1.9938685148764763,1.0081616883015934,2.423418487166193,Good
3.4480766594253174,3.4097052049262224,1.0279828993392923,1.729189421939597,Moderate
2.8563880349802617,5.310739038524236,1.41974349008939,1.6642623602336228,Bad
2.128695130179289,2.940409957615977,1.2949864065293433,1.1448386745766337,Moderate
1.330896971440079,3.5871817254398786,1.006359757481539,1.214761785339036,Good
1.94501928230512,6.249329533144726,1.0048665899727944,1.154828375353091,Bad
1.6449686458167367,5.22791666228453,1.0734551107656432,1.4794672798875594,Bad
2.33024783199702,5.776058811774976,1.0687912848814614,1.6542726594571655,Bad
1.3953938360217526,3.875119632321235,1.0462326187329964,1.5993340998594494,Good
2.109883523177346,4.596857482410105,1.0713563933151962,1.9639294101633475,Bad
1.8008360900547362,2.411955870134514,1.015816410415857,1.764150977320798,Good
2.9698417605975718,2.25416741162984,1.053633899727944,1.6492790077371366,Moderate
1.6557181447459706,4.143274823049335,1.7170617955693743,1.389567164908642,Bad
1.872243342198284,1.4890779634635003,1.0018655359502526,2.1687014947259264,Good
3.1171796879852387,2.0885226591504265,1.059615748153906,2.423418487166193,Moderate
2.369790537187721,4.26556797745128,1.7520404197434902,1.294672199541496,Bad
1.7712749841235595,3.3584973128740154,1.1691140365332298,1.5493891919817622,Good
2.142515905303038,1.7848721643195944,1.0279828993392923,1.4445057245063584,Good
1.3950432955627512,4.032908090825909,1.0944422852701128,1.3596004599156697,Good
2.5815752795901457,6.474133125795357,1.0377160792848814,1.5394006898735046,Bad
2.0319498333067787,3.1612380762071037,1.179556946754761,1.11986681997189,Good
3.8687083765453374,3.6976431118075785,1.2798289933929266,1.8490562419114869,Moderate
1.7907876720435052,5.129287043951074,1.0279828993392923,1.9639294101633475,Bad
3.25178180650515,2.71163089090584,1.0644823381267003,1.884017797292688,Moderate
2.878821721400247,4.829517369035474,1.0754321585697628,1.7458377245654928,Moderate
2.8085995991433874,3.468864045097441,1.0431403124757093,1.7541624752125404,Moderate
3.4391541631790887,1.812416520303314,1.0517683637776911,1.864039594407973,Good
2.3006867905627075,4.892651683266199,1.247182268169452,1.0299667049929724,Bad
2.741415343705189,1.812416520303314,1.0255495903614458,1.824084387306743,Good
1.1504926625249503,6.067972192715837,1.0,1.11986681997189,Moderate
3.25178180650515,2.017532050944964,1.0145997699183833,2.763040744197147,Moderate
2.245069918793503,1.8715753604745329,1.0572377613680528,1.5543840423699908,Good
1.4991496195899685,4.127562235099861,1.0802987485425573,1.059933409985945,Moderate
1.81427291534363,4.285256039460261,1.212203643995336,1.4744724294993308,Moderate
2.631233221543785,4.0959477509123605,1.172561221919938,1.2597118428284946,Moderate
2.295312008849658,5.488215559037893,1.1061018359891177,2.493340399260395,Bad
2.4834278853784943,2.2620237056045767,1.0742155180722892,1.2597118428284946,Good
1.8749139638700172,3.4965030552254346,1.0368865542168677,1.469478777779302,Good
2.209316210906381,2.4749955302209647,1.1189273221919938,1.4744724294993308,Good
1.440261208861723,4.616545544419086,1.087598647493199,1.0199782028847149,Good
2.357238350893429,3.910614936423966,1.0279828993392923,1.6792457127301093,Moderate
2.511470025651908,5.239748430318774,1.2299464251846093,1.7142060694431107,Bad
1.830046591030047,4.190601895186311,1.090031928488146,1.314650402426211,Moderate
2.6236384577518344,4.64418455454708,1.035282798289934,2.0488346747540365,Bad
1.7851792181900763,4.904483451300443,1.00462325068014,1.639289306960679,Moderate
1.8411466304182824,6.280944017332225,1.2495141951029929,1.389567164908642,Bad
1.6799044689640985,2.3291334938948074,1.0,1.2497221420520372,Good
1.2579874583266948,4.245879915442298,1.0384764865915277,1.724195770219568,Moderate
1.81427291534363,4.951810523437418,1.026583754372328,1.6980480221108998,Moderate
2.4497773557485165,4.43906902390543,1.0109498204430625,1.8540510922997155,Moderate
1.7363392254730623,5.432937538781906,1.1900505340069958,1.0149833524964862,Bad
3.829449393061931,1.6704353038923887,1.0693489280994948,3.677025246482808,Moderate
1.7873992002689778,5.835217651946195,1.3171395165176836,1.0749167624824312,Bad
1.7065338054188504,3.350546364755004,1.0050877947920716,1.5394006898735046,Good
2.4001194137948776,2.072715417056677,1.0466381748931208,1.6193123027441645,Good
1.6530307538894458,5.267292786302494,1.108433734939759,1.2197554370590649,Bad
1.6799044689640985,4.518010580229904,1.0781189366498252,1.6992227169466243,Good
3.034338625179245,3.886951400355479,1.0620490291488536,2.0288564718693216,Moderate
1.5944928191233376,5.239748430318774,1.0734551107656432,1.0,Moderate
2.365183655144381,5.551255219124344,1.0489700738437622,1.5094339848805318,Bad
1.5912212801642969,4.159082065143085,1.167897396035756,1.5793558969747346,Good
4.87595442728945,1.7532576801320952,1.0544111807228915,4.476137779184807,Bad
1.518779111331671,5.314619858439468,1.0109498204430625,1.1698117278495772,Moderate
1.795461308341687,4.9123397452751805,1.0233190734551108,1.3596004599156697,Moderate
2.93490593745021,6.474133125795357,1.0076316921881072,1.5344058394852758,Bad
1.3449180093283537,5.017500499563539,1.0535172949863971,1.354605609527441,Bad
3.182143896847671,1.453582659360769,1.079284872133696,2.8928972649454945,Moderate
1.967452968725105,6.4149742856241385,1.0364994387874078,1.2796888470450098,Bad
2.371259453278568,5.046464667711368,1.0912485969685193,1.8140958851984847,Bad
3.0330533316618618,1.153812984445169,1.0457902090944422,1.908989651897432,Good
1.4246043369970636,4.774334002923761,1.0944422852701128,1.234738789555551,Moderate
2.182442495831729,6.253305007204232,1.1729851908278277,1.174805379569606,Bad
2.901255407820232,2.435619406203001,1.0389327197823552,1.724195770219568,Good
2.7526321869151813,2.0253883449197017,1.0534219012825496,1.6642623602336228,Good
1.5243875651851,4.26556797745128,1.0060832304702685,1.1448386745766337,Good
1.6617939428801578,3.894807694330217,1.0597816587640887,1.6193123027441645,Good
2.867477367888976,4.328702291682004,1.0279828993392923,1.4794672798875594,Moderate
1.0813221616450948,4.147250297108842,1.0279828993392923,1.11986681997189,Good
1.3729601496017674,3.319026534711778,1.0109498204430625,1.2597118428284946,Good
3.0582912127601287,6.288800311306964,1.018249719393704,1.449500574894587,Bad
2.1721604056801187,4.072284214843873,1.1180148278274389,1.8890126476809168,Good
1.8518960648506515,5.235772956259268,1.1900505340069958,1.0,Moderate
1.929829819218084,4.352365827750491,1.1618141655654877,1.2297451378355222,Moderate
1.0268737150746523,2.873394823470021,1.0,1.1448386745766337,Good
1.8223350234163396,5.500047327072137,1.1313979572483484,1.4594890770028446,Bad
4.017331597450388,3.882975926295973,1.0790821080450836,2.083796230135237,Moderate
2.020223142382268,5.610414059295563,1.0218996688690245,1.5394006898735046,Bad
2.591899873175516,2.778740679196071,1.1119315973571706,1.3446171074191833,Good
2.6581068721215724,2.703774596931102,1.2600077823552274,1.4245287202898431,Good
2.760226950707132,1.9347096747052572,1.3346288286047416,1.804106184422028,Bad
2.2281278179083244,5.697211909594775,1.3066459292654489,1.7391791227160542,Bad
1.489101201578737,4.939978755403175,1.2984842689467548,1.3645953103038984,Moderate
1.5356044083950926,4.525866874204642,1.0790821080450836,1.0,Moderate
3.1340049850486595,2.2423356435955952,1.1289646762534007,7.228079788150046,Bad
2.668505830591805,2.786596973170808,1.0109498204430625,1.4894557819958172,Good
4.480026492732096,1.2879379068813563,1.2481961445783132,2.942840974154982,Moderate
1.599283388237006,4.226097199289042,1.174893120870579,1.1997784328425498,Moderate
1.8518960648506515,5.216084894250287,1.0629615235134084,1.5993340998594494,Bad
1.4353538359262972,5.1844704100627865,1.0,1.0899001149789174,Moderate
1.7390265518327226,5.208133946131275,1.072289147298873,1.5044391344923034,Moderate
2.5936100075398985,4.825636549120242,1.174893120870579,1.5743622452547057,Moderate
1.2383579665849915,3.283531230609047,1.026766258841819,1.254716992440266,Good
1.550910739800751,6.186289873058275,1.0594636610959969,1.0649282603741737,Bad
1.2982979986902408,5.085935445873605,1.072289147298873,1.943951207278633,Bad
3.515377718685273,2.538129844451689,1.0048665899727944,1.9139845022856603,Moderate
1.764287845292833,3.0665839319331534,1.0991061111542946,1.7741394794290557,Good
2.445804735871473,5.058296435745612,1.054799835211815,2.1886796976106413,Bad
1.992690849823372,5.791866053868725,1.008516539448115,1.2297451378355222,Moderate
1.7793370921962686,2.2108158135523697,1.0233190734551108,1.03995520710123,Good
3.276201867360521,3.125742772104372,1.137582597745822,1.7142060694431107,Moderate
3.434756637958181,5.070128203779855,1.4547221142635056,2.093784732243495,Bad
2.005076118232126,4.971498585446399,1.1737271574038088,1.034961555381201,Bad
2.5837563700597044,3.019256859796178,1.0139914496696465,2.134739628623291,Good
2.0260864878445237,3.2520114005658214,1.0279828993392923,1.419533869901615,Good
1.4122190685883091,7.259005290114953,1.1037699090555773,1.0,Bad
1.7823750235117948,5.464552022969405,1.2063738826272834,1.059933409985945,Bad
1.2579874583266948,6.399261697674663,1.0209871745044694,1.0,Moderate
2.0235371847750683,5.716899971603756,1.0425826692576758,1.2497221420520372,Bad
4.679125475833681,2.3488215559037893,1.0778654675476098,2.3285235217990463,Moderate
2.4637983936367918,1.1696202265389186,1.1107149568596968,2.213651552215385,Good
1.2767990653286376,4.518010580229904,1.0571317621453555,1.1798002299578347,Good
2.160943562470126,7.061840707592314,1.0888152879906725,1.409545367793357,Bad
2.1169684392547783,4.419380961896448,1.0198212110376992,1.5044391344923034,Good
3.69484727454202,1.3667848090615569,1.0510992087057909,2.743063739980632,Moderate
2.755436381593464,2.684086534922121,1.1107149568596968,1.9339627051703752,Moderate
1.7578381588346657,5.038608373736629,1.0991061111542946,1.3396222570309548,Bad
2.107663541098445,4.971498585446399,1.0389327197823552,1.389567164908642,Moderate
1.7094655103984104,5.239748430318774,1.2914885441119317,1.639289306960679,Bad
1.8035234164143965,5.105623507882586,1.1702292949863973,1.6992227169466243,Moderate
2.017928795418504,3.1888770863350966,1.0194663598911775,1.4744724294993308,Good
2.005076118232126,5.172638642028543,1.0268169358725223,1.3596004599156697,Moderate
1.3421138146500715,4.841349137069718,1.1119315973571706,1.0,Good
1.6281433487533157,5.129287043951074,1.0535324897007383,1.389567164908642,Moderate
1.400418012778936,2.029363818979208,1.0198212110376992,1.2397336399437795,Good
1.852480277450032,5.093791739848342,1.0048665899727944,2.043839824365808,Bad
1.4971633096514465,6.095516548699557,1.0069957248348231,1.11986681997189,Moderate
2.427726071238636,2.3291334938948074,1.1605974970851147,1.958934559775119,Good
2.362496264287856,4.009244554757423,1.35445006762534,1.8540510922997155,Moderate
2.17438038775902,5.685380141560532,1.1958802953750487,1.709212417723082,Bad
1.482029184874221,2.8930828854790027,1.0023318989506411,1.799112532701999,Good
1.4864138752190772,3.82779256018426,1.0594636610959969,1.5993340998594494,Good
2.2496267512699277,2.273855473638821,1.083948698017878,1.669256011953652,Good
2.4161268261185387,3.934278472492454,1.0186147003497863,2.093784732243495,Moderate
2.045970871195053,6.154675388870776,1.0462326187329964,1.2397336399437795,Bad
2.536707906750175,1.7848721643195944,1.0608323886513795,1.9239730043939176,Good
1.3708569713446237,5.922015502245406,1.1340847353284105,1.2397336399437795,Moderate
1.2019032422767315,4.419380961896448,1.0,1.2397336399437795,Good
2.1582561716136013,4.395717425827961,1.044422852701127,1.5993340998594494,Moderate
1.5692549380250704,3.3805517284898454,1.0109498204430625,1.0,Good
2.1475067371812324,7.152519377806758,1.2506801305868636,1.4542317182788775,Bad
2.3235878212634518,3.255892220481053,1.0635974908666923,1.589345597751192,Good
1.8384592395617576,2.628808514666134,1.0559657986785853,1.4594890770028446,Good
2.6236384577518344,3.074534880052165,1.1240980862806065,2.4084351346697064,Good
4.379074839345298,4.202433663220555,1.0851653385153517,2.15371814222944,Bad
1.6758149807684326,5.018825657583375,1.0194663598911775,1.409545367793357,Moderate
3.837862041593641,1.5284540874814636,1.0790821080450836,2.648168774613486,Moderate
3.291040789988556,3.204684328428846,1.1058483668869024,1.824084387306743,Moderate
1.954016143436211,6.170482630964526,1.5689856105713176,1.0699219120942025,Bad
3.104210206977104,5.807673295962474,1.0443062479595802,1.6892342148383668,Bad
2.4637983936367918,3.326882828686516,1.165464087057909,1.5394006898735046,Good
2.741415343705189,5.089816265788837,1.212203643995336,1.9139845022856603,Bad
1.810417099288344,6.300632079341207,1.1545142666148465,1.15982202707312,Bad
3.3729471642330315,5.669572899466782,1.3987563155849203,1.864039594407973,Bad
2.396497334376836,1.6192274118401817,1.0699572483482316,2.0088794676528066,Good
1.2311137432520425,2.1279934373126634,1.122425184609405,1.2397336399437795,Good
2.12063302210658,4.991281301599655,1.034978624174116,1.839067739803229,Bad
3.638762993995192,2.6406402827003777,1.1374811877186164,2.093784732243495,Moderate
1.7712749841235595,5.582869703311843,1.0501360373105324,1.884017797292688,Moderate
1.3274456152225844,2.735294426974328,1.0,1.0559382488762818,Good
3.0020901928884083,5.93384727027965,1.0279828993392923,1.5344058394852758,Bad
2.456554170303842,1.9938685148764763,1.1364166342790516,2.098779582631724,Good
1.5528302954844304,2.222647581586614,1.0023318989506411,1.2397336399437795,Good
2.3123709780534587,1.8795263085935443,1.077588940536339,2.5882353646275407,Good
2.1749646003584004,3.149406308172859,1.0948985184609406,2.3984466325614484,Good
1.5951301771391335,5.432937538781906,1.1107149568596968,1.5843507473629632,Moderate
2.130230800524979,2.489761576727701,1.0545666537116207,1.4794672798875594,Good
1.8922066052141973,4.995162121514888,1.02215313797124,1.2846836974332383,Moderate
1.827242396351765,5.969342574382381,1.0012166404974738,1.8190895369185145,Bad
1.6046581054531908,5.1884458841222925,1.0443062479595802,1.8790229469044597,Moderate
2.13009722751843,3.760777426038303,1.0547491581811117,1.2697003449367523,Good
1.3950432955627512,4.032908090825909,1.0944422852701128,1.3596004599156697,Good
1.86802028099607,5.212109420190781,1.0011659634667702,1.1398450228566048,Bad
1.8975813869272469,5.1844704100627865,1.1107656338904004,1.3596004599156697,Bad
2.7267569478011184,4.241904441382792,1.1373705993004275,1.9039960001774028,Bad
1.9029561041434315,4.261592503391773,1.247182268169452,1.2647054945485237,Moderate
1.7900865911255024,5.2042531262160425,1.0579479113874857,1.5593788927582195,Bad
1.7879834128683587,1.6349399997896574,1.0072998989506412,1.7941176823137703,Good
1.457341397533971,4.214265431254798,1.057831334628838,1.4594890770028446,Good
3.6107209182186426,1.6665544839771569,1.0036499494753206,3.672031594762778,Moderate
2.88922067987048,1.8834071285087768,1.2861887508744656,1.589345597751192,Moderate
3.041465980193572,5.878663904167937,1.0255495903614458,1.3596004599156697,Bad
2.8029805033073028,6.328271089469201,1.0343426568208318,1.804106184422028,Bad
1.6503433630329214,6.257280481263738,1.0944422852701128,1.174805379569606,Bad
2.107196196817686,5.089816265788837,1.2296929560823942,1.9639294101633475,Moderate
1.4346527550082944,5.898351966176919,1.0304162083171395,1.2447284903320084,Bad
1.6637802528186798,5.062271909805117,1.029148862806063,1.214761785339036,Moderate
2.9375933283067344,2.755077143127583,1.0151574131364167,1.9339627051703752,Moderate
1.229945318053281,4.620521018478592,1.0241670392537894,1.414539019513386,Good
4.238864266971958,1.354953041027313,1.0425826692576758,3.2974477823506225,Moderate
2.601672115612608,3.2913875245837847,1.4605518756315583,1.9489460576668611,Moderate
1.5972970782984843,4.068403394928641,1.0742155180722892,1.5943392494712207,Good
2.626442652430116,3.2401796325315777,1.0547491581811117,2.2635964600930727,Moderate
3.585483037120375,2.829948571248278,1.0389327197823552,2.0488346747540365,Moderate
1.6369065377440275,3.871144158261729,1.1154294597745822,1.3446171074191833,Good
2.1020551517418813,4.072284214843873,1.0571824391760591,1.6742508623418806,Moderate
2.7736637759960256,4.87684444117245,1.0228951045472212,1.3446171074191833,Moderate
1.25530006747017,3.2007088543693403,1.0,1.2097669349508071,Good
1.4178275224417378,3.8435998022780096,1.0012166404974738,1.3346286053109258,Good
2.351746765358622,3.117886478129634,1.125923047026817,2.0238628201492928,Good
1.5347865236553324,3.5438301273624093,1.7473765938593082,1.1798002299578347,Bad
1.436819656167645,4.600832956469611,1.0635974908666923,1.3096555520379822,Moderate
1.9225855958851343,2.4868272982552084,1.3381266910221532,1.2896785478214672,Moderate
1.8795027222944096,2.9837615556934467,1.0572377613680528,2.1637066443376973,Good
1.7282771174003533,4.261592503391773,1.2320248830159346,1.569367394866477,Good
2.289937291633473,1.757233154191601,1.1484310361445784,1.1098783178636322,Good
2.511470025651908,3.82779256018426,1.1055718398756316,1.6842393644501383,Moderate
2.2496267512699277,4.226097199289042,1.280994956859697,1.0449500574894588,Bad
1.7148402276145949,6.048189476562582,1.1667314325689857,1.0699219120942025,Bad
2.4694068474902195,5.496071853012631,1.0,1.908989651897432,Bad
1.2019032422767315,4.419380961896448,1.0,1.2397336399437795,Good
1.7309644437600131,3.0114005658214404,1.0081616883015934,1.1448386745766337,Good
2.475365777305785,4.809829307026492,1.101438010104936,1.709212417723082,Moderate
1.5106001994372047,5.413249476772925,1.1037699090555773,1.6792457127301093,Good
2.1905046039044382,4.498227864076648,1.1340847353284105,1.254716992440266,Bad
1.6977388194738996,5.4053931827981865,1.2531180567431015,1.859045942687944,Bad
2.0695729828138,6.596426280197301,1.137582597745822,1.1648168774613483,Bad
1.6281433487533157,5.003113069633899,1.0,1.2497221420520372,Good
1.7038570565449818,4.1157304670656165,1.1873637559269334,1.0849052645906887,Moderate
3.332636623869486,4.939978755403175,1.59696850991061,1.829079237694972,Bad
1.7632128760508503,5.129287043951074,1.1562378453167508,1.0649282603741737,Bad
1.4622275510009497,5.851024894039943,1.0174893120870578,1.0199782028847149,Bad
2.5747984650348203,4.379910183734211,1.0804508356004665,1.4994454827722743,Moderate
3.212522887518608,5.941703564254388,1.0571824391760591,1.5394006898735046,Bad
5.016395640450534,2.3843168600065203,1.194608332685581,6.369035044130301,Bad
1.7963960614000691,5.716899971603756,1.0617955600466382,1.1648168774613483,Bad
1.7444013335457718,6.65558512036852,1.1574038087835212,1.0849052645906887,Bad
2.962948077723624,2.3764605660317826,1.0024333089778468,1.9689230618833768,Good
2.1889857027435395,4.955785997496924,1.1472143956471046,1.11986681997189,Bad
3.55463670216868,2.167369561330627,1.122881417800233,4.620976453761441,Moderate
1.9755150767978145,5.586750523227075,1.2145355709288768,1.3596004599156697,Moderate
2.0695729828138,2.920721895606996,1.2366886809172173,1.2397336399437795,Bad
1.9898866551450904,5.757601253641555,1.018249719393704,1.469478777779302,Bad
2.555986858032877,2.872826898604377,1.1017560077730275,1.6312989847413533,Moderate
1.773962374980084,6.4149742856241385,1.0377160792848814,1.5194224869887896,Bad
3.1199838826635204,5.034632899677124,1.1739806265060242,2.0887898818552664,Bad
1.6029054676550485,4.060452446809629,1.103027942479596,1.2097669349508071,Moderate
1.3140716743766578,6.040333182587844,1.0629615235134084,1.0,Moderate
2.569423683321771,5.547374399209112,1.0851269179945588,1.5993340998594494,Bad
1.700670459956595,3.5833009055246468,1.0190792444617178,1.419533869901615,Good
1.9943266837997573,1.8321992364565696,1.0559657986785853,1.3995556670168998,Good
2.242265724115221,4.762502234889517,1.0,1.938956356890404,Bad
1.518662307509914,4.809829307026492,1.655266235522736,1.589345597751192,Bad
3.5209861725387017,4.569218472282111,1.048665899727944,1.9988897668763488,Bad
1.639593928600552,3.255892220481053,1.3031480668480373,1.2697003449367523,Moderate
2.393693139698553,1.7454013861573572,1.024332949863972,1.409545367793357,Good
5.848481686835518,2.52232260235794,1.1058483668869024,2.633185422117,Bad
3.2122424551514066,5.196302178097031,1.255843647104547,1.8490562419114869,Bad
3.206914433665179,2.845755813342027,1.015816410415857,2.5482801575263108,Moderate
2.396497334376836,1.6192274118401817,1.0699572483482316,2.0088794676528066,Good
1.8465213476344668,3.0784156999673966,1.0151574131364167,1.3596004599156697,Good
2.8112869255030475,3.737113889969816,1.142458394092499,1.8540510922997155,Moderate
3.5852493004831314,4.072284214843873,1.114263496307812,1.5344058394852758,Moderate
1.8384592395617576,5.993006110450869,1.079284872133696,1.419533869901615,Bad
1.405792794491985,7.152519377806758,1.1655654970851146,1.4395120727863295,Bad
1.2687369572559284,4.036788910741142,1.0093276237854645,1.0249718546047435,Good
1.9459540353635016,2.889107411419497,1.0524679362611735,1.3046619003179534,Good
1.6100328226693752,4.577169420401123,1.101438010104936,1.389567164908642,Moderate
2.5747984650348203,2.8852265915042645,1.0174893120870578,1.3995556670168998,Good
1.7347033914966776,2.9285781895817338,1.008516539448115,1.3945620152968707,Good
2.4699910600896007,5.914159208270668,1.2355227454333464,1.804106184422028,Bad
1.491788592435262,3.618796209627378,1.0746210742324136,1.1847950803460634,Good
2.521051034885516,6.332151909384432,1.172561221919938,1.859045942687944,Bad
2.050761440308721,3.93825394655196,1.1422463956471045,1.5194224869887896,Moderate
2.2142235838418074,2.2818064217578327,1.0462326187329964,1.4395120727863295,Good
2.47805316816231,2.226528401501846,1.1569475755926937,1.0849052645906887,Bad
2.315175172731741,1.6586035358581448,1.0432463116984063,1.7391791227160542,Good
2.034637224163303,2.71163089090584,1.3276331037699185,1.8890126476809168,Good
2.385280491166843,4.557386704247867,1.266445863972017,1.2397336399437795,Bad
1.7094655103984104,2.4908027723147144,1.0534219012825496,1.5993340998594494,Good
4.227647423761965,2.045171061072957,1.0851653385153517,3.6420648897698062,Moderate
1.1908032028884965,6.142843620836532,1.0489700738437622,1.744172774436083,Bad
3.797551501230096,1.958373210773745,1.3194714434512242,1.6792457127301093,Moderate
1.1018371308406398,5.1844704100627865,1.0431403124757093,2.198668199718899,Bad
2.0588235483814312,6.162626336989788,1.1838876362223083,1.1847950803460634,Bad
1.9325171455777437,3.953966534501435,1.030314798289934,1.6792457127301093,Moderate
1.8975813869272469,6.12315555882755,1.13291877186164,1.1847950803460634,Bad
1.81427291534363,5.432937538781906,1.3171395165176836,1.5094339848805318,Bad
1.0510600392927798,4.955785997496924,1.0,1.0,Good
2.7890869112234418,2.139825205346908,1.1459977271667314,2.4134299850579346,Good
1.102608642334766,5.803697821902969,1.033070694131364,1.1398450228566048,Moderate
1.6906539033964674,6.209953409126763,1.2355227454333464,1.0,Bad
1.8841444971414885,4.983330353480644,1.083948698017878,1.4894557819958172,Moderate
2.440429954158424,4.461028785376986,1.0972738748542556,2.0318974930920084,Moderate
2.2030067406318143,2.9285781895817338,1.0,1.5593788927582195,Good
1.8169603062001547,4.247867652472051,1.2953750610182666,1.3596004599156697,Good
2.3436846572859134,4.182745601211574,1.0524679362611735,1.4544954252828155,Moderate
2.230815144267984,2.865443875351009,1.0851146614846483,1.1248616703601186,Good
1.438041226782822,3.5516864213371475,1.1095996984065293,1.2397336399437795,Good
2.107663541098445,5.472408316944144,1.0364994387874078,1.2996670499297247,Bad
1.15202833287064,4.872963621257218,1.0759535919160512,2.198668199718899,Moderate
1.4514780520717157,3.613495577548037,1.0034978624174116,1.4944506323840456,Good
1.2902358906175315,4.28137521954503,1.0034978624174116,1.4944506323840456,Good
2.3740636479568504,5.7405635076722445,1.008516539448115,1.3446171074191833,Moderate
2.177067778615545,2.3488215559037893,1.0,1.3695889620239272,Good
1.8733950627091192,2.530273550476952,1.0594636610959969,1.5743622452547057,Good
1.765900266907375,5.287075502455749,1.1609016712009328,1.4295223720098722,Bad
4.303361131553632,4.663872616556061,1.0851653385153517,2.258601609704844,Bad
1.5580380948150778,3.705499405782316,1.0851653385153517,1.5493891919817622,Good
2.499552101523913,4.214265431254798,1.2238631947143412,1.0699219120942025,Moderate
2.5156763176693318,4.514035106170399,1.2110377085114652,2.523307104253368,Bad
1.5524296409616491,4.159082065143085,1.018249719393704,2.543285307138082,Moderate
1.427291727853588,3.520166591293922,1.138748533229693,1.1398450228566048,Good
2.005076118232126,1.7177623760293637,1.0023318989506411,1.0749167624824312,Good
1.4856234661436287,3.3460976199741275,1.0769529731830547,1.248295726894372,Good
2.7360406264890047,3.437344215054216,1.041974349008939,1.7142060694431107,Moderate
1.9117511545852464,3.673979575739091,1.08861252390206,1.6342956552406505,Good
1.7766497658366087,2.6406402827003777,1.180722882238632,1.484462130275788,Good
1.4234359117983018,5.582869703311843,1.008516539448115,1.0998886170871751,Bad
2.160943562470126,6.036357708528338,1.1216647773027597,1.6492790077371366,Moderate
1.6814233701249963,5.287075502455749,1.011801479984454,2.003884617264578,Bad
1.7981486991982116,3.421536972960466,1.5491643995336184,1.0,Bad
1.3735443622011485,6.746263790582964,1.0069957248348231,1.059933409985945,Bad
1.5328002137168106,4.048620678775386,1.094124287602021,1.414539019513386,Good
1.292923281474056,3.973749250654691,1.0279828993392923,2.0238628201492928,Good
2.8193490335757563,5.787890579809219,1.4127477652545668,2.0887898818552664,Bad
2.440429954158424,4.608689250444348,1.08861252390206,1.3596004599156697,Moderate
2.17438038775902,4.699367920658792,1.1177613587252235,1.3246389045344684,Bad
2.421618411653345,4.0447398588601535,1.0804508356004665,1.8490562419114869,Moderate
3.020901735393487,6.2003933405550935,1.2947531970462496,1.6352941458510164,Bad
2.69093951701179,5.44476930681615,1.0291995398367664,1.2996670499297247,Bad
3.8182325498519374,1.2839624328218504,1.0559657986785853,2.55327380924634,Moderate
1.81427291534363,3.5990134934741222,1.1690633595025262,1.094894965367146,Good
1.518662307509914,4.352365827750491,1.0571317621453555,1.5144288352687607,Good
3.529398756573548,3.875119632321235,1.135047906723669,2.6731406292182296,Bad
1.812660493729088,5.458210195303051,1.0346454877574816,1.281687026933941,Moderate
2.0749477645268493,6.209953409126763,1.1410804601632336,1.5394006898735046,Bad
1.2131200854867243,5.121430749976336,1.2080467842984843,1.389567164908642,Moderate
1.193490593745021,4.565337652366879,1.1386978561989896,1.2197554370590649,Bad
2.445804735871473,5.216084894250287,1.0761367959580257,1.8140958851984847,Bad
2.1905046039044382,4.608689250444348,1.0932763218033423,1.5394006898735046,Moderate
2.545120555281886,5.957510806348138,1.1459977271667314,1.7341842723278256,Bad
2.152881454397417,5.373778698610687,1.1247570835600469,1.669256011953652,Bad
1.292923281474056,2.6091204526571525,1.0,1.374583812412156,Good
1.415023327763456,2.8260677513330457,1.020351207151185,1.3096555520379822,Good
3.885533609111894,4.368078415699968,1.087598647493199,2.2635964600930727,Bad
4.16875901303372,3.228347864497334,1.1021984174115818,3.017757736637413,Moderate
1.4461033348555312,3.1967333803098343,1.047804110376992,1.644284157348908,Good
1.7820244830527932,2.0885226591504265,1.02215313797124,1.6992227169466243,Good
1.3816064702738573,4.458851740058686,1.0408083855421686,1.0,Good
1.6503433630329214,4.0999232249718665,1.1873637559269334,1.7541624752125404,Good
2.3011541348434656,6.98289915126784,1.0194663598911775,1.349611957807412,Bad
1.548223348944226,5.878663904167937,1.222697231247571,1.2921753736814816,Bad
2.037324550522963,4.687536152624549,1.0046638258841818,1.9739179122716053,Moderate
2.6180300683952704,5.381729646729699,1.049882568208317,1.419533869901615,Bad
2.3678709815040406,1.7257133241483755,1.024485036921881,1.0849052645906887,Good
3.87992521975533,1.6428909479086693,1.0012166404974738,3.6970034493675215,Moderate
2.101821415104637,4.119611286980849,1.0186552755538285,1.4345172223981009,Good
2.901255407820232,2.2383601695360893,1.0042582697240576,2.1836848472224126,Moderate
1.171056907325036,5.713019151688525,1.166680755538282,1.419533869901615,Bad
2.3168110067081256,4.9321224614284365,1.041974349008939,1.6243059544641931,Moderate
2.107196196817686,5.085935445873605,1.3113097551496309,1.5244173373770182,Bad
2.315175172731741,5.1884458841222925,1.0072998989506412,1.6942290652265954,Moderate
2.7918911703985883,2.628808514666134,1.1373705993004275,2.0638180272505227,Good
1.3393096199717895,6.714743960539739,1.0474492592304705,1.3096555520379822,Bad
1.9642281254960212,4.872963621257218,1.1037699090555773,1.6942290652265954,Moderate
1.8196476325598143,5.448744780875656,1.156587631558492,1.6492790077371366,Bad
3.0128396273207776,1.5626242335643594,1.6074620971628448,1.544395540261733,Moderate
2.757539559850607,2.0570028291072013,1.0209871745044694,1.529412187765247,Good
1.833084522345573,5.862856662074187,1.005829761368053,1.389567164908642,Moderate
2.851597465866593,3.299338472702797,1.0314807617567043,1.4644839273910732,Moderate
2.315175172731741,4.474564328008161,1.2457628635833655,1.1148719695836613,Bad
4.945525582692087,1.3194577369245817,1.1459977271667314,5.210322051512632,Bad
1.634219146887503,3.914590410483472,1.1480761849980567,1.4245287202898431,Moderate
1.8975813869272469,4.553505884332635,1.2180334333462883,1.389567164908642,Bad
1.580471781235063,4.805853832966987,1.0279828993392923,1.3596004599156697,Moderate
5.082931960387144,2.5854569165886647,1.0401493882627284,2.643173924225257,Moderate
1.0644968645816737,4.1157304670656165,1.036144587640886,2.198668199718899,Good
1.2103158908084422,4.83349284309498,1.0024333089778468,1.0,Good
2.948926975338485,3.0272078079151896,1.0012166404974738,1.6942290652265954,Moderate
1.1101821221614043,4.202433663220555,1.0186552755538285,1.1897887320660925,Good
3.265802908890289,3.457032277063197,1.0389327197823552,1.864039594407973,Moderate
1.527191759863382,3.910614936423966,1.0012166404974738,1.4544954252828155,Good
2.295312008849658,4.245879915442298,1.1853867081228138,1.6742508623418806,Moderate
6.543926159345654,2.1516569733811512,1.097331827438787,3.6420648897698062,Bad
2.091071980672268,3.7764900139877793,1.1294209094442285,2.253606759316616,Good
1.735850597226992,2.8575875813762712,1.0279828993392923,1.5244173373770182,Good
2.75607373960926,2.1437060252621394,1.0992121103769918,1.7741394794290557,Good
3.808301000159329,1.9898930408169704,1.1235911480761758,3.172586111990504,Moderate
2.2039414936901967,4.671823564675073,1.4535561507967354,1.5993340998594494,Bad
2.088384589815744,4.50617881219566,1.1061018359891177,1.5593788927582195,Moderate
1.8945434556117209,5.077984497754594,1.0060832304702685,1.3845723145204134,Bad
1.2069274190339148,3.145525488257628,1.0431403124757093,1.0199782028847149,Good
1.7390265518327226,4.301063281554011,1.0233190734551108,1.3795786628003843,Good
1.7543328832383809,5.736682687757012,1.0572983163622232,1.5094339848805318,Bad
1.773962374980084,3.413680678985728,1.0,2.083796230135237,Good
1.896506417685264,5.070128203779855,1.1147298872910998,1.4794672798875594,Good
2.3194983330677856,5.429056718866674,1.1072677714729888,1.6992227169466243,Bad
1.5052254177241555,4.170913833177329,1.1783909832879906,1.1302904386366457,Moderate
2.048074049452197,4.0447398588601535,1.2191993688301594,1.8190895369185145,Bad
1.899162140581279,3.417656153045234,1.5724834729887291,1.1648168774613483,Bad
3.268607103568571,3.630627977661622,1.087598647493199,2.3584902267920187,Moderate
1.8062108072709209,3.326882828686516,1.1422463956471045,1.6892342148383668,Moderate
1.6315318205278428,5.902327440236425,1.0571317621453555,1.6492790077371366,Bad
2.475015236846784,2.4001241021002704,1.048665899727944,3.02774743741387,Good
1.1876272482827657,4.312895049588255,1.031798759424796,1.314650402426211,Good
2.088384589815744,4.50617881219566,1.1061018359891177,1.5593788927582195,Moderate
2.23385307558351,2.8260677513330457,1.0072998989506412,1.8890126476809168,Good
2.382476296488561,3.2913875245837847,1.165464087057909,2.443396690050907,Good
1.948641361723162,4.49037157010191,1.0338126607073457,1.3995556670168998,Moderate
1.8518960648506515,4.443044497964936,1.1818888457054022,1.414539019513386,Moderate
2.3194983330677856,4.975474059505905,1.3276331037699185,1.0998886170871751,Bad
1.9557262778005944,6.426806053658383,1.0508780038865138,1.544395540261733,Bad
3.474334235952621,1.4890779634635003,1.2238631947143412,2.248613107596586,Good
1.7578381588346657,3.1928525603946025,1.307811892732219,1.3446171074191833,Good
1.142430554452241,2.565768854579683,1.0,1.3596004599156697,Good
1.3950432955627512,4.226097199289042,1.0524679362611735,1.314650402426211,Good
3.3919924433753543,1.918902432611508,1.032849489312087,3.0477244416303857,Moderate
2.0292624424502543,2.3921731539812585,1.1216647773027597,1.6143174523559356,Good
2.064198265597615,4.770358528864255,1.2250291581811117,1.5394006898735046,Bad
1.8062108072709209,6.671392362462269,1.1216090073843763,1.5943392494712207,Bad
1.634219146887503,3.882975926295973,1.3614457924601633,1.2846836974332383,Moderate
2.814324856818573,2.049051880988189,1.0389327197823552,2.523307104253368,Good
1.6730107860901504,4.28137521954503,1.309028533229693,1.484462130275788,Bad
2.3006867905627075,5.4014177087386805,1.1270890104935871,1.6992227169466243,Bad
5.307853101683242,1.5994446956869262,1.3404586179556937,4.466149277076549,Bad
3.3134744764085418,2.222647581586614,1.100981776914108,2.248613107596586,Moderate
1.9898866551450904,4.604713776384843,1.0523158492032647,1.2097669349508071,Bad
1.980889794013999,4.427237255871185,1.0559657986785853,1.2497221420520372,Moderate
1.918312485116005,3.8474806221932414,1.0356145915274,1.6342956552406505,Bad
2.3168110067081256,6.442613295752133,1.1130975608239408,1.5493891919817622,Bad
2.045970871195053,2.3882923340660263,1.0340661298095608,1.2896785478214672,Good
2.091839751348248,3.1703248740574024,1.0671589584143024,1.3938476090498382,Good
1.5748633273816344,5.263411966387261,1.0523158492032647,1.609322601967707,Bad
1.693341294252992,6.2178097031015005,1.08861252390206,1.8091010348102567,Bad
1.5106001994372047,2.975905261718709,1.2436844057520404,1.3945620152968707,Good
1.3332338218376023,3.1020792360358844,1.3707734162456275,1.4395120727863295,Bad
2.413556303580636,6.04430865664735,1.125923047026817,1.5094339848805318,Moderate
2.8730964637250613,3.6593081833766288,1.097331827438787,1.824084387306743,Good
2.0319498333067787,2.30546995782632,1.141131137193937,1.938956356890404,Good
1.674529687251049,5.2752437344215055,1.0408083855421686,1.354605609527441,Bad
1.9701403595816296,5.129287043951074,1.0921103863194714,1.5394006898735046,Bad
3.103158650096964,3.792297256081529,1.0,2.083796230135237,Moderate
2.012320341565076,6.320320141350189,1.0862805969685192,1.469478777779302,Bad
1.9110182122161403,4.888676209206693,1.0036499494753206,1.4744724294993308,Bad
2.738611149026907,5.3501151625422,1.0790821080450836,1.824084387306743,Moderate
1.2794863916882977,5.125311569891568,1.0,1.1098783178636322,Moderate
1.3950432955627512,5.373778698610687,1.2215312957637,2.173696345114155,Bad
1.0456852575797306,4.54953041027313,1.0,1.2397336399437795,Moderate
2.5927921228001383,5.042489193651862,1.0693489280994948,1.6342956552406505,Bad
2.531099452896747,3.354521838814509,1.0,2.0238628201492928,Moderate
1.2355537719067096,5.748514455791256,1.0279828993392923,2.198668199718899,Bad
1.4739117384917009,3.965798302535679,1.0364994387874078,1.4295223720098722,Good
1.4879327763799757,3.244060452446809,1.052149938593082,1.4245287202898431,Good
2.9644669788845226,3.421536972960466,1.1737271574038088,1.9539397093868904,Moderate
1.647656036673261,5.590725997286581,1.3392926544889234,1.4045505174051285,Bad
1.276415115493783,7.05360579704048,1.0306479347065682,1.5194224869887896,Moderate
1.2243369286967167,3.046895869924171,1.0316328488146134,1.1947835824543211,Good
3.2882365953102743,2.498659066289452,1.1034150579090556,2.133739939344725,Moderate
2.1889857027435395,3.3623781327892472,1.058399107656432,1.6992227169466243,Good
1.8975813869272469,2.680111060862614,1.0489700738437622,1.0149833524964862,Good
2.104859346420163,6.0718530126310695,1.0255495903614458,1.2647054945485237,Bad
1.1693042695268934,5.665692079551549,1.0031092079284882,1.154828375353091,Moderate
3.439664010893607,2.214696633467602,1.1484310361445784,2.8379575066795786,Moderate
3.087353048462579,2.534154370392184,1.1562378453167508,2.265261410222482,Moderate
1.300050636488383,6.119180084768044,1.0705655685969686,1.374583812412156,Moderate
1.2203643088196732,6.249329533144726,1.0023318989506411,1.0,Moderate
1.2403974219399283,2.9364344835564715,1.0368865542168677,1.5044391344923034,Good
3.5770703885886648,4.872963621257218,1.0401493882627284,1.6243059544641931,Bad
1.580471781235063,5.910183734211162,1.0338740272055966,1.4569922511428302,Bad
2.32218572392431,3.4728395191569468,1.06645938593082,1.354605609527441,Good
2.370558372360565,3.031088627830422,1.114263496307812,1.2796888470450098,Moderate
2.4778194315250657,4.391741951768454,1.0279828993392923,1.374583812412156,Moderate
2.0515793250484817,1.5521176235499512,1.026710936649825,2.2036630501071275,Good
1.4864138752190772,6.363766393571932,1.150408083948698,1.1348501724683762,Bad
2.584379474268428,2.447451174237245,1.087598647493199,2.4783570467639087,Good
3.735253399258876,3.63848427163636,1.077588940536339,2.338513222575504,Moderate
1.8438339567779425,6.099492022759063,1.191216469490867,1.3596004599156697,Moderate
3.4172303244736217,2.514466308383202,1.024332949863972,1.9339627051703752,Moderate
2.3383099400697285,4.54953041027313,1.0034978624174116,1.5743622452547057,Moderate
1.8020045152534976,3.43336874099471,1.0377160792848814,1.449500574894587,Good
1.328092776761797,6.008813352544618,1.0401493882627284,1.214761785339036,Moderate
3.1230218139790464,1.603420169746432,1.060629624562767,2.4184236367779635,Moderate
1.1478053361652902,3.823817086124754,1.0256510003886514,1.1648168774613483,Good
1.9701403595816296,5.5710379352776,1.222697231247571,1.5044391344923034,Moderate
1.3252885175866504,7.262980764174459,1.0454722114263506,2.198668199718899,Bad
1.4626948952817085,2.8575875813762712,1.0610535934706569,1.2397336399437795,Good
3.35583285671942,1.85785050955481,1.2164992708900118,2.8054939758265918,Moderate
1.66459813755844,5.517085073041448,1.1597357077341623,1.589345597751192,Bad
1.599283388237006,1.796703932353838,1.0,1.449500574894587,Good
2.9264932889185,5.488215559037893,1.1180148278274389,2.198668199718899,Bad
4.9407584259402615,2.93255366364124,1.0072998989506412,1.5543840423699908,Bad
1.0336505296299778,4.636328260572341,1.0,1.3246389045344684,Good
3.17045970935692,4.0447398588601535,1.0206830003886511,1.4644839273910732,Moderate
2.0067119522085117,3.516191117234416,1.0032849405363389,1.4594890770028446,Moderate
2.575966890233582,6.710768486480233,1.0097331799455889,1.5943392494712207,Bad
1.5129036404588745,3.724714197069928,1.0533007633113098,1.141661005179179,Good
1.4864138752190772,3.993437312663673,1.053633899727944,1.2397336399437795,Good
1.6100328226693752,4.959666817412156,1.0093276237854645,1.3487033673120252,Good
3.17045970935692,1.8045602263285765,1.0316328488146134,2.298556816806074,Bad
1.7094655103984104,5.385610466644931,1.0279828993392923,1.3945620152968707,Bad
1.6664675791783397,6.134987326861794,1.0396424500582977,1.5044391344923034,Bad
2.2281278179083244,3.685811343773335,1.0757870097162845,1.2820394353846587,Good
2.3432173130051543,2.648591230819389,1.0802987485425573,1.1048834674754036,Good
2.010450899945176,4.54953041027313,1.0513019727944035,1.329633754922697,Moderate
1.5670349559461694,4.474564328008161,1.0734551107656432,1.2097669349508071,Moderate
3.2601944550368605,3.0035442718467023,1.0340661298095608,1.7541624752125404,Moderate
1.9782024676543388,5.4014177087386805,1.2996502044306255,1.0,Moderate
1.967452968725105,3.5083348232596783,1.158164216090167,2.0138731193728354,Good
3.6854149305812727,2.7826214991113023,1.0992121103769918,2.1886796976106413,Moderate
1.6261570388147937,4.975474059505905,1.0932763218033423,1.1498335249648624,Moderate
1.4626948952817085,2.8024042152645583,1.005829761368053,1.3196452528144396,Good
1.8088981981274452,7.23931722810597,1.1480761849980567,1.4445057245063584,Bad
2.0061510874741093,3.748945658004059,1.0069957248348231,1.5493891919817622,Good
2.8381606405777,1.0433515980774692,1.5479984360668482,2.138734789732954,Good
2.647357437689203,1.560068571668963,1.0384764865915277,1.7042175673348532,Good
1.6234697124551336,5.243629250234005,1.4095679005052468,1.6992227169466243,Bad
1.9620782515089203,3.133693720223384,1.409249902837155,1.5643725444782484,Moderate
2.906863797176796,4.841349137069718,1.0693489280994948,1.9739179122716053,Bad
1.5697222823058292,2.684086534922121,1.095608248736883,1.6642623602336228,Good
2.583104887230565,1.2307668037398904,1.3140303085891956,1.6259709045936028,Moderate
2.2039414936901967,5.890495672202181,1.1842207446560435,1.1398450228566048,Bad
3.182143896847671,4.332583111597236,1.0279828993392923,1.6980480221108998,Bad
1.3950432955627512,4.032908090825909,1.0944422852701128,1.3596004599156697,Good
2.2226362323735174,3.673979575739091,1.2226465542168674,1.389567164908642,Good
1.400418012778936,2.751101669068077,1.072289147298873,1.958934559775119,Good
1.6906539033964674,4.435188203990197,1.095608248736883,1.5643725444782484,Moderate
1.7497760507619564,2.865443875351009,1.1399144966964632,1.1048834674754036,Good
2.531099452896747,2.510490834323696,1.0462326187329964,1.804106184422028,Good
2.578771084911864,4.54953041027313,1.2360296836377769,1.3795786628003843,Bad
1.550910739800751,4.139394003134104,1.5036921881072678,1.2846836974332383,Moderate
1.4756643762898434,3.914590410483472,1.0897784593859308,1.094894965367146,Good
2.761044835446892,6.150794568955543,1.0121664889234356,1.5843507473629632,Bad
2.2030067406318143,2.2581428856893453,1.0228951045472212,1.639289306960679,Good
1.8973476502900024,5.4566010748503935,1.071229211037699,1.5593788927582195,Bad
1.601970714596666,3.5478056014219157,1.060629624562767,1.0899001149789174,Good
3.5368766520468764,2.506610014408464,1.1888845705402251,2.937847322434953,Moderate
3.159242866146927,2.104329901244176,1.1739806265060242,3.057714142406843,Moderate
1.8636971206600248,4.939978755403175,1.0814048006218422,1.5244173373770182,Moderate
2.8938624547175578,2.4829464783399766,1.0165353470656822,6.763595860758972,Bad
2.1889857027435395,4.955785997496924,1.1472143956471046,1.11986681997189,Bad
1.8008360900547362,5.070128203779855,1.1609016712009328,1.1348501724683762,Bad
3.506965070153562,1.6586035358581448,1.0559657986785853,3.4572698094237424,Good
2.5452373591036435,3.323002008771284,1.1702292949863973,1.6293008048524218,Moderate
2.289937291633473,2.6367594627851454,1.451224251846094,1.0299667049929724,Bad
2.1690056705428358,3.4886467612506964,1.0396424500582977,1.5044391344923034,Good
3.9528347328687135,2.3843168600065203,1.0948985184609406,3.7968920664546975,Moderate
1.8736393768321544,5.519735389081118,1.0174893120870578,1.3845723145204134,Bad
1.620782321598609,5.827361357971456,1.179556946754761,1.2297451378355222,Moderate
1.1850779452133104,5.062271909805117,1.0,1.274695195324981,Good
4.071663175702208,2.770789731077059,1.167897396035756,1.8490562419114869,Moderate
1.7879834128683587,2.1910330973991146,1.0012166404974738,1.5943392494712207,Good
2.569423683321771,5.878663904167937,1.46404973804897,1.414539019513386,Bad
2.491489993451204,1.3312895049588254,1.179556946754761,1.5244173373770182,Good
2.424539474650249,2.4276684580839896,1.058509696074621,1.6293008048524218,Good
2.1413140707284226,2.664303818768865,1.0401493882627284,2.103773234351753,Good
1.1397432280925812,3.429487921079477,1.0,1.9289678547821465,Good
3.439664010893607,2.214696633467602,1.1484310361445784,2.8379575066795786,Moderate
3.4391541631790887,5.377754172670193,1.0801328379323747,1.864039594407973,Bad
2.8563880349802617,5.310739038524236,1.41974349008939,1.6642623602336228,Bad
2.7467900609213736,3.0114005658214404,1.0582976976292269,1.2247502874472935,Moderate
1.7014034023257012,4.766477708949024,1.1200932856587642,1.4245287202898431,Moderate
1.1009515888899335,5.890495672202181,1.0279828993392923,2.198668199718899,Bad
2.3383099400697285,8.722642323023042,1.422541780023319,1.651775833597151,Bad
2.303374116922367,2.8575875813762712,1.012825486202876,1.484462130275788,Good
2.418931020796821,3.271699462574803,1.1094982883793238,2.1437296401211823,Moderate
2.491489993451204,4.778309476983267,1.3662110003886514,2.5732520121310545,Moderate
1.812660493729088,5.458210195303051,1.0346454877574816,1.281687026933941,Moderate
3.403209286585347,3.299338472702797,1.0194663598911775,1.9889012647680917,Moderate
2.9214691121613163,4.632352786512836,1.2273610571317528,1.7042175673348532,Bad
1.369391151103276,3.973749250654691,1.0,1.03995520710123,Good
1.4178275224417378,5.460576548909899,1.0003649809560824,1.2647054945485237,Good
3.5691250843377134,2.0372201129539453,1.367275553828216,2.0338513222575503,Moderate
2.284328837780045,3.673979575739091,1.0209871745044694,1.6143174523559356,Good
1.112168432099926,4.273424271426018,1.0145997699183833,1.0,Good
2.278210600708962,4.872963621257218,1.1002720466381657,2.623196920008742,Bad
1.0064496864581671,6.213834229041995,1.0,1.094894965367146,Good
2.101821415104637,4.983330353480644,1.1527399828993392,1.609322601967707,Bad
1.342329492165233,2.35961212835102,1.0408980707345512,1.1331852223389665,Good
1.6057096623333302,3.098198416120652,1.0050877947920716,1.4445057245063584,Good
1.9378919272907928,6.288800311306964,1.1982121943256898,1.1398450228566048,Bad
2.902657505159373,3.804129024115772,1.205207919160513,1.8890126476809168,Moderate
1.8132213584634904,2.664303818768865,1.1021984174115818,1.3845723145204134,Good
2.267503605213488,2.167369561330627,1.0729988775748154,1.8690344447962015,Good
2.013138226304836,6.16650715690502,1.1352506708122814,1.5593788927582195,Bad
3.2798239467785635,1.9938685148764763,1.1313979572483484,2.3984466325614484,Good
1.98147400661338,1.8360800563718012,1.010175589584143,1.6293008048524218,Good
2.5318005338147493,4.608689250444348,1.0023318989506411,1.0799116128706598,Bad
1.6246012454473546,2.013556576885458,1.0069957248348231,1.094894965367146,Good
2.397432087435217,2.3093507777415523,1.577147298872911,1.5793558969747346,Moderate
2.7355519982429337,2.2423356435955952,1.0623255561601244,3.3473914915601104,Good
1.9755150767978145,2.1082107211594083,1.0559657986785853,1.389567164908642,Good
4.143521067438589,1.6428909479086693,1.0669156191216478,3.7519420089652384,Bad
2.100240661450605,2.724030583805728,1.046089486202876,1.1113047330212975,Good
1.8868318879980128,5.626221301389313,1.0687912848814614,1.5993340998594494,Moderate
3.848611540522875,3.149406308172859,1.4349009032258064,2.468368544655651,Moderate
1.7655497264483735,5.503928146987369,1.0121664889234356,1.484462130275788,Bad
3.2842639754332303,4.545554936213623,1.2005441212592305,1.9289678547821465,Moderate
2.55072894463845,5.511879095106381,1.081515389040031,2.19367334933067,Bad
2.346372048142438,4.640209080487574,1.0687912848814614,1.409545367793357,Good
4.570780933841073,1.7166265262980764,1.1984241927710844,4.664500096093233,Bad
1.2579874583266948,5.279124554336737,1.010175589584143,1.0499449078776877,Good
1.9002687132869067,3.993437312663673,1.0746210742324136,1.644284157348908,Moderate
2.1797551694720694,5.172638642028543,1.282160892343568,1.0499449078776877,Bad
3.3810092723057408,2.104329901244176,1.3731053151962689,2.303551667194302,Moderate
2.948342762739104,5.578894229252337,1.266573941702293,1.11986681997189,Bad
1.6046581054531908,4.865012673138205,1.0268169358725223,1.3446171074191833,Good
1.3393096199717895,4.348390353690985,1.008516539448115,1.0649282603741737,Good
4.216048178641868,4.253736209417036,1.0190792444617178,1.918979352673889,Bad
1.159840064115043,5.794232407475574,1.015816410415857,1.5244173373770182,Good
2.7252911275597707,4.577169420401123,1.0874465604352896,1.7941176823137703,Bad
3.683630431332027,2.2936381897920763,1.116798187329965,3.122641204112817,Moderate
2.56727380933467,5.06615272972035,1.1715473455110763,1.1098783178636322,Moderate
1.7148402276145949,5.547374399209112,1.1072677714729888,1.5593788927582195,Bad
1.86802028099607,5.752395275706488,1.2355227454333464,1.4744724294993308,Bad
1.2748127553901158,6.075828486690575,1.0279828993392923,2.198668199718899,Bad
5.4895426396188896,2.751101669068077,1.1277480077730275,3.592119981892119,Bad
1.6100328226693752,5.642028543483062,1.0746210742324136,1.4295223720098722,Bad
1.917614500047502,5.55523069318385,1.1410804601632336,1.3596004599156697,Moderate
1.389785382168324,3.737113889969816,1.0407023863194715,1.3096555520379822,Good
1.7094655103984104,3.0074250917619345,1.0314807617567043,1.1448386745766337,Good
2.7352727913161594,2.0608836490224327,1.307811892732219,1.6342956552406505,Moderate
2.8479753864485517,1.6902180200456445,1.0145997699183833,2.178689996834184,Good
1.6954444725101356,6.012694172459851,1.0729988775748154,1.8790229469044597,Bad
1.6422812549602122,2.93255366364124,1.137582597745822,1.1398450228566048,Good
1.529995954541664,5.397442234679175,1.0,1.1448386745766337,Moderate
2.3194983330677856,4.198552843305323,1.1130975608239408,1.5643725444782484,Good
1.550910739800751,4.22221637937381,1.1628096012436844,1.0249718546047435,Moderate
2.93490593745021,2.526298076417446,1.2895621733385154,1.9655943602927568,Moderate
1.2334172487705768,5.960729047253452,1.0333129700738437,1.4794672798875594,Moderate
1.9782024676543388,5.484240084978387,1.1279218375437232,1.3945620152968707,Moderate
3.509769264831845,3.062703112017921,1.0437993097551497,1.824084387306743,Moderate
1.929829819218084,6.813373578873195,1.2728332685581034,1.3995556670168998,Bad
2.219831973198371,6.596426280197301,1.0948985184609406,3.18756946448699,Bad
1.722902335687304,5.148975105960056,1.145744258064516,1.1798002299578347,Moderate
2.662897441235241,4.581050240316355,1.068132287602021,1.6193123027441645,Bad
3.411621870620193,1.2444916546596132,1.1204481368052857,2.708102184599431,Moderate
1.8814571707818284,4.028932616766404,1.0594636610959969,1.2597118428284946,Good
1.4326664450697726,4.040764384800648,1.0443062479595802,1.3795786628003843,Moderate
1.3449180093283537,3.614820735567872,1.033070694131364,1.2397336399437795,Good
1.356134852538346,3.6661232817643534,1.0,1.3596004599156697,Good
4.26410221256709,1.5009097314977442,1.032849489312087,2.1437296401211823,Moderate
2.719916410343586,4.419380961896448,1.46404973804897,1.859045942687944,Moderate
1.4998507005079709,1.8834071285087768,1.0,1.0449500574894588,Good
1.2860295986001085,6.801541810838951,1.0121664889234356,1.5593788927582195,Moderate
2.9407692829124654,5.791866053868725,1.0216231418577535,1.2447284903320084,Bad
2.0235371847750683,5.219965714165518,1.0462326187329964,1.3096555520379822,Good
1.1671055069164396,5.914159208270668,1.0121664889234356,1.11986681997189,Moderate
3.106897597833628,1.5028974685274972,1.0217644834823163,2.2810766384495733,Moderate
3.182143896847671,4.9321224614284365,1.4325689762922658,1.374583812412156,Bad
1.370008321600458,3.8356488541589977,1.0305267967353284,1.0649282603741737,Good
1.3224843229083685,5.653860311517306,1.0,1.1897887320660925,Good
3.155270246269883,3.4886467612506964,1.0046638258841818,1.639289306960679,Moderate
2.413556303580636,2.1358497312874016,1.342790516906335,1.274695195324981,Moderate
2.1851298866882534,5.791866053868725,1.1434123591138747,1.0749167624824312,Bad
2.8550526918959624,3.0373358013525027,1.0399755584920327,1.8961471208056435,Moderate
2.327560441140495,3.6936676377480726,1.0104935872522347,1.354605609527441,Moderate
1.30636010676295,2.407980396075008,1.0023318989506411,1.1648168774613483,Good
2.303958329521748,4.723031456727281,1.008516539448115,1.374583812412156,Moderate
2.1260077393227643,6.592450806137795,1.197046258841819,1.5943392494712207,Bad
1.2103158908084422,4.407549193862204,1.0326467252234746,2.198668199718899,Moderate
3.112272315049813,5.8391931260057,1.2308589195491644,1.6243059544641931,Bad
2.303958329521748,2.924602715522228,1.0268169358725223,2.1637066443376973,Good
2.8181973130649216,3.545155285382245,1.2385209172172562,1.4261936704192528,Moderate
2.088384589815744,4.73883869882103,1.0025438973960357,1.3645953103038984,Bad
2.5237384257420405,6.714743960539739,1.2576758554216867,1.7042175673348532,Bad
1.330896971440079,3.425512447019972,1.0038158600855034,1.414539019513386,Good
1.2902358906175315,6.482084073914369,1.0034978624174116,1.3046619003179534,Moderate
4.867007680222138,2.1358497312874016,1.100981776914108,5.050500024439512,Bad
4.213626385873691,3.52802288526866,1.0097331799455889,2.5832405142393124,Moderate
2.444168901895088,3.1060547100953904,1.01703307889623,1.4295223720098722,Good
2.459241561160366,6.186289873058275,1.1422463956471045,1.414539019513386,Bad
2.1188803843084374,4.979449533565411,1.026766258841819,1.03995520710123,Bad
2.5855478994671897,2.5894323906481707,1.2191993688301594,1.4794672798875594,Moderate
5.324094121650417,1.1217252295362998,1.2554960435289546,2.9728076791479543,Bad
2.0830098725995585,5.784009759893987,1.2926544795958026,1.0649282603741737,Bad
2.370558372360565,2.577600622613927,1.2600077823552274,2.043839824365808,Moderate
2.497448923266769,5.452720254935162,1.1739806265060242,2.348501724683761,Bad
1.527191759863382,5.168757822113311,1.0,1.639289306960679,Bad
2.6241483054663526,2.63278398872564,1.0046638258841818,1.744172774436083,Good
2.0426993322360127,3.7094748798418222,1.3917605907500972,1.03995520710123,Moderate
2.3759330895767503,4.068403394928641,1.0216231418577535,1.6243059544641931,Moderate
5.492346834297171,2.344846081844284,1.0255495903614458,1.8490562419114869,Bad
2.6903553044124093,2.0372201129539453,1.271667305091333,2.2685901118131016,Moderate
1.5159749166533891,6.12315555882755,1.0050877947920716,1.5194224869887896,Moderate
2.005076118232126,3.6976431118075785,1.0186552755538285,1.2896785478214672,Good
1.6637802528186798,5.062271909805117,1.029148862806063,1.214761785339036,Moderate
1.3896685783465663,5.811554115877707,1.1434123591138747,1.3396222570309548,Moderate
1.5847715937061295,3.31117024073704,1.0279828993392923,1.4395120727863295,Good
1.737507650671824,3.8490897426458983,1.0377160792848814,1.4345172223981009,Good
2.2960798440225028,1.7040375251096411,1.0530202347454334,2.146226465981197,Good
1.6852791861802827,4.628377312453329,1.0326467252234746,1.6492790077371366,Bad
1.7431160400283885,4.407549193862204,1.0036499494753206,1.5743622452547057,Bad
1.0,4.090457810544471,1.0,1.0,Good
2.717961961856168,4.119611286980849,1.103027942479596,2.5133186021451097,Moderate
2.5984005766535674,3.5871817254398786,1.0,1.3096555520379822,Good
2.116076189630156,6.095516548699557,1.0,1.349611957807412,Moderate
2.187328649298707,4.687536152624549,1.0023318989506411,1.3945620152968707,Moderate
1.6617939428801578,4.750670466855274,1.1301813167508743,1.4245287202898431,Good
2.0023887918724665,3.054752163898909,1.0431403124757093,1.6892342148383668,Good
1.9137056030726651,5.223941188225024,1.1515740474154683,1.4644839273910732,Bad
1.3574201460557298,5.882544724083169,1.0944422852701128,1.0,Bad
4.079024202856916,1.1774765205136566,1.1605974970851147,3.996670499297247,Moderate
1.7390265518327226,4.581050240316355,1.0233190734551108,1.154828375353091,Good
1.964648774046823,4.83349284309498,1.1459977271667314,1.059933409985945,Moderate
2.957339623870196,3.8356488541589977,1.018249719393704,1.4644839273910732,Moderate
1.9378919272907928,5.358066110661212,1.1247570835600469,1.2397336399437795,Bad
1.5965959973804815,6.056140424681594,1.0093276237854645,1.0,Bad
1.7927739819820272,5.657741131432537,1.0034978624174116,1.469478777779302,Bad
3.25178180650515,2.017532050944964,1.0145997699183833,2.763040744197147,Moderate
1.6422812549602122,5.7603462238255,1.1095996984065293,1.5993340998594494,Bad
2.580173182251005,5.531567157115362,1.1061018359891177,1.799112532701999,Bad
1.600101272976766,3.315051060652272,1.0343426568208318,1.389567164908642,Good
3.7565398799485465,1.8795263085935443,1.0944422852701128,1.9139845022856603,Moderate
1.8088981981274452,6.091635728784325,1.167897396035756,1.1348501724683762,Bad
3.644371447848621,2.9640734936844653,1.3043140303148075,2.098779582631724,Moderate
1.810417099288344,6.698936718445989,1.0012166404974738,1.2996670499297247,Bad
1.6154076043824244,5.097767213907848,1.0,1.1798002299578347,Moderate
2.9601438185484774,4.301063281554011,1.0644823381267003,1.4994454827722743,Bad
2.502239492380437,2.71163089090584,1.108433734939759,1.484462130275788,Good
2.7384836387256293,2.0608836490224327,1.2542794030314808,1.5044391344923034,Moderate
2.4357563178602417,4.24976073535753,1.0425826692576758,1.3446171074191833,Good
5.416633126505506,1.3864728710705383,1.1216647773027597,4.111542468880908,Bad
2.256286762003495,1.453582659360769,1.0445182464049747,1.9489460576668611,Good
2.096446697888452,3.764658245953535,1.1702292949863973,1.174805379569606,Good
3.4340555570401783,2.00570028291072,1.0790821080450836,2.912874269162009,Moderate
1.5384086030733746,5.239748430318774,1.06486945355616,1.4445057245063584,Bad
1.776766569658366,3.9619174826204473,1.141131137193937,1.9289678547821465,Good
2.163630953326651,3.283531230609047,1.037310523124757,1.6243059544641931,Good
1.827709740632524,6.462301357761114,1.1469102215312863,1.4794672798875594,Bad
2.3060615077788915,1.9347096747052572,1.3019821313641664,1.484462130275788,Bad
1.9169771420317057,2.25416741162984,1.0145997699183833,1.3396222570309548,Good
2.5254910635401826,2.372485091972277,1.0048665899727944,2.053829525142265,Good
1.6786191754467146,5.148975105960056,1.1386425340069957,1.3596004599156697,Bad
6.94492838472397,1.4062555872237938,1.10828164788185,5.225305404009118,Bad
1.6422812549602122,5.9496545123734,1.1772250198212204,1.2647054945485237,Bad
2.73335323563248,2.664303818768865,1.0443062479595802,2.373473579288505,Moderate
1.3708569713446237,3.705499405782316,1.0431403124757093,1.0499449078776877,Good
1.7683539211266557,5.219965714165518,1.0401493882627284,1.374583812412156,Moderate
1.1827410948157873,5.515759915021612,1.0116595507190052,1.1798002299578347,Bad
3.773365177011968,2.0766908911161828,1.0915803902059853,2.967814027427925,Moderate
2.1260077393227643,5.503928146987369,1.0769529731830547,2.3784684296767336,Bad
2.266483909784452,2.1476814993216453,1.0661413882627284,2.683130329994687,Good
3.29550203811167,2.9917125038124586,1.0966681849980566,2.173696345114155,Moderate
1.497547259486301,3.830632184512479,1.0066625884181888,1.4861270804051978,Good
1.4895898298248078,5.417224950832431,1.0864925954139135,1.5061040846217129,Good
1.5401612408715168,5.436913012841412,1.2296929560823942,1.609322601967707,Bad
2.8704090728685365,2.920721895606996,1.0368865542168677,1.409545367793357,Moderate
1.830046591030047,5.413249476772925,1.0218996688690245,1.409545367793357,Bad
2.023887725234069,5.874688430108432,1.2611737178390985,1.349611957807412,Bad
1.7094655103984104,4.486396096042405,1.077186154683249,1.5022995117558051,Moderate
1.7067781195418856,6.462301357761114,1.024485036921881,1.5543840423699908,Bad
3.68082617215688,1.0,2.004951067236689,2.4084351346697064,Moderate
2.037324550522963,7.669141697253979,1.172561221919938,1.2896785478214672,Bad
1.765900266907375,2.6249276947509017,1.125923047026817,1.3995556670168998,Good
2.5049268187400973,4.383885657793717,1.3766031776136805,1.449500574894587,Moderate
1.878769779925304,1.5757811596184386,1.053633899727944,1.4994454827722743,Good
3.002334507011444,4.825636549120242,1.10048404508356,1.6592675098453944,Bad
1.3981980307000346,3.815960792150016,1.01703307889623,1.3096555520379822,Good
1.771158180301802,3.5414637737555608,1.0437993097551497,1.349611957807412,Good
2.445804735871473,4.257711683476542,1.1119315973571706,1.7391791227160542,Moderate
3.383579794843644,4.435188203990197,1.0644823381267003,1.7591561269325693,Bad
5.401911007699228,3.244060452446809,1.0693489280994948,2.383463280064962,Bad
1.9002687132869067,5.172638642028543,1.0093276237854645,1.154828375353091,Moderate
2.1889857027435395,3.2007088543693403,1.3218033424018656,1.1897887320660925,Bad
1.3009853895467651,4.565337652366879,1.060629624562767,1.2697003449367523,Moderate
2.8762724183307915,2.8812511174447586,1.1144754947532065,2.39345178217322,Moderate
2.676918479123516,3.2913875245837847,1.037310523124757,1.5094339848805318,Good
2.06688565645414,6.079803960750081,1.191216469490867,1.5743622452547057,Bad
2.295312008849658,3.390017142917241,1.1900505340069958,1.764150977320798,Good
2.550856454939728,1.5009097314977442,1.53050912397979,1.6642623602336228,Bad
2.303374116922367,2.8575875813762712,1.012825486202876,1.484462130275788,Good
2.2226362323735174,3.673979575739091,1.2226465542168674,1.389567164908642,Good
1.7632128760508503,6.584594512163057,1.005829761368053,1.414539019513386,Moderate
2.913407004088607,1.8400555304313075,1.0139914496696465,1.9289678547821465,Good
1.1233852753099187,4.20640913728006,1.0,1.2397336399437795,Good
3.219767110851557,1.5009097314977442,1.4675476004663817,1.804106184422028,Moderate
2.491489993451204,1.3312895049588254,1.179556946754761,1.5244173373770182,Good
3.3555376545702296,2.0411955870134517,1.0912485969685193,2.882907564169037,Moderate
1.56084228949336,3.9619174826204473,1.0462326187329964,1.2247502874472935,Moderate
1.9459540353635016,6.233616945195251,1.0734551107656432,1.6492790077371366,Bad
2.1020551517418813,5.531567157115362,1.1094982883793238,1.1947835824543211,Moderate
2.034637224163303,2.313326251801058,1.305479993781578,1.644284157348908,Moderate
1.9325171455777437,4.742814172880536,1.060629624562767,1.4445057245063584,Moderate
2.441364707216806,3.748945658004059,1.493959008161679,1.0299667049929724,Bad
3.0137354242729524,4.131443055015092,1.1796796797512632,1.609322601967707,Moderate
1.86802028099607,4.5731939463416165,1.0909444228527012,1.7491676248243118,Moderate
2.418931020796821,1.9938685148764763,1.0194663598911775,1.8890126476809168,Good
2.2657509674153458,4.9123397452751805,1.402254178002332,1.6542726594571655,Moderate
1.6557181447459706,3.800153550056266,1.1200932856587642,1.0699219120942025,Good
3.1230218139790464,1.5402858555157073,1.6331130975514965,1.4295223720098722,Moderate
3.1401232221197417,3.445200509028953,1.100981776914108,2.198668199718899,Moderate
1.914172947353424,1.8400555304313075,1.0407023863194715,1.5593788927582195,Good
2.6339205479034447,4.056571626894398,1.1982121943256898,1.3845723145204134,Moderate
2.045386658595673,2.9443854316754834,1.0827320575204042,1.0449500574894588,Good
1.7178781589301209,3.165213550266609,1.073773108433735,1.3995556670168998,Good
1.521349633869574,7.341827666354659,1.2844928192771086,1.3695889620239272,Bad
2.3842639560841707,4.257711683476542,1.0489700738437622,1.859045942687944,Moderate
1.6315318205278428,2.9917125038124586,1.0081616883015934,1.449500574894587,Good
2.57430983678875,2.6524720507346213,1.1857047057909056,1.6642623602336228,Moderate
1.9701403595816296,2.3921731539812585,1.1709288674698797,1.329633754922697,Good
2.988185958821891,3.808104498175278,1.0535324897007383,1.829079237694972,Moderate
1.8328507857083287,5.6498848374578,1.092465237465993,1.724195770219568,Moderate
2.878821721400247,3.6029889675336286,1.0072998989506412,1.4744724294993308,Moderate
2.3006867905627075,3.2007088543693403,1.4010882145355616,1.4894557819958172,Good
2.5532994671763527,4.790141245017511,1.0874465604352896,1.4544954252828155,Bad
2.7834785218668774,1.5521176235499512,1.0699572483482316,1.7142060694431107,Good
2.4861152762350187,3.1415500141981214,1.174893120870579,1.7341842723278256,Moderate
3.689238820688591,4.391741951768454,1.0620490291488536,1.6542726594571655,Bad
2.676918479123516,6.489940367889107,1.1690633595025262,1.644284157348908,Bad
1.7094655103984104,5.6025577653208245,1.097331827438787,1.824084387306743,Bad
1.8922066052141973,4.048620678775386,1.0443062479595802,1.5593788927582195,Good
2.905344896015898,2.924602715522228,1.0333129700738437,2.07380652935878,Moderate
2.191789897421822,6.079803960750081,1.0766487990672369,1.3596004599156697,Bad
2.1460596855274776,4.691511626684054,1.014657722502915,1.7591561269325693,Moderate
2.660093182060094,2.064859123081938,1.0,1.938956356890404,Good
1.7497760507619564,5.487742288316523,1.0734551107656432,1.3046619003179534,Moderate
3.8014073172853817,1.6862425459861383,1.2141300147687524,3.2275246715882204,Moderate
1.5724096731623538,6.395286223615157,1.0268169358725223,1.1903772781521544,Bad
1.4178275224417378,3.1060547100953904,1.073773108433735,1.2397336399437795,Good
1.491788592435262,3.579325431465141,1.0729988775748154,1.0449500574894588,Good
1.8760823890687792,5.050440141770873,1.2191993688301594,1.3596004599156697,Bad
2.556719800401983,4.407549193862204,1.1182913548387097,1.409545367793357,Bad
1.6029054676550485,4.569218472282111,1.004501609016712,1.4544954252828155,Moderate
1.9916392929432325,6.4347570017773945,1.3474543427905168,1.0499449078776877,Bad
2.01582561716136,2.4947782463742203,1.349786241741158,1.409545367793357,Moderate
1.518662307509914,5.263411966387261,1.0408083855421686,1.7591561269325693,Bad
1.174678986743078,4.151225771168347,1.0046638258841818,1.11986681997189,Good
2.3740636479568504,4.360222121725229,1.0401493882627284,1.3046619003179534,Moderate
2.3436846572859134,3.4806958131316845,1.0151574131364167,1.3196452528144396,Moderate
1.3009853895467651,3.918471230398704,1.2425184702681695,1.4944506323840456,Good
1.2081489896490918,6.951379321224614,1.0036499494753206,1.0799116128706598,Bad
1.8599581729233607,3.81198531809051,1.0396424500582977,1.0499449078776877,Good
2.3490594389989625,3.3860416688577346,1.4279051783909833,1.2247502874472935,Moderate
1.98147400661338,3.681835869713829,1.1021984174115818,1.8690344447962015,Good
1.4729769854333186,6.549099208060325,1.0489700738437622,1.0699219120942025,Bad
1.9478234769834015,5.180589590147555,1.1373705993004275,1.3046619003179534,Moderate
1.5401612408715168,2.467139236246227,1.197046258841819,1.1498335249648624,Good
2.575966890233582,4.368078415699968,1.1545142666148465,2.213651552215385,Moderate
2.765601667923317,5.30676356446473,1.162067634667703,1.832407939285591,Bad
1.8496760827717504,5.60653323938033,1.0194663598911775,1.1448386745766337,Bad
2.609734223685317,5.2554610182682495,1.121259221142635,1.5493891919817622,Moderate
2.36565099942514,2.0530273550476954,1.0024333089778468,1.6992227169466243,Good
2.7226037367032463,1.5639493915841949,1.318305479984454,1.2996670499297247,Good
2.1357056813718587,4.494347044161417,1.032849489312087,1.5493891919817622,Bad
1.0844322649520877,4.001293606638411,1.0321803342401863,1.15982202707312,Good
1.9432666445069773,3.681835869713829,1.762838181111543,1.254716992440266,Bad
1.833084522345573,5.097767213907848,1.1958802953750487,1.6492790077371366,Bad
3.1794565704880107,2.8772756433852527,1.2017100567431014,2.0788013797470093,Moderate
3.606748298341599,5.042489193651862,1.2623396813058687,2.59323021501577,Bad
1.784711873909318,4.399692899887466,1.2028760202098718,1.2996670499297247,Bad
1.6852791861802827,6.292775785366469,1.3113097551496309,1.03995520710123,Bad
2.370827130795277,2.9562171997097275,1.0513019727944035,1.6892342148383668,Good
1.4541654429282402,6.576738218188319,1.2296929560823942,1.3596004599156697,Bad
5.520155237933341,3.6936676377480726,1.121259221142635,2.4483903417709363,Bad
2.7498279922369,5.819505063996719,1.0705655685969686,1.5493891919817622,Bad
2.5264258165985654,2.4276684580839896,1.1177613587252235,1.779134329817284,Good
1.252379004473266,6.158650862930282,1.0279828993392923,1.2597118428284946,Moderate
1.9394108284516915,2.8970583595385087,1.1107149568596968,1.639289306960679,Good
2.9437009878920257,4.068403394928641,1.0493815903614458,1.709212417723082,Moderate
2.048074049452197,3.953966534501435,1.122881417800233,1.6892342148383668,Good
3.251526914896323,2.0530273550476954,1.1106596346677031,2.598223866735798,Moderate
1.9163929294323248,2.419812164109252,1.2005441212592305,1.294672199541496,Bad
1.300050636488383,5.290956322370981,1.01703307889623,1.204772084562579,Good
2.3684551941034213,3.571469137490403,1.0,1.4395120727863295,Moderate
3.291040789988556,3.113911004070128,1.092465237465993,4.640954656646155,Bad
2.7907364830319823,3.582732980659004,1.0148144827050136,1.5822099259582652,Moderate
2.5198826096867544,2.167369561330627,1.1958802953750487,1.6892342148383668,Good
3.426694529885472,1.650747241883407,1.6377769234356785,2.2436182572083574,Moderate
2.091071980672268,2.82209227727354,1.102603973571706,2.0638180272505227,Good
2.0023887918724665,5.645909363398294,1.1527399828993392,1.5943392494712207,Moderate
1.7820244830527932,5.074103677839361,1.1049358725223477,1.484462130275788,Bad
1.8814571707818284,2.7432453750933394,1.0851653385153517,1.779134329817284,Good
1.8707076718525943,2.222647581586614,1.289156617178391,2.2086567018271563,Good
2.906863797176796,6.063996718656331,1.0693489280994948,1.5543840423699908,Bad
1.4461033348555312,4.470683508092929,1.0510992087057909,1.4445057245063584,Good
1.8868318879980128,5.843168600065206,1.1737271574038088,1.3346286053109258,Moderate
1.5720591327033524,5.081959971814099,1.1500900862806065,1.4794672798875594,Bad
1.6288444296713185,3.8987831683897225,1.0466381748931208,1.1847950803460634,Good
2.7736637759960256,2.3843168600065203,1.1574038087835212,1.4544954252828155,Moderate
1.2888337932783904,3.220396916378322,1.0050877947920716,1.2397336399437795,Good
1.7094655103984104,2.2818064217578327,1.6867469972794402,1.4445057245063584,Bad
1.9916392929432325,6.951379321224614,1.054799835211815,1.5543840423699908,Bad
2.3893699793625087,3.4846712871911905,1.4488923528954527,1.4045505174051285,Bad
1.7610630020637492,2.4829464783399766,1.0363777691410805,1.11986681997189,Good
2.0561361575249064,4.170913833177329,1.030314798289934,1.4445057245063584,Good
2.424794366259076,5.397442234679175,1.1993781577924605,1.9539397093868904,Bad
2.27650046634458,4.695487100743561,1.4045860769529732,1.234738789555551,Bad
2.064198265597615,5.693236435535269,1.0081616883015934,1.5244173373770182,Bad
6.41212817100716,1.3667848090615569,1.1058483668869024,5.070477028656027,Bad
1.9459540353635016,5.440888486900918,1.0874465604352896,1.3704975525193142,Bad
1.6369065377440275,4.005269080697916,1.0151574131364167,1.0099885021082575,Good
1.550910739800751,3.9816055446294287,1.072289147298873,1.4794672798875594,Moderate
4.527698060250349,1.449607185301263,1.0669156191216478,3.976692296412532,Moderate
2.081090316915879,2.171345035390133,1.073773108433735,1.908989651897432,Good
2.231048880905228,4.707318868777804,1.12531472677808,1.294672199541496,Bad
1.9835771848705237,5.11745527591683,1.108433734939759,1.2247502874472935,Moderate
2.9601438185484774,4.301063281554011,1.0644823381267003,1.4994454827722743,Bad
2.1413140707284226,4.273424271426018,1.053633899727944,1.1098783178636322,Bad
1.9997014010159415,5.969342574382381,1.234356781966576,1.3446171074191833,Bad
2.264699410535206,3.5833009055246468,1.0742155180722892,1.294672199541496,Good
1.518779111331671,5.314619858439468,1.0109498204430625,1.1698117278495772,Moderate
3.877121025077048,2.0017248088512143,1.0571824391760591,2.79300744919012,Moderate
2.906863797176796,4.872963621257218,1.0425826692576758,1.8690344447962015,Bad
2.4323678460857145,1.8400555304313075,1.775359493198601,2.5732520121310545,Bad
3.260077651215102,5.590725997286581,1.058399107656432,1.779134329817284,Bad
1.7040907931822258,4.383885657793717,1.0769529731830547,1.1897887320660925,Good
1.2075116316332957,3.117886478129634,1.0,1.0849052645906887,Good
2.4323678460857145,7.2313662799869585,1.4453944904780411,1.11986681997189,Bad
2.3383099400697285,6.2848248372474576,1.1760590843373495,1.9139845022856603,Bad
2.303958329521748,3.6424597456958656,1.0194663598911775,1.6892342148383668,Moderate
3.233203936140451,4.277399745485523,1.1946636548775749,2.0887898818552664,Moderate
1.6127202135259,5.168757822113311,1.3253012048192772,1.3096555520379822,Moderate
1.8882977082393608,5.070128203779855,1.0089036548775747,1.6243059544641931,Moderate
2.547924749960168,4.663872616556061,1.0173227578701904,1.604328950247678,Moderate
1.4178275224417378,3.5083348232596783,1.0,1.174805379569606,Good
4.609020221895444,2.30546995782632,1.0705655685969686,5.529967304327072,Bad
1.1354434156215147,3.3860416688577346,1.0218996688690245,1.1448386745766337,Good
3.477754569178251,3.461007751122703,1.2331908184998055,1.9988897668763488,Moderate
1.3084632850200937,3.9619174826204473,1.010175589584143,1.2597118428284946,Good
3.268139759287812,2.0570028291072013,1.3321448425961913,2.148723291841211,Moderate
1.2169439755940423,4.34441487963148,1.0116595507190052,1.0,Good
4.367273783535925,2.4829464783399766,1.204041983676642,2.5882353646275407,Moderate
1.5436164024040218,6.040333182587844,1.159380856587641,1.4345172223981009,Moderate
1.9029561041434315,5.6025577653208245,1.2949864065293433,1.0149833524964862,Bad
1.314422214835659,5.823385883911951,1.0268169358725223,1.3596004599156697,Good
2.2058109353100965,5.515759915021612,1.1204481368052857,1.2197554370590649,Bad
2.0796214008250318,3.054752163898909,1.0048665899727944,1.0799116128706598,Good
2.539862641887459,3.930302998432948,1.1643995336183444,1.899001149789174,Moderate
2.08522985467846,4.995162121514888,1.0304162083171395,1.5593788927582195,Bad
2.7817258840687358,4.663872616556061,1.216867469879518,1.669256011953652,Bad
2.494644728588487,3.879095106380741,1.1119315973571706,2.058823176862294,Moderate
1.2418632421812763,2.526298076417446,1.0396424500582977,1.2397336399437795,Good
2.709166911414352,1.5876129276526822,1.4314030408083949,1.294672199541496,Moderate
2.615646457770925,2.234479349620857,1.3835989024485036,1.389567164908642,Good
2.668505830591805,4.979449533565411,1.0571824391760591,1.569367394866477,Bad
1.9137056030726651,2.565768854579683,1.2017100567431014,1.8740292951844304,Moderate
3.565853545378672,2.7314136070590957,1.1107149568596968,3.342397839840081,Moderate
2.021982165370004,4.746694992795767,1.054799835211815,1.389567164908642,Good
1.1800537684561272,4.825636549120242,1.0,1.3196452528144396,Good
1.9730614225785337,2.9522417256502216,1.0,1.1498335249648624,Good
2.1663182796863105,4.15510659108358,1.3276331037699185,1.4295223720098722,Moderate
1.795461308341687,5.137143337925812,1.1527399828993392,1.4944506323840456,Moderate
2.7118543022708765,6.493915841948613,1.282160892343568,1.2197554370590649,Bad
2.444168901895088,3.425512447019972,1.4550262883793237,1.3046619003179534,Moderate
1.25530006747017,5.929871796220144,1.0,1.11986681997189,Moderate
1.157035869436761,3.334833776805528,1.0024333089778468,1.3346286053109258,Good
1.143014767051622,3.145525488257628,1.0012166404974738,1.204772084562579,Good
2.255001468486112,2.1121861952189143,1.06645938593082,1.834072889415001,Good
1.5356044083950926,3.81198531809051,1.0279828993392923,1.2097669349508071,Good
2.320783626585169,2.71163089090584,1.0097331799455889,1.724195770219568,Good
1.855284536625179,4.170913833177329,1.0705655685969686,1.15982202707312,Moderate
1.776766569658366,4.2970878074945045,1.081515389040031,1.059933409985945,Moderate
1.6674023322367215,4.072284214843873,1.0097331799455889,1.0,Good
2.8919080062301394,4.1157304670656165,1.4535561507967354,1.709212417723082,Bad
1.297246441810101,4.492737923708759,1.0279828993392923,1.1648168774613483,Good
1.386981187490042,3.054752163898909,1.0501360373105324,1.4994454827722743,Good
2.573162631058436,4.94395422946268,1.097331827438787,1.9039960001774028,Bad
4.136160040283882,3.12186195218914,1.2693354061406918,1.8940062994009452,Moderate
1.6557181447459706,4.537698642238886,1.1422463956471045,1.0199782028847149,Moderate
3.6303504099603456,3.859312390227485,1.1107149568596968,2.3984466325614484,Moderate
2.924156438520976,5.168757822113311,1.1818888457054022,1.644284157348908,Bad
4.396834889467101,1.8045602263285765,1.3066459292654489,3.067702644515101,Bad
2.267503605213488,4.277399745485523,1.00644823940925,1.6492790077371366,Bad
1.8841444971414885,1.1341249224361871,1.0443062479595802,1.5394006898735046,Good
3.211705002778848,1.560068571668963,1.4850369125534395,1.9139845022856603,Bad
2.0487751303702,4.5850257143758615,1.0510992087057909,1.3596004599156697,Bad
2.4619289520168914,5.657741131432537,1.1049358725223477,1.2647054945485237,Bad
1.1084719877970213,4.872963621257218,1.0256933944811504,1.2397336399437795,Good
2.7582406407686104,4.707318868777804,1.0547491581811117,1.529412187765247,Bad
2.096446697888452,1.1793696033991354,1.0324012592304703,1.93778166205468,Good
3.4105703137400534,4.435188203990197,1.0629615235134084,1.6792457127301093,Bad
3.4772659409321807,1.453582659360769,1.0966681849980566,2.997780732420898,Moderate
1.8465213476344668,5.413249476772925,1.036144587640886,1.419533869901615,Bad
2.518608022648891,3.871144158261729,1.005829761368053,1.529412187765247,Good
1.9762480191669205,5.653860311517306,1.0076316921881072,1.1997784328425498,Moderate
2.383995197649459,3.4531514571479653,1.0186552755538285,1.5144288352687607,Good
1.9002687132869067,5.172638642028543,1.0093276237854645,1.154828375353091,Moderate
1.3816064702738573,4.22221637937381,1.0676253493975905,1.1298553220801475,Good
2.4269931288695297,1.5837321077374504,1.28799068169452,1.6243059544641931,Good
1.0252378810982672,4.939978755403175,1.0,1.11986681997189,Good
2.292624682489998,2.699799122871596,1.167897396035756,2.5183134525333384,Good
1.8760823890687792,4.194577369245817,1.0652934224640498,1.544395540261733,Moderate
2.4968647106673885,4.967617765531168,1.1513620489700738,1.8690344447962015,Moderate
1.4038064845534632,2.2818064217578327,1.0121664889234356,1.094894965367146,Good
1.5215833705068178,3.910614936423966,1.0496060411970465,1.2597118428284946,Good
1.967452968725105,4.987305827540149,1.1277480077730275,1.294672199541496,Bad
2.230815144267984,4.656016322581324,1.4222873874854256,1.3795786628003843,Bad
2.292741486311756,4.49037157010191,1.0304162083171395,1.829079237694972,Bad
1.4407285531424818,5.902327440236425,1.0387096680917218,1.7591561269325693,Bad
2.1721604056801187,4.072284214843873,1.1180148278274389,1.8890126476809168,Good
1.88613080708001,4.83349284309498,1.0546938359891178,1.529412187765247,Moderate
4.20521373734198,2.459282942271489,1.0206830003886511,1.4644839273910732,Moderate
2.045386658595673,4.916315219334686,1.2378546443839875,1.589345597751192,Bad
2.034754027985061,4.427237255871185,1.152080985619899,1.2896785478214672,Moderate
1.2579874583266948,5.097767213907848,1.0,1.059933409985945,Moderate
2.6957300861254585,1.6625790099176507,1.0256510003886514,1.7491676248243118,Good
1.9943266837997573,5.452720254935162,1.1422463956471045,1.3096555520379822,Bad
1.765900266907375,3.969773776595185,1.3334628931208703,1.0899001149789174,Bad
1.7066613157201282,5.310739038524236,1.0364994387874078,1.2996670499297247,Bad
2.365183655144381,4.41152466792171,1.1346677030703458,1.5543840423699908,Bad
1.10032848468121,5.2752437344215055,1.0163233486202876,1.11986681997189,Moderate
3.561062976265004,2.849731287401533,1.2215312957637,1.7591561269325693,Moderate
2.850779581126833,6.288800311306964,1.0109498204430625,1.5194224869887896,Bad
1.297246441810101,3.133693720223384,1.0291995398367664,1.4944506323840456,Good
1.9762480191669205,4.632352786512836,1.058509696074621,1.6892342148383668,Moderate
1.9982993036768009,4.103898699031372,1.0377160792848814,1.569367394866477,Moderate
1.9244550375050344,4.54953041027313,1.179556946754761,1.6942290652265954,Moderate
2.32218572392431,7.010538161395833,1.1958802953750487,1.2896785478214672,Bad
3.3111376260110186,2.356677849878527,1.348620278274388,2.15371814222944,Moderate
3.3057629087948337,2.861563055435777,1.172561221919938,2.043839824365808,Moderate
2.9405143913036387,5.594701471346087,1.0510992087057909,1.709212417723082,Bad
1.784711873909318,5.724850919722768,1.2075398460940536,1.5144288352687607,Bad
1.6288444296713185,4.119611286980849,1.053633899727944,1.7741394794290557,Good
4.712776005463659,1.5915884017121882,1.1691140365332298,5.450055691456412,Bad
2.795162709357629,5.736682687757012,1.1119315973571706,1.544395540261733,Moderate
2.676918479123516,1.3746411030362946,1.3253012048192772,1.9039960001774028,Moderate
1.7793370921962686,2.447451174237245,1.0443062479595802,1.9489460576668611,Good
1.7262908074618315,3.788321782022023,1.087598647493199,1.1847950803460634,Moderate
1.6057096623333302,2.131874257227896,1.0343426568208318,1.2796888470450098,Good
1.639593928600552,6.363766393571932,1.3404586179556937,1.4794672798875594,Bad
2.0803224817430337,3.204684328428846,1.1574038087835212,2.0288564718693216,Good
2.0235371847750683,5.219965714165518,1.0462326187329964,1.3096555520379822,Good
1.693341294252992,4.888676209206693,1.0439731395258454,1.9988897668763488,Moderate
1.38417699281176,3.287506704668553,1.0038158600855034,1.2397336399437795,Good
1.580471781235063,2.810260509239296,1.0025549506412748,1.4045505174051285,Good
2.3235878212634518,3.255892220481053,1.0635974908666923,1.589345597751192,Good
2.303958329521748,6.249329533144726,1.2457628635833655,2.5133186021451097,Bad
2.0749477645268493,2.514466308383202,1.606296161678974,1.4894557819958172,Good
4.157542169823728,3.2007088543693403,1.0610535934706569,2.1687014947259264,Moderate
1.80480870993178,2.660422998853633,1.0343426568208318,1.529412187765247,Good
2.906863797176796,2.064859123081938,1.0620490291488536,1.6742508623418806,Good
1.7150739642518391,4.569218472282111,1.0279828993392923,1.469478777779302,Moderate
2.351746765358622,3.117886478129634,1.125923047026817,2.0238628201492928,Good
1.720215009327644,6.079803960750081,1.015816410415857,1.5993340998594494,Bad
1.3477222040066357,4.746694992795767,1.0012719626894675,1.0,Good
1.9002687132869067,3.914590410483472,1.7735272848814612,1.329633754922697,Bad
1.4971633096514465,2.411955870134514,1.060629624562767,1.3795786628003843,Good
1.737507650671824,4.81768560100123,1.0496060411970465,1.4295223720098722,Bad
2.800303754433434,2.0411955870134517,1.0717822090944422,2.3984466325614484,Good
1.888935066255157,3.0665839319331534,1.0145997699183833,1.8091010348102567,Good
2.31925401894475,3.153381782232365,1.0114475522736106,2.1087680847399817,Good
2.124488838161866,5.7603462238255,1.0754321585697628,1.3096555520379822,Bad
1.556285457016935,2.226528401501846,1.1165954232413524,1.0,Good
1.328092776761797,4.486396096042405,1.0699572483482316,1.3596004599156697,Good
1.193490593745021,5.515759915021612,1.0279828993392923,1.2846836974332383,Moderate
2.486499161573009,2.814235983298802,1.4543889778468713,1.572697295125296,Moderate
2.289937291633473,1.473270721369751,1.0656989786241742,1.943951207278633,Bad
1.0087950504418153,3.957942008560941,1.0114475522736106,1.0199782028847149,Good
2.9405143913036387,1.229914916441425,1.026766258841819,2.598223866735798,Good
1.950627671661684,5.271268260362,1.0693489280994948,1.0749167624824312,Good
4.726797107848798,1.5639493915841949,1.1216647773027597,2.997780732420898,Bad
1.9567034697958712,1.6744107779518946,1.030314798289934,1.2697003449367523,Good
3.1176470322659973,2.1950085714586205,1.5573260878352118,2.138734789732954,Moderate
3.0020901928884083,5.93384727027965,1.0279828993392923,1.5344058394852758,Bad
1.102120014088695,4.699367920658792,1.0,1.0199782028847149,Moderate
2.7526321869151813,5.219965714165518,1.0024333089778468,2.003884617264578,Bad
1.8814571707818284,6.0166696465193565,1.1539059463661097,1.3995556670168998,Bad
1.5777843903785382,3.90663946236446,1.2565099199378158,1.0699219120942025,Moderate
2.1550802170078707,6.430781527717889,1.036144587640886,1.5943392494712207,Bad
1.496345424911686,3.271699462574803,1.0,1.0299667049929724,Good
2.4296805197260545,4.967617765531168,1.0034978624174116,1.5394006898735046,Bad
2.4323678460857145,2.565768854579683,1.0909444228527012,2.283573464309588,Moderate
2.295312008849658,4.245879915442298,1.1853867081228138,1.6742508623418806,Moderate
2.588235290323714,2.55393708654544,1.1165954232413524,1.834072889415001,Good
1.7497760507619564,3.4768149932164527,1.0,1.3396222570309548,Good
1.9459540353635016,4.936003281343668,1.0501360373105324,1.5593788927582195,Bad
2.9402806546663944,3.3860416688577346,1.7835211815001943,1.918979352673889,Bad
1.693341294252992,2.6919428288968583,1.096774184220754,1.0749167624824312,Good
1.1854284856723118,6.004837878485112,1.034978624174116,1.7192009198313394,Moderate
2.1357056813718587,6.809398104813689,1.0024333089778468,1.3096555520379822,Bad
1.844322585024013,4.7309824048462925,1.133554739214924,1.609322601967707,Bad
2.281875183560764,2.526298076417446,1.0,1.2247502874472935,Good
3.420168092158452,1.208996350556882,1.9992226879129424,1.7491676248243118,Bad
2.17438038775902,1.6783862520114003,1.0,1.2697003449367523,Good
1.8384592395617576,6.462301357761114,1.0808006218422077,1.3995556670168998,Bad
2.9510301535956285,5.642028543483062,1.4873688394869802,1.5743622452547057,Bad
1.7879834128683587,1.6349399997896574,1.0072998989506412,1.7941176823137703,Good
1.712152901254935,4.5850257143758615,1.215701506412748,1.0,Good
3.439664010893607,3.031088627830422,1.1788472164788184,5.5349609560471,Bad
1.9352045364342685,5.050440141770873,1.1070345899727945,1.2397336399437795,Bad
3.661196744912041,3.5398546533029034,1.0669156191216478,1.958934559775119,Moderate
1.3842937966335174,3.606964441593135,1.1189273221919938,1.3446171074191833,Good
2.248893808900821,5.314619858439468,1.015517776914108,3.342397839840081,Moderate
1.6530307538894458,4.048620678775386,1.0198212110376992,1.2197554370590649,Good
1.6687306451627817,3.242924602715522,1.0031092079284882,1.4395120727863295,Good
1.9001519094651491,5.358066110661212,1.0145997699183833,1.978912762659834,Moderate
2.06688565645414,5.780034285834482,1.041974349008939,1.5543840423699908,Bad
2.850779581126833,4.979449533565411,1.0304162083171395,1.3596004599156697,Moderate
1.3923559047062266,4.525866874204642,1.0069957248348231,1.034961555381201,Good
3.647175642526903,2.6682792928283705,1.0231163093664983,2.543285307138082,Moderate
1.4038064845534632,3.468864045097441,1.0060832304702685,1.4594890770028446,Good
1.6557181447459706,2.5894323906481707,1.222697231247571,1.824084387306743,Good
2.0588235483814312,5.172638642028543,1.1618141655654877,1.2996670499297247,Bad
1.988951902086708,4.028932616766404,1.024485036921881,1.419533869901615,Good
2.0749477645268493,2.506610014408464,1.33113096618733,1.354605609527441,Moderate
1.3708569713446237,4.884795389291462,1.037310523124757,1.3246389045344684,Moderate
2.281524643101763,4.9321224614284365,1.026766258841819,1.569367394866477,Moderate
1.7470886599054318,4.84930008518873,1.1235911480761758,1.589345597751192,Moderate
2.9433185859819204,4.734863224761524,1.0571824391760591,1.589345597751192,Bad
2.445804735871473,5.058296435745612,1.054799835211815,2.1886796976106413,Bad
1.9366066337734087,3.413680678985728,1.0610535934706569,1.7591561269325693,Good
1.86802028099607,4.368078415699968,1.1317528083948698,1.3346286053109258,Moderate
2.4028068046514024,6.178338924939263,1.349786241741158,1.864039594407973,Bad
3.210483432163671,2.703774596931102,1.0979401476875243,1.779134329817284,Moderate
3.2708270856474724,1.8242482883375577,1.0928523528954528,1.8790229469044597,Moderate
3.0301155639770307,1.9505169167990075,1.2438509879518072,3.2425080240847066,Moderate
3.0808725325031414,1.6993994720402177,1.4819277046249515,1.772474529299646,Moderate
1.1881158765288364,2.6761355868031087,1.0104935872522347,1.11986681997189,Good
3.2209355360503187,2.2305038755613515,1.0450159782355228,1.8190895369185145,Good
1.7309644437600131,4.581050240316355,1.2774970944422852,1.3845723145204134,Moderate
3.736910452703708,2.55393708654544,1.0523158492032647,2.902885767053752,Moderate
1.98147400661338,4.494347044161417,1.0863820069957248,1.0,Good
3.1095849241932885,3.934278472492454,1.0676253493975905,1.5543840423699908,Moderate
1.599283388237006,6.063996718656331,1.1445783225806452,1.1148719695836613,Bad
1.7900865911255024,5.2042531262160425,1.0579479113874857,1.5593788927582195,Bad
1.7823750235117948,2.8536121073167653,1.0116595507190052,1.99389611515632,Good
3.321887124940252,3.228347864497334,1.077286109599689,1.709212417723082,Bad
1.544017056926803,4.951810523437418,1.020351207151185,1.2697003449367523,Good
1.992690849823372,4.742814172880536,1.2153466552662262,1.4744724294993308,Bad
2.9123320348466244,4.8986148943554575,1.110532452390206,1.726251486182086,Bad
1.905643494999956,4.924171513309425,1.1165954232413524,1.5743622452547057,Moderate
1.8945434556117209,4.139394003134104,1.0178073097551497,1.5493891919817622,Good
1.8841444971414885,5.590725997286581,1.3148076175670425,1.5993340998594494,Bad
1.4165422289243543,5.720875445663262,1.005829761368053,1.0,Bad
2.1260077393227643,5.093791739848342,1.0489700738437622,1.5743622452547057,Moderate
2.212003601762906,3.0823911740269025,1.4768752522347457,1.389567164908642,Moderate
2.7890869112234418,2.8812511174447586,1.048665899727944,1.834072889415001,Moderate
1.8975813869272469,2.644615756759884,1.072289147298873,2.388456931784991,Good
2.152344002024858,6.044497964935898,1.0634279144966965,1.4914539618847484,Moderate
2.1889857027435395,4.770358528864255,1.0012166404974738,1.2397336399437795,Moderate
2.241564643197218,3.023232333855684,1.0909444228527012,1.4045505174051285,Good
1.833084522345573,6.213834229041995,1.1595025262339682,1.6992227169466243,Bad
1.1177768859533548,4.15510659108358,1.0121664889234356,1.1248616703601186,Good
1.7766497658366087,2.8536121073167653,1.030314798289934,1.3596004599156697,Good
1.6288444296713185,1.9268533807305197,1.0151574131364167,1.6742508623418806,Good
2.250678308150067,2.620952220691396,1.0523158492032647,1.6193123027441645,Good
2.5129889268128065,7.5942702691332835,1.2681694426739214,1.6342956552406505,Bad
2.27112568463153,4.308919575528749,1.1900505340069958,1.5493891919817622,Good
1.8833266124017285,2.920721895606996,1.0364994387874078,1.409545367793357,Good
3.105962844775246,3.989461838604167,1.2944287633113098,1.938956356890404,Bad
2.994028084815699,2.443475700177739,1.130586872910999,1.6243059544641931,Moderate
4.141534757500067,5.697211909594775,1.2914885441119317,1.9988897668763488,Bad
1.9970140101594172,2.9995687977871963,1.163233570151574,1.709212417723082,Good
2.324873114780835,3.117886478129634,1.030314798289934,1.669256011953652,Good
2.1851298866882534,2.2856872416730645,1.865137980567431,1.569367394866477,Bad
1.518662307509914,5.2752437344215055,1.1049358725223477,1.0849052645906887,Moderate
2.609734223685317,1.9307342006457515,1.2366886809172173,1.7691458277090266,Moderate
2.3006867905627075,2.810260509239296,1.0106601414691023,1.449500574894587,Good
2.0880340493567418,2.55393708654544,1.0279828993392923,1.7341842723278256,Good
2.266483909784452,2.1476814993216453,1.0661413882627284,2.683130329994687,Good
1.9394108284516915,2.8970583595385087,1.1107149568596968,1.639289306960679,Good
2.134069847395474,5.030657425617618,1.2261950936649826,1.3596004599156697,Moderate
2.600694923617331,7.124880367678765,1.31146184220754,2.4034402842814773,Bad
1.2138579941144032,3.425512447019972,1.00777303381267,1.2397336399437795,Good
2.9698417605975718,2.25416741162984,1.053633899727944,1.6492790077371366,Moderate
3.171394462415301,2.684086534922121,1.116798187329965,2.508323751756881,Good
1.5075622681216787,4.15510659108358,1.0038158600855034,1.3596004599156697,Good
1.8008360900547362,4.498227864076648,1.06645938593082,1.2896785478214672,Moderate
2.948342762739104,1.6270837058149197,1.523513399144967,2.1187565868482388,Moderate
2.803108013608581,3.4846712871911905,1.0863820069957248,1.604328950247678,Good
2.295312008849658,2.2659991796640826,1.0932763218033423,2.148723291841211,Moderate
1.314422214835659,2.9917125038124586,1.0174893120870578,1.094894965367146,Good
1.0757137077916663,4.87684444117245,1.0133831294209097,1.2397336399437795,Good
2.466602588315073,4.312895049588255,1.0632656976292263,1.779134329817284,Bad
2.007763509088651,3.90663946236446,1.0921103863194714,1.0649282603741737,Good
1.5524296409616491,4.24976073535753,1.122881417800233,1.0,Good
2.17438038775902,4.865012673138205,1.3731053151962689,1.3446171074191833,Bad
1.1317979238416294,3.867263338346497,1.0072998989506412,1.3196452528144396,Good
1.636555997285026,2.814235983298802,1.1034150579090556,1.0,Good
1.0703602100439291,4.379910183734211,1.0050877947920716,1.11986681997189,Good
2.1233204129631047,2.0885226591504265,1.2320248830159346,1.0,Good
2.571378131809189,5.44476930681615,1.0635974908666923,1.7491676248243118,Bad
2.3602975016774024,4.845324611129223,1.058509696074621,1.569367394866477,Moderate
2.142131955468183,4.040764384800648,1.2250291581811117,1.4245287202898431,Moderate
2.539512101428458,5.9180400281859,1.0,1.8940062994009452,Bad
3.2573902603585783,1.4337999432075137,1.0501360373105324,2.698113682491173,Good
2.3087488986354163,5.160806873994299,1.2868247182277497,2.0288564718693216,Bad
2.6180300683952704,4.364197595784735,1.0462326187329964,1.7891228319255417,Bad
2.413556303580636,1.6665544839771569,1.2658375437232805,1.804106184422028,Good
1.3957762379318577,2.3882923340660263,1.1200932856587642,1.214761785339036,Good
1.3813727336366135,6.237497765110482,1.0255495903614458,1.3096555520379822,Moderate
3.0638996666135574,2.534154370392184,1.0241670392537894,1.6454372761570375,Moderate
2.406645916018762,1.7020497880798882,1.0513019727944035,1.7341842723278256,Good
1.647656036673261,3.7213066478760655,1.0104935872522347,1.0,Good
1.5944928191233376,4.766477708949024,1.116798187329965,1.0899001149789174,Moderate
3.11157123413181,3.4097052049262224,1.026766258841819,2.3085465175825317,Moderate
1.3950432955627512,3.40582438501099,1.0,1.1448386745766337,Good
1.7879834128683587,4.648160028606586,1.3812670034978625,1.11986681997189,Good
2.875783790084721,2.739269901033833,1.1177613587252235,2.1437296401211823,Moderate
1.9997014010159415,5.425081244807168,1.1434123591138747,1.7042175673348532,Bad
3.9736449042134496,3.0863666480864085,1.0608323886513795,2.7880137974700907,Moderate
1.5374738500149925,2.214696633467602,1.0408083855421686,1.0,Good
1.2902358906175315,2.774765205136565,1.0,1.7391791227160542,Good
4.193996894131987,1.6152519377806758,1.0912485969685193,4.276359346342257,Bad
2.7226037367032463,3.1375745401386155,1.2005441212592305,1.6742508623418806,Moderate
3.647175642526903,2.6682792928283705,1.0231163093664983,2.543285307138082,Moderate
1.378919079417333,4.166938359117824,10.0,1.0,Bad
1.50791280858068,3.12186195218914,1.0,1.1498335249648624,Good
1.7470886599054318,4.166938359117824,1.0384764865915277,1.729189421939597,Moderate
2.2684383582718706,5.13326251801058,1.174893120870579,1.6892342148383668,Bad
2.390888880523407,2.411955870134514,1.1155815468324912,2.303551667194302,Moderate
2.134069847395474,3.5438301273624093,1.0513019727944035,1.7042175673348532,Good
1.733651834616538,6.6871049504117455,1.1643995336183444,1.469478777779302,Bad
1.8650167910062303,7.003817717152383,1.0197526249514186,1.6892342148383668,Bad
2.250678308150067,4.470683508092929,1.2299464251846093,1.2397336399437795,Moderate
1.2203643088196732,3.062703112017921,1.0,1.2297451378355222,Good
1.0644968645816737,3.973749250654691,1.0,1.274695195324981,Good
1.2848611734013469,6.403142517589895,1.029148862806063,1.3096555520379822,Bad
2.27650046634458,5.922015502245406,1.2225912320248735,1.1947835824543211,Bad
2.558674248889402,2.415836690049746,1.1072677714729888,1.3945620152968707,Good
2.6903553044124093,4.5731939463416165,1.0139914496696465,1.7891228319255417,Bad
1.6926402133349892,3.350546364755004,1.0165353470656822,1.5993340998594494,Good
1.7014034023257012,5.492096378953125,1.2448503692188106,1.2297451378355222,Moderate
1.6281433487533157,5.898351966176919,1.0206830003886511,1.0899001149789174,Moderate
1.6309476079284622,5.523710863140624,1.2457628635833655,1.884017797292688,Bad
1.2243369286967167,3.046895869924171,1.0316328488146134,1.1947835824543211,Good
4.2332558776153935,1.8479118244060453,1.0133831294209097,3.3973363994377976,Bad
1.5025380913644957,4.541674116298392,1.0501360373105324,1.0,Good
3.271411298246853,4.198552843305323,1.049882568208317,2.058823176862294,Moderate
3.286951301792891,5.594701471346087,1.3113097551496309,2.0238628201492928,Bad
1.3107576319838576,5.799722347843463,1.0559657986785853,1.3096555520379822,Good
2.531099452896747,4.971498585446399,1.149647676642052,2.0138731193728354,Moderate
1.1788321978409504,3.1020792360358844,1.0292548620287605,1.414539019513386,Good
4.550131746670334,1.3746411030362946,1.0705655685969686,4.071587261779678,Moderate
1.4066106792317452,5.062271909805117,1.0255495903614458,1.154828375353091,Good
2.034637224163303,1.958373210773745,1.012825486202876,1.0,Good
1.7935918667217872,3.725282121935572,1.058509696074621,1.409545367793357,Good
1.072558972654383,5.365922404635949,1.0,1.2397336399437795,Moderate
1.8328507857083287,1.473270721369751,1.0462326187329964,1.6193123027441645,Bad
1.5347865236553324,5.243629250234005,1.0151574131364167,1.059933409985945,Moderate
3.5315019348306915,1.5837321077374504,1.5853089871745043,1.9889012647680917,Moderate
1.81388903000564,6.000862404425607,1.0233190734551108,1.709212417723082,Bad
3.0078154505635943,2.628808514666134,1.1301813167508743,2.6381802725052284,Good
1.4983848802666233,2.699799122871596,1.0,1.4644839273910732,Good
2.8473744691612435,3.3368215138352806,1.113930387874077,1.4794672798875594,Good
2.096446697888452,5.511879095106381,1.0466381748931208,1.5643725444782484,Moderate
2.284328837780045,3.673979575739091,1.0209871745044694,1.6143174523559356,Good
7.023446287193919,1.0,1.0608323886513795,7.038291056083953,Bad
1.0225739026035858,4.512709948150564,1.0013991449669646,1.286348647562648,Good
3.181676552566912,2.4868272982552084,1.0145997699183833,1.729189421939597,Good
1.2355537719067096,2.577600622613927,1.041974349008939,2.198668199718899,Good
2.9429680455229192,1.3589285150868189,1.283870955305091,1.764150977320798,Good
1.5446401611355267,4.056003702028754,1.0590750066070735,1.6552723487357313,Moderate
1.4837264843625526,5.764227043740732,1.035282798289934,1.4295223720098722,Bad
1.6584054711056306,6.817254398788426,1.0384764865915277,1.5493891919817622,Bad
1.832316687172728,3.5596373694561594,1.121259221142635,1.354605609527441,Moderate
1.8707076718525943,6.111323790793307,1.1492421204819276,1.2896785478214672,Bad
2.201254102833672,4.092066930997129,1.1002720466381657,1.3795786628003843,Moderate
2.594831578155076,1.2169472986758938,1.1437303567819666,3.811875418951183,Moderate
2.8059122082868626,4.305038755613516,1.2903225806451613,1.5344058394852758,Moderate
2.2086151299883783,4.920290693394192,1.015816410415857,1.3196452528144396,Bad
3.347125006038519,4.565337652366879,1.059615748153906,1.7391791227160542,Bad
1.5215833705068178,3.157357256291871,1.0121664889234356,1.5194224869887896,Good
4.409538772386889,1.3234332109840876,1.1895205378935094,3.4422864569272567,Moderate
2.609734223685317,3.4531514571479653,1.0535324897007383,1.4445057245063584,Good
1.8973476502900024,4.458851740058686,1.0340661298095608,1.0,Moderate
1.3998805604063769,4.210384611339567,1.8483906350563544,1.094894965367146,Bad
3.464901891991874,2.55393708654544,1.0,1.409545367793357,Moderate
1.661092861962155,6.194146167033013,1.0279828993392923,1.3046619003179534,Bad
4.266906407245372,1.6862425459861383,1.1107149568596968,2.7130970349876598,Bad
2.8563880349802617,2.301494483766814,1.4039270796735328,1.0549385595977163,Moderate
2.281524643101763,4.888676209206693,1.0547491581811117,1.2097669349508071,Bad
1.4246043369970636,4.825636549120242,1.0629615235134084,1.4794672798875594,Good
1.86533295463641,5.339892514960614,1.162067634667703,1.6193123027441645,Moderate
1.370155890426621,2.6919428288968583,2.047533764477264,1.419533869901615,Bad
1.7390265518327226,6.020645120578863,1.2961523420132142,1.0,Bad
2.071208816790185,4.163057539202592,1.1216647773027597,1.449500574894587,Moderate
2.0561361575249064,2.920721895606996,1.3579479300427515,1.0699219120942025,Bad
1.683080423569829,4.072284214843873,1.0069957248348231,1.419533869901615,Good
1.0886831887998012,4.324726817622498,1.0,1.0849052645906887,Good
3.665870381210224,4.352365827750491,1.284695583365721,1.6592675098453944,Moderate
2.73335323563248,4.84930008518873,1.1492421204819276,1.6992227169466243,Bad
2.007763509088651,5.716899971603756,1.0513019727944035,1.059933409985945,Bad
1.8384592395617576,3.5083348232596783,1.024485036921881,1.0449500574894588,Good
1.174678986743078,4.151225771168347,1.0046638258841818,1.11986681997189,Good
1.5013165207493189,4.147250297108842,1.0338126607073457,1.1398450228566048,Good
2.241564643197218,3.023232333855684,1.0909444228527012,1.4045505174051285,Good
1.6987160114691764,4.431212729930692,1.024485036921881,1.5244173373770182,Good
1.4246043369970636,3.7804654880472848,1.2110377085114652,1.11986681997189,Good
2.8193490335757563,2.498659066289452,1.0384764865915277,1.5244173373770182,Moderate
1.556285457016935,6.919859491181389,1.1539059463661097,1.0699219120942025,Bad
1.7282771174003533,4.427237255871185,1.1154294597745822,1.3346286053109258,Moderate
2.3786204804332747,3.8909268744149847,1.101438010104936,1.529412187765247,Good
1.4038064845534632,5.334402574592724,1.1338312662261951,1.11986681997189,Moderate
3.5181819133635552,5.13326251801058,1.0669156191216478,1.8740292951844304,Bad
2.3060615077788915,1.9347096747052572,1.3019821313641664,1.484462130275788,Bad
2.822737505350284,2.845755813342027,1.0462326187329964,1.2996670499297247,Good
1.6154076043824244,5.097767213907848,1.0,1.1798002299578347,Moderate
1.2916379879566726,5.701187383654281,1.026766258841819,1.3596004599156697,Moderate
1.6561854890267294,5.669572899466782,1.041366028760202,1.0,Bad
1.771158180301802,6.793590862719939,1.026766258841819,1.3995556670168998,Bad
1.693341294252992,3.3703290809082587,1.0408083855421686,1.204772084562579,Good
1.4234359117983018,3.5871817254398786,1.0190792444617178,1.3196452528144396,Good
2.27650046634458,5.922015502245406,1.2225912320248735,1.1947835824543211,Bad
1.66459813755844,7.057865233532808,1.0279828993392923,1.2597118428284946,Bad
1.740311845350106,3.287506704668553,1.1204481368052857,1.3995556670168998,Moderate
2.3882182588516736,3.784440962106791,1.125923047026817,1.6492790077371366,Moderate
1.810417099288344,5.500047327072137,1.0377160792848814,1.5344058394852758,Bad
1.9620782515089203,6.170482630964526,1.083948698017878,1.0799116128706598,Bad
1.7712749841235595,5.661716605492043,1.0862805969685192,1.4894557819958172,Bad
1.9786698119350976,3.516191117234416,1.0145997699183833,1.0899001149789174,Good
2.698417412485118,2.1437060252621394,1.0874465604352896,1.729189421939597,Good
1.9562361255151124,6.209953409126763,1.0206830003886511,1.6193123027441645,Bad
1.752463441618481,2.273855473638821,1.0676253493975905,1.2197554370590649,Good
2.093759307031928,4.868988147197712,1.0804508356004665,1.644284157348908,Moderate
2.93490593745021,2.526298076417446,1.2895621733385154,1.9655943602927568,Moderate
4.491243335942089,1.2208281185911256,1.0729988775748154,3.6420648897698062,Bad
2.17438038775902,1.8321992364565696,1.571317537504858,1.5993340998594494,Bad
2.390888880523407,1.398304639104782,1.0450159782355228,2.093784732243495,Good
1.8975813869272469,4.963642291471661,1.1282549459774582,1.6193123027441645,Bad
1.3896685783465663,3.1612380762071037,1.060629624562767,1.0,Good
1.4514780520717157,3.5478056014219157,1.0,1.4395120727863295,Good
2.8059122082868626,2.404004922015502,1.2012103661095996,1.639289306960679,Moderate
2.408181521867587,4.348390353690985,1.1364166342790516,1.5943392494712207,Moderate
2.1805730542118296,6.541242914085588,1.0991061111542946,1.4594890770028446,Bad
3.867423083027954,1.5719003397032068,1.172561221919938,2.3584902267920187,Moderate
5.380178337700381,2.163488741415395,1.1192314963078118,2.817980502463063,Bad
2.382476296488561,5.302788090405224,1.0048665899727944,1.0998886170871751,Moderate
1.6503433630329214,4.979449533565411,1.0454722114263506,1.5394006898735046,Bad
2.571378131809189,2.2305038755613515,1.0024333089778468,1.11986681997189,Good
2.396497334376836,3.3978734368919787,1.035282798289934,1.5194224869887896,Good
3.3917587067381105,1.915021612696276,1.216867469879518,1.0899001149789174,Moderate
3.145221828258652,3.0863666480864085,1.159380856587641,1.5244173373770182,Moderate
3.439664010893607,1.7177623760293637,1.0644823381267003,2.9328524720467244,Good
1.1766652966815998,5.727974506483809,1.0072998989506412,1.2397336399437795,Good
3.815428355173657,2.52232260235794,1.149647676642052,3.2275246715882204,Moderate
3.535007210426976,2.163488741415395,1.041366028760202,1.943951207278633,Good
1.5776675865567809,4.967617765531168,1.0864925954139135,1.2497221420520372,Moderate
1.3359211481972622,5.957510806348138,1.0,1.4445057245063584,Moderate
2.0880340493567418,2.364628797997539,1.5304584469490865,1.0649282603741737,Bad
3.1199838826635204,5.034632899677124,1.1739806265060242,2.0887898818552664,Bad
5.24557621918047,3.7764900139877793,1.0754321585697628,2.4134299850579346,Bad
1.636555997285026,4.498227864076648,1.058509696074621,1.529412187765247,Good
2.050761440308721,5.018825657583375,1.137582597745822,1.3196452528144396,Bad
1.8518960648506515,6.174458105024032,1.1492421204819276,1.5394006898735046,Bad
3.882729414433612,3.882975926295973,1.0194663598911775,2.2086567018271563,Moderate
1.7014034023257012,3.0114005658214404,1.4768752522347457,1.4894557819958172,Bad
2.17169306139936,3.839624328218504,1.3287990672366887,1.1798002299578347,Bad
1.325171713764893,5.042489193651862,1.1947143319082782,1.0899001149789174,Moderate
1.918312485116005,3.8474806221932414,1.0356145915274,1.6342956552406505,Bad
1.861912621410779,4.801973013051755,1.0046638258841818,1.329633754922697,Moderate
3.195697590455187,3.062703112017921,1.23359637465993,2.0688128776387518,Moderate
1.267201286910239,6.227464425817443,1.0133251768363778,1.246393440461418,Bad
1.6533812943484474,3.926422178517716,1.0279828993392923,1.669256011953652,Good
3.974917878829698,1.4692952473102447,1.1585697722502917,3.592119981892119,Moderate
2.12511194237059,4.967617765531168,1.0687912848814614,1.0499449078776877,Bad
1.3547327551992052,5.358066110661212,1.0174893120870578,1.0,Moderate
1.835771848705233,3.567493663430897,1.6634278958414304,1.389567164908642,Bad
2.418931020796821,6.343983677418676,1.0304162083171395,1.8540510922997155,Bad
1.4514780520717157,6.63977787827477,1.0623255561601244,1.529412187765247,Bad
1.7820244830527932,2.908890127572752,1.1492421204819276,1.7591561269325693,Good
4.6006075733637335,1.2406108347443812,1.132614597745822,4.740843273733331,Moderate
2.0749477645268493,2.8189686905124995,1.0769529731830547,1.7691458277090266,Good
2.3796720373134144,2.90093917945374,1.0547491581811117,1.469478777779302,Good
1.2606748491832194,1.903189844662032,1.0279828993392923,1.2397336399437795,Good
1.929829819218084,2.360653323938033,1.064127486980179,1.094894965367146,Good
2.932101742771928,3.9461102405266977,1.0072998989506412,2.0488346747540365,Bad
2.061510874741091,4.525866874204642,1.005829761368053,1.349611957807412,Moderate
1.8328507857083287,4.119611286980849,1.009854849591916,1.544395540261733,Good
1.3084632850200937,3.71733117381656,1.0024333089778468,1.0499449078776877,Good
1.6772170781075737,5.109598981942092,1.209871745044695,1.4594890770028446,Bad
1.835771848705233,3.567493663430897,1.6634278958414304,1.389567164908642,Bad
1.5019538787651148,4.955785997496924,1.0508780038865138,1.5194224869887896,Good
2.792475382997969,4.652040848521818,1.0991061111542946,1.9889012647680917,Bad
2.906863797176796,6.063996718656331,1.0693489280994948,1.5543840423699908,Bad
1.3090474976194746,3.1375745401386155,1.0,1.274695195324981,Good
2.194594092100104,7.468001640671834,1.026766258841819,1.15982202707312,Bad
1.6960286851095163,5.776058811774976,1.1434123591138747,1.5543840423699908,Bad
1.967452968725105,4.679679858649811,1.030314798289934,1.9739179122716053,Moderate
1.8008360900547362,4.257711683476542,1.1049358725223477,2.288568314697816,Good
1.7927739819820272,1.9741804528674949,1.030314798289934,1.0,Good
1.3359211481972622,2.1121861952189143,1.037310523124757,1.1398450228566048,Good
4.303672715906426,2.4553074682119838,1.1803342277497084,5.090455231540743,Bad
4.923091896272101,2.561793380520177,1.0012166404974738,3.052719292018614,Bad
1.327859040124553,5.3501151625422,1.310245201710066,1.414539019513386,Moderate
2.071208816790185,5.283100028396243,1.068132287602021,1.544395540261733,Bad
4.754839183625347,2.7234626589400834,1.1289646762534007,3.067702644515101,Bad
2.1690056705428358,5.164782348053805,1.1958802953750487,1.3995556670168998,Moderate
1.5697222823058292,5.279124554336737,1.163233570151574,1.4245287202898431,Moderate
1.6449686458167367,5.567062461218094,1.209871745044695,1.4944506323840456,Bad
1.8216339424983363,5.030657425617618,1.0644823381267003,1.4944506323840456,Bad
1.671842360891389,4.26556797745128,1.1410804601632336,1.2247502874472935,Moderate
2.1665520163235548,2.1121861952189143,1.0635974908666923,1.724195770219568,Good
2.1973982867783857,4.273424271426018,1.058509696074621,1.4944506323840456,Moderate
3.488221120362565,5.638053069423556,1.3797679315973572,2.158712992617669,Bad
3.9107715547070256,1.2879379068813563,1.068132287602021,2.8529408591760648,Moderate
2.517078415008472,6.265136775238476,1.0133831294209097,1.314650402426211,Bad
2.2066288200498567,2.1516569733811512,1.0326467252234746,1.5044391344923034,Good
1.755150767978141,5.1844704100627865,1.1492421204819276,1.6842393644501383,Moderate
2.187817277544778,2.774765205136565,1.5130198118927325,1.4245287202898431,Bad
2.054383519726764,5.8391931260057,1.132614597745822,1.604328950247678,Bad
1.0448673728399704,2.845755813342027,1.0,1.0,Good
2.020732990096786,4.26556797745128,1.122881417800233,1.6193123027441645,Good
2.8367585432385587,4.072284214843873,1.1170193921492422,1.859045942687944,Moderate
2.502239492380437,5.638053069423556,1.217779964244073,1.5543840423699908,Bad
6.159749166533894,1.1222931544019437,1.1070650073843762,4.705882917020329,Bad
2.4694068474902195,5.496071853012631,1.0,1.908989651897432,Bad
1.8169603062001547,4.9281469873689305,1.034978624174116,1.609322601967707,Bad
1.647656036673261,5.397442234679175,1.0948985184609406,1.9039960001774028,Bad
1.81427291534363,4.285256039460261,1.212203643995336,1.4744724294993308,Moderate
2.8381606405777,5.937822744339156,1.2203653322969297,1.3645953103038984,Bad
1.5998208406095653,4.291881829559438,1.026583754372328,1.3396222570309548,Good
1.5423600034819709,5.582869703311843,1.0,1.5793558969747346,Moderate
2.5086657664767618,4.151225771168347,1.326061612125923,1.1298553220801475,Moderate
2.369092552119218,3.0074250917619345,1.2287297846871357,1.7691458277090266,Moderate
4.373466449988734,1.2918187267965882,1.0133831294209097,2.8129856520748344,Moderate
1.556285457016935,6.919859491181389,1.1539059463661097,1.0699219120942025,Bad
2.2173783189790903,5.243629250234005,1.2436844057520404,1.669256011953652,Bad
2.057187714405046,5.661716605492043,1.0291995398367664,1.6992227169466243,Bad
2.0265751160905943,1.8676945405593008,1.4357337302759423,1.5993340998594494,Good
1.9432666445069773,2.620952220691396,1.0279828993392923,1.5593788927582195,Good
1.7470886599054318,4.84930008518873,1.1235911480761758,1.589345597751192,Moderate
1.1177768859533548,6.840917934856914,1.0279828993392923,2.198668199718899,Bad
1.6898360186567072,3.145525488257628,1.041366028760202,1.3596004599156697,Good
1.8132213584634904,6.115299264852813,1.0609039689078896,2.126748107735765,Bad
2.65448479270353,3.953966534501435,1.1021984174115818,1.214761785339036,Moderate
2.8367585432385587,3.0035442718467023,1.033070694131364,1.6542726594571655,Moderate
1.6163034013345992,5.6498848374578,1.0699572483482316,1.03995520710123,Moderate
1.7309644437600131,6.338493737050787,1.025317863972017,1.4914539618847484,Bad
2.4699910600896007,4.656016322581324,1.2623396813058687,1.884017797292688,Moderate
3.156438671468645,2.104329901244176,1.0218996688690245,1.864039594407973,Moderate
2.2254404270518,4.790141245017511,1.0862805969685192,1.4295223720098722,Moderate
1.8492087384909917,5.925990976304912,1.1900505340069958,2.6381802725052284,Bad
1.9169771420317057,3.326882828686516,1.0127194869801788,1.5194224869887896,Good
2.502239492380437,5.638053069423556,1.217779964244073,1.5543840423699908,Bad
3.8969841889591295,5.425081244807168,1.1842207446560435,2.1087680847399817,Bad
1.478351767146368,4.076259688903379,1.0909444228527012,1.0,Good
2.373783215589649,6.42292523374315,1.315973581033813,1.9739179122716053,Bad
1.3617433063917748,2.849731287401533,1.006359757481539,1.3596004599156697,Good
1.7094655103984104,3.232228684412566,1.01703307889623,1.4794672798875594,Good
2.013138226304836,2.3843168600065203,1.101438010104936,1.174805379569606,Good
1.6879665770368073,3.879095106380741,1.0023318989506411,1.5593788927582195,Good
1.2821737825448225,3.21651609646309,1.0617955600466382,1.11986681997189,Good
2.1851298866882534,3.173069844241347,1.7846871449669646,1.7142060694431107,Moderate
4.945525582692087,1.3194577369245817,1.1459977271667314,5.210322051512632,Bad
2.4077141775868283,3.831768034243766,1.0788609032258063,2.0688128776387518,Good
1.8814571707818284,2.8024042152645583,1.0,1.2397336399437795,Good
1.7040907931822258,4.675704384590305,1.3148076175670425,1.1048834674754036,Bad
1.914172947353424,4.924171513309425,1.200746885347843,1.034961555381201,Bad
1.2982979986902408,4.5298423482641486,1.0,1.6492790077371366,Good
1.7282771174003533,5.535542631174868,1.1061018359891177,1.1448386745766337,Moderate
1.88613080708001,7.259005290114953,1.0669156191216478,1.2796888470450098,Bad
3.1760680987134835,2.790572447230314,1.0401493882627284,2.053829525142265,Moderate
2.386682588505984,2.1910330973991146,1.150408083948698,1.804106184422028,Good
3.212522887518608,3.1100301841548963,1.1289646762534007,2.123751437236468,Moderate
4.008918948918677,1.402280113164288,1.1562378453167508,2.1687014947259264,Moderate
1.9244550375050344,3.177045318300853,1.283326855810338,1.2996670499297247,Moderate
2.023887725234069,4.83349284309498,1.0256510003886514,1.469478777779302,Bad
1.6960286851095163,1.8873826025682825,1.101438010104936,1.254716992440266,Good
1.81427291534363,3.468864045097441,1.4827050136027982,1.0,Moderate
1.6730107860901504,4.470683508092929,1.0012166404974738,1.5044391344923034,Moderate
3.0128396273207776,5.819505063996719,1.2087057815779243,1.839067739803229,Bad
2.0185130080178846,5.93384727027965,1.222697231247571,1.864039594407973,Bad
1.8132213584634904,6.115299264852813,1.0609039689078896,2.126748107735765,Bad
2.3432173130051543,5.152950580019562,1.0802987485425573,2.228634904711871,Bad
1.5965959973804815,5.673548373526288,1.1165954232413524,1.1448386745766337,Bad
1.5412127977516563,3.133693720223384,1.0508780038865138,1.644284157348908,Good
2.3436846572859134,2.770789731077059,1.1247570835600469,1.3645953103038984,Moderate
1.106230141281027,5.171502792297256,1.0065842083171397,1.0,Good
1.5570183993860416,5.488215559037893,1.0,1.4544954252828155,Moderate
1.3140716743766578,3.1471346087102847,1.0244546195102993,1.2647054945485237,Good
4.109870537808611,2.91674642154749,1.1338312662261951,2.683130329994687,Moderate
1.9325171455777437,4.801973013051755,1.2774970944422852,1.4994454827722743,Bad
1.7627455317700913,2.869419349410515,1.0343426568208318,1.3096555520379822,Good
1.2383579665849915,4.805853832966987,1.0255495903614458,1.0749167624824312,Good
2.4834278853784943,2.2620237056045767,1.0742155180722892,1.2597118428284946,Good
2.915276445708507,3.4728395191569468,1.0389327197823552,1.6942290652265954,Good
3.440131355174366,2.889107411419497,1.3276331037699185,2.1836848472224126,Moderate
3.0316512343227204,4.379910183734211,1.1480761849980567,1.0,Moderate
3.1794565704880107,2.8772756433852527,1.2017100567431014,2.0788013797470093,Moderate
2.6957300861254585,5.314619858439468,1.33113096618733,1.3995556670168998,Bad
1.4729769854333186,5.588264989535459,1.159380856587641,1.6193123027441645,Moderate
3.607916723540361,1.8715753604745329,1.083948698017878,2.2086567018271563,Moderate
2.0803224817430337,2.218672107527108,1.060629624562767,1.4994454827722743,Good
2.4694068474902195,2.072715417056677,1.020351207151185,1.839067739803229,Good
1.378568538958331,4.135418529074598,1.0024333089778468,1.4994454827722743,Good
2.317979431906888,5.354090636601706,1.0763170058297706,1.6143174523559356,Bad
1.86802028099607,5.843168600065206,1.096774184220754,1.0,Bad
3.5518324429935326,2.273855473638821,1.0985484679362612,1.5943392494712207,Moderate
1.5356044083950926,2.739269901033833,1.0254390019432569,1.2896785478214672,Good
1.8008360900547362,4.498227864076648,1.06645938593082,1.2896785478214672,Moderate
2.9644669788845226,5.79584152792823,1.0816167990672367,1.5244173373770182,Bad
1.2311137432520425,4.703343394718299,1.0,1.0899001149789174,Moderate
2.0631232963556325,5.093791739848342,1.0489700738437622,1.5743622452547057,Moderate
2.064198265597615,4.870313305217547,1.044889243684415,1.4544954252828155,Moderate
1.419229619780879,5.827361357971456,1.0559657986785853,1.3596004599156697,Bad
1.8922066052141973,2.459282942271489,1.0676253493975905,1.4045505174051285,Good
1.058888410728245,2.739269901033833,1.0036499494753206,1.0699219120942025,Good
3.182143896847671,1.6349399997896574,1.3905946272833267,2.198668199718899,Moderate
2.3095667833751765,4.723031456727281,1.0060832304702685,1.2647054945485237,Good
2.443117345014948,5.582869703311843,1.35445006762534,1.834072889415001,Bad
3.141833356484125,3.7804654880472848,1.2331908184998055,1.419533869901615,Moderate
1.599283388237006,5.421105770747662,1.1294209094442285,1.2097669349508071,Moderate
1.9782024676543388,6.46627683182062,1.079284872133696,1.4245287202898431,Bad
1.5106001994372047,5.531567157115362,1.0851146614846483,1.834072889415001,Bad
2.8112869255030475,3.914590410483472,1.0501360373105324,1.5643725444782484,Moderate
1.8196476325598143,5.448744780875656,1.156587631558492,1.6492790077371366,Bad
2.8623469647958277,5.452720254935162,1.1923824329576371,1.449500574894587,Moderate
1.2635959121801232,4.348390353690985,1.0368865542168677,1.2497221420520372,Good
2.2388772523406937,6.351934625537688,1.0944422852701128,1.4245287202898431,Bad
1.8749139638700172,4.182745601211574,1.0364994387874078,1.5493891919817622,Moderate
2.064198265597615,3.326882828686516,1.0338126607073457,1.414539019513386,Good
2.2442520340537424,3.969773776595185,1.1061018359891177,1.5643725444782484,Moderate
2.1985667119771475,4.687536152624549,1.3276331037699185,1.0899001149789174,Bad
2.072260373670325,5.196302178097031,1.1061018359891177,1.589345597751192,Bad
2.0212003343775446,5.598582291261319,1.1061018359891177,1.0,Bad
1.9029561041434315,1.8360800563718012,1.0316328488146134,1.5543840423699908,Good
1.3842937966335174,1.7138815561141318,1.1200932856587642,1.0,Moderate
1.661092861962155,6.8330616408821765,1.060629624562767,1.1298553220801475,Bad
1.6046581054531908,3.4728395191569468,1.197046258841819,1.389567164908642,Good
1.7627455317700913,5.243629250234005,1.0194663598911775,1.354605609527441,Bad
1.7417139426892472,5.259436492327756,1.024485036921881,1.0299667049929724,Good
1.2579874583266948,2.9995687977871963,1.0326467252234746,1.0699219120942025,Good
1.5374738500149925,2.687967354837353,1.1294209094442285,1.2647054945485237,Good
1.9217677111453744,5.563086987158588,1.1107656338904004,2.15371814222944,Bad
2.623171113471076,2.55393708654544,1.494364564321803,1.5493891919817622,Bad
3.087353048462579,2.534154370392184,1.1562378453167508,2.265261410222482,Moderate
1.8438339567779425,5.318595332498974,1.083948698017878,1.2297451378355222,Bad
1.8020045152534976,4.435188203990197,1.143564446171784,1.3645953103038984,Good
2.278720448423481,1.89523889654302,1.068685285658764,1.9339627051703752,Good
1.8922066052141973,3.689786817832841,1.1294209094442285,1.0,Moderate
1.2383579665849915,3.3703290809082587,1.0,1.0,Good
1.4434159439990064,4.084115982878117,1.1935483964244074,1.0899001149789174,Moderate
2.3194983330677856,2.2818064217578327,1.258841818888457,1.8940062994009452,Good
1.436819656167645,4.600832956469611,1.0635974908666923,1.3096555520379822,Moderate
1.8115855244871053,5.664366921531714,1.4034201414691023,1.449500574894587,Moderate
1.6960286851095163,5.776058811774976,1.1434123591138747,1.5543840423699908,Bad
2.8059122082868626,2.8930828854790027,1.1270890104935871,1.4594890770028446,Moderate
4.2164305805519735,1.4811270153444884,1.092465237465993,3.022752587025642,Moderate
1.193490593745021,3.299338472702797,1.0011659634667702,1.374583812412156,Good
2.6124216145418417,4.2970878074945045,1.2541779930042751,1.6742508623418806,Bad
2.9698417605975718,2.226528401501846,1.263505644772639,2.363485077180248,Bad
2.9322185465936856,8.52102899571953,1.2973183054799844,1.7831294909269473,Bad
1.3028548311666652,5.931480916672801,1.0133831294209097,1.3945620152968707,Good
2.365183655144381,4.679679858649811,1.1690633595025262,1.5543840423699908,Bad
2.768289058779841,3.5083348232596783,1.0233190734551108,1.5943392494712207,Moderate
2.0856971989592186,4.241904441382792,1.06645938593082,1.779134329817284,Moderate
2.660794262978097,2.979880735778215,1.0268169358725223,1.589345597751192,Moderate
2.402105723733399,1.8005847522690703,1.1058483668869024,1.234738789555551,Good
1.9557262778005944,6.426806053658383,1.0508780038865138,1.544395540261733,Bad
1.5401612408715168,2.467139236246227,1.197046258841819,1.1498335249648624,Good
3.09346070804787,2.841780339282521,1.0629615235134084,1.7142060694431107,Moderate
1.824438201673483,2.924602715522228,1.0027982899339292,1.2996670499297247,Good
2.5927921228001383,2.8970583595385087,1.0705655685969686,2.228634904711871,Moderate
3.1794565704880107,2.8772756433852527,1.2017100567431014,2.0788013797470093,Moderate
2.104508805961162,3.855431570312253,1.3859308293820445,1.5643725444782484,Moderate
2.569423683321771,2.4316439321434955,1.029148862806063,1.6342956552406505,Good
2.128695130179289,2.1950085714586205,1.1831608083948697,1.0799116128706598,Good
1.8973476502900024,4.663872616556061,1.0474492592304705,1.4894557819958172,Bad
1.7318991968183957,3.31117024073704,1.0316328488146134,1.0249718546047435,Good
3.885533609111894,4.592882008350599,1.0255495903614458,2.927857621658496,Bad
1.2944421826349544,7.404961980585384,1.0316328488146134,1.409545367793357,Bad
1.8665013798351715,3.512310297319184,1.100981776914108,1.779134329817284,Good
2.007763509088651,5.523710863140624,1.0921103863194714,1.5044391344923034,Bad
2.98596597674299,7.613958331142266,1.4010882145355616,1.6992227169466243,Bad
2.0534487666683816,6.608258048231544,1.1434123591138747,1.4544954252828155,Bad
3.5209861725387017,4.569218472282111,1.048665899727944,1.9988897668763488,Bad
1.970257163403387,5.1844704100627865,1.0,2.0338513222575503,Bad
2.013138226304836,1.6362651578094929,1.071956038865138,1.7541624752125404,Good
2.8784711809412453,4.352365827750491,1.08861252390206,1.4345172223981009,Good
3.181676552566912,1.7335696181231135,1.0652934224640498,1.7941176823137703,Good
1.4514780520717157,6.63977787827477,1.0623255561601244,1.529412187765247,Bad
4.491243335942089,1.2208281185911256,1.0729988775748154,3.6420648897698062,Bad
3.17887235788863,1.9702049788079887,1.0364994387874078,2.503330100036852,Good
1.1800537684561272,3.6503160396706034,1.029148862806063,1.0649282603741737,Good
3.271411298246853,4.127562235099861,1.1569475755926937,3.1825746140987614,Bad
2.013138226304836,5.894376492117413,1.2215312957637,1.7570536629102624,Bad
1.875314618392799,6.072610245785261,1.2744989226583754,1.892341349271536,Bad
1.2284264168923824,3.725282121935572,1.0326467252234746,1.419533869901615,Good
2.598984789252948,3.5004785292849405,1.2191993688301594,2.388456931784991,Good
1.4353538359262972,5.267292786302494,1.0,1.11986681997189,Good
2.045970871195053,6.154675388870776,1.0462326187329964,1.2397336399437795,Bad
2.741415343705189,4.758526760830012,1.1783909832879906,1.6143174523559356,Bad
1.9943266837997573,5.452720254935162,1.1422463956471045,1.3096555520379822,Bad
1.467602268217134,6.525435671991839,1.0676253493975905,1.6293008048524218,Bad
2.3786204804332747,3.050871343983677,1.3701374488923437,1.639289306960679,Moderate
1.9728276859412897,6.647728826393782,1.079284872133696,1.7841291802055128,Bad
1.38417699281176,5.578894229252337,1.1776305759813448,1.938956356890404,Moderate
1.8765710173148495,4.514035106170399,1.0314807617567043,1.958934559775119,Bad
1.988951902086708,3.224372390437828,1.2331908184998055,1.3945620152968707,Good
1.1908032028884965,5.397442234679175,1.0,1.254716992440266,Good
2.915060768193346,3.466592345634866,1.0,1.4160085867262413,Good
1.5860802350884915,6.060021244596825,1.0888152879906725,1.0,Bad
4.389668578346567,2.502634540348958,1.0928523528954528,1.864039594407973,Bad
2.444168901895088,3.374209900823491,1.1182913548387097,1.7391791227160542,Good
3.31908293026197,3.7804654880472848,1.0279828993392923,2.3285235217990463,Moderate
2.5640489661055863,1.303650494830832,1.4360668387096776,2.198668199718899,Moderate
1.712152901254935,2.017532050944964,1.0023318989506411,1.0749167624824312,Good
2.499552101523913,4.214265431254798,1.2238631947143412,1.0699219120942025,Moderate
2.5899879281218565,4.963642291471661,1.0401493882627284,1.349611957807412,Moderate
2.41051837226511,6.754214738701976,1.0279828993392923,1.644284157348908,Bad
2.1958793856174874,1.141981216410925,1.0816167990672367,2.603218717124027,Good
2.908032222375558,2.644615756759884,1.1585697722502917,1.8091010348102567,Moderate
2.502239492380437,1.7217378500888696,1.1527399828993392,2.138734789732954,Moderate
1.752463441618481,3.1415500141981214,1.3211950221531286,1.4544954252828155,Moderate
3.1536344122934983,2.755077143127583,1.2518460940536338,1.839067739803229,Moderate
1.4851285817016937,6.604282574172038,1.0194663598911775,1.174805379569606,Bad
1.7804120614382517,4.73883869882103,1.0151574131364167,1.4794672798875594,Bad
1.8468718880934685,5.042489193651862,1.0048665899727944,1.4544954252828155,Good
1.5965959973804815,3.567493663430897,1.0513019727944035,1.3346286053109258,Good
3.422838713830185,2.246311117655101,1.0109498204430625,2.967814027427925,Moderate
1.5750970640188784,5.176614116088049,1.2215312957637,1.11986681997189,Moderate
1.7578381588346657,3.62267702954261,1.0104935872522347,1.409545367793357,Good
2.2086151299883783,5.973318048441887,1.1294209094442285,1.1947835824543211,Bad
1.4434159439990064,3.516191117234416,1.4104158663039257,1.4794672798875594,Bad
2.875783790084721,4.707318868777804,1.3661095903614455,1.3246389045344684,Bad
3.31908293026197,4.7151751627525424,1.0109498204430625,2.173696345114155,Bad
2.0749477645268493,5.4763837910036495,1.163233570151574,1.2647054945485237,Bad
1.7014034023257012,6.63977787827477,1.1842207446560435,1.4994454827722743,Bad
1.2635959121801232,4.0959477509123605,1.024332949863972,1.0,Good
3.2377607686168752,1.5757811596184386,1.049882568208317,2.4134299850579346,Good
1.7262908074618315,5.330427100533218,1.0060832304702685,1.0,Bad
1.5106001994372047,5.531567157115362,1.0851146614846483,1.834072889415001,Bad
1.725589726543829,5.389585940704437,1.036144587640886,1.4994454827722743,Bad
1.906180947372515,5.511879095106381,1.0026650353672757,1.3945620152968707,Moderate
1.3449180093283537,5.017500499563539,1.0535172949863971,1.354605609527441,Bad
1.3056590258449472,5.705068203569513,1.0048665899727944,1.449500574894587,Good
3.6724135881220334,2.818116803214034,1.0948985184609406,1.9639294101633475,Moderate
1.7795708288335126,5.5394234510901,1.0377160792848814,1.3196452528144396,Bad
4.627948632719144,3.208565148344078,1.0209871745044694,1.7391791227160542,Bad
2.813974316359572,4.545554936213623,1.2075398460940536,1.4445057245063584,Bad
3.565853545378672,2.7314136070590957,1.1107149568596968,3.342397839840081,Moderate
2.0231547828649634,3.606964441593135,1.0163233486202876,1.5144288352687607,Good
2.7678004305337707,5.764227043740732,1.0241670392537894,1.3645953103038984,Bad
2.381307871289799,3.2913875245837847,1.01199265915274,2.608213567512256,Moderate
1.6127202135259,6.060021244596825,1.0174893120870578,1.2896785478214672,Moderate
2.040011941379488,6.5175793780171,1.0769529731830547,1.15982202707312,Bad
1.5697222823058292,6.107348316733801,1.0699572483482316,1.5993340998594494,Moderate
1.548223348944226,4.521891400145136,1.005829761368053,1.5743622452547057,Good
3.088085990831685,2.5459861384264277,1.216867469879518,2.4633736942674225,Moderate
1.50791280858068,4.750670466855274,1.0034978624174116,1.2197554370590649,Good
3.0162280990953048,4.166938359117824,1.0644823381267003,1.6992227169466243,Bad
2.2078503906650333,3.81198531809051,1.113203560046638,2.213651552215385,Good
1.725589726543829,3.4965030552254346,1.047804110376992,1.5244173373770182,Good
2.1889857027435395,1.9898930408169704,1.0381584889234357,1.6642623602336228,Good
2.170618092157377,4.229410094338631,1.053167508744656,1.8743229688933611,Bad
1.8518960648506515,5.523710863140624,1.0874465604352896,1.419533869901615,Moderate
2.3678709815040406,3.705499405782316,1.0437993097551497,2.3984466325614484,Moderate
2.144118265406705,5.137143337925812,1.0454722114263506,1.11986681997189,Moderate
3.044270174871854,1.4377754172670194,1.274962403420132,2.148723291841211,Good
2.12168457898672,5.361946930576443,1.132614597745822,1.7841291802055128,Moderate
1.2047074369550137,6.533291965966576,1.0218996688690245,1.1048834674754036,Moderate
1.8501859304862684,5.594701471346087,1.3739532809949475,1.4395120727863295,Bad
5.192296197808789,2.514466308383202,1.138748533229693,2.4384018396626788,Bad
2.6661689801942816,2.459282942271489,1.541002711232025,1.943951207278633,Bad
1.7066613157201282,4.498227864076648,1.1399144966964632,1.4544954252828155,Moderate
1.7655497264483735,4.332583111597236,1.020351207151185,1.3795786628003843,Moderate
3.061095471935275,4.28137521954503,1.1289646762534007,2.278579812589559,Moderate
1.80480870993178,2.660422998853633,1.0343426568208318,1.529412187765247,Good
2.1525309139384152,3.9619174826204473,1.0279828993392923,1.6342956552406505,Good
2.5955963174784205,3.7962727301410335,1.1180148278274389,1.5993340998594494,Moderate
2.466602588315073,4.959666817412156,1.1094982883793238,2.4184236367779635,Bad
1.5748633273816344,5.263411966387261,1.0523158492032647,1.609322601967707,Bad
3.961247316903561,1.761208628251107,1.2834789428682472,1.6992227169466243,Moderate
1.658989683705011,3.82779256018426,1.0050877947920716,1.3446171074191833,Good
3.456255571319784,4.7151751627525424,1.1737271574038088,2.363485077180248,Moderate
3.369558692458505,1.915021612696276,1.0523158492032647,1.9489460576668611,Moderate
2.07747700907142,5.855000368099449,1.0024333089778468,1.1048834674754036,Bad
2.9287633850611807,1.911708717646688,1.0159902401865526,1.7691458277090266,Good
2.9937943481784552,2.356677849878527,1.0523158492032647,1.9289678547821465,Moderate
1.9352045364342685,5.050440141770873,1.1070345899727945,1.2397336399437795,Bad
2.7161774626069217,3.21651609646309,1.01703307889623,1.2197554370590649,Good
1.550910739800751,3.0784156999673966,1.012825486202876,2.0788013797470093,Good
2.908032222375558,2.8772756433852527,1.0804508356004665,1.8790229469044597,Moderate
2.459241561160366,4.825636549120242,1.0746210742324136,1.2846836974332383,Bad
2.36565099942514,1.9505169167990075,1.0305267967353284,1.7491676248243118,Good
1.9190803202888496,3.819936266209522,1.1935483964244074,1.4894557819958172,Moderate
1.7444013335457718,2.297519009707308,1.191216469490867,1.204772084562579,Good
2.295312008849658,2.0253883449197017,1.2541779930042751,2.198668199718899,Good
3.3101604340157413,1.2129718246163876,1.167897396035756,1.7541624752125404,Good
3.2251418280677417,3.6345087975768537,1.1690633595025262,1.8190895369185145,Moderate
1.693341294252992,3.689786817832841,1.1562378453167508,2.967814027427925,Good
2.3006867905627075,4.545554936213623,1.263505644772639,1.214761785339036,Bad
1.3359211481972622,2.1121861952189143,1.037310523124757,1.1398450228566048,Good
1.9309982444168448,2.5933132105634025,1.0279828993392923,1.569367394866477,Good
1.9029561041434315,4.0999232249718665,1.0268169358725223,1.414539019513386,Moderate
2.618284960004097,2.538129844451689,1.0432463116984063,1.529412187765247,Good
2.099134088744977,3.571469137490403,1.0036499494753206,1.5493891919817622,Good
2.67960586998004,6.332151909384432,1.4279051783909833,1.3446171074191833,Bad
1.7309644437600131,3.9461102405266977,1.3066459292654489,1.4794672798875594,Bad
1.5944928191233376,5.148975105960056,1.0072998989506412,1.5194224869887896,Bad
2.8300985325049903,1.7808966902600885,1.2506801305868636,2.0283314551978444,Good
1.9870824604668085,2.873394823470021,1.67037294364555,1.2097669349508071,Bad
1.9352045364342685,4.790141245017511,1.2425184702681695,1.3795786628003843,Bad
2.698417412485118,3.7804654880472848,1.1818888457054022,1.529412187765247,Moderate
2.2388772523406937,2.530273550476952,1.0069957248348231,1.469478777779302,Good
2.0269885409925625,2.680111060862614,1.310921100660707,1.5354055287638415,Moderate
1.8492087384909917,4.719150636812048,1.0979401476875243,1.7391791227160542,Moderate
2.314123615851601,3.0823911740269025,1.2973183054799844,1.908989651897432,Bad
2.937710132128492,6.75023926464247,1.026766258841819,1.4944506323840456,Bad
1.518779111331671,5.563086987158588,1.1399144966964632,1.3645953103038984,Bad
2.0534487666683816,5.381729646729699,1.0932763218033423,1.7691458277090266,Bad
2.8557506769644654,3.752826477919292,1.033070694131364,1.6492790077371366,Moderate
1.2848611734013469,5.768202517800238,1.047804110376992,1.2397336399437795,Moderate
1.2243369286967167,3.046895869924171,1.0316328488146134,1.1947835824543211,Good
3.3555376545702296,3.71733117381656,1.058399107656432,1.8790229469044597,Moderate
1.7593039790760132,5.890495672202181,1.1399144966964632,1.4245287202898431,Bad
3.148026022936934,3.125742772104372,1.1143649063350174,1.7741394794290557,Moderate
1.5240370247260986,3.054752163898909,1.0466381748931208,1.0,Good
3.8249626686773066,1.3842011716079636,1.026583754372328,2.85441042638892,Moderate
1.3090474976194746,4.896627157325705,1.0571317621453555,1.0849052645906887,Good
2.537175251030934,3.6581723336453416,1.060629624562767,1.6642623602336228,Moderate
1.5888844297667737,4.975474059505905,1.0572377613680528,1.3995556670168998,Bad
1.3505264631817822,5.267292786302494,1.041366028760202,1.294672199541496,Moderate
1.2364885249650917,4.170913833177329,1.0326467252234746,1.11986681997189,Moderate
3.3101604340157413,4.951810523437418,1.0766487990672369,2.19367334933067,Bad
2.6043595064691325,5.507903621046875,1.3206373789350951,1.7541624752125404,Bad
1.168252712646754,3.6661232817643534,1.0291995398367664,1.4245287202898431,Good
2.0776350908865093,1.3273140308993194,1.0256510003886514,2.598223866735798,Good
1.5240370247260986,5.1884458841222925,1.4990283622230858,1.2896785478214672,Moderate
1.927142428361559,3.1849016122755907,1.0226528286047416,2.038846172645779,Good
4.491243335942089,1.2444916546596132,1.100981776914108,4.471142928796578,Bad
2.1125709140338707,3.023232333855684,1.329965030703459,1.561481356780526,Moderate
2.5532994671763527,4.159082065143085,1.0384764865915277,2.0238628201492928,Bad
1.8895192788545376,4.991281301599655,1.1107656338904004,1.724195770219568,Moderate
2.4699910600896007,5.077984497754594,1.126739224251846,1.8440625901914576,Bad
2.292624682489998,3.098198416120652,1.506024087057909,1.3446171074191833,Bad
1.5294117419422832,4.001293606638411,1.0046638258841818,1.294672199541496,Good
2.0776350908865093,5.089816265788837,1.469626058297707,1.544395540261733,Moderate
2.2173783189790903,3.153381782232365,1.030314798289934,1.4245287202898431,Good
1.8328507857083287,4.060452446809629,1.0623255561601244,1.6143174523559356,Good
1.6637802528186798,6.067972192715837,1.1095996984065293,1.3945620152968707,Bad
1.5356044083950926,2.739269901033833,1.0254390019432569,1.2896785478214672,Good
1.468303349135137,4.214265431254798,1.0635974908666923,1.2796888470450098,Moderate
2.2254404270518,5.810702228579241,1.0397651830547998,1.648690461651075,Bad
1.518779111331671,6.170482630964526,1.026766258841819,1.484462130275788,Bad
2.54231629610674,4.648160028606586,1.0425826692576758,2.2086567018271563,Bad
1.053280021371681,3.5438301273624093,1.0304162083171395,1.3645953103038984,Good
1.611318116186759,4.951810523437418,1.1837138064516128,1.2447284903320084,Moderate
1.529995954541664,3.520166591293922,1.1643995336183444,1.0,Good
1.4864138752190772,5.267292786302494,1.1119315973571706,1.3046619003179534,Moderate
2.003907693033365,6.272993069213213,1.0437993097551497,1.204772084562579,Bad
4.322990623295334,4.1157304670656165,1.10828164788185,2.4084351346697064,Bad
1.7014034023257012,6.04430865664735,1.0501360373105324,1.2197554370590649,Bad
1.7175276184711197,2.680111060862614,1.0909444228527012,1.2497221420520372,Good
2.78710060128492,3.5951326735588904,1.036144587640886,1.609322601967707,Moderate
2.351746765358622,2.3843168600065203,1.0781189366498252,1.0,Good
3.689238820688591,2.3961486280407645,1.026766258841819,4.296337549226972,Moderate
1.620782321598609,5.196302178097031,1.2355227454333464,1.1298553220801475,Moderate
1.740311845350106,4.5298423482641486,1.0039430423630005,1.604328950247678,Moderate
1.4971633096514465,3.1888770863350966,1.0474543241352507,1.354605609527441,Good
3.1254648262156715,2.360653323938033,1.1081157372716672,1.908989651897432,Moderate
3.421319812669287,4.884795389291462,1.239020607850758,1.918979352673889,Bad
2.775065873335167,6.178338924939263,1.0705655685969686,1.4994454827722743,Bad
2.010450899945176,6.241473239169988,1.2436844057520404,1.3695889620239272,Bad
2.1272930328401483,3.882975926295973,1.0450159782355228,1.8490562419114869,Moderate
1.2579874583266948,3.110219492443444,1.0391760590750097,1.472416713536813,Good
3.034338625179245,2.538129844451689,1.096774184220754,2.2436182572083574,Moderate
2.5899879281218565,2.313326251801058,1.0377160792848814,1.4445057245063584,Good
2.6554195457619123,3.145525488257628,1.0769529731830547,1.5144288352687607,Moderate
1.712152901254935,5.811554115877707,1.0489700738437622,1.5344058394852758,Moderate
3.028963843466196,8.154244186657973,1.2938204430625728,1.8540510922997155,Bad
1.9730614225785337,4.0999232249718665,1.0693489280994948,1.5394006898735046,Good
3.913575749385308,3.1612380762071037,1.068132287602021,2.5582686596345683,Moderate
2.385280491166843,4.782190296898499,1.0474492592304705,1.6742508623418806,Bad
3.98368106782041,2.6051449785976466,1.0693489280994948,2.3584902267920187,Moderate
1.583403486214623,4.364197595784735,1.2085997823552277,1.2597118428284946,Good
1.888935066255157,3.73313841591031,1.0364994387874078,1.7841291802055128,Good
2.956404870811813,5.855000368099449,1.2133696074621063,1.958934559775119,Bad
2.0265751160905943,5.381729646729699,1.162067634667703,1.2796888470450098,Bad
2.5506121408166926,3.729162941850804,1.3462883793237466,1.5144288352687607,Moderate
2.396497334376836,4.080235162962885,1.0,1.4544954252828155,Good
3.3162786710868235,1.4586939831515622,1.0304162083171395,1.9239730043939176,Moderate
1.7156080627874395,2.793128109125711,1.0493032102603963,1.226415237576703,Good
2.2684383582718706,4.5731939463416165,1.2087057815779243,1.1947835824543211,Moderate
1.6584054711056306,4.26556797745128,1.2542794030314808,1.5094339848805318,Moderate
1.752463441618481,3.993437312663673,1.0629615235134084,1.0199782028847149,Moderate
1.7599413370918096,1.0670151341459566,1.0546938359891178,1.5793558969747346,Good
1.467602268217134,6.777878274770464,1.005829761368053,1.174805379569606,Bad
2.383995197649459,3.7213066478760655,1.0559657986785853,1.03995520710123,Moderate
2.2791877927042394,2.1437060252621394,2.213758258841819,1.5593788927582195,Bad
6.661703045299007,2.2699746537235885,1.01703307889623,3.6520533918780633,Bad
2.0796214008250318,5.436913012841412,1.3704402798289934,1.589345597751192,Bad
1.9029561041434315,5.361946930576443,1.0340661298095608,2.0138731193728354,Bad
1.5025380913644957,5.267292786302494,1.0769529731830547,1.804106184422028,Moderate
1.7390265518327226,5.559206167243356,1.222697231247571,1.5543840423699908,Bad
2.0627961682584743,4.131443055015092,1.2751651675087443,1.4544954252828155,Moderate
1.9253897905634163,5.1844704100627865,1.0,1.5793558969747346,Bad
2.1867423083027955,4.364197595784735,1.0915803902059853,1.3596004599156697,Moderate
2.1690056705428358,5.164782348053805,1.1958802953750487,1.3995556670168998,Moderate
2.770732071016466,5.409274002713419,1.0559657986785853,1.6792457127301093,Bad
2.38207564196578,2.3291334938948074,1.0594636610959969,1.6542726594571655,Good
1.8076129046100615,4.111754993006111,1.0389327197823552,1.5244173373770182,Good
3.227829218924266,4.577169420401123,1.2005441212592305,1.4245287202898431,Moderate
2.4646162783765515,5.247604724293511,1.1189273221919938,1.644284157348908,Bad
4.802627619462222,1.1301494483766814,1.7240575204041977,4.226415637132769,Bad
2.55072894463845,2.569649674494915,1.3954105402254178,1.5993340998594494,Bad
2.3684551941034213,6.040333182587844,1.015816410415857,1.3446171074191833,Moderate
3.832253587740213,1.7690649222258448,1.0547491581811117,2.348501724683761,Moderate
2.2254404270518,5.290956322370981,1.138748533229693,1.4045505174051285,Bad
2.396497334376836,3.989461838604167,1.0076316921881072,1.7142060694431107,Moderate
2.252314142126452,4.596857482410105,1.005829761368053,1.5394006898735046,Good
2.760226950707132,2.30546995782632,1.9630781282549552,1.744172774436083,Bad
2.698417412485118,2.9428709653671,1.475709288767975,2.083796230135237,Moderate
1.6758149807684326,4.829517369035474,1.0,1.419533869901615,Moderate
1.5159749166533891,6.643753352334276,1.1865526715895842,1.1448386745766337,Bad
2.0431666765167718,3.516191117234416,1.0693489280994948,1.414539019513386,Good
1.5067610880698452,3.563518189371391,1.0305267967353284,1.0,Good
1.346670647126496,4.419380961896448,1.0116595507190052,1.0,Good
2.020732990096786,4.26556797745128,1.122881417800233,1.6193123027441645,Good
2.744486619899704,3.1297182461638777,1.7784333867081228,1.6492790077371366,Bad
2.362846804746858,1.8676945405593008,1.1021984174115818,2.0288564718693216,Good
2.131382521035814,5.046464667711368,1.0326467252234746,1.5194224869887896,Moderate
1.496345424911686,3.271699462574803,1.0,1.0299667049929724,Good
1.5965959973804815,5.642028543483062,1.1853867081228138,1.3695889620239272,Bad
2.491489993451204,2.8575875813762712,1.0489700738437622,2.053829525142265,Good
2.037558287160208,3.831768034243766,1.1143649063350174,1.978912762659834,Good
1.6799044689640985,5.961486280407644,1.108433734939759,1.9289678547821465,Bad
2.817129051496855,1.9860122209017383,1.3710775903614458,2.603218717124027,Bad
2.281875183560764,5.488215559037893,1.0734551107656432,1.374583812412156,Bad
1.8635413607320603,2.325158019835301,1.049747382821609,1.5433958509831676,Good
4.494047530620371,3.3071947666775343,1.0742155180722892,2.5732520121310545,Bad
1.8975813869272469,4.624496492538098,1.0909444228527012,1.1348501724683762,Moderate
2.5962973983964237,3.3032192926180284,1.1294209094442285,1.4245287202898431,Good
1.408480120851645,4.123586761040354,1.0268169358725223,1.2497221420520372,Good
1.9618445148716763,5.925990976304912,1.0620490291488536,1.3196452528144396,Bad
1.550910739800751,3.4728395191569468,1.0431403124757093,1.0,Good
2.3194983330677856,4.376029363818979,1.150408083948698,1.639289306960679,Moderate
3.0844214079798835,2.9955933237276904,1.048334106490478,1.5244173373770182,Moderate
4.311773780085343,1.6822670719266326,1.0,3.677025246482808,Moderate
1.7627455317700913,3.0114005658214404,1.284695583365721,1.5194224869887896,Bad
2.594831578155076,2.2028648654333582,1.0496060411970465,1.983906414379863,Good
3.0975501962435352,1.7808966902600885,1.0377160792848814,2.59323021501577,Moderate
2.803108013608581,4.001293606638411,1.0109498204430625,1.6293008048524218,Moderate
1.518779111331671,5.393561414763943,1.0401493882627284,1.0,Moderate
2.881625916078529,4.868988147197712,1.0656989786241742,2.338513222575504,Bad
1.386981187490042,5.6498848374578,1.1061018359891177,1.1698117278495772,Moderate
2.640463754815255,1.9307342006457515,1.176413935483871,2.59323021501577,Good
3.481727189055296,1.2406108347443812,1.0279828993392923,1.4644839273910732,Moderate
3.439664010893607,1.7177623760293637,1.0644823381267003,2.9328524720467244,Good
3.050462841324664,6.38742992964042,1.380101040031092,2.368479927568476,Bad
3.235891326996976,2.9955933237276904,1.053633899727944,2.15371814222944,Moderate
2.7252911275597707,4.553505884332635,1.438398765643218,1.6542726594571655,Bad
2.0515793250484817,4.076259688903379,1.0194663598911775,2.0288564718693216,Moderate
1.7148402276145949,5.578894229252337,1.1655654970851146,1.5394006898735046,Bad
2.2254404270518,4.151225771168347,1.0279828993392923,1.5244173373770182,Moderate
2.109883523177346,3.524142065353428,1.0279828993392923,1.5394006898735046,Good
1.365482254128439,3.567493663430897,1.0093276237854645,1.609322601967707,Good
2.6488763388501013,2.920721895606996,1.0559657986785853,1.409545367793357,Moderate
1.7390265518327226,3.4965030552254346,1.0104935872522347,1.2846836974332383,Good
2.2684383582718706,3.464983225182209,1.560823950252623,1.4644839273910732,Bad
1.5777843903785382,3.953966534501435,1.096774184220754,1.4295223720098722,Good
1.478351767146368,6.446588769811639,1.0198212110376992,1.059933409985945,Bad
2.5318005338147493,4.213508198100607,1.0895452778857364,2.0128746287624697,Good
2.107196196817686,4.671823564675073,1.2495141951029929,1.5643725444782484,Bad
1.3735443622011485,6.746263790582964,1.0069957248348231,1.059933409985945,Bad
2.89845121314195,3.181020792360359,1.0145997699183833,1.6526077093277562,Moderate
1.795461308341687,7.211678217977977,1.2224640497473769,1.4245287202898431,Bad
1.4739117384917009,3.1060547100953904,1.0305267967353284,1.2697003449367523,Good
1.7578381588346657,4.478539802067667,1.0652934224640498,1.6542726594571655,Moderate
1.2069274190339148,5.010969363608637,1.0,1.0699219120942025,Good
1.4739117384917009,3.942134766467192,1.165464087057909,1.1798002299578347,Bad
1.7853442011696763,5.547374399209112,1.0167897396035757,1.3246389045344684,Moderate
2.216226598468256,6.060021244596825,1.1602657038476487,1.4045505174051285,Bad
2.510301600453147,3.1612380762071037,1.047804110376992,1.4045505174051285,Good
1.8438339567779425,2.072715417056677,1.072289147298873,1.5993340998594494,Good
2.245069918793503,2.687967354837353,1.020351207151185,1.5344058394852758,Good
1.90856455799686,5.638053069423556,1.035282798289934,1.4445057245063584,Bad
1.3421138146500715,4.841349137069718,1.1119315973571706,1.0,Good
2.187817277544778,1.8873826025682825,1.006359757481539,1.3196452528144396,Good
2.522686868861901,1.8873826025682825,1.2251351574038087,2.0138731193728354,Bad
3.010619645241876,4.234048147408054,1.100981776914108,1.8091010348102567,Moderate
3.1310839220517552,3.760777426038303,1.4290711138748542,1.729189421939597,Moderate
2.9433185859819204,4.734863224761524,1.0571824391760591,1.589345597751192,Bad
2.142131955468183,3.989461838604167,1.0069957248348231,1.0549385595977163,Good
3.761638486087457,3.918471230398704,1.349786241741158,2.1187565868482388,Bad
1.8216339424983363,4.34441487963148,1.1180148278274389,2.2186464026036137,Good
1.7309644437600131,5.235772956259268,1.0152634123591138,1.389567164908642,Bad
1.7685876577638997,5.1884458841222925,1.1702292949863973,1.4594890770028446,Moderate
1.0364547243082598,5.298907270489993,1.0012166404974738,1.11986681997189,Good
1.2579874583266948,4.147250297108842,1.0218996688690245,1.3446171074191833,Good
1.440261208861723,4.182745601211574,1.0218996688690245,1.354605609527441,Moderate
2.7118543022708765,5.590725997286581,1.0069957248348231,1.6992227169466243,Bad
1.712536786592925,4.415405487836942,1.0304162083171395,1.0,Good
2.458190004280227,2.766908911161827,1.0656989786241742,1.3795786628003843,Good
1.9835771848705237,6.9632110892588575,1.1002720466381657,1.5793558969747346,Bad
2.489036339231923,1.2602988967533628,1.0,1.6243059544641931,Good
1.7578381588346657,5.464552022969405,1.071229211037699,2.173696345114155,Moderate
2.7360406264890047,3.0863666480864085,1.0431403124757093,3.067702644515101,Moderate
2.346372048142438,2.971929787659203,1.6156237854644384,1.4445057245063584,Bad
1.9943266837997573,6.691080424471251,1.15507190983288,1.349611957807412,Bad
2.371259453278568,5.046464667711368,1.0912485969685193,1.8140958851984847,Bad
3.3976008327319183,2.3211825457757955,1.0,2.158712992617669,Moderate
2.357121547071672,2.8970583595385087,1.2323797341624565,1.314650402426211,Good
1.1048074049452197,2.033339293038713,1.041974349008939,1.8490562419114869,Good
1.8975813869272469,4.955785997496924,1.0790821080450836,1.0699219120942025,Good
1.1827410948157873,5.515759915021612,1.0116595507190052,1.1798002299578347,Bad
1.7390265518327226,5.208133946131275,1.072289147298873,1.5044391344923034,Moderate
1.3896685783465663,5.890495672202181,1.0256510003886514,1.609322601967707,Bad
1.7417139426892472,4.0999232249718665,1.0534219012825496,2.1087680847399817,Good
1.6225349593967515,4.135418529074598,1.081515389040031,1.799112532701999,Good
3.0692743838297423,2.3882923340660263,1.1492421204819276,2.123751437236468,Moderate
1.8440676934151865,5.882544724083169,1.0,1.1248616703601186,Moderate
4.491243335942089,1.2444916546596132,1.100981776914108,4.471142928796578,Bad
1.073291915023489,5.425081244807168,1.0165353470656822,1.0,Good
2.3759330895767503,2.620952220691396,1.0734551107656432,1.4445057245063584,Good
2.0061510874741093,3.748945658004059,1.0069957248348231,1.5493891919817622,Good
2.55072894463845,4.5298423482641486,1.0450159782355228,1.5943392494712207,Moderate
1.5412127977516563,4.064427920869136,1.0038158600855034,1.4295223720098722,Good
2.421618411653345,1.504790551412976,1.3835989024485036,1.5493891919817622,Good
1.5075622681216787,4.15510659108358,1.0038158600855034,1.3596004599156697,Good
1.1101821221614043,3.468864045097441,1.0,1.6642623602336228,Good
1.8580887313034609,2.4868272982552084,1.0343426568208318,1.419533869901615,Good
2.800303754433434,3.926422178517716,1.1046316984065294,3.112652702004559,Moderate
1.9782024676543388,3.756801951978797,1.1107149568596968,1.7691458277090266,Good
1.438041226782822,2.90093917945374,1.0851146614846483,1.3046619003179534,Good
1.527191759863382,4.237928967323287,1.12531472677808,1.958934559775119,Good
2.4957129901565533,3.8356488541589977,1.0316328488146134,1.409545367793357,Moderate
3.1230218139790464,1.5402858555157073,1.6331130975514965,1.4295223720098722,Moderate
1.3359211481972622,3.378185374882997,1.0023318989506411,1.5643725444782484,Good
2.637659495640109,3.614820735567872,1.0291995398367664,1.958934559775119,Moderate
2.005076118232126,3.271699462574803,1.1247570835600469,1.0649282603741737,Good
3.716930420503003,4.845324611129223,1.2518460940536338,2.3085465175825317,Bad
2.2066288200498567,4.348390353690985,1.2751651675087443,1.609322601967707,Bad
1.722902335687304,6.470252305880126,1.2973183054799844,1.0449500574894588,Bad
1.9394108284516915,2.8970583595385087,1.1107149568596968,1.639289306960679,Good
2.1553351086166974,4.163057539202592,1.0377160792848814,1.9889012647680917,Moderate
1.9970140101594172,5.862856662074187,1.3532841041585697,1.0249718546047435,Bad
1.386981187490042,2.8772756433852527,1.02215313797124,1.1248616703601186,Good
2.088384589815744,4.7151751627525424,1.0489700738437622,1.529412187765247,Moderate
2.545120555281886,2.6091204526571525,1.0231163093664983,1.604328950247678,Good
2.499552101523913,2.719581839024852,1.072289147298873,1.5094339848805318,Good
1.750508993131063,4.837468317154486,1.0788609032258063,1.839067739803229,Moderate
1.7627455317700913,5.977198868357119,1.0652934224640498,2.198668199718899,Bad
3.742518842060272,3.031088627830422,1.0535324897007383,3.672031594762778,Moderate
1.3028548311666652,3.800153550056266,1.0279828993392923,1.3596004599156697,Good
2.5675542417018717,6.308488373315945,1.0377160792848814,2.043839824365808,Bad
1.8814571707818284,5.290956322370981,1.1935483964244074,1.0,Moderate
1.9513287525796867,4.028932616766404,1.1422463956471045,1.3446171074191833,Good
3.1171796879852387,2.6564475247941277,1.0425826692576758,2.4833518971521373,Good
1.2720084962149694,4.592882008350599,1.0,1.2896785478214672,Good
2.7494774517778984,4.470683508092929,1.2203653322969297,1.4944506323840456,Moderate
2.6554195457619123,2.0885226591504265,1.6121259230470268,1.859045942687944,Moderate
3.17887235788863,4.151225771168347,1.0656989786241742,2.4134299850579346,Bad
1.9432666445069773,1.7257133241483755,1.0023318989506411,2.2036630501071275,Good
5.108169841485411,1.8360800563718012,1.0036499494753206,2.6581572767217434,Moderate
1.9620782515089203,5.851024894039943,1.1900505340069958,1.6992227169466243,Bad
2.104859346420163,6.0718530126310695,1.0255495903614458,1.2647054945485237,Bad
3.864735756668293,3.181020792360359,1.2467582992615625,1.8440625901914576,Moderate
1.5468212516050852,5.010969363608637,1.126531367275554,1.3096555520379822,Moderate
1.8975813869272469,4.963642291471661,1.1282549459774582,1.6193123027441645,Bad
2.5198826096867544,2.9917125038124586,1.068132287602021,1.4994454827722743,Good
2.160943562470126,6.253305007204232,1.1982121943256898,1.0749167624824312,Bad
2.466602588315073,3.228347864497334,1.0074215406140692,4.541066039558981,Moderate
2.460664297496174,4.293206987579272,1.15507190983288,2.123751437236468,Moderate
2.0319498333067787,2.6091204526571525,1.0326467252234746,1.6942290652265954,Good
1.3896685783465663,4.391741951768454,1.0,1.0649282603741737,Moderate
2.670775926734486,3.6029889675336286,1.052149938593082,1.4544954252828155,Moderate
1.8328507857083287,6.229641471135745,1.0582976976292269,1.0899001149789174,Moderate
1.6691549700348642,6.295331447261866,1.159152739992227,1.11986681997189,Moderate
1.3601074724153897,4.955785997496924,1.015816410415857,1.11986681997189,Good
2.160943562470126,5.381729646729699,1.0769529731830547,1.6592675098453944,Bad
2.797850100214154,1.863719066499795,1.5911387485425572,1.3596004599156697,Bad
1.9029561041434315,4.383885657793717,1.037310523124757,1.6842393644501383,Good
2.4296805197260545,2.0530273550476954,1.1340847353284105,1.7691458277090266,Good
2.6581068721215724,4.762502234889517,1.0256510003886514,1.4544954252828155,Bad
1.733651834616538,6.458420537845882,1.0060832304702685,1.3246389045344684,Bad
1.6870318239784252,3.212540622403584,1.0559657986785853,1.978912762659834,Good
2.1905046039044382,2.833924045307784,1.0011659634667702,1.3446171074191833,Good
1.3393096199717895,2.80628503517979,1.0050877947920716,1.354605609527441,Good
1.3332338218376023,2.3369897878695456,1.0513019727944035,1.469478777779302,Good
3.4312513623618965,2.3369897878695456,1.1800638849591916,4.920643503691165,Bad
1.620782321598609,4.135418529074598,1.3567819665759813,1.2597118428284946,Moderate
2.1413140707284226,2.6919428288968583,1.0763170058297706,1.609322601967707,Good
2.0151245362433574,5.22791666228453,1.0279828993392923,1.4794672798875594,Bad
1.7175276184711197,5.594701471346087,1.0559657986785853,1.3995556670168998,Bad
2.88922067987048,2.849731287401533,1.2652292234745433,1.349611957807412,Good
2.7709763851395013,3.804129024115772,1.054799835211815,1.7941176823137703,Moderate
2.8928427592885217,2.904914653513246,1.0729988775748154,2.0788013797470093,Good
3.1095849241932885,2.273855473638821,1.0874465604352896,1.8790229469044597,Moderate
1.168252712646754,3.350546364755004,1.0127194869801788,1.2397336399437795,Good
3.532203015748694,3.7213066478760655,1.10048404508356,2.423418487166193,Moderate
1.378568538958331,5.283100028396243,1.0012166404974738,1.294672199541496,Good
1.556285457016935,2.226528401501846,1.1165954232413524,1.0,Good
3.574499866050762,1.252442602778625,1.029148862806063,1.9539397093868904,Moderate
1.7347033914966776,4.482515276127173,1.008516539448115,1.4594890770028446,Moderate
1.249574809794984,3.2401796325315777,1.0038158600855034,1.3246389045344684,Good
2.1249328345776464,4.920290693394192,1.0524679362611735,1.884017797292688,Moderate
2.001851275003043,4.336558585656741,1.047804110376992,1.6293008048524218,Moderate
2.9180806403867887,1.9860122209017383,1.0072998989506412,2.5183134525333384,Moderate
3.100354390921817,6.46627683182062,1.1484310361445784,2.2685901118131016,Bad
2.048074049452197,4.825636549120242,1.079284872133696,1.349611957807412,Moderate
3.159242866146927,2.045171061072957,1.1094982883793238,3.422308254042542,Moderate
2.408181521867587,4.348390353690985,1.1364166342790516,1.5943392494712207,Moderate
4.662300243267124,2.072715417056677,1.10828164788185,3.14761425738576,Bad
2.956404870811813,5.855000368099449,1.2133696074621063,1.958934559775119,Bad
2.2086151299883783,4.734863224761524,1.0377160792848814,1.414539019513386,Bad
3.192893395776905,1.5521176235499512,1.280994956859697,1.7391791227160542,Moderate
2.98596597674299,2.096378953125164,1.064127486980179,2.003884617264578,Moderate
1.6422812549602122,4.569218472282111,1.071123211815002,1.0,Moderate
2.0212003343775446,4.305038755613516,1.052817722502915,1.6592675098453944,Moderate
2.1693562110018365,1.2366353606848752,1.0291995398367664,2.5682571617428263,Good
1.1585547705976595,4.151225771168347,1.0023318989506411,1.234738789555551,Good
2.187817277544778,4.395717425827961,1.162067634667703,1.5793558969747346,Moderate
2.7226037367032463,4.379910183734211,1.1933363979790128,2.2635964600930727,Moderate
2.107196196817686,5.038608373736629,1.0994558973960358,1.4395120727863295,Bad
2.906863797176796,4.26556797745128,1.0912485969685193,1.99389611515632,Moderate
1.5916886244450557,3.4413196891137217,1.0121664889234356,1.4594890770028446,Good
1.002804194678282,4.166181125963632,1.0,1.0299667049929724,Good
2.074013011468467,3.4413196891137217,1.092465237465993,1.829079237694972,Good
1.1738611020033178,4.742814172880536,1.0279828993392923,2.198668199718899,Good
2.674114284445233,5.417224950832431,1.0364994387874078,1.4395120727863295,Bad
2.6124216145418417,5.523710863140624,1.0198212110376992,1.7142060694431107,Bad
2.1501940635408925,2.628808514666134,1.2028760202098718,1.0998886170871751,Good
1.773962374980084,2.660422998853633,1.0304162083171395,1.4594890770028446,Good
2.374955897581473,3.2138657804234194,1.1737271574038088,3.005771054640224,Good
1.5524296409616491,5.914159208270668,1.0462326187329964,1.4544954252828155,Bad
2.278720448423481,4.561362178307373,1.024332949863972,1.864039594407973,Good
2.3011541348434656,4.600832956469611,1.058399107656432,1.729189421939597,Bad
1.4246043369970636,3.40582438501099,1.0431403124757093,1.059933409985945,Good
1.765900266907375,2.6249276947509017,1.125923047026817,1.3995556670168998,Good
1.244550633037801,2.920721895606996,1.0046638258841818,1.4994454827722743,Good
1.529995954541664,3.5083348232596783,1.0559657986785853,1.3596004599156697,Good
4.13454761866934,1.6783862520114003,1.1569475755926937,3.4722531619202286,Moderate
1.9459540353635016,4.214265431254798,1.059615748153906,1.449500574894587,Good
2.2979993997061827,4.727006930786786,1.0559657986785853,1.7491676248243118,Bad
1.9378919272907928,5.519735389081118,1.4652157015157403,1.2647054945485237,Bad
1.8937422755598876,2.687967354837353,1.0013325176836378,1.7192009198313394,Good
2.155568845253941,5.791866053868725,1.2075398460940536,1.484462130275788,Bad
2.278210600708962,2.7090752290104434,1.0368865542168677,1.4544954252828155,Good
1.8922066052141973,6.150794568955543,1.079284872133696,1.1098783178636322,Moderate
1.353330657860064,4.447019972024441,1.0546938359891178,1.2397336399437795,Good
2.242265724115221,5.212109420190781,1.058399107656432,1.469478777779302,Bad
1.9205461405301976,6.54512373400082,1.2175034372328022,1.5943392494712207,Bad
2.7659855532613067,5.819505063996719,1.077286109599689,1.3596004599156697,Bad
1.9997014010159415,3.7094748798418222,1.0594636610959969,1.2597118428284946,Moderate
1.988951902086708,4.458851740058686,1.2448503692188106,1.6642623602336228,Moderate
3.910958466620584,5.076848648023305,1.0,2.538290456749854,Bad
1.7010528618666996,5.365922404635949,1.1776305759813448,1.4594890770028446,Moderate
1.835771848705233,2.471114710305733,1.0757870097162845,1.5244173373770182,Good
1.9943266837997573,5.709043677629019,1.2110377085114652,1.639289306960679,Bad
4.092778223725821,2.4280470746610856,1.1505746381655657,2.177822161057588,Moderate
1.5912212801642969,5.038608373736629,1.0081616883015934,1.0,Bad
2.236657270261792,4.376029363818979,1.0012166404974738,1.4544954252828155,Good
2.78441327492526,5.626221301389313,1.0443062479595802,1.5244173373770182,Bad
1.6326835410386775,6.42292523374315,1.0292548620287605,1.0,Moderate
2.8619964243368257,2.4947782463742203,1.0012166404974738,1.6342956552406505,Good
2.43505523694224,5.417224950832431,1.3602798289933928,1.5943392494712207,Bad
2.706479520557828,3.6936676377480726,1.197046258841819,2.228634904711871,Moderate
1.6309476079284622,5.9180400281859,1.0206830003886511,1.4944506323840456,Bad
1.9513287525796867,2.920721895606996,1.079284872133696,1.5394006898735046,Good
1.752463441618481,3.3703290809082587,1.413913728721337,1.0,Bad
1.4486738573934337,4.671823564675073,1.0826767353284104,1.3695889620239272,Moderate
2.096446697888452,2.4553074682119838,1.032849489312087,1.6293008048524218,Good
7.051955771748091,3.2007088543693403,1.1165954232413524,2.6681469774982007,Bad
2.937710132128492,3.579325431465141,1.0012166404974738,1.4644839273910732,Moderate
2.332935222853544,2.581481442529159,1.0869801694520016,1.839067739803229,Good
1.20577569852308,5.999442592261497,1.0533007633113098,1.6859043145795476,Moderate
2.1582561716136013,6.225665997076239,1.1399144966964632,1.3046619003179534,Bad
2.292741486311756,3.512310297319184,1.0097331799455889,1.3995556670168998,Bad
2.1152583048903955,5.728731739638,1.2017100567431014,1.0,Bad
1.0,4.466708034033423,1.0133831294209097,1.1897887320660925,Good
1.5972970782984843,2.644615756759884,1.0036499494753206,1.3596004599156697,Good
2.088384589815744,3.457032277063197,1.2378546443839875,1.569367394866477,Good
3.6819945973556414,3.113911004070128,1.008516539448115,2.3784684296767336,Moderate
5.996809705591378,2.153644710410904,1.1605334722114264,2.5732520121310545,Bad
1.5159749166533891,4.982194503749355,1.0396424500582977,1.2397336399437795,Good
3.148026022936934,2.3093507777415523,1.0109498204430625,2.178689996834184,Moderate
2.048074049452197,3.92244670445821,1.06645938593082,1.4295223720098722,Good
1.7470886599054318,4.896627157325705,1.1119315973571706,1.8140958851984847,Moderate
2.723825307318423,5.254135860248415,1.2261950936649826,1.4744724294993308,Bad
1.471107543813419,2.920721895606996,1.0340661298095608,1.1448386745766337,Good
2.60961741986356,2.971929787659203,1.01703307889623,1.9039960001774028,Moderate
2.5156763176693318,2.6051449785976466,1.0816167990672367,1.4395120727863295,Good
1.6691549700348642,3.6976431118075785,1.3194714434512242,1.5993340998594494,Moderate
2.2282446217300818,2.0766908911161828,1.0279828993392923,1.864039594407973,Good
2.5675542417018717,5.559206167243356,1.01703307889623,1.2597118428284946,Bad
3.028963843466196,4.352365827750491,1.163233570151574,1.4544954252828155,Moderate
2.06688565645414,2.530273550476952,1.047804110376992,1.409545367793357,Good
2.4834278853784943,3.31117024073704,1.047804110376992,1.6293008048524218,Good
3.020901735393487,4.707318868777804,1.071123211815002,1.374583812412156,Moderate
1.3089060559954468,4.801121125753289,1.0,1.0849052645906887,Good
2.351746765358622,2.3843168600065203,1.0781189366498252,1.0,Good
3.647058838705145,3.571469137490403,1.4127477652545668,2.093784732243495,Moderate
2.201254102833672,5.547374399209112,1.1119315973571706,2.018867969761064,Bad
2.497448923266769,2.6564475247941277,1.0036499494753206,1.349611957807412,Good
1.8223350234163396,4.758526760830012,1.28799068169452,1.4245287202898431,Moderate
3.421319812669287,4.884795389291462,1.239020607850758,1.918979352673889,Bad
3.268139759287812,3.0665839319331534,1.1888845705402251,2.248613107596586,Bad
2.4525815504267987,3.71733117381656,1.0669156191216478,1.5643725444782484,Moderate
1.4318485603300124,3.1928525603946025,1.0072998989506412,1.5643725444782484,Good
4.278123250455364,1.3864728710705383,1.0608323886513795,3.4422864569272567,Moderate
1.4326664450697726,6.000862404425607,1.0431403124757093,1.6243059544641931,Bad
1.2215327340184348,4.652040848521818,1.0012166404974738,1.314650402426211,Good
2.7322015151216448,5.594701471346087,1.051968245627672,1.2996670499297247,Bad
1.1854284856723118,4.254682750859775,1.0034978624174116,1.11986681997189,Good
2.088384589815744,5.429056718866674,1.1993781577924605,1.6642623602336228,Bad
2.0803224817430337,5.089816265788837,1.0991061111542946,1.983906414379863,Bad
5.649382703733933,1.2602988967533628,1.083948698017878,4.705882917020329,Bad
2.937710132128492,5.302788090405224,1.0827320575204042,1.5743622452547057,Bad
1.9352045364342685,3.263843168600065,1.3579479300427515,1.5993340998594494,Bad
4.718384459317088,3.429487921079477,1.335794792071512,2.1886796976106413,Bad
1.5965959973804815,5.038608373736629,1.1982121943256898,1.2197554370590649,Bad
1.722902335687304,5.653860311517306,1.1130975608239408,1.354605609527441,Bad
1.1101821221614043,4.202433663220555,1.0186552755538285,1.1897887320660925,Good
1.722902335687304,5.894376492117413,1.0909444228527012,1.1897887320660925,Moderate
2.752164842634423,3.5871817254398786,1.1923824329576371,1.6992227169466243,Moderate
1.7627455317700913,6.600401754256807,1.1562378453167508,1.274695195324981,Bad
1.4461033348555312,3.283531230609047,1.1282549459774582,1.4295223720098722,Good
2.4323678460857145,5.752395275706488,1.209871745044695,1.5094339848805318,Bad
1.3842937966335174,4.734863224761524,1.0513019727944035,1.9039960001774028,Moderate
1.1317979238416294,5.338283394507956,1.0133831294209097,1.3596004599156697,Good
2.724590046641768,5.377754172670193,1.0304162083171395,1.5743622452547057,Bad
2.278720448423481,4.7111996886930365,1.0036499494753206,1.5593788927582195,Bad
1.2888337932783904,3.5398546533029034,1.0377160792848814,1.349611957807412,Good
1.8045135077825896,4.813804781085999,1.2153466552662262,1.1048834674754036,Moderate
2.676918479123516,4.001293606638411,1.1155815468324912,1.639289306960679,Moderate
1.896506417685264,5.070128203779855,1.1147298872910998,1.4794672798875594,Good
2.738611149026907,5.835217651946195,1.0206830003886511,1.4295223720098722,Bad
2.3678709815040406,3.705499405782316,1.0437993097551497,2.3984466325614484,Moderate
1.8465213476344668,5.231797482199762,1.0320637294986397,1.5593788927582195,Bad
3.490139837587006,2.3211825457757955,1.0340661298095608,1.9139845022856603,Moderate
1.3589390472166285,4.241904441382792,1.0389327197823552,1.11986681997189,Good
1.7038570565449818,2.660422998853633,1.002068300038865,1.4245287202898431,Good
3.4051955965238685,1.9425659686799956,1.1888845705402251,2.128746287624696,Moderate
1.0,5.464552022969405,1.0,1.0,Good
1.86802028099607,6.221785177161006,1.1112320248736882,1.839067739803229,Bad
3.528814543974167,5.318595332498974,1.313641654100272,1.9988897668763488,Bad
3.708868312430294,6.2178097031015005,1.3264671682860474,1.6143174523559356,Bad
2.5049268187400973,4.383885657793717,1.3766031776136805,1.449500574894587,Moderate
2.7142587453824816,4.218240905314305,1.1332519082782744,1.2397336399437795,Moderate
2.1394446291085227,5.523710863140624,1.1235911480761758,1.779134329817284,Moderate
2.220065709835615,5.026776605702387,1.0,2.2735849622013298,Good
2.98596597674299,4.234048147408054,1.318305479984454,1.5244173373770182,Bad
2.1663182796863105,4.703343394718299,1.2401865433346289,1.7841291802055128,Moderate
2.886533289013955,3.0784156999673966,1.0338126607073457,2.4783570467639087,Moderate
1.9733163141873604,1.9662295047484828,1.2213192973183056,1.094894965367146,Good
1.7578381588346657,2.2305038755613515,1.1095996984065293,1.349611957807412,Good
1.9916392929432325,5.673548373526288,1.2294597745821998,1.0,Bad
2.901255407820232,2.443475700177739,1.0742155180722892,1.569367394866477,Good
1.0,6.509628429898089,1.0,1.0,Moderate
1.1766652966815998,3.965798302535679,1.0,1.0,Good
2.1721604056801187,6.446588769811639,1.032849489312087,1.839067739803229,Bad
1.2579874583266948,6.399261697674663,1.0209871745044694,1.0,Moderate
1.3981980307000346,3.73313841591031,1.0305267967353284,1.2796888470450098,Good
2.6236384577518344,3.074534880052165,1.1240980862806065,2.4084351346697064,Good
3.090773381688209,3.879095106380741,1.3579479300427515,2.743063739980632,Bad
3.0397133423954297,3.263843168600065,1.0652934224640498,2.103773234351753,Moderate
3.9399820556823366,1.453582659360769,1.6167897489312089,2.47336339504388,Moderate
1.55897284787346,3.113911004070128,1.8383210167120088,1.2097669349508071,Bad
3.4284471676836143,4.53372316817938,1.1155815468324912,2.1187565868482388,Bad
2.4646162783765515,2.758957963042815,1.0944422852701128,1.419533869901615,Moderate
3.1900892010986226,2.226528401501846,1.0632656976292263,2.083796230135237,Moderate
2.457629139545825,5.432937538781906,1.270501369607462,1.4794672798875594,Moderate
2.421618411653345,4.628377312453329,1.102603973571706,1.6293008048524218,Bad
3.837862041593641,1.3154822628650755,1.1545142666148465,2.957824326651468,Moderate
1.2944421826349544,5.129287043951074,1.0304162083171395,1.0,Good
2.2226362323735174,4.663872616556061,1.0559657986785853,1.6143174523559356,Moderate
2.27112568463153,2.510490834323696,1.1340847353284105,1.6143174523559356,Good
1.6422812549602122,5.9496545123734,1.1772250198212204,1.2647054945485237,Bad
1.620782321598609,5.196302178097031,1.2355227454333464,1.1298553220801475,Moderate
1.878769779925304,4.399692899887466,1.053633899727944,1.3596004599156697,Moderate
3.9785824616815,2.833924045307784,1.0852206607073456,3.2275246715882204,Moderate
2.3678709815040406,5.768202517800238,1.4768752522347457,1.1398450228566048,Bad
2.0599919735801926,5.511879095106381,1.0109498204430625,1.2397336399437795,Bad
1.8115855244871053,3.6345087975768537,1.0034978624174116,1.414539019513386,Good
2.5049268187400973,1.508766025472482,1.0572377613680528,1.908989651897432,Good
1.400418012778936,5.216084894250287,1.0135250586863584,1.4395120727863295,Moderate
1.9835771848705237,3.224372390437828,1.2495141951029929,1.1148719695836613,Good
2.9965986073536017,1.5364050356004753,1.0292548620287605,1.7891228319255417,Good
3.478922994377013,4.581050240316355,1.1472143956471046,2.428413337554421,Bad
1.9567034697958712,6.119180084768044,1.3754372421298096,1.5993340998594494,Bad
2.271509634466385,4.83349284309498,1.1177613587252235,1.4644839273910732,Moderate
1.7879834128683587,5.180589590147555,1.0851653385153517,1.3096555520379822,Moderate
2.009375930703193,2.8040133357172152,1.0456563109211037,1.6345893289495816,Good
1.5643475650896446,4.163057539202592,1.0174893120870578,1.0249718546047435,Moderate
3.184098345335089,3.125742772104372,1.1200932856587642,1.6342956552406505,Good
1.9755150767978145,5.3264516264737125,1.1189273221919938,1.484462130275788,Moderate
1.5030755437370549,4.052596152834892,1.0,1.0,Good
1.5075622681216787,3.204684328428846,1.0292548620287605,1.3346286053109258,Good
3.9140855970998256,2.719581839024852,1.4582199766809172,1.779134329817284,Moderate
1.3950432955627512,5.882544724083169,1.0384764865915277,1.4594890770028446,Moderate
2.0534487666683816,4.064427920869136,1.0757870097162845,1.3596004599156697,Moderate
1.1289937291633474,6.738407496608226,1.005829761368053,1.7941176823137703,Bad
1.658989683705011,3.9252863287864286,1.008516539448115,1.389567164908642,Good
1.634219146887503,4.667848090615568,1.691410795180723,1.0,Good
2.7322015151216448,5.594701471346087,1.051968245627672,1.2996670499297247,Bad
1.3449180093283537,4.494347044161417,1.0012719626894675,1.449500574894587,Good
2.3732457632170902,4.648160028606586,1.631947134084726,1.7941176823137703,Bad
1.1495154705296735,6.107348316733801,1.0,1.0,Moderate
3.6976514692203017,2.250191937570333,1.0279828993392923,2.528301954641596,Moderate
1.1346021830167758,5.507903621046875,1.0012166404974738,1.3096555520379822,Good
2.64607214417182,5.582869703311843,1.0559657986785853,2.4983352496486235,Bad
2.878821721400247,2.9837615556934467,1.0705655685969686,1.6492790077371366,Moderate
2.12063302210658,6.056140424681594,1.1364166342790516,1.5943392494712207,Bad
1.8088981981274452,4.754645940914779,1.0932763218033423,1.2996670499297247,Moderate
1.2714242836155885,2.4868272982552084,1.0011659634667702,2.123751437236468,Good
2.134069847395474,5.803697821902969,1.01703307889623,1.4644839273910732,Bad
1.2075116316332957,5.5339335107222105,1.0097331799455889,1.2397336399437795,Moderate
2.6677046505399717,5.713019151688525,1.276179043917606,1.7591561269325693,Bad
2.2684383582718706,5.665692079551549,1.191216469490867,1.5793558969747346,Bad
1.4810390935060278,6.103467496818569,1.1165954232413524,1.5793558969747346,Bad
1.7578381588346657,6.119180084768044,1.315973581033813,1.1298553220801475,Bad
2.7118543022708765,5.590725997286581,1.0069957248348231,1.6992227169466243,Bad
2.187817277544778,2.755077143127583,1.5025262246404971,1.5543840423699908,Moderate
2.281524643101763,4.569218472282111,1.0133831294209097,1.3596004599156697,Good
1.5189066216329494,4.032908090825909,1.0069957248348231,1.349611957807412,Good
1.9728276859412897,5.957510806348138,1.1609016712009328,1.0,Bad
2.1973982867783857,4.202433663220555,1.059615748153906,1.4644839273910732,Moderate
1.7873992002689778,4.537698642238886,1.1877186070734551,1.0899001149789174,Moderate
4.6006075733637335,1.2406108347443812,1.132614597745822,4.740843273733331,Moderate
1.0813221616450948,4.419380961896448,1.0036499494753206,1.3046619003179534,Good
2.6488763388501013,4.675704384590305,1.1338312662261951,1.834072889415001,Bad
2.60961741986356,3.390017142917241,1.0699572483482316,1.5044391344923034,Good
2.571378131809189,3.863287864286991,1.0025438973960357,1.409545367793357,Moderate
2.741415343705189,5.60653323938033,1.0241670392537894,1.449500574894587,Bad
2.443117345014948,1.6389154738491634,1.5549941609016713,1.8140958851984847,Bad
2.2547571543630767,6.6161143422062825,1.109387699961135,1.2397336399437795,Bad
1.712152901254935,5.251580198353017,1.0909444228527012,1.2397336399437795,Moderate
1.7766497658366087,5.925990976304912,1.1410804601632336,1.669256011953652,Bad
1.6758149807684326,4.94395422946268,1.049882568208317,1.4894557819958172,Moderate
2.5237384257420405,2.250191937570333,1.0454722114263506,1.773686382849562,Good
1.8518960648506515,3.7449701839445537,1.3579479300427515,1.389567164908642,Moderate
1.2391758513247515,3.985581018688935,1.041974349008939,1.3246389045344684,Good
2.048074049452197,8.071421810418265,1.1364166342790516,1.0449500574894588,Bad
1.6449686458167367,4.766477708949024,1.0114475522736106,1.3596004599156697,Moderate
1.7363392254730623,4.419380961896448,1.4104158663039257,1.2896785478214672,Bad
3.5503135418326344,5.507903621046875,1.1760590843373495,1.8091010348102567,Bad
2.326392015941733,5.874688430108432,1.0401493882627284,1.729189421939597,Bad
1.6852791861802827,4.825636549120242,1.0384764865915277,1.204772084562579,Moderate
1.3925896413434706,3.224372390437828,1.0012719626894675,1.3945620152968707,Good
1.161242161454184,5.3501151625422,1.0015157497085114,1.2397336399437795,Good
2.1797551694720694,3.748945658004059,1.1667314325689857,1.7391791227160542,Good
2.848910139506933,5.342258868567462,1.114263496307812,1.864039594407973,Bad
2.009516146886793,5.373778698610687,1.0127194869801788,1.4045505174051285,Bad
1.3627948632719145,5.488215559037893,1.0046638258841818,1.0,Moderate
2.12063302210658,4.797997538992249,1.071123211815002,1.744172774436083,Moderate
2.12063302210658,4.991281301599655,1.034978624174116,1.839067739803229,Bad
1.548223348944226,4.821661075060737,1.150408083948698,1.254716992440266,Moderate
2.956404870811813,4.561362178307373,1.108433734939759,2.5133186021451097,Moderate
2.6446700468326787,2.4829464783399766,1.4057520404197434,1.6342956552406505,Good
2.0749477645268493,5.511879095106381,1.0396424500582977,1.3845723145204134,Bad
2.842767587117904,4.6599917966408295,1.1239242565099106,1.2930072494120866,Bad
1.8169603062001547,5.515759915021612,1.2005441212592305,1.0,Moderate
1.8671244840438952,3.863287864286991,1.0466381748931208,1.4395120727863295,Moderate
2.706479520557828,3.6936676377480726,1.197046258841819,2.228634904711871,Moderate
2.2759162537451987,5.208133946131275,1.0510992087057909,2.2436182572083574,Bad
2.32919627511688,5.969342574382381,1.0145997699183833,1.2896785478214672,Bad
1.467602268217134,5.705068203569513,1.024485036921881,1.0299667049929724,Moderate
1.9432666445069773,3.8474806221932414,1.278663029926156,1.2896785478214672,Moderate
2.096446697888452,4.620521018478592,1.0454722114263506,1.469478777779302,Moderate
1.8492087384909917,6.198121641092519,1.0699572483482316,1.6143174523559356,Bad
1.6584054711056306,4.683655332709317,1.1434123591138747,1.3196452528144396,Moderate
2.08522985467846,5.196302178097031,1.0523158492032647,1.5493891919817622,Moderate
3.0316512343227204,4.379910183734211,1.1480761849980567,1.0,Moderate
2.0936425032101704,2.447451174237245,1.0890364928099494,1.4894557819958172,Good
2.741415343705189,2.4001241021002704,1.0669156191216478,2.133739939344725,Moderate
3.708868312430294,2.029363818979208,1.0912485969685193,2.8529408591760648,Moderate
2.5425500327439834,5.764227043740732,1.1783909832879906,1.8540510922997155,Bad
2.177067778615545,5.547374399209112,1.289156617178391,1.5993340998594494,Bad
2.27112568463153,1.4890779634635003,1.3019821313641664,1.908989651897432,Bad
1.6449686458167367,3.725282121935572,1.1399144966964632,1.609322601967707,Good
1.9728276859412897,2.5933132105634025,1.1154294597745822,1.569367394866477,Good
3.223739730728601,7.081528769601295,1.0218996688690245,1.6742508623418806,Bad
1.8132213584634904,3.871144158261729,1.0427107469879515,2.5882353646275407,Good
1.8765710173148495,4.514035106170399,1.0314807617567043,1.958934559775119,Bad
3.711939588624809,1.4882260761650348,1.170330705013603,3.1276360545010453,Moderate
3.028963843466196,4.241904441382792,1.1846871356393316,1.6892342148383668,Bad
2.660794262978097,6.54512373400082,1.108433734939759,1.4794672798875594,Bad
1.6691549700348642,4.0959477509123605,1.0011659634667702,1.0849052645906887,Moderate
1.7067781195418856,5.523710863140624,1.0163233486202876,1.214761785339036,Bad
1.2825576678828123,3.878337873226549,1.0013325176836378,1.1065484176048133,Good
2.01582561716136,6.884364187078657,1.1877186070734551,1.094894965367146,Bad
2.048074049452197,2.818116803214034,1.060629624562767,1.5144288352687607,Good
3.06670386129184,3.390017142917241,1.1824971659541392,1.529412187765247,Moderate
2.2254404270518,5.243629250234005,1.2145355709288768,1.9489460576668611,Bad
1.7571370779166626,3.346665544839772,1.0523158492032647,1.5593788927582195,Good
2.5962973983964237,1.81639199436282,1.1095996984065293,3.177580962378733,Good
3.4428187460308903,1.2761061388471124,1.6634278958414304,1.9139845022856603,Moderate
2.674231088266991,3.5319983593281656,1.041974349008939,1.5194224869887896,Moderate
2.7118543022708765,6.493915841948613,1.282160892343568,1.2197554370590649,Bad
3.010619645241876,6.65558512036852,1.132614597745822,2.533296805029825,Bad
3.3111376260110186,2.873394823470021,1.0608323886513795,2.223640054323643,Moderate
1.6906539033964674,5.507903621046875,1.1247570835600469,1.3396222570309548,Moderate
3.5770703885886648,1.8203674684223257,1.126531367275554,3.736958656468752,Moderate
3.164851255503491,2.364628797997539,1.0389327197823552,1.9988897668763488,Moderate
2.209316210906381,4.395717425827961,1.1445783225806452,1.3246389045344684,Moderate
2.096446697888452,5.669572899466782,1.096774184220754,1.0499449078776877,Bad
1.4066106792317452,5.062271909805117,1.0255495903614458,1.154828375353091,Good
1.6530307538894458,3.5833009055246468,1.5759813354061407,1.1698117278495772,Bad
2.5855478994671897,5.377754172670193,1.1865526715895842,1.7341842723278256,Bad
2.4296805197260545,6.426806053658383,1.1095996984065293,1.294672199541496,Bad
1.4178275224417378,4.999137595574393,1.0364994387874078,1.3945620152968707,Moderate
2.557138578543712,4.237928967323287,1.174893120870579,1.3046619003179534,Bad
1.9795461308341689,1.8085357003880815,1.0069957248348231,1.1648168774613483,Good
1.892772371710308,2.715606364965346,1.4404264904780413,1.2996670499297247,Bad
2.01582561716136,4.955785997496924,1.0571317621453555,1.5943392494712207,Bad
4.146325326613735,2.4001241021002704,1.0742155180722892,4.141509173873882,Bad
1.6100328226693752,5.993006110450869,1.0093276237854645,1.2447284903320084,Bad
2.5425500327439834,4.462732559973917,1.036144587640886,1.609322601967707,Bad
2.278720448423481,4.340534059716248,1.06645938593082,1.3446171074191833,Moderate
1.8975813869272469,1.8715753604745329,1.0769529731830547,1.2197554370590649,Good
1.9620782515089203,6.38742992964042,1.205207919160513,1.0249718546047435,Bad
1.6288444296713185,4.963642291471661,1.377769141080451,1.409545367793357,Bad
2.3383099400697285,8.722642323023042,1.422541780023319,1.651775833597151,Bad
1.0886831887998012,7.69678070738197,1.0,1.0,Bad
3.026276517106536,3.7449701839445537,1.1235911480761758,1.799112532701999,Moderate
1.4434159439990064,4.084115982878117,1.1935483964244074,1.0899001149789174,Moderate
1.1629394609425154,4.324726817622498,1.167897396035756,1.4295223720098722,Moderate
2.556524310405436,1.81639199436282,1.0,2.0088794676528066,Good
1.1155569038744535,5.618365007414575,1.026710936649825,1.2397336399437795,Moderate
1.7178781589301209,5.417224950832431,1.006359757481539,1.3995556670168998,Bad
1.9513287525796867,5.310739038524236,1.2238631947143412,1.254716992440266,Moderate
3.407882922883529,2.8812511174447586,1.2646715802565098,1.7491676248243118,Moderate
2.9913406939591747,3.930302998432948,1.2868247182277497,1.4345172223981009,Moderate
3.510003001469088,1.6704353038923887,1.422075389040031,1.4345172223981009,Moderate
1.634219146887503,3.015376039880946,1.179556946754761,1.414539019513386,Good
2.359808873431332,5.354090636601706,1.2802953843762146,1.899001149789174,Moderate
2.651680598025248,2.715606364965346,1.092465237465993,2.043839824365808,Moderate
2.8202448305279315,5.00074671602705,1.037310523124757,1.4235290310112778,Bad
1.740311845350106,3.90663946236446,1.0024333089778468,1.5843507473629632,Moderate
1.825022414272864,5.642028543483062,1.122425184609405,1.639289306960679,Bad
1.914172947353424,4.450900791939674,1.0304162083171395,1.5593788927582195,Moderate
2.569423683321771,5.547374399209112,1.0851269179945588,1.3878039239868556,Bad
1.4122190685883091,7.629765573236014,1.054799835211815,2.198668199718899,Bad
2.370558372360565,2.577600622613927,1.2600077823552274,2.043839824365808,Moderate
1.1149726912750728,5.148975105960056,1.0364994387874078,1.4794672798875594,Good
2.0631232963556325,5.093791739848342,1.0489700738437622,1.5743622452547057,Moderate
2.639295329616494,3.73313841591031,1.0139914496696465,1.4445057245063584,Moderate
1.795461308341687,6.1468190948960375,1.1340847353284105,1.11986681997189,Bad
1.620782321598609,4.600832956469611,1.0582976976292269,2.31354016930256,Moderate
2.475015236846784,4.01710084873216,1.0961151869413135,1.829079237694972,Moderate
2.155568845253941,3.5871817254398786,1.132614597745822,1.6642623602336228,Good
1.823102858589184,2.8024042152645583,1.122425184609405,1.4944506323840456,Good
3.1990359481659345,2.4829464783399766,1.0610535934706569,2.018867969761064,Moderate
1.408480120851645,4.328702291682004,1.2961523420132142,1.0749167624824312,Moderate
2.5563373984918787,3.3623781327892472,1.141131137193937,1.234738789555551,Good
6.608423023927328,1.4259436492327755,1.0316328488146134,5.989456381329916,Bad
1.9620782515089203,5.716899971603756,1.0186552755538285,1.4594890770028446,Bad
2.674114284445233,1.8676945405593008,1.0729988775748154,1.5943392494712207,Moderate
1.9513287525796867,2.703774596931102,1.0093276237854645,1.5993340998594494,Good
3.167655514678638,2.3369897878695456,1.0985484679362612,2.842952357067807,Good
1.7515286885600987,3.823817086124754,1.0754321585697628,1.9988897668763488,Good
1.830046591030047,6.067972192715837,1.0609039689078896,1.3516089390281438,Bad
2.7498279922369,4.648160028606586,1.024332949863972,1.8091010348102567,Bad
1.5636464841716418,6.308488373315945,1.2366886809172173,1.0649282603741737,Moderate
2.0291456386284965,2.435619406203001,1.031798759424796,1.3096555520379822,Good
2.5955963174784205,4.435188203990197,1.2116967057909056,1.6942290652265954,Moderate
2.791253812382792,6.588569986222563,1.2518460940536338,1.2197554370590649,Bad
1.86802028099607,5.385610466644931,1.137582597745822,1.1298553220801475,Moderate
2.155568845253941,3.863287864286991,1.1842207446560435,1.4045505174051285,Moderate
1.8973476502900024,3.077847775101753,1.0012719626894675,1.5344058394852758,Good
1.6480399220112514,5.746905335338599,1.0493032102603963,1.7072142378341502,Moderate
2.521051034885516,4.013125374672654,1.1211426443839876,1.5344058394852758,Moderate
2.292741486311756,4.813804781085999,1.274962403420132,1.1498335249648624,Bad
3.088085990831685,2.5459861384264277,1.216867469879518,2.4633736942674225,Moderate
2.327560441140495,2.1158777068455983,1.3334628931208703,1.6792457127301093,Moderate
1.6180949307420844,5.472408316944144,1.101438010104936,1.3596004599156697,Bad
2.7736637759960256,2.3843168600065203,1.1574038087835212,1.4544954252828155,Moderate
2.886533289013955,3.0784156999673966,1.0338126607073457,2.4783570467639087,Moderate
1.733651834616538,6.111323790793307,1.1469102215312863,1.3096555520379822,Bad
3.308450299651358,1.38315997602095,1.1422463956471045,1.839067739803229,Moderate
1.3337011661183609,4.01710084873216,1.0985484679362612,1.0049948503882289,Good
2.4357563178602417,3.40582438501099,1.0139914496696465,2.298556816806074,Good
1.2692043015366874,5.425081244807168,1.0048665899727944,1.0,Good
1.6100328226693752,6.320320141350189,1.1772250198212204,1.4245287202898431,Bad
1.7683539211266557,4.478539802067667,1.0450159782355228,1.4644839273910732,Good
2.443117345014948,1.6389154738491634,1.5549941609016713,1.8140958851984847,Bad
1.0844322649520877,4.001293606638411,1.0321803342401863,1.15982202707312,Good
2.4296805197260545,2.0096757569702257,1.2028760202098718,1.6243059544641931,Good
2.5264258165985654,1.6902180200456445,1.4407306645938591,1.154828375353091,Bad
3.223739730728601,1.9898930408169704,1.0790821080450836,2.857935709564293,Good
2.0684045576150387,1.7769212162005823,1.0462326187329964,1.5943392494712207,Good
1.9002687132869067,5.6025577653208245,1.0174893120870578,1.4794672798875594,Bad
1.3673516957483387,4.31687052364776,1.0474492592304705,1.15982202707312,Good
1.3224843229083685,3.90663946236446,1.0629615235134084,1.0,Good
1.2311137432520425,5.101648033823081,1.125923047026817,2.523307104253368,Bad
3.3527334598919483,2.83789951936729,1.0231163093664983,2.038846172645779,Moderate
1.8169603062001547,6.119180084768044,1.071123211815002,1.3845723145204134,Moderate
1.5858464984512477,6.801541810838951,1.0466381748931208,1.374583812412156,Bad
3.0612122757570326,3.267723988515297,1.054799835211815,1.908989651897432,Moderate
1.7820244830527932,4.052596152834892,1.1760590843373495,1.5743622452547057,Moderate
3.402508205667344,2.6682792928283705,1.041974349008939,2.348501724683761,Moderate
1.7578381588346657,2.841780339282521,1.0011659634667702,1.3346286053109258,Good
1.6926402133349892,3.054752163898909,1.0279828993392923,1.5493891919817622,Good
2.518363708525856,3.993437312663673,1.2017100567431014,1.4794672798875594,Moderate
2.418931020796821,5.172638642028543,1.426739214924213,1.2097669349508071,Bad
1.7927739819820272,5.563086987158588,1.0746210742324136,1.6942290652265954,Moderate
2.2281278179083244,3.685811343773335,1.0757870097162845,1.2820394353846587,Good
2.12063302210658,4.797997538992249,1.071123211815002,1.744172774436083,Moderate
2.827411141648466,3.2913875245837847,1.4279051783909833,1.3795786628003843,Bad
1.5570183993860416,5.886520198142675,1.1106596346677031,1.6492790077371366,Moderate
4.3454243097153205,2.5854569165886647,1.1058483668869024,2.1886796976106413,Moderate
2.2759162537451987,2.569649674494915,1.0385677388262728,1.983906414379863,Good
1.4622275510009497,5.212109420190781,1.145744258064516,1.1648168774613483,Moderate
1.468303349135137,5.231797482199762,1.0279828993392923,1.3396222570309548,Bad
3.6976514692203017,1.7257133241483755,1.0145997699183833,2.743063739980632,Moderate
2.769457483978603,2.25416741162984,1.1240980862806065,1.820141967597868,Good
1.4856234661436287,3.3460976199741275,1.0769529731830547,1.248295726894372,Good
2.332935222853544,3.701618585867085,1.2856587547609797,1.8740292951844304,Bad
3.591091426476939,2.364628797997539,1.0389327197823552,1.9639294101633475,Moderate
1.8008360900547362,6.399261697674663,1.1760590843373495,1.0,Bad
2.365183655144381,3.4728395191569468,1.1340847353284105,1.3645953103038984,Moderate
2.9322185465936856,8.52102899571953,1.2973183054799844,1.7831294909269473,Bad
2.362496264287856,4.620521018478592,1.3229693058686358,1.3995556670168998,Bad
1.7851792181900763,4.904483451300443,1.00462325068014,1.639289306960679,Moderate
2.191789897421822,5.058296435745612,1.0693489280994948,1.529412187765247,Bad
2.048074049452197,3.113911004070128,1.0116595507190052,1.2996670499297247,Good
1.833084522345573,5.409274002713419,1.2495141951029929,1.1398450228566048,Bad
2.5129889268128065,1.727322444601033,1.510687912942091,1.6342956552406505,Bad
2.854284856723118,5.925990976304912,1.0377160792848814,1.5593788927582195,Moderate
3.907967360028744,1.907070664577264,1.0291995398367664,2.643173924225257,Moderate
2.674231088266991,4.021076322791666,1.0559657986785853,1.4395120727863295,Moderate
1.722902335687304,4.127562235099861,1.121259221142635,1.0749167624824312,Moderate
2.9405143913036387,2.790572447230314,1.0644823381267003,1.7691458277090266,Moderate
1.833084522345573,5.077984497754594,1.1574038087835212,2.083796230135237,Moderate
1.8841444971414885,5.590725997286581,1.3148076175670425,1.5993340998594494,Bad
1.835387963367243,4.151225771168347,1.15507190983288,1.3046619003179534,Good
2.32218572392431,5.468432842884638,1.2576758554216867,1.2397336399437795,Moderate
2.410868912724111,2.6524720507346213,1.3929265542168676,3.8018869168429257,Moderate
2.1797551694720694,4.727006930786786,1.138748533229693,1.589345597751192,Bad
2.354434156215147,6.856725176950664,1.1399144966964632,1.1897887320660925,Bad
2.072260373670325,1.560068571668963,1.068132287602021,1.3096555520379822,Good
1.548223348944226,4.707318868777804,1.0279828993392923,1.2247502874472935,Good
2.0291456386284965,2.435619406203001,1.0394304516129032,1.6243059544641931,Good
1.5965959973804815,5.807673295962474,1.047804110376992,1.0,Bad
4.090241046066907,1.4219681751732698,1.0291995398367664,3.517203219409688,Moderate
3.5718124751942377,4.987305827540149,1.15507190983288,2.2336297551001,Bad
1.159840064115043,4.127562235099861,1.0012166404974738,1.2397336399437795,Good
1.6664675791783397,3.2401796325315777,1.0279828993392923,1.2097669349508071,Good
1.712152901254935,6.647728826393782,1.1783909832879906,1.8740292951844304,Moderate
3.1310839220517552,2.313326251801058,1.1061018359891177,1.7042175673348532,Moderate
1.072558972654383,5.365922404635949,1.0,1.2397336399437795,Moderate
1.773962374980084,2.975905261718709,1.0445182464049747,1.4994454827722743,Good
2.918781721304792,3.378185374882997,1.064127486980179,1.5793558969747346,Moderate
1.5468212516050852,6.454445063786376,1.0,1.4295223720098722,Moderate
2.193191994760963,2.3527970299632948,1.037310523124757,1.2846836974332383,Good
2.727978518416295,2.155537793296383,1.1643995336183444,1.669256011953652,Good
2.6581068721215724,4.24976073535753,1.444228527011271,1.6842393644501383,Moderate
2.902657505159373,6.951379321224614,1.2457628635833655,1.2297451378355222,Bad
3.331561654627503,5.271268260362,1.2203653322969297,1.7741394794290557,Bad
2.796237678599612,3.700388081991523,1.034978624174116,3.002480710431996,Moderate
2.7226037367032463,4.253736209417036,1.1667314325689857,1.4894557819958172,Good
3.212522887518608,5.941703564254388,1.0571824391760591,1.5394006898735046,Bad
1.4309563107053895,1.4929587833787323,1.0,1.5993340998594494,Good
4.466005390346957,2.372485091972277,1.1070650073843762,2.857935709564293,Bad
1.5670349559461694,3.934278472492454,1.0116595507190052,1.3596004599156697,Good
3.243369222470304,1.6192274118401817,1.1313979572483484,2.093784732243495,Good
2.5899879281218565,4.797997538992249,1.0816167990672367,1.6492790077371366,Bad
2.488802602594679,4.293206987579272,1.1527399828993392,1.3246389045344684,Moderate
3.4938787853236697,1.67980606417551,1.0742155180722892,2.792554352610626,Good
3.227829218924266,4.667848090615568,1.2856587547609797,1.6642623602336228,Bad
1.2418632421812763,2.4553074682119838,1.0279828993392923,1.2397336399437795,Good
3.0424007332519545,2.975905261718709,1.1434123591138747,2.148723291841211,Moderate
2.113271994951874,3.681835869713829,1.0437993097551497,1.4744724294993308,Good
1.7390265518327226,6.020645120578863,1.2961523420132142,1.0,Bad
1.9225855958851343,2.4868272982552084,1.3381266910221532,1.2896785478214672,Moderate
2.017928795418504,2.7314136070590957,1.4246100800621844,1.1664818275907582,Moderate
1.5860802350884915,4.900507977240936,1.0546938359891178,1.5144288352687607,Bad
2.160943562470126,2.139825205346908,1.0116595507190052,1.5993340998594494,Good
2.8928427592885217,5.1844704100627865,1.0,1.6243059544641931,Bad
2.090304145499423,2.9877370297529526,1.002931544500583,1.525130544955851,Good
1.658989683705011,4.616545544419086,1.0547491581811117,1.6742508623418806,Bad
2.2496267512699277,4.226097199289042,1.280994956859697,1.0449500574894588,Bad
2.800303754433434,4.0999232249718665,1.0012166404974738,1.6143174523559356,Moderate
2.396497334376836,2.1121861952189143,1.041974349008939,1.6193123027441645,Good
2.4553857451050805,4.5731939463416165,1.049882568208317,1.9539397093868904,Bad
2.498086281282565,4.884795389291462,1.2645655810338128,2.07380652935878,Bad
1.8438339567779425,4.060452446809629,1.0897784593859308,2.018867969761064,Good
1.5580380948150778,6.911908543062377,1.122425184609405,1.5993340998594494,Bad
1.24396642043842,4.53372316817938,1.010175589584143,1.2796888470450098,Good
1.5944928191233376,3.6976431118075785,1.0851653385153517,1.419533869901615,Good
1.7900865911255024,3.350546364755004,1.305479993781578,1.2097669349508071,Good
2.747023797558618,4.289231513519767,1.0571824391760591,1.4594890770028446,Moderate
2.537175251030934,4.474564328008161,1.0559657986785853,2.0088794676528066,Moderate
1.2767990653286376,6.316439321434957,1.0396424500582977,1.3596004599156697,Bad
4.956742425902078,1.2799869587623445,1.1180148278274389,4.6759162120273565,Bad
2.023887725234069,4.758526760830012,1.1888845705402251,1.7591561269325693,Moderate
4.875420328753849,3.0665839319331534,1.068132287602021,3.067702644515101,Bad
2.0803224817430337,4.73883869882103,1.0163233486202876,2.103773234351753,Bad
1.3729601496017674,5.235772956259268,1.0389327197823552,1.799112532701999,Good
2.6177963317580266,4.648160028606586,1.1352506708122814,1.764150977320798,Bad
3.4284471676836143,4.53372316817938,1.1155815468324912,2.1187565868482388,Bad
1.64066883334567,5.152950580019562,1.0559657986785853,1.3845723145204134,Bad
1.3009853895467651,6.789710042804707,1.0011659634667702,1.15982202707312,Moderate
2.8367585432385587,4.072284214843873,1.1170193921492422,1.859045942687944,Moderate
1.5496254462833672,3.9461102405266977,1.0025438973960357,1.4395120727863295,Good
1.8384592395617576,4.865012673138205,1.1399144966964632,1.0799116128706598,Bad
3.121946844737064,2.71163089090584,1.1216647773027597,2.238623406820129,Good
1.7879834128683587,5.243629250234005,1.0559657986785853,1.254716992440266,Bad
2.8730964637250613,5.851024894039943,1.268381441119316,1.8140958851984847,Bad
3.276201867360521,1.9702049788079887,1.034978624174116,1.884017797292688,Good
3.182143896847671,4.332583111597236,1.0279828993392923,1.6980480221108998,Bad
7.073922113887317,2.7274381329995894,1.0750450431403031,2.648168774613486,Bad
3.5630492862035257,3.764658245953535,1.0133831294209097,1.9289678547821465,Moderate
1.6449686458167367,3.926422178517716,1.0174893120870578,1.2097669349508071,Good
2.010450899945176,5.965367100322875,1.071123211815002,2.133739939344725,Bad
2.752164842634423,3.768633720013041,1.0571317621453555,2.303551667194302,Moderate
1.8973476502900024,4.458851740058686,1.0340661298095608,1.0,Moderate
2.8596595739393025,3.875119632321235,1.174893120870579,1.4644839273910732,Moderate
2.445804735871473,5.519735389081118,1.3940924897007383,1.374583812412156,Bad
3.1498954645568342,2.30546995782632,1.0909444228527012,2.303551667194302,Moderate
2.824723815288806,5.642028543483062,1.1317528083948698,2.55327380924634,Bad
2.9375933283067344,2.52232260235794,1.5619898857364944,1.2597118428284946,Moderate
1.5687450903105522,5.026776605702387,1.2175034372328022,1.544395540261733,Bad
1.6772170781075737,3.4413196891137217,1.0079951061018266,1.6345893289495816,Good
1.3708569713446237,6.359790919512426,1.0011659634667702,1.0,Bad
1.3305464309810775,4.589001188435367,1.0769529731830547,1.2397336399437795,Good
2.413322566943392,3.7962727301410335,1.1597357077341623,1.799112532701999,Moderate
2.445804735871473,4.916315219334686,1.172561221919938,1.918979352673889,Bad
1.7094655103984104,5.050440141770873,1.0489700738437622,1.4744724294993308,Moderate
1.2411621612632735,4.770358528864255,1.0231163093664983,1.1648168774613483,Good
2.7722616786568848,4.403573719802698,1.0,1.804106184422028,Bad
3.0274449423052974,3.315051060652272,1.0559657986785853,1.9289678547821465,Moderate
3.7032598585768657,1.8795263085935443,1.1447810866692576,1.8790229469044597,Moderate
2.012320341565076,4.5298423482641486,1.0620490291488536,1.5394006898735046,Bad
4.16034636450201,3.173069844241347,1.1605974970851147,4.321309403831716,Bad
2.7918911703985883,3.5004785292849405,1.0629615235134084,1.529412187765247,Good
2.962948077723624,1.4180873552580378,1.133554739214924,1.918979352673889,Good
2.9965986073536017,1.5364050356004753,1.0292548620287605,1.7891228319255417,Good
1.229945318053281,4.22221637937381,1.0368865542168677,1.3346286053109258,Good
3.07511650982355,2.8812511174447586,1.068132287602021,1.7142060694431107,Moderate
2.010450899945176,5.176614116088049,1.08861252390206,1.544395540261733,Moderate
1.752463441618481,3.33871459672076,1.0384764865915277,1.2247502874472935,Good
1.7038570565449818,3.374209900823491,1.1119315973571706,1.5194224869887896,Good
2.682526932976944,5.377754172670193,1.192230345899728,2.213651552215385,Bad
1.4864138752190772,3.993437312663673,1.053633899727944,1.2397336399437795,Good
2.177768859533548,3.8474806221932414,1.097331827438787,1.0449500574894588,Moderate
2.3490594389989625,4.060452446809629,1.096774184220754,1.5194224869887896,Moderate
2.458190004280227,2.4868272982552084,1.0241670392537894,1.644284157348908,Good
1.0429979312200706,5.503928146987369,1.030314798289934,1.3845723145204134,Good
1.634219146887503,4.652040848521818,1.0501360373105324,1.4544954252828155,Good
1.1486232209050506,4.592882008350599,1.0145997699183833,1.11986681997189,Good
2.73335323563248,4.84930008518873,1.1492421204819276,1.6992227169466243,Bad
1.406330246864544,5.003113069633899,1.1837138064516128,1.1648168774613483,Bad
1.5159749166533891,5.330427100533218,1.0206830003886511,1.3695889620239272,Moderate
1.720682353608403,6.706887666565001,1.0746210742324136,1.2647054945485237,Bad
2.016593452334205,3.0770905419475616,1.1971522580645162,1.1448386745766337,Good
3.1536344122934983,2.755077143127583,1.2518460940536338,1.839067739803229,Moderate
2.98596597674299,2.096378953125164,1.064127486980179,2.003884617264578,Moderate
1.7309644437600131,2.1989840455181264,1.1002720466381657,1.3446171074191833,Good
1.7632128760508503,2.833924045307784,1.2483482316362222,1.314650402426211,Moderate
1.073291915023489,5.425081244807168,1.0165353470656822,1.0,Good
2.4269931288695297,4.663872616556061,1.0559657986785853,1.7491676248243118,Bad
2.1889857027435395,1.9898930408169704,1.0381584889234357,1.6642623602336228,Good
2.1020551517418813,5.531567157115362,1.1094982883793238,1.1947835824543211,Moderate
1.8008360900547362,2.5933132105634025,1.280994956859697,1.1847950803460634,Moderate
1.1263063383068228,6.359790919512426,1.0,1.3596004599156697,Moderate
2.437742627798764,5.969342574382381,1.3089778561989895,1.6243059544641931,Bad
3.268607103568571,2.372485091972277,1.0279828993392923,1.8540510922997155,Moderate
2.091071980672268,3.792297256081529,1.029148862806063,1.354605609527441,Good
4.393095941730437,1.8873826025682825,1.0316328488146134,2.5682571617428263,Bad
2.98596597674299,1.3667848090615569,1.4535561507967354,2.623196920008742,Moderate
2.242265724115221,4.498227864076648,1.0948985184609406,1.4794672798875594,Good
2.521051034885516,6.332151909384432,1.172561221919938,1.859045942687944,Bad
1.9325171455777437,5.862856662074187,1.0,1.3795786628003843,Bad
2.093759307031928,3.63848427163636,1.0454722114263506,1.6792457127301093,Good
1.445869598218287,3.125742772104372,1.0,1.3596004599156697,Good
2.082425660000178,2.865443875351009,1.0279828993392923,1.4944506323840456,Good
1.56166017423312,2.770789731077059,1.1690633595025262,1.3596004599156697,Good
3.389188184200208,2.159513267355889,1.0547491581811117,2.323529870079017,Moderate
2.88922067987048,1.8834071285087768,1.2861887508744656,1.589345597751192,Moderate
1.5524296409616491,4.159082065143085,1.018249719393704,2.543285307138082,Moderate
1.6584054711056306,4.9123397452751805,1.0804508356004665,1.4744724294993308,Moderate
1.9029561041434315,4.691511626684054,1.135047906723669,2.2735849622013298,Moderate
4.1855842456002765,3.1928525603946025,1.0425826692576758,2.338513222575504,Moderate
1.857270846563701,5.212109420190781,1.0804508356004665,1.2647054945485237,Moderate
1.9002687132869067,3.914590410483472,1.7735272848814612,1.329633754922697,Bad
2.3383099400697285,6.2848248372474576,1.1760590843373495,1.7741394794290557,Bad
2.5264258165985654,5.381729646729699,1.0293154170229304,1.419533869901615,Bad
3.3555376545702296,7.357634908448408,1.0437993097551497,1.409545367793357,Bad
2.284562574417289,3.713450353901328,1.282160892343568,1.1997784328425498,Moderate
1.4461033348555312,4.202433663220555,1.1165954232413524,1.4944506323840456,Moderate
1.6691549700348642,2.0253883449197017,1.1200932856587642,1.0749167624824312,Good
1.6141223108650409,2.8322202707108524,1.0114475522736106,1.4794672798875594,Good
2.255001468486112,3.4413196891137217,1.0513019727944035,1.6492790077371366,Good
3.09346070804787,2.841780339282521,1.0629615235134084,1.7142060694431107,Moderate
2.8479753864485517,1.2248035926506315,1.103027942479596,2.1836848472224126,Good
3.268607103568571,3.957942008560941,1.0608323886513795,1.7941176823137703,Moderate
2.219831973198371,6.154675388870776,1.0523158492032647,1.2896785478214672,Bad
2.130230800524979,2.489761576727701,1.0545666537116207,1.4794672798875594,Good
1.4944759832917862,3.768633720013041,1.226296503692188,1.7841291802055128,Moderate
1.647656036673261,2.3803413859470144,1.0431403124757093,1.5244173373770182,Good
2.0265751160905943,3.748945658004059,1.1235911480761758,1.5743622452547057,Good
1.7599413370918096,3.5043593492001723,1.029148862806063,1.3446171074191833,Good
1.0448673728399704,4.951810523437418,1.0,1.0799116128706598,Good
2.096446697888452,2.4553074682119838,1.032849489312087,1.6293008048524218,Good
1.938136241413828,3.875119632321235,1.079751263116984,1.1348501724683762,Good
1.908330821359616,4.679679858649811,1.0396424500582977,1.484462130275788,Moderate
1.5697222823058292,4.612664724503855,1.4244073159735715,1.2796888470450098,Bad
2.459241561160366,3.374209900823491,1.0466381748931208,1.9339627051703752,Good
1.7309644437600131,5.235772956259268,1.0152634123591138,1.389567164908642,Bad
2.701104803341643,5.866832136133693,1.3754372421298096,1.234738789555551,Bad
2.7498279922369,3.1100301841548963,1.1313979572483484,1.4894557819958172,Moderate
3.218154689237015,3.437344215054216,1.060629624562767,2.018867969761064,Moderate
1.2240417265475263,3.82779256018426,1.0,1.0,Good
2.351746765358622,3.5043593492001723,1.2385209172172562,1.5593788927582195,Good
2.539512101428458,6.738407496608226,1.143564446171784,1.4045505174051285,Bad
3.8098199013202274,3.6424597456958656,1.1070650073843762,2.0887898818552664,Moderate
1.5670349559461694,2.715606364965346,1.029148862806063,1.2497221420520372,Good
3.59950407500865,1.5482368036347192,1.0048665899727944,2.977802529536183,Moderate
3.5574408968469617,1.9860122209017383,1.0316328488146134,3.7918984147346686,Bad
2.4269931288695297,5.129287043951074,1.0687912848814614,1.764150977320798,Moderate
2.17438038775902,4.865012673138205,1.3731053151962689,1.3446171074191833,Bad
1.4864138752190772,6.304607553400713,1.0699572483482316,1.374583812412156,Bad
1.6169265055433228,4.916315219334686,1.0279828993392923,1.3795786628003843,Bad
2.054383519726764,4.794022064932743,1.0693489280994948,1.4744724294993308,Moderate
2.231048880905228,4.7151751627525424,1.0510992087057909,1.3845723145204134,Moderate
2.620483722614551,7.755939547553189,1.348620278274388,1.3995556670168998,Bad
1.94501928230512,4.754645940914779,1.0389327197823552,1.0749167624824312,Good
1.8814571707818284,6.679248656437007,1.0816167990672367,1.3596004599156697,Bad
4.373466449988734,2.068834597141445,1.0340661298095608,2.5832405142393124,Moderate
1.6906539033964674,4.498227864076648,1.1119315973571706,1.6293008048524218,Moderate
1.8465213476344668,3.1849016122755907,1.0069957248348231,1.0849052645906887,Good
2.555986858032877,2.707750070990608,1.0116595507190052,1.639289306960679,Moderate
1.8196476325598143,5.448744780875656,1.156587631558492,1.6492790077371366,Bad
1.518779111331671,4.26556797745128,1.026766258841819,1.3096555520379822,Good
1.489101201578737,2.93255366364124,1.1737271574038088,1.3196452528144396,Good
2.3759330895767503,1.7650894481663388,1.0011659634667702,1.314650402426211,Good
2.5198826096867544,5.330427100533218,1.0012166404974738,1.8540510922997155,Bad
1.9378919272907928,3.2401796325315777,1.064127486980179,1.6992227169466243,Moderate
2.528295258218465,5.148975105960056,1.2019635258453167,1.2647054945485237,Moderate
1.2047074369550137,5.937822744339156,1.0279828993392923,2.198668199718899,Bad
3.0128396273207776,1.8715753604745329,1.2506801305868636,2.0138731193728354,Moderate
2.152881454397417,6.994730919302083,1.0652934224640498,1.3596004599156697,Bad
1.7094655103984104,3.654291513730109,1.0089036548775747,1.2247502874472935,Good
2.2039414936901967,4.683655332709317,1.1055718398756316,1.6892342148383668,Moderate
3.565853545378672,2.7314136070590957,1.1107149568596968,3.342397839840081,Moderate
1.7217506151764692,4.888676209206693,1.0190792444617178,1.3046619003179534,Moderate
2.0023887918724665,6.482084073914369,1.036144587640886,1.5643725444782484,Bad
1.5428486317280417,5.361946930576443,1.0104935872522347,1.0,Moderate
2.315175172731741,7.499616124859334,1.0912485969685193,1.8140958851984847,Bad
3.0050112558853126,4.581050240316355,1.0036499494753206,2.4184236367779635,Bad
2.0684045576150387,3.606964441593135,1.067413350952196,1.6842393644501383,Good
1.370155890426621,2.6919428288968583,2.047533764477264,1.419533869901615,Bad
2.354434156215147,3.62267702954261,1.0535324897007383,1.3246389045344684,Good
1.803279102291361,5.7405635076722445,1.0038158600855034,1.2647054945485237,Bad
2.451179453087658,3.413680678985728,1.0851146614846483,1.779134329817284,Moderate
3.7115557032868174,2.8812511174447586,1.380101040031092,1.1248616703601186,Moderate
2.253482567325213,3.965798302535679,1.0206830003886511,1.6293008048524218,Moderate
4.738013951058791,2.719581839024852,1.0036499494753206,2.728080387484145,Bad
1.693341294252992,6.328271089469201,1.1760590843373495,1.1498335249648624,Bad
1.212302200746964,5.925990976304912,1.0,1.1947835824543211,Moderate
2.9292974835967813,4.305038755613516,1.048665899727944,1.4544954252828155,Moderate
1.835771848705233,5.898351966176919,1.0093276237854645,1.414539019513386,Bad
2.0776350908865093,3.0035442718467023,1.0081616883015934,1.409545367793357,Good
2.719916410343586,4.746694992795767,1.1399144966964632,1.7741394794290557,Bad
2.6853311276552256,3.685811343773335,1.0802987485425573,1.6792457127301093,Moderate
2.390265776314683,6.036357708528338,1.0608628060629617,1.3695889620239272,Bad
1.855284536625179,5.673548373526288,1.0597816587640887,1.4894557819958172,Bad
1.9970140101594172,6.549099208060325,1.1772250198212204,1.6243059544641931,Bad
1.3645475010700567,4.845324611129223,1.006359757481539,1.2996670499297247,Good
2.430147864006813,2.2659991796640826,1.0012166404974738,1.5094339848805318,Good
2.415999315817261,1.7020497880798882,1.0513019727944035,1.7841291802055128,Good
1.1289937291633474,4.210384611339567,1.0012719626894675,1.3596004599156697,Good
3.481727189055296,1.2406108347443812,1.0279828993392923,1.4644839273910732,Moderate
2.7709763851395013,6.37162268754667,1.2774970944422852,1.3446171074191833,Bad
1.131681120019872,5.1884458841222925,1.2658375437232805,1.7142060694431107,Bad
1.5939086065239567,6.588569986222563,1.0466381748931208,1.484462130275788,Bad
4.754839183625347,2.7234626589400834,1.1289646762534007,3.067702644515101,Bad
3.7115557032868174,2.8812511174447586,1.380101040031092,1.1248616703601186,Moderate
1.8020045152534976,4.435188203990197,1.143564446171784,1.3645953103038984,Good
2.424539474650249,4.667848090615568,1.1107149568596968,1.983906414379863,Moderate
1.7094655103984104,2.83789951936729,1.096774184220754,1.3596004599156697,Good
1.6288444296713185,1.9898930408169704,1.2611737178390985,2.288568314697816,Good
1.7444013335457718,7.23931722810597,1.1189273221919938,1.1148719695836613,Bad
1.4971633096514465,2.411955870134514,1.060629624562767,1.3795786628003843,Good
4.003310495065248,1.4377754172670194,1.1289646762534007,3.257491376581193,Moderate
3.823841003705367,2.163488741415395,1.0072998989506412,2.758047092477118,Moderate
2.7118543022708765,5.661716605492043,1.0524679362611735,1.3596004599156697,Bad
2.7118543022708765,6.482084073914369,1.5328410509133308,1.0149833524964862,Bad
2.410868912724111,3.3703290809082587,1.13291877186164,1.419533869901615,Good
2.0847200069639413,3.5398546533029034,1.1386425340069957,1.5743622452547057,Good
3.437444028814705,4.458851740058686,1.3218033424018656,1.639289306960679,Moderate
1.620782321598609,4.94395422946268,1.0384764865915277,1.5194224869887896,Moderate
4.090241046066907,2.0885226591504265,1.0133831294209097,6.953385791493265,Bad
2.381307871289799,3.5043593492001723,1.4698795273999223,1.6892342148383668,Moderate
1.844601791950787,5.152950580019562,1.0035977893509522,1.449500574894587,Moderate
1.2019032422767315,4.419380961896448,1.0,1.2397336399437795,Good
1.6530307538894458,5.267292786302494,1.108433734939759,1.2197554370590649,Bad
1.2047074369550137,3.800153550056266,1.0036499494753206,1.1498335249648624,Good
2.8408480314342244,2.699799122871596,1.0431403124757093,1.5993340998594494,Moderate
1.4568527692879003,6.549099208060325,1.0034978624174116,1.0,Bad
2.418931020796821,6.343983677418676,1.0304162083171395,1.8540510922997155,Bad
2.1367572382519984,2.1831768034243764,2.378157792460163,1.589345597751192,Bad
3.1753033593901385,4.135418529074598,1.0725011457442677,1.804106184422028,Moderate
1.634219146887503,3.92244670445821,1.005829761368053,1.2996670499297247,Good
1.765900266907375,5.287075502455749,1.1609016712009328,1.4295223720098722,Bad
1.682591795323758,3.670004101679585,1.0219199284881462,1.4395120727863295,Good
2.281524643101763,4.991281301599655,1.0510992087057909,1.3246389045344684,Bad
1.171991660383418,2.0253883449197017,1.002098717450447,1.529412187765247,Good
2.0856971989592186,4.269543451510785,1.083948698017878,1.609322601967707,Moderate
1.583275975913345,3.6581723336453416,1.0559657986785853,1.7341842723278256,Good
2.351629961536865,2.10035442718467,1.0559657986785853,1.5543840423699908,Good
2.365183655144381,6.079803960750081,1.1410804601632336,1.4744724294993308,Bad
2.445804735871473,5.216084894250287,1.0761367959580257,1.5144288352687607,Bad
2.990990153500173,5.63407759536405,1.0194663598911775,1.3995556670168998,Bad
1.2211320794956535,3.285235005205978,1.0026650353672757,1.2130968352096263,Good
2.245069918793503,2.5459861384264277,1.0097331799455889,1.4944506323840456,Good
2.609734223685317,1.9307342006457515,1.2366886809172173,1.7691458277090266,Moderate
1.773962374980084,5.101648033823081,1.0669156191216478,1.7591561269325693,Moderate
2.6177963317580266,7.1012168316102775,1.4121117979012825,1.5643725444782484,Bad
2.152881454397417,3.445200509028953,1.2670035071900505,1.484462130275788,Moderate
1.6422812549602122,2.90093917945374,1.06645938593082,3.7918984147346686,Moderate
1.9786698119350976,2.684086534922121,1.1058483668869024,1.8140958851984847,Good
1.4864138752190772,6.608258048231544,1.0816167990672367,1.824084387306743,Bad
2.1501940635408925,4.999137595574393,1.034978624174116,1.5793558969747346,Moderate
2.825541700028566,4.021076322791666,1.035282798289934,1.2846836974332383,Moderate
2.5237384257420405,4.525866874204642,1.1865526715895842,1.8091010348102567,Moderate
2.260376250199161,6.5175793780171,1.216867469879518,1.0699219120942025,Bad
2.413556303580636,4.778309476983267,1.0046638258841818,1.7142060694431107,Bad
1.5858464984512477,2.790572447230314,1.0827320575204042,1.4644839273910732,Good
2.193191994760963,2.3527970299632948,1.037310523124757,1.2846836974332383,Good
1.633751802606744,5.6893556156200376,1.0194663598911775,1.3845723145204134,Bad
1.8492087384909917,7.432506336569103,1.180722882238632,1.1997784328425498,Bad
2.354434156215147,4.514035106170399,1.2360296836377769,1.0849052645906887,Bad
1.369391151103276,3.973749250654691,1.0,1.03995520710123,Good
1.88613080708001,1.9110461386367696,1.0089036548775747,1.5993340998594494,Good
3.102597785362561,1.6415657898888338,1.061562378546444,1.972252962142196,Good
2.0561361575249064,2.0570028291072013,1.041974349008939,1.4245287202898431,Good
3.102597785362561,1.6415657898888338,1.061562378546444,1.972252962142196,Good
1.6557181447459706,6.363766393571932,1.0050877947920716,1.5194224869887896,Bad
2.573162631058436,6.4347570017773945,1.1208352522347451,1.8440625901914576,Bad
1.6180949307420844,4.727006930786786,1.030314798289934,1.1398450228566048,Moderate
2.397432087435217,2.3093507777415523,1.577147298872911,1.5793558969747346,Moderate
3.271411298246853,3.2401796325315777,1.0437993097551497,1.6342956552406505,Moderate
1.7122697050766924,6.320320141350189,1.0705655685969686,1.3246389045344684,Moderate
1.002804194678282,4.553505884332635,1.0048665899727944,1.1498335249648624,Good
1.975865617256816,5.085935445873605,1.0279828993392923,1.8940062994009452,Bad
2.3168110067081256,5.957510806348138,1.0861640202098717,1.9039960001774028,Bad
1.6261570388147937,6.213834229041995,1.1364166342790516,2.0488346747540365,Moderate
1.4837264843625526,4.5850257143758615,1.0944422852701128,1.0699219120942025,Good
2.124488838161866,5.7603462238255,1.0754321585697628,1.3096555520379822,Bad
2.845171191770269,3.1928525603946025,1.0523158492032647,1.6992227169466243,Moderate
2.825541700028566,3.567493663430897,1.1861471154294598,1.899001149789174,Moderate
1.88613080708001,5.208133946131275,1.036144587640886,1.1248616703601186,Moderate
1.740311845350106,5.7603462238255,1.032849489312087,1.604328950247678,Bad
1.8468718880934685,4.379910183734211,1.0425826692576758,1.4445057245063584,Good
2.0534487666683816,4.916315219334686,1.1445783225806452,1.03995520710123,Bad
3.100354390921817,1.761208628251107,1.0,1.9289678547821465,Good
2.842366932595122,5.271268260362,1.1119315973571706,1.8440625901914576,Bad
3.308987752023917,5.598582291261319,1.1348267019043918,1.484462130275788,Moderate
1.1558674442379997,3.9619174826204473,1.012825486202876,1.11986681997189,Good
2.534487924671274,2.82209227727354,1.0384764865915277,1.3396222570309548,Good
2.010450899945176,4.54953041027313,1.0513019727944035,1.329633754922697,Moderate
3.2874888186623146,2.628808514666134,1.0306479347065682,1.7591561269325693,Good
1.222807321056298,3.8987831683897225,1.0254390019432569,1.529412187765247,Good
1.386981187490042,5.6498848374578,1.1061018359891177,1.1698117278495772,Moderate
1.599283388237006,1.6980743140203822,1.137582597745822,2.1637066443376973,Good
1.7927739819820272,6.777878274770464,1.15507190983288,1.0,Bad
2.1582561716136013,3.670004101679585,1.0781189366498252,1.314650402426211,Good
1.4514780520717157,5.681404667501026,1.3722942308589197,2.158712992617669,Bad
1.4622275510009497,3.287506704668553,1.1317528083948698,1.3446171074191833,Good
2.413556303580636,5.477141024157841,1.083948698017878,2.07380652935878,Bad
2.1125709140338707,4.514035106170399,1.1002720466381657,1.2647054945485237,Moderate
2.040744883748594,6.276968543272719,1.031798759424796,1.5094339848805318,Moderate
1.8492087384909917,6.198121641092519,1.0699572483482316,1.6143174523559356,Bad
1.6772170781075737,3.204684328428846,1.5806451612903225,1.0099885021082575,Bad
1.633751802606744,5.6893556156200376,1.0194663598911775,1.3845723145204134,Bad
2.3095667833751765,5.574918755192831,1.0194663598911775,1.2497221420520372,Moderate
2.0515793250484817,4.22221637937381,1.092465237465993,1.5543840423699908,Good
3.0668313715931173,1.9425659686799956,1.0423559238243296,4.50110963378955,Moderate
1.5885338893077725,5.823385883911951,1.1818888457054022,1.5993340998594494,Bad
2.688135322333508,4.908458925359948,1.1155815468324912,2.333518372187275,Bad
3.5933114085558406,2.104329901244176,1.0450159782355228,2.613207219232285,Moderate
2.7133732034317752,3.153381782232365,1.121259221142635,1.8091010348102567,Moderate
2.263063576558821,4.032908090825909,1.029148862806063,1.5344058394852758,Moderate
2.4497773557485165,1.9425659686799956,1.0291995398367664,1.6293008048524218,Good
1.5697222823058292,6.107348316733801,1.0699572483482316,1.5993340998594494,Moderate
2.050761440308721,3.4531514571479653,1.2320248830159346,1.3096555520379822,Good
2.5049268187400973,7.152519377806758,1.2273610571317528,1.6792457127301093,Bad
1.9620782515089203,6.253305007204232,1.0991061111542946,1.4644839273910732,Bad
4.709971810785376,1.560068571668963,1.1143649063350174,4.411209518810633,Moderate
2.0749477645268493,2.861563055435777,1.2400699665759811,1.389567164908642,Good
3.4200345191519035,4.786165770958005,1.0851653385153517,3.482241664028486,Bad
2.3133906734824947,3.863287864286991,1.1359169436455498,1.544395540261733,Moderate
2.650044764048863,3.271699462574803,1.3824329669646327,1.639289306960679,Moderate
2.8335536940374952,3.241599444695687,1.5489978453167508,1.9922311650269109,Bad
1.9534319308368304,5.129287043951074,1.1233791496307812,1.4994454827722743,Bad
4.22144863010702,1.915021612696276,1.1338312662261951,3.217536169479963,Moderate
2.7666532248034565,1.9386851487647636,1.0206830003886511,2.5882353646275407,Good
2.2684383582718706,3.654291513730109,1.4279051783909833,1.4345172223981009,Bad
2.2684383582718706,4.865012673138205,1.1737271574038088,1.11986681997189,Bad
2.93490593745021,6.474133125795357,1.0076316921881072,1.5344058394852758,Bad
2.8059122082868626,2.8930828854790027,1.1270890104935871,1.4594890770028446,Moderate
1.6799044689640985,5.610414059295563,1.0874465604352896,1.469478777779302,Bad
2.4553857451050805,2.364628797997539,1.0632656976292263,1.9128313834775308,Moderate
2.327560441140495,5.728731739638,1.13291877186164,1.6492790077371366,Bad
2.0776350908865093,1.4417508913265251,1.0326467252234746,1.729189421939597,Good
2.78710060128492,3.5951326735588904,1.036144587640886,1.609322601967707,Moderate
1.4353538359262972,6.012694172459851,1.1177613587252235,1.669256011953652,Bad
1.8438339567779425,3.342690070780266,1.2798289933929266,1.1248616703601186,Good
3.509769264831845,3.062703112017921,1.0437993097551497,1.824084387306743,Moderate
2.422155864025904,2.062208807042268,1.0176734115818111,1.5127638851393512,Good
4.3014332557744215,4.951810523437418,1.2010104842596192,1.6243059544641931,Bad
3.724992528575712,2.415836690049746,1.28799068169452,2.258601609704844,Moderate
2.4329520586850952,1.8360800563718012,1.0152634123591138,1.8140958851984847,Good
1.6870318239784252,3.212540622403584,1.0559657986785853,1.978912762659834,Good
1.2848611734013469,6.403142517589895,1.029148862806063,1.3096555520379822,Bad
2.418931020796821,3.271699462574803,1.1094982883793238,2.1437296401211823,Moderate
1.967452968725105,5.551255219124344,1.0547491581811117,1.3995556670168998,Bad
2.883987339781458,3.342690070780266,1.075718423630004,1.2397336399437795,Good
1.171991660383418,2.0253883449197017,1.002098717450447,1.529412187765247,Good
1.0,3.784440962106791,1.0,1.11986681997189,Good
1.8200315823946691,3.3071947666775343,1.2215312957637,1.0449500574894588,Moderate
1.5720591327033524,4.951810523437418,1.0206830003886511,1.329633754922697,Bad
2.5318005338147493,5.543398925149606,1.1865526715895842,1.6293008048524218,Bad
2.037324550522963,5.858881188014681,1.2087057815779243,1.918979352673889,Bad
3.6724135881220334,2.818116803214034,1.0948985184609406,1.9639294101633475,Moderate
1.833084522345573,5.077984497754594,1.1574038087835212,2.083796230135237,Moderate
2.259090956681778,4.967617765531168,1.0571824391760591,1.3695889620239272,Bad
3.864735756668293,3.181020792360359,1.2467582992615625,1.8440625901914576,Moderate
1.2607916530049768,3.7094748798418222,1.0152634123591138,1.3995556670168998,Good
1.2355537719067096,5.977198868357119,1.0231163093664983,1.3596004599156697,Moderate
1.5159749166533891,5.310739038524236,1.0394304516129032,1.3096555520379822,Bad
3.87992521975533,1.6428909479086693,1.0012166404974738,3.6970034493675215,Moderate
6.42054081953887,1.3116014429498437,1.099765108433735,4.695893216243872,Bad
1.2103158908084422,5.2752437344215055,1.0,1.2397336399437795,Good
1.6533812943484474,3.926422178517716,1.0279828993392923,1.669256011953652,Good
2.41051837226511,3.0863666480864085,1.0457902090944422,1.779134329817284,Good
1.0112168432099926,3.788321782022023,1.0291995398367664,1.3046619003179534,Good
1.8465213476344668,5.338283394507956,1.0046638258841818,1.3446171074191833,Bad
1.5670349559461694,2.715606364965346,1.029148862806063,1.2497221420520372,Good
2.1501940635408925,5.5394234510901,1.053633899727944,1.589345597751192,Bad
3.8911420629653226,3.354521838814509,1.041366028760202,2.977802529536183,Moderate
1.7470886599054318,6.328271089469201,1.0046638258841818,2.0688128776387518,Moderate
1.5858464984512477,3.516191117234416,1.150408083948698,1.2097669349508071,Good
2.256286762003495,3.2520114005658214,1.0036499494753206,1.3695889620239272,Good
1.633751802606744,6.84489340891642,1.0,1.569367394866477,Bad
1.9782024676543388,6.363766393571932,1.0851146614846483,1.7142060694431107,Bad
4.050164242340605,1.453582659360769,1.342790516906335,2.2036630501071275,Moderate
2.438560512538524,3.855431570312253,1.0559657986785853,1.6342956552406505,Moderate
2.074013011468467,3.4925275811659287,1.0218996688690245,1.8790229469044597,Good
1.6906539033964674,5.661716605492043,1.0443062479595802,1.5943392494712207,Bad
2.5049268187400973,3.985581018688935,1.1539059463661097,1.4245287202898431,Moderate
2.231048880905228,4.7151751627525424,1.0510992087057909,1.3845723145204134,Moderate
1.988951902086708,5.709043677629019,1.053633899727944,1.5194224869887896,Bad
1.7795708288335126,4.64418455454708,1.266445863972017,1.204772084562579,Bad
1.854583455707176,1.7650894481663388,1.083948698017878,1.354605609527441,Good
2.088384589815744,2.411955870134514,1.0851146614846483,1.3645953103038984,Good
1.6758149807684326,4.94395422946268,1.049882568208317,1.4894557819958172,Moderate
2.4834278853784943,5.787890579809219,1.1352506708122814,1.419533869901615,Bad
3.4200345191519035,4.9123397452751805,1.0717822090944422,1.6842393644501383,Bad
2.639295329616494,4.865012673138205,1.1200932856587642,1.6842393644501383,Moderate
3.3111376260110186,2.356677849878527,1.348620278274388,2.15371814222944,Moderate
2.3740636479568504,3.7213066478760655,1.026766258841819,2.368479927568476,Good
1.5052254177241555,3.7804654880472848,1.1574038087835212,1.1148719695836613,Good
1.8088981981274452,4.312895049588255,1.0011659634667702,1.409545367793357,Good
1.4461033348555312,3.7449701839445537,1.0116595507190052,1.2896785478214672,Good
2.336006499048059,4.103898699031372,1.194608332685581,1.4894557819958172,Moderate
2.0291456386284965,2.435619406203001,1.0394304516129032,1.6243059544641931,Good
3.492944032265288,1.398304639104782,1.0279828993392923,1.764150977320798,Moderate
2.2868660154389584,3.3584973128740154,1.0,1.3596004599156697,Good
1.7066613157201282,4.498227864076648,1.1399144966964632,1.4544954252828155,Moderate
3.18751867856072,2.0924981332099324,1.0699572483482316,3.192564314875219,Moderate
1.440261208861723,5.1884458841222925,1.0279828993392923,1.0799116128706598,Moderate
2.906863797176796,3.6029889675336286,1.041366028760202,1.9639294101633475,Moderate
1.9613104163360755,6.564906450154076,1.061962142246405,1.0,Bad
2.220065709835615,2.1871522774838823,1.0746210742324136,1.1947835824543211,Good
3.5742661294135183,4.825636549120242,1.0863820069957248,2.103773234351753,Bad
1.2355537719067096,5.977198868357119,1.0231163093664983,1.3596004599156697,Moderate
3.104210206977104,5.807673295962474,1.0443062479595802,1.6892342148383668,Bad
3.7438041355776552,1.6428909479086693,1.614457821997668,2.2436182572083574,Moderate
1.8465213476344668,5.8391931260057,1.1235911480761758,1.5144288352687607,Bad
3.271411298246853,3.630627977661622,1.164247446560435,1.4045505174051285,Moderate
2.458190004280227,2.4868272982552084,1.0241670392537894,1.644284157348908,Good
3.604060907485074,1.208996350556882,1.6039642347454333,1.8940062994009452,Moderate
2.8381606405777,1.9307342006457515,1.060629624562767,1.8790229469044597,Good
1.6987160114691764,6.627946110240527,1.071123211815002,1.5493891919817622,Bad
1.8922066052141973,3.863287864286991,1.282160892343568,1.5993340998594494,Bad
2.803108013608581,4.001293606638411,1.0109498204430625,1.6293008048524218,Moderate
1.9405792536504527,4.443044497964936,1.1667314325689857,1.5493891919817622,Good
2.867477367888976,4.328702291682004,1.0279828993392923,1.4794672798875594,Moderate
1.9378919272907928,5.271268260362,1.0069957248348231,1.6942290652265954,Moderate
2.2791877927042394,4.7309824048462925,1.0862805969685192,2.493340399260395,Moderate
2.637659495640109,5.196302178097031,1.0316328488146134,1.5244173373770182,Moderate
1.510366462799961,5.567062461218094,1.0340661298095608,2.0788013797470093,Moderate
2.8166617072160967,2.687967354837353,1.0268169358725223,1.569367394866477,Moderate
1.9478234769834015,1.654722715942913,1.031798759424796,1.8540510922997155,Good
2.005564746478197,2.5459861384264277,1.047804110376992,1.4944506323840456,Good
1.9309982444168448,2.5933132105634025,1.0279828993392923,1.569367394866477,Good
2.163630953326651,1.6586035358581448,1.409249902837155,1.0,Moderate
2.303374116922367,5.535542631174868,1.216867469879518,1.6892342148383668,Bad
2.676918479123516,2.8852265915042645,1.2299464251846093,1.8091010348102567,Good
1.6073454963097151,3.977630070569923,1.12531472677808,1.6243059544641931,Good
2.730665844775955,4.868988147197712,1.3381266910221532,1.314650402426211,Bad
1.3090474976194746,6.6161143422062825,1.0163233486202876,1.0,Bad
2.780674327188596,5.535542631174868,1.035282798289934,1.3446171074191833,Moderate
2.281524643101763,3.342690070780266,1.0534219012825496,1.859045942687944,Good
2.0151245362433574,3.133693720223384,1.0450159782355228,1.254716992440266,Good
1.9190803202888496,5.003113069633899,1.0851146614846483,1.294672199541496,Moderate
1.4038064845534632,5.002545144768255,1.0024333089778468,1.4295223720098722,Good
3.349929265213666,4.348390353690985,1.0510992087057909,1.9889012647680917,Bad
2.7330026951734787,4.744139330900371,1.0979401476875243,1.3346286053109258,Bad
1.3953938360217526,3.875119632321235,1.0462326187329964,1.5993340998594494,Good
1.5836966244641468,4.880819915231955,1.0559657986785853,1.394855689005802,Moderate
3.243369222470304,3.725282121935572,1.015816410415857,3.137624556609303,Moderate
1.722902335687304,5.6498848374578,1.1289646762534007,1.8140958851984847,Bad
1.647656036673261,4.43906902390543,1.0326467252234746,1.5244173373770182,Moderate
3.25178180650515,3.374209900823491,1.0279828993392923,1.5793558969747346,Moderate
1.7965362775836695,5.659066289452373,1.1933363979790128,1.1248616703601186,Bad
4.875420328753849,3.0665839319331534,1.068132287602021,3.067702644515101,Bad
2.6554195457619123,3.445200509028953,1.1737271574038088,2.468368544655651,Moderate
2.090304145499423,2.9877370297529526,1.002931544500583,1.525130544955851,Good
1.7981486991982116,2.8260677513330457,1.1783909832879906,1.034961555381201,Good
2.230815144267984,2.9522417256502216,1.2926544795958026,1.1448386745766337,Moderate
2.7467900609213736,1.958373210773745,1.0979401476875243,2.298556816806074,Good
1.7038570565449818,2.660422998853633,1.002068300038865,1.4245287202898431,Good
1.5720591327033524,4.510059632110892,1.1869766404974738,1.3246389045344684,Good
1.4901761708207195,5.814488394350199,1.0713563933151962,1.5993340998594494,Bad
3.0162280990953048,4.166938359117824,1.0644823381267003,1.6992227169466243,Bad
1.0675681407761883,4.080519125395707,1.0,1.0,Good
1.9970140101594172,4.068403394928641,1.0769529731830547,1.9039960001774028,Good
3.579874583266947,2.104329901244176,1.0912485969685193,3.377358196553083,Moderate
2.0151245362433574,4.41152466792171,1.425826720559658,1.3645953103038984,Bad
2.500253182441916,4.368078415699968,1.2718338872911,1.7142060694431107,Moderate
2.7736637759960256,1.7414259120978512,1.1923824329576371,1.6243059544641931,Good
3.162180633831757,2.017532050944964,1.073773108433735,2.128746287624696,Moderate
2.214690928122566,6.947403847165108,1.2005441212592305,1.329633754922697,Bad
1.7363392254730623,5.247604724293511,1.6879129327633111,1.6592675098453944,Bad
3.59950407500865,1.5482368036347192,1.0048665899727944,2.977802529536183,Moderate
2.7077648140752117,3.90663946236446,1.326061612125923,1.2197554370590649,Bad
1.835771848705233,3.567493663430897,1.6634278958414304,1.389567164908642,Bad
2.845171191770269,4.624496492538098,1.0644823381267003,1.9689230618833768,Bad
2.093759307031928,6.1468190948960375,1.1643995336183444,1.0499449078776877,Bad
1.765900266907375,2.719581839024852,1.114263496307812,1.314650402426211,Good
1.4810390935060278,6.221785177161006,1.0513019727944035,1.8740292951844304,Bad
3.439664010893607,1.2366353606848752,1.0231163093664983,2.083796230135237,Good
2.010450899945176,3.5478056014219157,1.0816167990672367,1.839067739803229,Good
7.369065377440275,3.40582438501099,1.060629624562767,2.912874269162009,Bad
2.109883523177346,3.0390395759494333,1.047804110376992,1.484462130275788,Good
1.448253208842632,3.664514161311696,1.0,1.3878039239868556,Good
1.8411466304182824,3.173069844241347,1.037310523124757,1.5593788927582195,Good
1.7444013335457718,3.323002008771284,1.0705655685969686,1.6293008048524218,Good
1.8895192788545376,7.404961980585384,1.1865526715895842,1.1698117278495772,Bad
1.521349633869574,3.879095106380741,1.1888845705402251,1.5993340998594494,Moderate
4.370809824136615,1.2208281185911256,1.2689467516517683,4.321309403831716,Moderate
1.5643475650896446,4.163057539202592,1.0174893120870578,1.0249718546047435,Moderate
1.810417099288344,4.999137595574393,1.0523158492032647,1.2796888470450098,Moderate
1.112168432099926,4.273424271426018,1.0145997699183833,1.0,Good
1.002804194678282,4.596857482410105,1.0,1.0299667049929724,Good
1.4246043369970636,6.186289873058275,1.108433734939759,1.0549385595977163,Bad
2.881625916078529,3.839624328218504,1.0535324897007383,1.804106184422028,Moderate
1.7685876577638997,5.1884458841222925,1.1702292949863973,1.4295223720098722,Moderate
2.2496267512699277,6.099492022759063,1.2480302339681306,1.7741394794290557,Bad
1.795461308341687,4.999137595574393,1.191216469490867,1.4794672798875594,Moderate
1.5892668316768783,4.947835049377912,1.0623255561601244,1.5394006898735046,Good
1.7470886599054318,6.328271089469201,1.0046638258841818,2.0688128776387518,Moderate
2.518363708525856,3.993437312663673,1.2017100567431014,1.4794672798875594,Moderate
4.350905253267471,1.7650894481663388,1.0725011457442677,2.538290456749854,Moderate
1.671842360891389,3.729162941850804,1.1247570835600469,1.0,Moderate
1.620782321598609,4.376029363818979,1.0757870097162845,1.9539397093868904,Moderate
2.698417412485118,3.232228684412566,1.0617955600466382,1.8140958851984847,Moderate
4.662300243267124,1.89523889654302,1.0535324897007383,4.206437434248054,Moderate
1.9701403595816296,5.077984497754594,1.1095996984065293,1.5993340998594494,Moderate
2.846222748650409,4.166938359117824,1.271667305091333,2.0788013797470093,Good
2.0749477645268493,4.525866874204642,1.1958802953750487,1.419533869901615,Moderate
1.5912212801642969,5.089816265788837,1.0571317621453555,2.0238628201492928,Bad
1.6253391540750337,4.9321224614284365,1.0,1.4944506323840456,Bad
1.300050636488383,4.675704384590305,1.0,1.2996670499297247,Good
1.4246043369970636,3.464983225182209,1.0012166404974738,1.2397336399437795,Bad
2.676918479123516,3.5398546533029034,1.041366028760202,1.7192009198313394,Moderate
1.518662307509914,5.263411966387261,1.0408083855421686,1.7591561269325693,Bad
1.56166017423312,2.7471261950085712,1.3043140303148075,1.274695195324981,Bad
3.605112464365214,4.20640913728006,1.1240980862806065,2.083796230135237,Bad
3.549028248315251,5.148975105960056,1.1131482378546445,2.133739939344725,Bad
1.478351767146368,4.076259688903379,1.0909444228527012,1.0,Good
2.6903553044124093,2.5421053185111955,1.0932763218033423,1.374583812412156,Good
1.7795708288335126,4.758526760830012,1.0979401476875243,1.5194224869887896,Bad
1.6046581054531908,5.5275916830558565,1.0454722114263506,1.0799116128706598,Bad
2.1721604056801187,2.9600980196249598,1.0547491581811117,1.6842393644501383,Good
3.009586534465007,1.6093833808356908,1.5802769623008162,2.400943458421463,Moderate
1.5374738500149925,5.598582291261319,1.0443062479595802,1.4944506323840456,Moderate
2.0561361575249064,6.186289873058275,1.349786241741158,1.644284157348908,Bad
4.076220008178633,3.772609194072547,1.0072998989506412,2.2735849622013298,Moderate
3.59950407500865,3.429487921079477,1.097331827438787,1.839067739803229,Moderate
4.079024202856916,1.1774765205136566,1.1605974970851147,3.996670499297247,Moderate
2.660794262978097,2.979880735778215,1.0268169358725223,1.589345597751192,Moderate
2.390888880523407,1.398304639104782,1.0450159782355228,2.093784732243495,Good
2.200202545953532,5.3501151625422,1.041366028760202,1.5643725444782484,Moderate
2.741415343705189,2.9364344835564715,1.3844606917994555,2.35349657507199,Good
2.775065873335167,1.7532576801320952,1.0254390019432569,2.0488346747540365,Good
2.565514786346934,1.8321992364565696,1.0368865542168677,2.2186464026036137,Good
1.5916886244450557,3.740994709885048,1.0012719626894675,1.449500574894587,Good
2.845171191770269,2.02150752500447,1.0173980598523125,1.8890126476809168,Moderate
3.0330533316618618,2.206840339492864,1.10828164788185,1.4295223720098722,Moderate
2.5828605731075296,4.24976073535753,1.138748533229693,1.3995556670168998,Bad
2.8166617072160967,2.214696633467602,1.06645938593082,2.867924211672551,Good
3.792994668753671,3.2007088543693403,1.0693489280994948,2.223640054323643,Bad
2.163630953326651,2.2856872416730645,1.6972405845316751,1.529412187765247,Bad
1.2902358906175315,3.520166591293922,1.0233190734551108,1.204772084562579,Good
10.0,3.21651609646309,1.1119315973571706,3.542175074014432,Bad
3.2209355360503187,2.849731287401533,1.0802987485425573,1.7142060694431107,Good
2.1188803843084374,3.4806958131316845,1.0912485969685193,1.294672199541496,Good
2.475015236846784,2.163488741415395,1.0218996688690245,1.3795786628003843,Good
2.2979993997061827,4.73883869882103,1.1818888457054022,1.3995556670168998,Moderate
3.9948979110304026,4.364197595784735,1.0340661298095608,1.799112532701999,Bad
2.6661689801942816,4.794022064932743,1.0326467252234746,1.7341842723278256,Bad
1.3112674796983756,4.577169420401123,1.0,1.329633754922697,Good
2.803108013608581,2.82209227727354,1.0036499494753206,1.7341842723278256,Good
2.4722110421685017,4.41152466792171,1.0571824391760591,1.6492790077371366,Moderate
4.26410221256709,1.5009097314977442,1.032849489312087,2.1437296401211823,Moderate
2.9461227806602026,3.5083348232596783,1.0608323886513795,1.639289306960679,Moderate
3.021836488451869,1.398304639104782,1.0802987485425573,2.0788013797470093,Good
4.709971810785376,1.560068571668963,1.1143649063350174,4.411209518810633,Moderate
2.320783626585169,1.5402858555157073,1.1130975608239408,1.6492790077371366,Good
1.28042114474668,3.7094748798418222,1.0,1.3196452528144396,Good
1.389785382168324,3.713450353901328,1.010175589584143,1.3795786628003843,Good
1.478351767146368,4.076259688903379,1.0909444228527012,1.0,Good
1.771158180301802,5.681404667501026,1.0,1.7192009198313394,Bad
1.773962374980084,5.898351966176919,1.121259221142635,1.4345172223981009,Bad
1.857270846563701,5.776058811774976,1.197046258841819,1.3695889620239272,Bad
1.9567034697958712,2.971929787659203,1.0,1.484462130275788,Good
2.0776350908865093,2.5854569165886647,1.4127477652545668,1.3196452528144396,Moderate
1.5412127977516563,3.768633720013041,1.068685285658764,1.2896785478214672,Good
1.9432666445069773,2.778740679196071,1.1853867081228138,2.0688128776387518,Good
2.438560512538524,5.590725997286581,1.2165632957637,1.374583812412156,Bad
2.1958793856174874,4.681005016669646,1.0699572483482316,1.2896785478214672,Bad
1.620782321598609,4.766477708949024,1.0513425479984453,1.2397336399437795,Good
2.6713100252700865,4.013125374672654,1.0644823381267003,1.983906414379863,Moderate
2.5254910635401826,5.645909363398294,1.0559657986785853,1.4994454827722743,Bad
3.5181819133635552,5.13326251801058,1.0669156191216478,1.8740292951844304,Bad
3.566975210350612,2.052364776037777,1.121725612125923,3.3056730435370936,Moderate
1.7605255496911902,3.236204158472072,1.064127486980179,1.5194224869887896,Good
2.1905046039044382,3.346665544839772,1.2530120575204042,1.2397336399437795,Moderate
4.02013579212867,4.080235162962885,1.0012166404974738,2.35349657507199,Bad
2.539862641887459,6.746263790582964,1.1947143319082782,1.5244173373770182,Bad
2.088384589815744,2.3843168600065203,1.0816167990672367,1.254716992440266,Good
1.878769779925304,5.748514455791256,1.2448503692188106,1.1148719695836613,Bad
1.297246441810101,3.4728395191569468,1.026766258841819,1.11986681997189,Good
1.38417699281176,2.715606364965346,1.0152634123591138,1.3196452528144396,Good
1.9618445148716763,4.332583111597236,1.0766487990672369,1.9639294101633475,Moderate
1.6197307647184696,2.6249276947509017,1.0,1.449500574894587,Good
2.67960586998004,5.60653323938033,1.3381266910221532,1.4594890770028446,Bad
2.351629961536865,2.10035442718467,1.0559657986785853,1.5543840423699908,Good
1.7605255496911902,3.5596373694561594,1.7636999704624952,1.1847950803460634,Bad
1.7014034023257012,4.845324611129223,1.3416245534395648,1.2097669349508071,Moderate
1.725589726543829,4.107779518946605,1.0268169358725223,1.859045942687944,Moderate
3.927596787273582,2.3488215559037893,1.0571824391760591,2.318535019690789,Moderate
2.5647500470235896,5.855000368099449,1.083948698017878,1.709212417723082,Bad
2.037324550522963,5.886520198142675,1.222697231247571,1.3945620152968707,Bad
2.1797551694720694,4.727006930786786,1.138748533229693,1.589345597751192,Bad
1.9352045364342685,3.263843168600065,1.3579479300427515,1.5993340998594494,Bad
1.6046581054531908,6.620089816265788,1.121259221142635,1.11986681997189,Bad
1.1149726912750728,4.707318868777804,1.018249719393704,1.329633754922697,Good
2.32218572392431,6.233616945195251,1.216231502526234,1.569367394866477,Bad
1.9835771848705237,5.937822744339156,1.108433734939759,1.3046619003179534,Bad
1.527191759863382,3.910614936423966,1.0012166404974738,1.4544954252828155,Good
2.0426993322360127,3.7094748798418222,1.3917605907500972,1.03995520710123,Moderate
2.072260373670325,4.431212729930692,1.0,1.3995556670168998,Good
1.7655497264483735,4.174889307236835,1.0669156191216478,1.254716992440266,Moderate
1.682591795323758,5.3264516264737125,1.0431403124757093,1.0149833524964862,Moderate
1.6100328226693752,4.959666817412156,1.0093276237854645,1.3487033673120252,Good
1.9733163141873604,7.006941303913423,1.1577218064516128,1.1997784328425498,Bad
1.748724493881817,6.083684780665313,1.0652934224640498,1.3446171074191833,Moderate
2.0588235483814312,4.387861131853223,1.095608248736883,1.1648168774613483,Moderate
1.7010528618666996,5.835217651946195,1.0218996688690245,1.1897887320660925,Bad
1.2176769179631486,3.725282121935572,1.026583754372328,1.4345172223981009,Good
1.7094655103984104,5.673548373526288,1.0389327197823552,1.4644839273910732,Bad
3.383579794843644,2.234479349620857,1.068132287602021,2.2336297551001,Moderate
3.1732639040352018,5.038608373736629,1.0036499494753206,1.7491676248243118,Bad
2.828345894706848,5.200277652156537,1.1021984174115818,2.11376293512821,Bad
1.5535980661604107,6.896195955112901,1.0314807617567043,1.5094339848805318,Bad
1.684227629300143,4.589001188435367,1.0863820069957248,1.6592675098453944,Good
1.773962374980084,2.865443875351009,1.0559657986785853,1.6642623602336228,Good
1.112168432099926,6.880388713019151,1.0874465604352896,2.198668199718899,Bad
1.795461308341687,7.057865233532808,1.122425184609405,1.569367394866477,Bad
1.9163929294323248,4.427237255871185,1.0739215017489312,1.2846836974332383,Good
2.811520662140292,4.332583111597236,1.041366028760202,1.6542726594571655,Moderate
3.439664010893607,1.7177623760293637,1.0644823381267003,2.9328524720467244,Good
2.4028068046514024,4.652040848521818,1.1527399828993392,2.4184236367779635,Good
1.6533812943484474,2.810260509239296,1.0127194869801788,1.5793558969747346,Good
2.9601438185484774,4.628377312453329,1.0781189366498252,2.038846172645779,Bad
1.4944759832917862,4.431212729930692,1.121259221142635,1.3046619003179534,Good
1.8648443263903391,4.83349284309498,1.135047906723669,1.1048834674754036,Moderate
1.9916392929432325,3.354521838814509,1.08861252390206,1.3396222570309548,Good
1.4290443656517304,5.6893556156200376,1.018249719393704,1.389567164908642,Bad
1.580471781235063,6.3051754782663565,1.0652934224640498,1.0,Bad
1.030846334951696,4.951810523437418,1.0,1.11986681997189,Good
1.854583455707176,7.5193041868683155,1.2028760202098718,1.2097669349508071,Bad
2.553533203813597,3.90663946236446,1.059615748153906,1.669256011953652,Moderate
2.7736637759960256,2.3843168600065203,1.1574038087835212,1.4544954252828155,Moderate
2.453866843944182,2.61697674663189,1.2448503692188106,1.0799116128706598,Moderate
1.5944928191233376,4.41152466792171,1.071229211037699,1.4794672798875594,Moderate
2.2394614649400744,4.83349284309498,1.109387699961135,1.6892342148383668,Moderate
3.25178180650515,5.310739038524236,1.097331827438787,1.9339627051703752,Bad
1.8945434556117209,4.336558585656741,1.0827320575204042,1.5144288352687607,Good
2.346372048142438,5.145094286044824,1.415079664205208,1.3645953103038984,Bad
1.0245702095561178,5.853201939358245,1.0279828993392923,1.3329636551815165,Good
3.0020901928884083,5.93384727027965,1.0279828993392923,1.5344058394852758,Bad
3.265802908890289,3.9461102405266977,1.0863820069957248,1.938956356890404,Moderate
1.8384592395617576,6.060021244596825,1.0705655685969686,1.3246389045344684,Bad
2.6930426952689337,3.654291513730109,1.1294209094442285,2.058823176862294,Moderate
2.2173783189790903,6.442613295752133,1.1539059463661097,1.3695889620239272,Bad
2.264855170463171,5.55523069318385,1.0359113781577924,1.892341349271536,Bad
1.5374738500149925,3.429487921079477,1.1783909832879906,1.2996670499297247,Moderate
1.214989527106624,4.805853832966987,1.0,1.1947835824543211,Good
1.3601074724153897,5.855000368099449,1.0256510003886514,1.0,Moderate
2.351629961536865,3.4097052049262224,1.01703307889623,1.3446171074191833,Good
2.4296805197260545,4.695487100743561,1.0431403124757093,1.7142060694431107,Bad
1.8196476325598143,4.514035106170399,1.005829761368053,1.7591561269325693,Bad
1.3009853895467651,6.789710042804707,1.0011659634667702,1.15982202707312,Moderate
3.338712422003673,2.6524720507346213,1.113203560046638,2.3435068742955325,Moderate
3.7817778255436783,2.017532050944964,1.0377160792848814,2.178689996834184,Moderate
3.5265945618952657,3.255892220481053,1.041366028760202,2.3584902267920187,Moderate
3.7034935952141095,1.6783862520114003,1.1189273221919938,2.927857621658496,Moderate
2.0231547828649634,5.034632899677124,1.0763170058297706,2.2635964600930727,Bad
1.5748633273816344,5.653860311517306,1.0291995398367664,1.3246389045344684,Bad
2.1179456312500555,3.4728395191569468,1.4337349397590362,1.3995556670168998,Moderate
1.9002687132869067,4.226097199289042,1.3264671682860474,1.5743622452547057,Moderate
2.418931020796821,4.111754993006111,1.2542794030314808,1.449500574894587,Moderate
1.2692043015366874,3.0942229420611462,1.026766258841819,1.314650402426211,Good
2.263063576558821,3.4965030552254346,1.079284872133696,1.3596004599156697,Good
1.0,4.939978755403175,1.0,1.15982202707312,Good
1.927142428361559,3.035064101889928,1.0827320575204042,1.8091010348102567,Good
3.8182325498519374,1.2839624328218504,1.0559657986785853,2.55327380924634,Moderate
2.990607751590068,2.6682792928283705,1.041974349008939,1.484462130275788,Good
1.880522417723446,3.6424597456958656,1.0450159782355228,1.5793558969747346,Good
2.6043595064691325,5.089816265788837,1.0687912848814614,1.589345597751192,Moderate
1.7766497658366087,2.506610014408464,1.0093276237854645,1.1448386745766337,Good
4.471613844200386,1.6073956438059378,1.1313979572483484,3.716981652252237,Bad
1.7417139426892472,4.841349137069718,1.0944422852701128,1.414539019513386,Moderate
2.497448923266769,2.3093507777415523,1.0024333089778468,1.899001149789174,Good
2.010450899945176,5.701187383654281,1.228527020598523,1.938956356890404,Bad
1.9029561041434315,6.205977935067257,1.241352506801399,1.6542726594571655,Bad
3.090773381688209,3.737113889969816,1.276331130975515,2.423418487166193,Moderate
1.5159749166533891,5.180589590147555,1.0279828993392923,1.419533869901615,Bad
2.7709763851395013,1.9386851487647636,1.0921103863194714,2.0638180272505227,Good
1.599283388237006,6.395286223615157,1.1760590843373495,1.4544954252828155,Bad
2.827411141648466,3.2913875245837847,1.4279051783909833,1.3795786628003843,Bad
2.529113142958225,4.596857482410105,1.4209094535561602,3.0826859970115867,Bad
2.155568845253941,3.145525488257628,1.0106601414691023,1.4445057245063584,Good
1.5412127977516563,2.072715417056677,1.0343426568208318,1.529412187765247,Good
1.9786698119350976,3.516191117234416,1.0145997699183833,1.0899001149789174,Good
2.6797226738017974,3.875119632321235,1.0316328488146134,1.3695889620239272,Moderate
1.8328507857083287,6.213834229041995,1.0048665899727944,1.834072889415001,Bad
1.7766497658366087,5.925990976304912,1.1410804601632336,1.669256011953652,Bad
3.1518499130442525,1.453582659360769,1.125923047026817,2.0288564718693216,Good
2.3893699793625087,3.4846712871911905,1.4488923528954527,1.4045505174051285,Bad
2.247874113471785,4.159082065143085,1.015816410415857,1.5344058394852758,Good
1.8496760827717504,3.623244954408253,1.0571824391760591,2.038846172645779,Moderate
1.5428486317280417,1.9505169167990075,1.06645938593082,1.0,Good
1.959390860652396,4.387861131853223,1.0233190734551108,1.2896785478214672,Moderate
2.295545745486902,6.462301357761114,1.1399144966964632,1.3246389045344684,Bad
1.510366462799961,4.151225771168347,1.0076316921881072,1.4045505174051285,Good
1.810417099288344,5.500047327072137,1.0377160792848814,1.5344058394852758,Bad
1.5580380948150778,4.119611286980849,1.010175589584143,1.414539019513386,Moderate
1.844601791950787,4.174889307236835,1.0291995398367664,1.0799116128706598,Good
3.1900892010986226,4.431212729930692,1.0766487990672369,1.9339627051703752,Bad
1.5132875257968648,6.213834229041995,1.1270890104935871,1.11986681997189,Bad
1.4991496195899685,5.638053069423556,1.1070650073843762,1.2846836974332383,Bad
2.7252911275597707,4.553505884332635,1.438398765643218,1.6542726594571655,Bad
1.8223350234163396,6.312463847375451,1.1422463956471045,1.0998886170871751,Bad
1.733651834616538,4.675704384590305,1.0766487990672369,1.484462130275788,Moderate
2.099134088744977,4.841349137069718,1.0151574131364167,1.3346286053109258,Moderate
1.7497760507619564,4.675704384590305,1.0,1.2796888470450098,Good
1.9432666445069773,3.169189024326115,1.1037699090555773,1.5344058394852758,Good
2.104859346420163,2.6012641586824143,1.1873637559269334,1.5344058394852758,Good
1.7571370779166626,4.301063281554011,1.1885803964244073,1.0,Moderate
1.600101272976766,3.5478056014219157,1.0,1.3945620152968707,Good
1.682591795323758,5.010969363608637,1.1352506708122814,1.3196452528144396,Moderate
1.3505264631817822,6.048189476562582,1.0,1.0249718546047435,Moderate
1.647656036673261,5.791866053868725,1.0151574131364167,1.374583812412156,Moderate
3.87992521975533,4.821661075060737,1.0888152879906725,2.038846172645779,Bad
1.1829365848123343,4.49037157010191,1.0262021795569374,1.2397336399437795,Good
1.6561854890267294,5.413249476772925,1.0559657986785853,1.2996670499297247,Bad
1.3505264631817822,4.770358528864255,1.0186552755538285,1.15982202707312,Moderate
2.370558372360565,4.858576191327577,1.1846871356393316,1.4512638158163735,Bad
3.969659965435271,3.0074250917619345,1.0802987485425573,3.14761425738576,Moderate
1.489101201578737,3.255892220481053,1.0209871745044694,1.4395120727863295,Good
1.5750970640188784,3.098198416120652,1.1923824329576371,1.1348501724683762,Good
1.988951902086708,4.636328260572341,1.4792071511853866,1.3795786628003843,Bad
1.4541654429282402,4.691511626684054,1.1492421204819276,1.0749167624824312,Moderate
1.2635959121801232,3.630627977661622,1.0279828993392923,1.3995556670168998,Good
2.601672115612608,1.5009097314977442,1.7263894193548386,2.228634904711871,Bad
2.824723815288806,5.784009759893987,1.1993781577924605,1.4894557819958172,Bad
1.6814233701249963,6.257280481263738,1.114263496307812,1.214761785339036,Bad
4.224843229083684,1.2602988967533628,1.081515389040031,3.3074362844588805,Moderate
2.377008058818733,3.7804654880472848,1.0425826692576758,1.1448386745766337,Moderate
1.9110182122161403,3.5911571994993845,1.0174893120870578,1.6342956552406505,Good
1.7122697050766924,2.849731287401533,1.0454722114263506,1.3446171074191833,Good
2.2576888593426365,5.219965714165518,1.28799068169452,1.0699219120942025,Moderate
3.094746001565253,1.2918187267965882,1.0121664889234356,2.5482801575263108,Moderate
1.959390860652396,4.841349137069718,1.167897396035756,1.3096555520379822,Moderate
2.8354732497211748,2.5854569165886647,1.4185775266226195,1.8140958851984847,Moderate
2.230815144267984,4.202433663220555,1.762534006995725,1.4994454827722743,Bad
2.822036424432281,4.178770127152067,1.2670035071900505,1.6592675098453944,Moderate
1.2714242836155885,3.989461838604167,1.02215313797124,1.2447284903320084,Good
1.954016143436211,2.3803413859470144,1.0036499494753206,1.1947835824543211,Good
1.7627455317700913,6.600401754256807,1.1562378453167508,1.274695195324981,Bad
1.550910739800751,5.9496545123734,1.0093276237854645,1.0449500574894588,Moderate
1.600101272976766,3.52802288526866,1.0133831294209097,1.5993340998594494,Good
2.601204771331849,2.1831768034243764,1.247182268169452,2.123751437236468,Moderate
3.832253587740213,1.2563234226938569,1.0340661298095608,3.062707794126872,Moderate
1.8833266124017285,5.819505063996719,1.1301813167508743,1.529412187765247,Moderate
1.427291727853588,3.756801951978797,1.0431403124757093,1.2996670499297247,Good
4.76605602683534,2.6130959267166585,1.0523158492032647,2.9328524720467244,Bad
1.9432666445069773,4.269543451510785,1.0699572483482316,1.5643725444782484,Moderate
2.072260373670325,4.15510659108358,1.0559657986785853,1.0299667049929724,Good
1.9997014010159415,5.425081244807168,1.1434123591138747,1.7042175673348532,Bad
1.5831591720915876,5.4566010748503935,1.4209094535561602,1.1997784328425498,Moderate
2.0319498333067787,3.942134766467192,1.0076316921881072,1.9639294101633475,Moderate
2.2496267512699277,5.594701471346087,1.121259221142635,1.3645953103038984,Bad
2.241564643197218,5.563086987158588,1.037310523124757,1.3795786628003843,Bad
3.1525828554133586,4.060452446809629,1.0559657986785853,2.258601609704844,Moderate
2.382476296488561,6.746263790582964,1.1824971659541392,1.4395120727863295,Bad
3.148026022936934,2.3093507777415523,1.0109498204430625,2.178689996834184,Moderate
4.009853701977059,2.10035442718467,1.4349009032258064,2.383463280064962,Moderate
1.7900865911255024,3.630627977661622,1.205207919160513,1.4744724294993308,Moderate
2.2388772523406937,4.774334002923761,1.1422463956471045,1.0249718546047435,Moderate
2.2576888593426365,4.880819915231955,1.062628387096774,1.7691458277090266,Bad
2.9510301535956285,1.6940988399608763,1.3661095903614455,2.503330100036852,Good
1.7470886599054318,5.11745527591683,1.1535561601243685,1.7192009198313394,Moderate
1.784711873909318,3.6029889675336286,1.234356781966576,1.4544954252828155,Good
1.7927739819820272,5.657741131432537,1.0034978624174116,1.469478777779302,Bad
2.9322185465936856,8.52102899571953,1.2973183054799844,1.7831294909269473,Bad
2.0534487666683816,6.46627683182062,1.2203653322969297,1.389567164908642,Bad
2.0291456386284965,2.577600622613927,1.031798759424796,1.7941176823137703,Good
1.330896971440079,5.235772956259268,1.0,1.1398450228566048,Good
3.0137354242729524,4.131443055015092,1.1796796797512632,1.609322601967707,Moderate
3.11157123413181,4.34441487963148,1.0340661298095608,2.018867969761064,Bad
1.3274456152225844,2.735294426974328,1.0,1.0559382488762818,Good
1.0107494989292338,5.543398925149606,1.005829761368053,1.1648168774613483,Good
1.2311137432520425,5.101648033823081,1.125923047026817,2.523307104253368,Bad
1.9281939852416987,3.294227148912003,1.0036499494753206,1.5144288352687607,Good
2.842366932595122,4.991281301599655,1.1070650073843762,2.138734789732954,Bad
1.5951301771391335,5.673548373526288,1.108433734939759,1.0,Bad
3.596699880330368,1.0867978502992122,1.0912485969685193,4.471142928796578,Moderate
2.187817277544778,2.755077143127583,1.5025262246404971,1.5543840423699908,Moderate
2.113271994951874,5.6025577653208245,1.166680755538282,1.4794672798875594,Moderate
1.30636010676295,5.618365007414575,1.1189273221919938,1.2397336399437795,Moderate
2.7526321869151813,5.219965714165518,1.0024333089778468,2.003884617264578,Bad
1.4895898298248078,5.417224950832431,1.0864925954139135,1.5061040846217129,Good
1.6261570388147937,4.794022064932743,1.0769529731830547,1.7841291802055128,Bad
2.247874113471785,2.2028648654333582,1.0,2.338513222575504,Good
1.803279102291361,4.924171513309425,1.0127194869801788,1.0,Moderate
2.421618411653345,3.8435998022780096,1.130586872910999,2.4833518971521373,Moderate
1.6449686458167367,2.467139236246227,1.0072998989506412,1.3795786628003843,Good
3.4723797874652025,2.4829464783399766,1.1119315973571706,1.7891228319255417,Moderate
2.665701635913523,3.934278472492454,1.0754321585697628,1.8440625901914576,Moderate
1.9562361255151124,3.930302998432948,1.0109498204430625,1.569367394866477,Good
2.569423683321771,1.0,1.0773644897007384,1.9829079237694969,Good
2.101821415104637,5.811554115877707,1.28799068169452,2.1187565868482388,Bad
1.722902335687304,7.073672475626558,1.0594636610959969,1.639289306960679,Bad
2.217027778520089,6.351934625537688,1.0316328488146134,2.4633736942674225,Bad
1.8518960648506515,6.777878274770464,1.053633899727944,1.2497221420520372,Bad
1.8922066052141973,3.5438301273624093,1.283326855810338,1.2647054945485237,Moderate
1.6449686458167367,4.174889307236835,1.0617955600466382,1.3246389045344684,Good
2.17438038775902,3.1100301841548963,1.588806849591916,1.5244173373770182,Bad
2.4469731610702343,4.592882008350599,1.1070650073843762,2.323529870079017,Bad
2.719916410343586,2.975905261718709,1.4127477652545668,1.6842393644501383,Moderate
3.9668557707569887,3.910614936423966,1.4034201414691023,1.7741394794290557,Moderate
2.814324856818573,5.79584152792823,1.0401493882627284,2.0638180272505227,Moderate
5.651836357953213,2.5933132105634025,1.032849489312087,3.1276360545010453,Bad
1.3421138146500715,3.8514560962527473,1.0432463116984063,1.409545367793357,Good
2.5452373591036435,4.324726817622498,1.1609016712009328,1.469478777779302,Moderate
1.2499253502539855,3.8987831683897225,1.0454722114263506,1.414539019513386,Good
7.023446287193919,1.0,1.0608323886513795,7.038291056083953,Bad
3.786802002300862,1.4299191232922814,1.142945968130587,2.138734789732954,Moderate
2.832297295115444,5.290956322370981,1.0826767353284104,1.764150977320798,Bad
1.4165422289243543,3.4846712871911905,1.0827827345511076,1.0149833524964862,Good
2.052471574673105,3.705499405782316,1.018249719393704,1.414539019513386,Good
2.17438038775902,4.975474059505905,1.167897396035756,1.3346286053109258,Moderate
1.776894079959644,3.63848427163636,1.178072985619899,1.779134329817284,Good
1.8008360900547362,4.399692899887466,1.1154294597745822,1.4594890770028446,Moderate
1.6288444296713185,2.90093917945374,1.1772250198212204,1.314650402426211,Good
1.2860295986001085,6.801541810838951,1.0121664889234356,1.5593788927582195,Moderate
1.784711873909318,4.048620678775386,1.0174893120870578,1.0,Good
2.948926975338485,1.9425659686799956,1.0,1.7891228319255417,Good
3.4428187460308903,2.91674642154749,1.0699572483482316,2.1836848472224126,Moderate
1.5643475650896446,4.163057539202592,1.0174893120870578,1.0249718546047435,Moderate
2.948342762739104,2.033339293038713,1.2699183738826272,2.038846172645779,Bad
2.8850674687726072,7.207702743918471,1.0610535934706569,1.908989651897432,Bad
3.425642973005332,1.603420169746432,1.0364994387874078,1.943951207278633,Moderate
1.8841444971414885,3.630627977661622,1.0979401476875243,1.5194224869887896,Moderate
1.8580887313034609,3.4531514571479653,1.0036499494753206,1.5144288352687607,Good
1.98147400661338,4.719150636812048,1.0340661298095608,1.983906414379863,Bad
2.186181443568393,1.4417508913265251,1.0152634123591138,1.5843507473629632,Good
2.110467735776727,3.204684328428846,1.0470621438010106,1.8091010348102567,Good
1.0,5.239748430318774,1.0133831294209097,1.11986681997189,Good
2.0183715663938573,3.204684328428846,1.083948698017878,1.764150977320798,Good
2.529113142958225,4.589001188435367,1.114263496307812,1.7391791227160542,Moderate
2.0856971989592186,4.652040848521818,1.3567819665759813,1.3795786628003843,Bad
1.5052254177241555,5.977198868357119,1.0011659634667702,1.274695195324981,Bad
3.0238578846847237,3.445200509028953,1.1002720466381657,2.2086567018271563,Moderate
2.2598387333297376,2.4908027723147144,1.1165954232413524,1.7891228319255417,Good
1.9190803202888496,5.003113069633899,1.0851146614846483,1.294672199541496,Moderate
4.004967548510081,1.6428909479086693,1.071229211037699,3.2475028744729357,Moderate
2.2142235838418074,2.2818064217578327,1.0462326187329964,1.4395120727863295,Good
1.131681120019872,5.764227043740732,1.0093276237854645,1.839067739803229,Moderate
2.5815752795901457,4.458851740058686,1.1301813167508743,1.8140958851984847,Bad
2.0515793250484817,6.075828486690575,1.06645938593082,1.11986681997189,Bad
1.437457014183441,5.160806873994299,1.0,1.3246389045344684,Good
1.2411621612632735,4.770358528864255,1.0231163093664983,1.1648168774613483,Good
1.7907876720435052,3.520166591293922,1.122881417800233,2.098779582631724,Good
1.6154076043824244,3.92244670445821,1.0,1.5543840423699908,Good
1.1289937291633474,6.738407496608226,1.005829761368053,1.7941176823137703,Bad
1.5664507433467885,5.977198868357119,1.0097331799455889,1.3096555520379822,Bad
2.17169306139936,4.707318868777804,1.0209871745044694,1.2647054945485237,Moderate
1.5401612408715168,5.93384727027965,1.0256510003886514,1.389567164908642,Bad
1.2692043015366874,3.626652503602116,1.0038158600855034,1.4245287202898431,Good
2.502239492380437,5.638053069423556,1.217779964244073,1.5543840423699908,Bad
1.8132213584634904,3.957942008560941,1.0936818779634667,1.8490562419114869,Good
1.5643475650896446,2.4513319941524774,1.0268169358725223,1.3096555520379822,Good
2.780674327188596,3.914590410483472,1.0,2.31354016930256,Moderate
2.8557506769644654,3.752826477919292,1.033070694131364,1.6492790077371366,Moderate
1.725589726543829,3.40582438501099,1.0909444228527012,1.214761785339036,Good
1.9309982444168448,3.520166591293922,1.015816410415857,1.7941176823137703,Good
3.5518324429935326,1.532429561540969,1.1374811877186164,3.8018869168429257,Moderate
3.8687083765453374,2.467139236246227,1.018249719393704,2.39345178217322,Moderate
3.8602957280136265,2.979880735778215,1.0802987485425573,2.228634904711871,Moderate
2.040744883748594,4.7309824048462925,1.0652934224640498,1.4894557819958172,Moderate
1.8196476325598143,4.514035106170399,1.005829761368053,1.7591561269325693,Bad
1.712152901254935,4.01710084873216,2.39098327866304,1.669256011953652,Bad
1.86802028099607,5.843168600065206,1.096774184220754,1.0,Bad
2.2226362323735174,4.73883869882103,1.0316328488146134,1.5743622452547057,Moderate
2.170618092157377,4.229410094338631,1.053167508744656,1.8743229688933611,Bad
2.4077141775868283,5.097767213907848,1.049882568208317,1.589345597751192,Bad
1.827709740632524,1.6625790099176507,1.0431403124757093,1.2447284903320084,Good
2.9517312345136317,5.042489193651862,1.0790821080450836,2.4783570467639087,Bad
1.443065403540005,5.243629250234005,1.0457902090944422,1.4794672798875594,Moderate
1.7571370779166626,1.449607185301263,1.0470621438010106,1.4944506323840456,Good
4.104262148452047,2.530273550476952,1.0060832304702685,2.2685901118131016,Moderate
1.858980980928084,5.827361357971456,1.067413350952196,1.0699219120942025,Bad
3.1760680987134835,5.097767213907848,1.0,1.978912762659834,Bad
1.827242396351765,5.969342574382381,1.0012166404974738,1.8190895369185145,Bad
2.354434156215147,2.317301725860564,1.0408083855421686,1.5643725444782484,Good
1.1597064911084944,3.255892220481053,1.0443062479595802,1.0749167624824312,Good
2.131382521035814,4.0447398588601535,1.1154294597745822,2.338513222575504,Good
2.050761440308721,5.018825657583375,1.137582597745822,1.3196452528144396,Bad
2.3684551941034213,2.0766908911161828,1.052149938593082,1.7341842723278256,Good
1.9253897905634163,6.328271089469201,1.1282549459774582,1.0,Moderate
1.6637802528186798,4.49037157010191,1.0617955600466382,1.0249718546047435,Moderate
2.6124216145418417,1.2879379068813563,1.0763170058297706,1.8140958851984847,Good
2.410868912724111,4.31687052364776,1.1434123591138747,2.523307104253368,Moderate
2.1797551694720694,3.748945658004059,1.1667314325689857,1.7391791227160542,Good
1.1374063776950578,3.626652503602116,1.0279828993392923,1.2647054945485237,Good
1.7712749841235595,4.514035106170399,1.0,1.329633754922697,Moderate
1.90856455799686,5.058296435745612,1.058399107656432,1.2297451378355222,Bad
2.497448923266769,4.699367920658792,1.1021984174115818,2.348501724683761,Good
2.259090956681778,6.048189476562582,1.0425826692576758,1.6342956552406505,Moderate
1.3117348239791344,4.797997538992249,1.0944422852701128,1.1847950803460634,Moderate
3.249328152285869,5.594701471346087,1.2495141951029929,1.864039594407973,Bad
1.7793370921962686,2.2108158135523697,1.0233190734551108,1.03995520710123,Good
1.9001519094651491,5.594701471346087,1.0559657986785853,1.2796888470450098,Bad
2.7301985004951965,3.208565148344078,1.2323797341624565,1.709212417723082,Bad
5.192296197808789,2.514466308383202,1.138748533229693,2.4384018396626788,Bad
1.7900865911255024,2.924602715522228,1.4279051783909833,1.1148719695836613,Moderate
1.8020045152534976,4.435188203990197,1.143564446171784,1.3645953103038984,Good
1.4907370355551222,3.6661232817643534,1.1946636548775749,1.449500574894587,Good
2.8059122082868626,3.177045318300853,1.081515389040031,2.338513222575504,Moderate
2.2282446217300818,6.726575728573982,1.0194663598911775,1.3645953103038984,Bad
2.253482567325213,4.589001188435367,1.335794792071512,1.3346286053109258,Bad
1.56084228949336,5.432937538781906,1.0763170058297706,1.4445057245063584,Moderate
2.547924749960168,4.600832956469611,1.0513019727944035,1.8940062994009452,Bad
1.4094148739100274,2.758957963042815,1.0338126607073457,2.198668199718899,Good
1.419229619780879,4.821661075060737,1.3521181406917997,1.2796888470450098,Bad
2.2547571543630767,5.993006110450869,1.167897396035756,1.469478777779302,Moderate
2.3432173130051543,3.204684328428846,1.0255495903614458,1.779134329817284,Good
2.698417412485118,2.1437060252621394,1.0874465604352896,1.729189421939597,Good
2.096446697888452,6.134987326861794,1.0206830003886511,1.2397336399437795,Bad
2.9725290869572314,2.2818064217578327,1.535172949863972,1.589345597751192,Moderate
4.052851568700266,1.2925759599507798,1.1066015266226197,3.729694727178456,Moderate
4.149129521292018,2.628808514666134,1.0133831294209097,1.958934559775119,Moderate
2.9214691121613163,1.8400555304313075,1.413913728721337,1.829079237694972,Moderate
1.9478234769834015,3.768633720013041,1.0304162083171395,1.4744724294993308,Good
1.80480870993178,5.342258868567462,1.2438509879518072,1.5593788927582195,Moderate
1.8973476502900024,6.817254398788426,1.0304162083171395,1.414539019513386,Bad
1.9835771848705237,5.937822744339156,1.108433734939759,1.3046619003179534,Bad
2.233502535124509,6.249329533144726,1.2996502044306255,1.3795786628003843,Bad
1.8707076718525943,5.894376492117413,1.4255732514574426,1.3645953103038984,Bad
2.394744696578693,2.8812511174447586,1.1034150579090556,1.354605609527441,Good
2.060973422368532,4.497186668489635,1.0026650353672757,1.3700240785804252,Good
3.0134238399201583,3.737113889969816,1.0705655685969686,1.824084387306743,Moderate
4.224843229083684,2.766908911161827,1.0912485969685193,2.5183134525333384,Bad
1.5540866944064815,3.871144158261729,1.081515389040031,1.3246389045344684,Good
1.8384592395617576,6.0285014145536,1.1195632895452778,1.2697003449367523,Bad
1.7543328832383809,6.797566336779445,1.0191462075398368,1.761506715272218,Bad
2.7252911275597707,4.577169420401123,1.0874465604352896,1.7941176823137703,Bad
1.4851285817016937,2.755077143127583,1.0279828993392923,1.2397336399437795,Good
2.682526932976944,2.415836690049746,1.0032849405363389,1.7142060694431107,Moderate
3.647058838705145,2.968048967743971,1.0617955600466382,2.503330100036852,Moderate
2.7834785218668774,3.831768034243766,1.1204481368052857,1.6592675098453944,Moderate
3.2742155574219995,6.075828486690575,1.0206830003886511,1.8540510922997155,Bad
2.5237384257420405,4.525866874204642,1.1865526715895842,1.8091010348102567,Moderate
1.2103158908084422,5.200277652156537,1.024332949863972,1.3596004599156697,Good
2.064198265597615,4.50617881219566,1.0687912848814614,1.7891228319255417,Bad
2.144118265406705,5.109598981942092,1.0948985184609406,2.003884617264578,Moderate
1.247237959397461,1.918902432611508,1.0,1.2097669349508071,Good
1.9002687132869067,2.869419349410515,1.0024333089778468,1.3795786628003843,Good
2.0185130080178846,5.961486280407644,1.2366886809172173,1.5843507473629632,Bad
1.2364885249650917,5.003113069633899,1.0139914496696465,1.3945620152968707,Good
1.6057096623333302,6.213834229041995,1.0279828993392923,1.2397336399437795,Bad
1.7935918667217872,5.358066110661212,1.099765108433735,1.0,Moderate
2.281524643101763,4.7111996886930365,1.152080985619899,1.2896785478214672,Moderate
2.69093951701179,5.724850919722768,1.0790821080450836,2.423418487166193,Bad
2.247874113471785,6.6871049504117455,1.0060832304702685,1.2197554370590649,Bad
1.8749139638700172,4.182745601211574,1.0364994387874078,1.5493891919817622,Moderate
2.848910139506933,5.342258868567462,1.114263496307812,1.864039594407973,Bad
1.8035234164143965,1.650747241883407,1.1585697722502917,1.469478777779302,Good
2.0627961682584743,6.46627683182062,1.0535324897007383,1.0,Bad
1.168252712646754,3.677955049798597,1.008516539448115,1.2796888470450098,Good
3.0450880596116146,3.705499405782316,1.246016332685581,1.544395540261733,Moderate
4.034040026195187,3.1415500141981214,1.1095996984065293,2.1886796976106413,Bad
2.292741486311756,1.7152067141339673,1.1946636548775749,2.0688128776387518,Bad
1.9432666445069773,5.673548373526288,1.2756315584920326,1.484462130275788,Bad
1.9190803202888496,5.314619858439468,1.0559657986785853,1.589345597751192,Bad
3.1368091797269417,2.419812164109252,1.0024333089778468,1.799112532701999,Moderate
2.107663541098445,4.971498585446399,1.0389327197823552,1.389567164908642,Moderate
2.0627961682584743,3.415763070159755,1.0620490291488536,1.3845723145204134,Good
1.1504926625249503,3.0823911740269025,1.0,1.1698117278495772,Good
1.292923281474056,4.332583111597236,1.0,1.174805379569606,Good
2.33024783199702,2.573625148554421,1.0256510003886514,1.729189421939597,Good
3.483129286394436,2.8852265915042645,1.0629615235134084,1.7192009198313394,Bad
1.8853660677566653,4.841349137069718,1.0356145915274,1.859045942687944,Moderate
1.4907370355551222,3.859312390227485,1.0778654675476098,1.4445057245063584,Moderate
2.744102734561713,4.064427920869136,1.026766258841819,1.4944506323840456,Moderate
1.5328002137168106,5.5394234510901,1.0,1.7841291802055128,Bad
2.32218572392431,3.4728395191569468,1.06645938593082,1.354605609527441,Good
2.8324697597313357,3.12186195218914,1.1909421251457442,1.5429259730488778,Good
1.995495108998519,2.325158019835301,1.0097331799455889,1.7841291802055128,Good
2.453866843944182,3.524142065353428,1.1130975608239408,2.058823176862294,Moderate
1.954016143436211,5.1884458841222925,1.06645938593082,1.5543840423699908,Bad
2.459241561160366,5.996981584510375,1.247182268169452,2.133739939344725,Bad
1.7067781195418856,3.054752163898909,1.0466381748931208,1.5993340998594494,Good
1.8975813869272469,5.385610466644931,1.2670035071900505,1.409545367793357,Moderate
2.037324550522963,3.117886478129634,1.172561221919938,1.5344058394852758,Good
3.293844984666838,1.954397736714239,1.0705655685969686,1.604328950247678,Moderate
3.0692743838297423,3.859312390227485,1.0186552755538285,2.173696345114155,Moderate
3.7034935952141095,3.342690070780266,1.8301593563933152,1.639289306960679,Bad
1.5972970782984843,3.5319983593281656,1.0,1.0449500574894588,Good
1.5405451262095071,5.406718340818022,1.0413080761756703,1.7658159274502077,Bad
1.9755150767978145,5.642028543483062,1.0991061111542946,1.604328950247678,Bad
2.248893808900821,2.948266251590716,1.0023318989506411,1.5044391344923034,Good
1.86802028099607,5.843168600065206,1.096774184220754,1.0,Bad
2.842366932595122,3.3071947666775343,1.1399144966964632,1.8150943758088516,Moderate
2.0588235483814312,5.172638642028543,1.1618141655654877,1.2996670499297247,Bad
3.13645863926794,2.2423356435955952,1.1492421204819276,3.991675648909019,Moderate
1.9762480191669205,1.8440310044908133,1.1154294597745822,1.5244173373770182,Good
2.448492062231133,5.022801131642881,1.1216647773027597,1.5793558969747346,Bad
2.752164842634423,3.768633720013041,1.0571317621453555,2.303551667194302,Moderate
2.8967941596971176,3.815960792150016,1.0190792444617178,1.484462130275788,Moderate
1.0925390048550874,4.936003281343668,1.0644823381267003,1.2397336399437795,Good
2.538710921376624,5.898351966176919,1.1045676735328411,1.8690344447962015,Bad
1.878769779925304,6.6871049504117455,1.0093276237854645,1.2796888470450098,Moderate
2.236657270261792,8.154244186657973,1.0279828993392923,1.389567164908642,Bad
2.393693139698553,5.310739038524236,1.225079835211815,1.8690344447962015,Bad
1.378919079417333,5.598582291261319,1.1095996984065293,1.1098783178636322,Moderate
1.7390265518327226,7.3733474963978844,1.1282549459774582,1.0,Bad
1.9169771420317057,3.267723988515297,1.0827320575204042,1.709212417723082,Good
1.3305464309810775,4.589001188435367,1.0769529731830547,1.2397336399437795,Good
1.1639295523107087,5.263411966387261,1.0,1.7042175673348532,Moderate
2.676918479123516,4.979449533565411,1.1119315973571706,1.8890126476809168,Bad
2.1125709140338707,6.048189476562582,1.0535324897007383,1.5244173373770182,Bad
2.4834278853784943,5.858881188014681,1.024332949863972,1.3945620152968707,Bad
1.9225855958851343,6.198121641092519,1.0620490291488536,1.0249718546047435,Bad
1.378919079417333,3.5083348232596783,1.0209871745044694,1.5044391344923034,Good
1.5405451262095071,5.406718340818022,1.0413080761756703,1.7658159274502077,Bad
1.4461033348555312,3.283531230609047,1.1282549459774582,1.4295223720098722,Good
1.927142428361559,3.1849016122755907,1.0226528286047416,2.038846172645779,Good
1.86533295463641,4.801973013051755,1.0209871745044694,1.3346286053109258,Moderate
3.1391460301244645,2.3488215559037893,1.138748533229693,1.6492790077371366,Good
1.9567034697958712,1.6231082317554135,1.0,1.3346286053109258,Good
2.245069918793503,6.45046958972687,1.1094982883793238,1.484462130275788,Bad
1.8707076718525943,7.073672475626558,1.0932763218033423,1.484462130275788,Bad
1.4290443656517304,3.4768149932164527,1.0851653385153517,1.389567164908642,Good
1.9378919272907928,6.288800311306964,1.1982121943256898,1.1398450228566048,Bad
1.8518960648506515,4.600832956469611,1.0961151869413135,1.3596004599156697,Good
1.5294117419422832,5.7603462238255,1.1853867081228138,1.3196452528144396,Moderate
1.7935918667217872,5.243629250234005,1.0669156191216478,1.3845723145204134,Moderate
1.2635959121801232,7.365491202423146,1.024332949863972,1.7541624752125404,Bad
3.764151348428424,2.869419349410515,1.1107149568596968,1.799112532701999,Moderate
2.747023797558618,4.498227864076648,1.048665899727944,1.4045505174051285,Bad
2.5506121408166926,3.4768149932164527,1.426739214924213,1.6992227169466243,Moderate
2.9180806403867887,3.5083348232596783,1.0608323886513795,1.589345597751192,Moderate
2.825541700028566,5.054320961686106,1.0425826692576758,1.7491676248243118,Bad
1.911368752675142,5.4053931827981865,1.0936818779634667,2.0638180272505227,Moderate
1.5939086065239567,4.959666817412156,1.2348130151574035,1.3795786628003843,Moderate
3.0450880596116146,2.810260509239296,1.1130975608239408,1.938956356890404,Moderate
2.1188803843084374,4.608689250444348,1.0559657986785853,2.1087680847399817,Bad
1.9459540353635016,3.113911004070128,1.167897396035756,1.5194224869887896,Moderate
2.163747757148408,4.636328260572341,1.1459977271667314,1.4395120727863295,Good
2.346372048142438,4.352365827750491,1.041366028760202,1.5843507473629632,Moderate
2.298349940165184,5.831336832030962,1.0705655685969686,1.6492790077371366,Bad
1.4262401709734485,3.92244670445821,1.0788609032258063,1.3596004599156697,Good
2.682526932976944,2.415836690049746,1.0032849405363389,1.7142060694431107,Moderate
1.712152901254935,5.578894229252337,1.0396424500582977,1.2996670499297247,Bad
1.720215009327644,3.165213550266609,1.0734551107656432,1.0849052645906887,Good
2.005564746478197,4.608689250444348,1.0699572483482316,1.5194224869887896,Moderate
3.008197852473699,3.156032098272036,1.3331297567042362,2.323529870079017,Moderate
3.4172303244736217,1.7138815561141318,1.122881417800233,2.283573464309588,Good
1.529995954541664,5.551255219124344,1.0529343272444618,1.4944506323840456,Moderate
1.4066106792317452,4.423356435955954,1.018249719393704,1.7591561269325693,Good
3.0582912127601287,4.340534059716248,1.3236283031480762,2.198668199718899,Moderate
3.7144767662837226,3.3939926169767465,1.092465237465993,2.043839824365808,Moderate
2.2173783189790903,5.243629250234005,1.2436844057520404,1.669256011953652,Bad
3.080023882758976,1.828223762397064,1.3218033424018656,2.213651552215385,Moderate
3.17045970935692,2.0411955870134517,1.126531367275554,3.552164774790888,Moderate
1.948641361723162,4.0249571427068975,1.064127486980179,1.3945620152968707,Good
2.107196196817686,6.363766393571932,1.0279828993392923,1.4594890770028446,Bad
2.107663541098445,4.541674116298392,1.0608323886513795,1.3446171074191833,Bad
1.292923281474056,2.6091204526571525,1.0,1.374583812412156,Good
1.3332338218376023,2.739269901033833,1.0687912848814614,1.254716992440266,Good
1.9835771848705237,3.81198531809051,1.0559657986785853,1.414539019513386,Good
2.9994028020318835,1.8400555304313075,1.1143649063350174,2.253606759316616,Good
3.09346070804787,1.4772461954292564,1.4990283622230858,2.2086567018271563,Moderate
1.8384592395617576,6.0285014145536,1.1195632895452778,1.2697003449367523,Bad
2.252314142126452,2.565768854579683,1.0174893120870578,1.3096555520379822,Good
3.678021977478598,2.167369561330627,1.0048665899727944,2.0238628201492928,Moderate
2.001103498355083,4.636328260572341,1.0279828993392923,1.4594890770028446,Bad
1.835771848705233,2.459282942271489,1.1492421204819276,2.058823176862294,Good
2.884430110756811,5.1844704100627865,1.1459977271667314,2.173696345114155,Bad
1.7175276184711197,2.680111060862614,1.0909444228527012,1.2497221420520372,Good
1.9002687132869067,4.226097199289042,1.3264671682860474,1.5743622452547057,Moderate
1.634219146887503,5.79584152792823,1.2331908184998055,1.4944506323840456,Bad
1.5535980661604107,2.908890127572752,1.4080839393703848,1.2097669349508071,Moderate
1.8733950627091192,6.158650862930282,1.180722882238632,1.5993340998594494,Bad
2.5927921228001383,3.1967333803098343,1.1618141655654877,1.544395540261733,Good
3.163332354342592,1.915021612696276,1.0431403124757093,1.724195770219568,Moderate
2.701104803341643,5.866832136133693,1.3754372421298096,1.234738789555551,Bad
3.308450299651358,1.38315997602095,1.1422463956471045,1.839067739803229,Moderate
1.0717877836445795,2.80628503517979,1.014478100272056,1.11986681997189,Good
1.7290950021401137,3.277000094654144,1.081515389040031,1.7841291802055128,Good
5.805016411334688,2.471114710305733,1.024485036921881,2.3085465175825317,Bad
1.5643475650896446,2.5459861384264277,1.2348130151574035,1.3845723145204134,Bad
1.6449686458167367,4.9281469873689305,1.0617955600466382,1.3945620152968707,Bad
1.5885338893077725,2.707750070990608,1.0069957248348231,1.03995520710123,Good
3.461630353032833,2.017532050944964,1.0932763218033423,2.043839824365808,Moderate
3.050462841324664,1.6822670719266326,1.402254178002332,1.669256011953652,Moderate
2.273813075488055,7.207702743918471,1.2366886809172173,1.8091010348102567,Bad
1.4434159439990064,3.516191117234416,1.4104158663039257,1.4794672798875594,Bad
2.0935149929088923,2.8930828854790027,1.1266594450058298,1.829079237694972,Moderate
2.163630953326651,3.283531230609047,1.037310523124757,1.6243059544641931,Good
4.05553895955679,4.667848090615568,1.335794792071512,1.899001149789174,Bad
1.7793370921962686,5.969342574382381,1.2005441212592305,1.3046619003179534,Bad
1.8733950627091192,6.722600254514476,1.0757870097162845,1.5643725444782484,Bad
1.854583455707176,3.6108452615083664,1.1189273221919938,1.569367394866477,Good
3.571461934735236,3.875119632321235,1.008516539448115,2.213651552215385,Bad
1.6557181447459706,5.922015502245406,1.0687912848814614,1.804106184422028,Bad
1.389785382168324,3.713450353901328,1.010175589584143,1.3795786628003843,Good
1.6315318205278428,3.5871817254398786,1.024485036921881,1.6542726594571655,Good
2.061510874741091,2.565768854579683,1.0279828993392923,1.0199782028847149,Good
2.518363708525856,2.979880735778215,1.0268169358725223,2.383463280064962,Moderate
1.2383579665849915,3.3703290809082587,1.0,1.0,Good
1.2660495663994038,2.167369561330627,1.0279828993392923,1.4395120727863295,Good
2.1665520163235548,4.727006930786786,1.0145997699183833,1.0899001149789174,Good
1.8975813869272469,5.791866053868725,1.1095996984065293,1.4744724294993308,Bad
2.842366932595122,4.991281301599655,1.1070650073843762,2.138734789732954,Bad
2.013138226304836,4.419380961896448,1.036144587640886,1.569367394866477,Moderate
1.84126343424004,4.837468317154486,1.1119315973571706,1.3246389045344684,Good
1.6127202135259,6.651609646309014,1.2448503692188106,1.0,Bad
1.6288444296713185,5.208133946131275,1.0139914496696465,1.274695195324981,Moderate
3.128396531195231,5.212109420190781,1.13291877186164,2.238623406820129,Bad
1.2856289440773272,3.772609194072547,1.167897396035756,1.0,Good
2.770732071016466,5.559206167243356,1.1282549459774582,1.8190895369185145,Bad
1.0392589834834065,2.2659991796640826,1.0255495903614458,1.983906414379863,Good
2.4726783864492603,6.714743960539739,1.335794792071512,1.6892342148383668,Bad
1.6530307538894458,6.793590862719939,1.0104935872522347,1.4442120507974272,Moderate
2.071208816790185,4.49037157010191,1.0279828993392923,1.3695889620239272,Bad
1.7708910987855693,3.8576086156305545,1.0066625884181888,1.4908833958216825,Good
1.1155569038744535,4.667848090615568,1.0,1.1648168774613483,Moderate
2.8381606405777,3.3939926169767465,1.2366886809172173,1.908989651897432,Moderate
2.51427422033019,6.087660254724819,1.0024333089778468,1.3196452528144396,Bad
1.9217677111453744,2.029363818979208,1.1492421204819276,1.3596004599156697,Moderate
1.1263063383068228,6.26116130117897,1.037310523124757,1.4345172223981009,Moderate
2.191789897421822,6.541242914085588,1.2068301158181112,1.669256011953652,Bad
2.3011541348434656,7.322139604345677,1.0291995398367664,1.349611957807412,Bad
2.32218572392431,3.2480359265063155,1.0647104547221142,2.2186464026036137,Good
1.002804194678282,4.679679858649811,1.0012166404974738,1.0,Good
2.762914277066792,3.855431570312253,1.0673921399144968,1.419533869901615,Good
1.9244550375050344,5.338283394507956,1.1119315973571706,1.2497221420520372,Moderate
1.4879327763799757,3.244060452446809,1.052149938593082,1.4245287202898431,Good
3.4992535025398546,2.4947782463742203,1.3218033424018656,1.0699219120942025,Bad
1.7148402276145949,4.139394003134104,1.0046638258841818,1.03995520710123,Good
1.5535980661604107,4.5850257143758615,1.0081616883015934,1.2796888470450098,Moderate
4.017331597450388,3.882975926295973,1.0790821080450836,2.083796230135237,Moderate
1.2491924078848793,4.159082065143085,1.0,1.1498335249648624,Good
3.268607103568571,4.955785997496924,1.167897396035756,2.103773234351753,Bad
2.536707906750175,4.770358528864255,1.0510992087057909,1.744172774436083,Bad
1.8465213476344668,4.636328260572341,1.0827827345511076,1.8440625901914576,Moderate
3.5181819133635552,5.13326251801058,1.0669156191216478,1.8740292951844304,Bad
1.510366462799961,3.6463405656110974,1.0432463116984063,1.589345597751192,Good
1.7515286885600987,3.512310297319184,1.012825486202876,1.274695195324981,Good
2.792475382997969,5.906208260151656,1.4244073159735715,1.6642623602336228,Bad
7.073922113887317,2.7274381329995894,1.0750450431403031,2.648168774613486,Bad
2.453866843944182,5.389585940704437,1.4232413525068015,1.3246389045344684,Bad
3.579874583266947,1.3576033570669837,1.167897396035756,2.8479472074560355,Good
3.2573902603585783,2.715606364965346,1.1830335981344735,1.7391791227160542,Good
2.636607938759969,4.955785997496924,1.0582976976292269,1.729189421939597,Bad
1.81427291534363,4.951810523437418,1.026583754372328,1.6980480221108998,Moderate
2.1690056705428358,6.292775785366469,1.0991061111542946,1.4644839273910732,Bad
1.7014034023257012,5.492096378953125,1.2448503692188106,1.2297451378355222,Moderate
2.061510874741091,5.2042531262160425,1.0979401476875243,1.449500574894587,Bad
1.3729601496017674,3.220396916378322,1.0206830003886511,1.4445057245063584,Good
1.6303102499126658,3.421536972960466,1.006359757481539,1.274695195324981,Good
1.330896971440079,4.166938359117824,1.0559657986785853,1.3945620152968707,Good
2.430147864006813,3.725282121935572,1.1751972949863971,1.6642623602336228,Good
3.148026022936934,2.3093507777415523,1.0109498204430625,2.178689996834184,Moderate
1.599283388237006,3.21651609646309,1.162067634667703,1.2697003449367523,Good
1.7014034023257012,3.4806958131316845,1.2355227454333464,1.6342956552406505,Good
3.5691250843377134,1.4969342574382385,1.2028760202098718,2.0338513222575503,Moderate
2.397432087435217,3.1888770863350966,1.2798289933929266,1.1398450228566048,Bad
2.209316210906381,5.638053069423556,1.1480761849980567,2.4184236367779635,Bad
2.668856371050806,6.888245006993889,1.1364166342790516,1.3845723145204134,Bad
2.048074049452197,3.92244670445821,1.06645938593082,1.4295223720098722,Good
1.8465213476344668,3.267723988515297,1.3626117279440342,1.3346286053109258,Moderate
3.262998714212007,2.4908027723147144,1.0729988775748154,1.604328950247678,Moderate
2.665701635913523,3.737113889969816,1.0304162083171395,1.834072889415001,Moderate
2.78710060128492,1.5482368036347192,1.4652157015157403,1.5943392494712207,Bad
3.422838713830185,3.461007751122703,1.01703307889623,1.729189421939597,Moderate
2.3011541348434656,6.98289915126784,1.0194663598911775,1.349611957807412,Bad
1.9870824604668085,4.967617765531168,1.0316328488146134,1.4744724294993308,Moderate
2.264699410535206,6.12315555882755,1.1094982883793238,1.918979352673889,Bad
1.8411466304182824,4.754645940914779,1.1049358725223477,1.5044391344923034,Moderate
1.1474213863304357,4.6700251359338685,1.003997553050913,1.2397336399437795,Good
1.9562361255151124,3.374209900823491,1.1643359284881465,1.7541624752125404,Good
1.5159749166533891,6.643753352334276,1.1865526715895842,1.1448386745766337,Bad
2.755436381593464,3.070559405992659,1.122881417800233,1.639289306960679,Moderate
3.4428187460308903,2.91674642154749,1.0699572483482316,2.1836848472224126,Moderate
2.08522985467846,4.466708034033423,1.1277480077730275,1.764150977320798,Moderate
1.3477222040066357,3.4965030552254346,1.0292548620287605,1.294672199541496,Good
1.620782321598609,4.766477708949024,1.0513425479984453,1.2397336399437795,Good
2.292624682489998,2.699799122871596,1.167897396035756,2.5183134525333384,Good
3.2826281414568457,3.366353606848753,1.2445461951029926,1.2996670499297247,Moderate
1.8088981981274452,2.845755813342027,1.0944422852701128,1.0849052645906887,Good
1.5267244155826232,3.9619174826204473,1.0676253493975905,1.1648168774613483,Good
1.1781342127724477,5.737250612622656,1.0,1.2930072494120866,Good
2.219831973198371,6.154675388870776,1.0523158492032647,1.2896785478214672,Bad
1.7175276184711197,2.680111060862614,1.0909444228527012,1.2497221420520372,Good
2.393693139698553,5.661716605492043,1.0827320575204042,2.298556816806074,Bad
2.8059122082868626,3.788321782022023,1.1131482378546445,2.4483903417709363,Moderate
3.810988326518989,1.4929587833787323,1.6074620971628448,2.043839824365808,Moderate
2.906863797176796,3.098198416120652,1.081515389040031,2.508323751756881,Moderate
1.5670349559461694,3.934278472492454,1.0116595507190052,1.3596004599156697,Good
2.64607214417182,4.210384611339567,1.0,1.6293008048524218,Moderate
1.6281433487533157,3.181020792360359,1.0255495903614458,1.11986681997189,Good
3.321887124940252,1.796703932353838,1.270501369607462,2.8329638549595493,Moderate
3.06670386129184,4.269543451510785,1.0766487990672369,1.669256011953652,Moderate
1.599283388237006,4.7309824048462925,1.1317528083948698,1.799112532701999,Bad
2.8563880349802617,2.4829464783399766,1.0291995398367664,1.7841291802055128,Good
2.134069847395474,4.825636549120242,1.0209871745044694,1.4944506323840456,Moderate
3.262998714212007,1.907070664577264,1.0985484679362612,2.423418487166193,Moderate
2.8408480314342244,1.504790551412976,1.631947134084726,1.6507054228948022,Moderate
1.2848611734013469,3.989461838604167,1.0,1.0049948503882289,Moderate
2.241564643197218,5.2752437344215055,1.1445783225806452,1.2597118428284946,Bad
2.47805316816231,2.250191937570333,1.4325689762922658,1.5643725444782484,Good
2.4637983936367918,4.699367920658792,1.0401493882627284,1.589345597751192,Bad
1.827709740632524,3.8356488541589977,1.0153905946366109,1.5643725444782484,Moderate
3.108767039453528,3.390017142917241,1.048665899727944,2.2635964600930727,Moderate
1.634219146887503,3.823817086124754,1.0081616883015934,1.3346286053109258,Good
3.9668557707569887,3.910614936423966,1.4034201414691023,1.7741394794290557,Moderate
3.120334423122522,2.120042489193652,1.0513019727944035,1.884017797292688,Moderate
2.4101359703550056,1.8644762996539863,1.0915803902059853,2.2268716637900847,Good
1.5374738500149925,3.429487921079477,1.1783909832879906,1.2996670499297247,Moderate
3.1541952770279003,2.5854569165886647,1.3955764508356006,1.3096555520379822,Good
2.090838244035024,4.596857482410105,1.0705655685969686,1.9139845022856603,Moderate
1.2069274190339148,3.145525488257628,1.0431403124757093,1.0199782028847149,Good
1.1084719877970213,4.872963621257218,1.0256933944811504,1.2397336399437795,Good
1.7234865482866848,3.0784156999673966,1.0255495903614458,1.419533869901615,Good
4.184532688720138,1.9207008613527128,1.4628838025650992,2.748057391700661,Moderate
1.1397432280925812,5.436913012841412,1.02215313797124,1.1448386745766337,Moderate
2.392057305722169,2.4868272982552084,1.1095996984065293,1.4744724294993308,Good
2.0235371847750683,6.012694172459851,1.1301813167508743,1.5943392494712207,Bad
3.405353678338958,3.5430728942082177,1.121259221142635,2.278579812589559,Moderate
1.548223348944226,3.819936266209522,1.0023318989506411,1.0649282603741737,Good
1.3359211481972622,4.947835049377912,1.0116595507190052,1.0899001149789174,Moderate
1.9163929294323248,5.693236435535269,1.280994956859697,1.414539019513386,Moderate
2.365183655144381,3.4728395191569468,1.1340847353284105,1.3645953103038984,Moderate
1.6369065377440275,3.977630070569923,1.0699572483482316,1.234738789555551,Moderate
1.4907370355551222,5.006993889549131,1.1450022914885347,1.3596004599156697,Bad
2.160943562470126,7.061840707592314,1.0888152879906725,1.409545367793357,Bad
1.6879665770368073,5.287075502455749,1.029148862806063,1.5194224869887896,Bad
1.5247699670952048,5.819505063996719,1.0151574131364167,1.2996670499297247,Bad
2.2673633890298874,4.135418529074598,1.0903084554994171,1.744172774436083,Moderate
1.4729769854333186,6.549099208060325,1.0489700738437622,1.0699219120942025,Bad
1.056084216049963,4.085725103330773,1.0,1.0,Good
2.1179456312500555,2.0924981332099324,1.0804508356004665,1.174805379569606,Good
2.013138226304836,4.237928967323287,1.0338126607073457,1.1398450228566048,Moderate
3.181676552566912,2.4868272982552084,1.0145997699183833,1.729189421939597,Good
2.5254910635401826,2.372485091972277,1.0048665899727944,2.053829525142265,Good
1.4122190685883091,3.729162941850804,1.0325301204819275,1.1698117278495772,Good
3.305061827876831,1.8360800563718012,1.2238631947143412,1.839067739803229,Moderate
1.3084632850200937,3.71733117381656,1.0024333089778468,1.0499449078776877,Good
2.184396944319148,3.1297182461638777,1.0218996688690245,1.6293008048524218,Good
2.441364707216806,3.748945658004059,1.493959008161679,1.0299667049929724,Bad
4.872616069578703,1.2879379068813563,1.1107149568596968,3.7968920664546975,Bad
2.4726783864492603,2.6249276947509017,1.4617178390983288,2.0088794676528066,Bad
2.1690056705428358,2.758957963042815,1.0279828993392923,1.4544954252828155,Good
4.143521067438589,1.5364050356004753,1.0462326187329964,3.572141779007404,Moderate
1.580471781235063,4.068403394928641,1.0513019727944035,1.779134329817284,Moderate
2.397432087435217,5.618365007414575,1.1865526715895842,1.5144288352687607,Bad
2.719916410343586,2.975905261718709,1.4127477652545668,1.6842393644501383,Moderate
2.4834278853784943,5.361946930576443,1.1235911480761758,1.389567164908642,Moderate
2.573162631058436,6.2178097031015005,1.0060832304702685,1.3845723145204134,Bad
1.2103158908084422,4.407549193862204,1.0326467252234746,2.198668199718899,Moderate
2.580173182251005,4.600832956469611,1.216867469879518,1.389567164908642,Bad
1.776894079959644,2.739269901033833,1.0292548620287605,1.5943392494712207,Good
4.491243335942089,1.2444916546596132,1.100981776914108,4.471142928796578,Bad
2.683061031512545,3.357740079719824,1.0173227578701904,1.6429224702740273,Moderate
1.2714242836155885,4.81768560100123,1.2331908184998055,1.2447284903320084,Moderate
3.5852493004831314,2.049051880988189,1.0326467252234746,1.9339627051703752,Bad
2.3432173130051543,2.557817906460671,1.0194663598911775,1.3995556670168998,Good
3.7649525284802574,1.6349399997896574,1.116798187329965,3.1076578516163305,Moderate
1.9432666445069773,3.681835869713829,1.762838181111543,1.254716992440266,Bad
1.7390265518327226,5.208133946131275,1.072289147298873,1.5044391344923034,Moderate
2.0292624424502543,6.793590862719939,1.1713952584531675,1.3396222570309548,Bad
1.368169580488099,4.340534059716248,1.0186552755538285,1.2996670499297247,Good
1.7014034023257012,4.975474059505905,1.1469102215312863,2.443396690050907,Good
1.7599413370918096,7.5942702691332835,1.0693489280994948,1.2247502874472935,Bad
1.8507443443398168,5.417224950832431,1.0582976976292269,1.6542726594571655,Bad
1.964648774046823,4.83349284309498,1.1459977271667314,1.059933409985945,Moderate
2.394744696578693,4.723031456727281,1.283326855810338,1.4045505174051285,Bad
1.2767990653286376,5.4014177087386805,1.0121664889234356,1.0199782028847149,Bad
1.9916392929432325,4.166938359117824,1.0851146614846483,1.449500574894587,Moderate
2.109883523177346,5.642028543483062,1.2798289933929266,1.1048834674754036,Bad
3.5826787779452287,1.9505169167990075,1.0012166404974738,2.3435068742955325,Moderate
2.676918479123516,2.3843168600065203,1.276331130975515,1.0749167624824312,Good
1.2327495772284274,4.918681572941535,1.018249719393704,1.2697003449367523,Good
1.9562361255151124,5.464552022969405,1.0594636610959969,1.349611957807412,Bad
5.192296197808789,2.514466308383202,1.138748533229693,2.4384018396626788,Bad
2.842366932595122,4.920290693394192,1.059615748153906,1.589345597751192,Bad
1.5535980661604107,5.819505063996719,1.0932763218033423,1.1698117278495772,Bad
1.7014034023257012,3.117886478129634,1.0268169358725223,1.9739179122716053,Good
1.529995954541664,5.551255219124344,1.0529343272444618,1.4944506323840456,Moderate
3.3359081628285265,1.9702049788079887,1.1338312662261951,1.7891228319255417,Moderate
2.5871837334435743,5.4014177087386805,1.1812805254566654,1.8740292951844304,Bad
2.518608022648891,4.435188203990197,1.087598647493199,1.7691458277090266,Good
1.8325958940995024,3.9619174826204473,1.1616789801787797,1.0998886170871751,Good
1.4353538359262972,6.083684780665313,1.0513019727944035,1.2397336399437795,Moderate
3.5181819133635552,3.0114005658214404,1.1094982883793238,1.7491676248243118,Moderate
1.5019538787651148,1.7138815561141318,1.035282798289934,1.2796888470450098,Good
2.281875183560764,5.488215559037893,1.0734551107656432,1.374583812412156,Bad
1.9137056030726651,4.466708034033423,1.228527020598523,1.389567164908642,Moderate
2.566736356962111,6.276968543272719,1.1399144966964632,1.744172774436083,Bad
1.5664507433467885,3.910614936423966,1.0394304516129032,1.0649282603741737,Good
1.7766497658366087,4.936003281343668,1.047804110376992,1.4894557819958172,Moderate
2.89845121314195,3.901338830285119,1.0255495903614458,2.7380688895924035,Moderate
1.9782024676543388,4.131443055015092,1.2681694426739214,1.154828375353091,Good
2.1179456312500555,1.863719066499795,1.3031480668480373,1.729189421939597,Bad
2.8205706041909338,2.270353270300685,1.6401088223863196,1.3795786628003843,Bad
3.024640683130151,3.839624328218504,1.1301813167508743,2.423418487166193,Moderate
2.440429954158424,5.515759915021612,1.1907925005829771,1.329633754922697,Bad
2.545120555281886,4.478539802067667,1.0693489280994948,1.6542726594571655,Moderate
1.56084228949336,3.4806958131316845,1.0,1.389567164908642,Good
1.8599581729233607,4.482515276127173,1.095608248736883,1.8190895369185145,Bad
2.12168457898672,5.791866053868725,1.0766487990672369,1.7691458277090266,Bad
1.7935918667217872,5.152950580019562,1.0559657986785853,1.234738789555551,Bad
4.608892711594166,1.402280113164288,1.1081157372716672,2.867924211672551,Moderate
2.0319498333067787,3.942134766467192,1.0076316921881072,1.9639294101633475,Moderate
1.639360191963308,2.561793380520177,1.0888152879906725,1.0249718546047435,Good
3.673932489282933,1.4456317112417572,1.3894286917994558,2.098779582631724,Moderate
2.842366932595122,2.1516569733811512,1.049882568208317,1.779134329817284,Good
2.6681234286817,5.330427100533218,1.0216231418577535,1.4345172223981009,Moderate
2.5855478994671897,5.484240084978387,1.475709288767975,1.4345172223981009,Bad
1.8088981981274452,3.6976431118075785,1.0652934224640498,1.2247502874472935,Good
3.11157123413181,3.323002008771284,1.0048665899727944,2.318535019690789,Moderate
1.5240370247260986,5.2752437344215055,1.0571317621453555,1.0,Moderate
1.327859040124553,6.2178097031015005,1.0069957248348231,2.758047092477118,Moderate
3.293844984666838,2.364628797997539,1.159380856587641,3.142619406997532,Moderate
2.220065709835615,2.940409957615977,1.189817324523902,1.449500574894587,Good
2.0796214008250318,2.833924045307784,1.01703307889623,1.7192009198313394,Good
2.0319498333067787,3.4413196891137217,1.0979401476875243,1.3378062747083803,Good
1.8975813869272469,4.553505884332635,1.2180334333462883,1.389567164908642,Bad
1.9742421021815657,4.908648233648496,1.0,1.5094339848805318,Moderate
2.3114362249950764,2.297519009707308,1.0676253493975905,1.4544954252828155,Good
3.108767039453528,2.404004922015502,1.097331827438787,1.2447284903320084,Good
1.6073454963097151,2.514466308383202,1.355616003109211,1.0,Moderate
3.010619645241876,3.035064101889928,1.0766487990672369,1.8940062994009452,Moderate
2.295312008849658,5.705068203569513,1.15507190983288,1.6592675098453944,Moderate
1.7282771174003533,2.3843168600065203,1.012392422852701,1.3129854522968014,Good
1.6173271600661043,5.302788090405224,1.2495141951029929,1.3596004599156697,Moderate
2.362846804746858,4.498227864076648,1.0255495903614458,1.4045505174051285,Moderate
5.183883549277078,1.5994446956869262,1.0948985184609406,2.728080387484145,Bad
3.148918272561557,1.8755508345340384,1.3345228293820444,1.6892342148383668,Good
1.9432666445069773,3.169189024326115,1.1037699090555773,1.5344058394852758,Good
2.51427422033019,5.8707129560489255,1.276179043917606,1.9539397093868904,Bad
1.6786191754467146,1.7848721643195944,1.0024333089778468,1.4944506323840456,Good
2.2282446217300818,5.440888486900918,1.0340661298095608,1.799112532701999,Bad
2.3006867905627075,3.5990134934741222,1.0121664889234356,1.2297451378355222,Good
2.0684045576150387,4.995162121514888,1.059615748153906,1.2647054945485237,Bad
3.21532708219689,2.735294426974328,1.2302229521958803,2.0688128776387518,Moderate
2.182442495831729,5.630196775448819,1.0,1.4295223720098722,Bad
3.530036114589344,2.459282942271489,1.1447810866692576,3.0876808473998154,Moderate
1.8216339424983363,2.4749955302209647,1.015816410415857,1.3845723145204134,Good
1.9534319308368304,5.196302178097031,1.0340661298095608,1.6193123027441645,Bad
1.908330821359616,6.442613295752133,1.047804110376992,1.3945620152968707,Bad
3.1424175690835057,3.1415500141981214,1.0462326187329964,2.663152127109972,Moderate
2.6258584398307354,4.967617765531168,1.0338126607073457,1.3046619003179534,Moderate
1.0469068281949077,4.707318868777804,1.0,1.11986681997189,Good
2.281524643101763,4.569218472282111,1.0133831294209097,1.3596004599156697,Good
2.601204771331849,4.032908090825909,1.1386978561989896,2.882907564169037,Moderate
2.383995197649459,4.719150636812048,1.137582597745822,1.7035666905024056,Bad
2.5452373591036435,3.323002008771284,1.1702292949863973,1.6293008048524218,Moderate
5.24557621918047,3.7764900139877793,1.0754321585697628,2.4134299850579346,Bad
1.9137056030726651,4.013125374672654,1.0617955600466382,1.1348501724683762,Moderate
5.380178337700381,2.163488741415395,1.1192314963078118,2.817980502463063,Bad
2.0023887918724665,4.699367920658792,1.072289147298873,1.4794672798875594,Moderate
1.8384592395617576,6.060021244596825,1.0705655685969686,1.3246389045344684,Bad
2.012320341565076,3.823817086124754,1.0608323886513795,2.2735849622013298,Good
2.4161268261185387,3.934278472492454,1.0186147003497863,2.093784732243495,Moderate
2.27112568463153,1.4890779634635003,1.3019821313641664,1.908989651897432,Bad
2.826279608656245,3.0902474680016403,1.0304162083171395,1.4994454827722743,Moderate
2.2388772523406937,4.425533481274255,1.059615748153906,1.2247502874472935,Moderate
1.328092776761797,3.062703112017921,1.020351207151185,1.3596004599156697,Good
2.7161774626069217,1.5284540874814636,1.0496060411970465,2.8879024145572654,Good
3.010619645241876,6.65558512036852,1.132614597745822,2.533296805029825,Bad
3.4284471676836143,4.53372316817938,1.1155815468324912,2.1187565868482388,Bad
4.805315010318747,3.29536299864329,1.0194663598911775,3.167591261602275,Bad
1.9197814012068528,6.332151909384432,1.100981776914108,1.3396222570309548,Bad
2.082425660000178,3.875119632321235,1.032849489312087,1.5793558969747346,Good
3.7200851556402874,3.287506704668553,1.0012166404974738,2.248613107596586,Moderate
1.3729601496017674,5.60653323938033,1.0408083855421686,2.198668199718899,Bad
3.63595879931691,1.5560930976094571,1.1107149568596968,2.3285235217990463,Moderate
3.748127295913701,1.4456317112417572,1.0948985184609406,2.6681469774982007,Moderate
1.8328507857083287,2.131874257227896,1.0,1.3845723145204134,Good
2.3114362249950764,4.080235162962885,1.0851146614846483,1.484462130275788,Moderate
1.5455359580877015,3.374209900823491,1.138748533229693,1.4794672798875594,Good
2.962948077723624,3.993437312663673,1.0218996688690245,1.8490562419114869,Moderate
4.015228419193244,1.410136407139026,1.2443839782355228,2.1886796976106413,Moderate
2.108731802666511,5.761103456979691,1.0079951061018266,1.5154273258791264,Moderate
2.626442652430116,2.91674642154749,1.049882568208317,1.419533869901615,Good
2.386682588505984,5.484240084978387,1.1270890104935871,1.5993340998594494,Bad
1.4234359117983018,4.596857482410105,1.0012166404974738,1.3695889620239272,Good
2.3490594389989625,3.9816055446294287,1.3952584531675087,1.3945620152968707,Bad
1.894893996070722,3.4413196891137217,1.079284872133696,1.4594890770028446,Good
2.4329520586850952,4.963642291471661,1.0523158492032647,2.1687014947259264,Bad
1.6799044689640985,2.3291334938948074,1.0,1.2497221420520372,Good
2.242265724115221,6.683318784640787,1.0,2.058823176862294,Bad
1.4971633096514465,3.1888770863350966,1.0474543241352507,1.354605609527441,Good
2.5855478994671897,2.5894323906481707,1.2191993688301594,1.4794672798875594,Moderate
1.4094148739100274,6.060021244596825,1.0454722114263506,2.198668199718899,Bad
2.0749477645268493,5.590725997286581,1.1294209094442285,1.174805379569606,Bad
2.3194983330677856,3.6725597635749816,1.0594636610959969,2.2086567018271563,Moderate
3.040446284764536,5.922015502245406,1.041974349008939,1.6243059544641931,Bad
3.609435624701259,1.2406108347443812,1.1818888457054022,2.8379575066795786,Moderate
1.5240370247260986,4.301063281554011,1.0268169358725223,1.154828375353091,Good
1.8945434556117209,4.34441487963148,1.0086382090944424,1.9239730043939176,Moderate
2.703792194198168,4.675704384590305,1.1515740474154683,1.2796888470450098,Bad
1.6926402133349892,5.369897878695455,1.0912485969685193,1.0,Moderate
1.50791280858068,5.989030636391363,1.1294209094442285,1.5244173373770182,Bad
1.1233852753099187,4.636328260572341,1.0012166404974738,1.1947835824543211,Good
2.201254102833672,4.092066930997129,1.1002720466381657,1.3795786628003843,Moderate
1.1289937291633474,5.105623507882586,1.041366028760202,1.0,Good
2.0588235483814312,4.0447398588601535,1.979401476875243,1.2647054945485237,Bad
1.948641361723162,2.5933132105634025,1.539836775748154,1.6942290652265954,Bad
2.0487751303702,4.5850257143758615,1.0510992087057909,1.3596004599156697,Bad
2.757539559850607,3.729162941850804,1.2518460940536338,1.4794672798875594,Moderate
2.5647500470235896,4.679679858649811,1.1885803964244073,1.7192009198313394,Bad
2.2759162537451987,5.318595332498974,1.024332949863972,1.4994454827722743,Bad
1.3708569713446237,6.317291208733422,1.004197434900894,1.0,Moderate
1.550910739800751,4.139394003134104,1.5036921881072678,1.2846836974332383,Moderate
2.780674327188596,4.541674116298392,1.041366028760202,1.6542726594571655,Bad
1.872109769191736,3.046895869924171,1.068685285658764,1.4594890770028446,Good
4.781861628469725,4.360222121725229,1.0890364928099494,2.3285235217990463,Bad
1.633751802606744,4.159082065143085,1.0571824391760591,1.3995556670168998,Good
1.8108177538111248,4.49037157010191,1.0025438973960357,1.2447284903320084,Good
1.8945434556117209,6.391310749555651,1.0535324897007383,1.2397336399437795,Bad
3.052682823403565,1.9465414427395011,1.0827320575204042,2.31354016930256,Moderate
1.810417099288344,5.136954029637264,1.1472143956471046,1.3995556670168998,Bad
3.882729414433612,4.951810523437418,1.0,2.0288564718693216,Bad
2.3893699793625087,3.058727637958415,1.06645938593082,1.7391791227160542,Moderate
1.6253391540750337,3.81198531809051,1.0089036548775747,1.2825428760285404,Good
3.944422084337004,2.6564475247941277,1.0474492592304705,1.829079237694972,Moderate
2.894595397086664,1.8715753604745329,1.1888845705402251,2.1187565868482388,Good
1.670206526915004,6.1389628009213,1.0364994387874078,1.214761785339036,Bad
1.571257952651519,3.12186195218914,1.1411864593859309,1.3795786628003843,Good
3.837862041593641,1.3154822628650755,1.1545142666148465,2.957824326651468,Moderate
3.052682823403565,3.1100301841548963,1.0863820069957248,4.221420786744541,Moderate
2.5828605731075296,4.24976073535753,1.138748533229693,1.3995556670168998,Bad
2.699352165543501,6.98289915126784,1.026766258841819,1.6792457127301093,Bad
1.4570865059251443,5.129287043951074,1.0304162083171395,1.3196452528144396,Moderate
3.3555376545702296,2.1437060252621394,1.1399144966964632,2.528301954641596,Moderate
4.07341581350035,1.2918187267965882,1.116798187329965,2.578246862519284,Moderate
1.9916392929432325,6.951379321224614,1.054799835211815,1.3945620152968707,Bad
2.51427422033019,1.6129802383181011,1.0190792444617178,1.938956356890404,Good
2.0431666765167718,3.3703290809082587,1.0523158492032647,1.709212417723082,Good
2.393693139698553,5.310739038524236,1.225079835211815,1.8690344447962015,Bad
2.5318005338147493,4.656016322581324,1.5182919580256509,1.609322601967707,Bad
1.14021057237334,3.019256859796178,1.0012166404974738,1.2097669349508071,Good
1.9029561041434315,2.124017963253157,1.0356145915274,1.4295223720098722,Good
3.606748298341599,1.4456317112417572,1.506024087057909,1.6642623602336228,Moderate
2.440429954158424,5.338283394507956,1.4222873874854256,1.4295223720098722,Bad
3.321887124940252,2.4868272982552084,1.0255495903614458,2.338513222575504,Moderate
2.263063576558821,4.032908090825909,1.029148862806063,1.5344058394852758,Moderate
1.7040907931822258,4.766477708949024,1.036144587640886,1.1248616703601186,Bad
2.134069847395474,5.192421358181798,1.1515740474154683,1.839067739803229,Moderate
2.01582561716136,5.6025577653208245,1.150408083948698,1.6293008048524218,Bad
2.1905046039044382,6.103467496818569,1.1189273221919938,1.6492790077371366,Bad
1.9567034697958712,1.6744107779518946,1.030314798289934,1.2697003449367523,Good
1.90856455799686,4.750670466855274,1.0462326187329964,2.053829525142265,Moderate
1.550910739800751,3.9816055446294287,1.072289147298873,1.4794672798875594,Moderate
1.7014034023257012,4.845324611129223,1.3416245534395648,1.2097669349508071,Moderate
2.438560512538524,3.855431570312253,1.0559657986785853,1.6342956552406505,Moderate
2.0426993322360127,3.4491759830884594,1.2623396813058687,1.729189421939597,Bad
4.889441366642123,1.354953041027313,1.0097331799455889,3.1076578516163305,Bad
1.214989527106624,6.131011852802288,1.054799835211815,1.839067739803229,Bad
1.4626948952817085,2.8575875813762712,1.0610535934706569,1.2397336399437795,Good
3.212522887518608,1.958373210773745,1.090031928488146,3.037735939522128,Moderate
2.717961961856168,4.214265431254798,1.0635974908666923,1.5493891919817622,Moderate
1.964648774046823,4.837468317154486,1.01703307889623,1.1648168774613483,Moderate
2.4694068474902195,2.3409652619290515,1.0231163093664983,2.428413337554421,Bad
2.186181443568393,1.4417508913265251,1.0152634123591138,1.5843507473629632,Good
2.3893699793625087,3.058727637958415,1.06645938593082,1.7391791227160542,Moderate
5.318485732293854,1.4456317112417572,1.058399107656432,4.6809098637473845,Bad
2.7161774626069217,1.5009097314977442,1.241352506801399,1.6542726594571655,Moderate
3.21532708219689,2.325158019835301,1.0571824391760591,1.7591561269325693,Good
2.623171113471076,3.165213550266609,1.0617955600466382,1.7841291802055128,Moderate
2.2142235838418074,4.774334002923761,1.2384629646327243,2.1187565868482388,Moderate
5.366157299812106,1.098629618333456,1.0644823381267003,4.785793331222789,Bad
3.896750452321887,1.2681551907281006,1.0778654675476098,3.42730310443077,Moderate
1.550910739800751,5.4763837910036495,1.0273999315973572,1.3096555520379822,Moderate
1.6987160114691764,4.5850257143758615,1.521181500194326,1.354605609527441,Bad
1.510366462799961,3.6463405656110974,1.0432463116984063,1.589345597751192,Good
3.171394462415301,5.259436492327756,1.374271278663039,1.8890126476809168,Bad
1.7363392254730623,4.332583111597236,1.1958802953750487,1.414539019513386,Moderate
1.7935918667217872,2.068834597141445,1.0069957248348231,1.254716992440266,Good
1.6799044689640985,3.354521838814509,1.0408083855421686,1.414539019513386,Good
4.370809824136615,1.2208281185911256,1.2689467516517683,4.321309403831716,Moderate
2.1374901806211044,6.233616945195251,1.0190792444617178,1.214761785339036,Bad
1.3842937966335174,3.169189024326115,1.0431403124757093,1.3596004599156697,Good
2.5984005766535674,4.415405487836942,1.0133831294209097,1.4445057245063584,Moderate
1.5636464841716418,2.8930828854790027,1.051968245627672,1.3096555520379822,Good
1.3757643442800491,4.080235162962885,1.0206830003886511,1.3096555520379822,Moderate
3.3976008327319183,2.3211825457757955,1.0,2.158712992617669,Moderate
1.9835771848705237,2.774765205136565,1.3334628931208703,1.0,Bad
2.314123615851601,3.950085714586204,1.1235911480761758,1.2896785478214672,Moderate
3.851883079481916,1.8203674684223257,1.0,2.4633736942674225,Moderate
1.8411466304182824,5.4014177087386805,1.2644383987563157,1.4295223720098722,Bad
3.041465980193572,2.1476814993216453,1.0571824391760591,1.864039594407973,Good
1.102120014088695,4.699367920658792,1.0,1.0199782028847149,Moderate
1.8411466304182824,4.766477708949024,1.0233190734551108,1.0998886170871751,Bad
1.6127202135259,2.2936381897920763,1.15507190983288,1.4894557819958172,Moderate
3.271411298246853,4.127562235099861,1.1569475755926937,3.1825746140987614,Bad
1.8707076718525943,3.5043593492001723,1.1702292949863973,1.7891228319255417,Good
2.89003856461024,5.492096378953125,1.1192314963078118,1.9988897668763488,Bad
3.1848312877041955,4.403573719802698,1.1737271574038088,1.7042175673348532,Bad
1.3589390472166285,4.241904441382792,1.0534219012825496,1.314650402426211,Good
1.639360191963308,4.872963621257218,1.0729988775748154,1.0799116128706598,Bad
2.152881454397417,3.8474806221932414,1.3066459292654489,1.414539019513386,Moderate
1.1827410948157873,6.698936718445989,1.0151574131364167,1.839067739803229,Bad
2.396497334376836,3.792297256081529,1.0364994387874078,1.7941176823137703,Moderate
1.336505360796643,4.43906902390543,1.0362611643995336,1.2397336399437795,Good
1.9002687132869067,3.271699462574803,1.0023318989506411,1.1897887320660925,Good
1.6758149807684326,6.363766393571932,1.0985484679362612,1.8690344447962015,Bad
1.0938135918929506,6.35269185869188,1.0050877947920716,1.094894965367146,Moderate
4.280927445133647,1.4574634792760008,1.0377160792848814,2.038846172645779,Moderate
3.4004050274102005,2.2936381897920763,1.0827320575204042,3.9667037943042742,Moderate
3.4105703137400534,3.3308583027460217,1.1655654970851146,1.824084387306743,Moderate
1.737507650671824,5.018825657583375,1.0401493882627284,1.3046619003179534,Moderate
4.034040026195187,3.1415500141981214,1.1095996984065293,2.1886796976106413,Bad
1.053280021371681,2.93255366364124,1.0012166404974738,1.11986681997189,Good
1.6758149807684326,4.360222121725229,1.0620490291488536,1.4794672798875594,Good
1.5944928191233376,5.148975105960056,1.0072998989506412,1.5194224869887896,Bad
1.6288444296713185,6.714743960539739,1.0093276237854645,1.7192009198313394,Bad
1.8580887313034609,3.4531514571479653,1.0036499494753206,1.5144288352687607,Good
3.25178180650515,5.310739038524236,1.097331827438787,1.9339627051703752,Bad
1.327859040124553,2.91674642154749,1.1270890104935871,1.0199782028847149,Bad
1.8853660677566653,4.841349137069718,1.0356145915274,1.859045942687944,Moderate
2.4269931288695297,1.4772461954292564,1.541002711232025,1.764150977320798,Moderate
3.1015228161205792,4.450900791939674,1.197046258841819,2.248613107596586,Moderate
1.7363392254730623,5.432937538781906,1.1900505340069958,1.0149833524964862,Bad
2.0749477645268493,5.598582291261319,1.030314798289934,1.4445057245063584,Bad
3.7061809215737695,1.5482368036347192,1.1107149568596968,2.79300744919012,Moderate
2.241564643197218,2.447451174237245,1.0338126607073457,1.6492790077371366,Good
2.517078415008472,4.470683508092929,1.3540445114652158,1.214761785339036,Moderate
2.741415343705189,2.9364344835564715,1.3844606917994555,2.35349657507199,Good
1.844601791950787,5.152950580019562,1.0035977893509522,1.449500574894587,Moderate
2.760226950707132,6.568787270069308,1.4162456276719784,1.354605609527441,Bad
2.1889857027435395,5.432937538781906,1.0279828993392923,1.4395120727863295,Bad
3.7761693716902496,2.372485091972277,1.1021984174115818,2.917869119550238,Moderate
2.284562574417289,2.506610014408464,1.036144587640886,1.764150977320798,Good
1.6879665770368073,4.786165770958005,1.130586872910999,1.2647054945485237,Moderate
1.0,4.999137595574393,1.0024333089778468,1.11986681997189,Good
1.1397432280925812,2.912770947487984,1.0186552755538285,1.8890126476809168,Good
2.9292974835967813,4.305038755613516,1.048665899727944,1.4544954252828155,Moderate
2.0856971989592186,4.24976073535753,1.2425184702681695,1.0299667049929724,Moderate
1.6691549700348642,3.6976431118075785,1.3194714434512242,1.5993340998594494,Moderate
2.7709763851395013,2.222647581586614,1.018249719393704,1.8490562419114869,Good
2.4243057380130053,5.902327440236425,1.1451612903225807,1.4445057245063584,Bad
1.6100328226693752,5.642028543483062,1.0746210742324136,1.4295223720098722,Bad
3.1143754933069565,2.10035442718467,2.0925497147298877,2.248613107596586,Bad
1.084126356323377,5.515002681867421,1.0,1.1648168774613483,Good
2.1889857027435395,3.3623781327892472,1.058399107656432,1.6992227169466243,Good
1.3493580379830206,5.425081244807168,1.0338126607073457,1.3596004599156697,Moderate
2.967154369741047,2.463163762186721,1.197046258841819,1.469478777779302,Moderate
2.8085995991433874,5.531567157115362,1.3113097551496309,3.372364544833053,Bad
2.5318005338147493,2.577600622613927,1.369607452778857,1.409545367793357,Moderate
1.4246043369970636,6.036357708528338,1.0151574131364167,1.0,Bad
1.2660495663994038,3.2007088543693403,1.0,1.204772084562579,Good
4.143521067438589,3.165213550266609,1.0961151869413135,3.222531019868191,Bad
3.3917587067381105,2.250191937570333,1.064127486980179,1.5493891919817622,Moderate
2.6043595064691325,5.657741131432537,1.0072998989506412,1.8540510922997155,Bad
3.5630492862035257,3.957942008560941,1.068132287602021,2.3435068742955325,Moderate
1.4434159439990064,2.577600622613927,1.041974349008939,1.3096555520379822,Good
2.33024783199702,4.399692899887466,1.1655654970851146,1.0649282603741737,Bad
1.246770615116702,6.442613295752133,1.0364994387874078,1.3446171074191833,Moderate
1.9281939852416987,2.9837615556934467,1.0279828993392923,1.3396222570309548,Good
2.088384589815744,3.457032277063197,1.2378546443839875,1.569367394866477,Good
2.8704090728685365,6.091635728784325,1.0152634123591138,1.314650402426211,Bad
2.357121547071672,5.531567157115362,1.2623396813058687,2.7330740392041744,Bad
1.0767819693597325,5.422904199488867,1.0159902401865526,1.0998886170871751,Good
2.1665520163235548,2.1121861952189143,1.0635974908666923,1.724195770219568,Good
1.171991660383418,5.385610466644931,1.0629615235134084,1.1798002299578347,Moderate
2.2039414936901967,5.5275916830558565,1.3614457924601633,1.943951207278633,Bad
2.558674248889402,5.862856662074187,1.222697231247571,1.3196452528144396,Bad
2.499552101523913,4.214265431254798,1.2238631947143412,1.0699219120942025,Moderate
3.927596787273582,2.8930828854790027,1.0644823381267003,2.2086567018271563,Moderate
1.5013165207493189,4.147250297108842,1.0338126607073457,1.1398450228566048,Good
3.829799933520932,1.1932837626074062,1.475709288767975,2.148723291841211,Moderate
2.3011541348434656,7.322139604345677,1.0291995398367664,1.349611957807412,Bad
1.510366462799961,4.151225771168347,1.0076316921881072,1.4045505174051285,Good
2.9214691121613163,1.962348684833251,1.2600077823552274,2.7230855370959173,Good
2.0515793250484817,5.685380141560532,1.041366028760202,1.449500574894587,Bad
2.142515905303038,1.7848721643195944,1.0279828993392923,1.4445057245063584,Good
1.580471781235063,6.308488373315945,1.0209871745044694,1.11986681997189,Bad
1.88613080708001,2.411955870134514,1.0036499494753206,1.0,Good
4.976371917643782,1.6980743140203822,1.0863820069957248,3.7219753039722665,Bad
2.037324550522963,4.687536152624549,1.0046638258841818,1.9739179122716053,Moderate
2.3732457632170902,3.074534880052165,1.0501360373105324,1.639289306960679,Good
1.1850779452133104,4.31687052364776,1.0,1.1298553220801475,Good
1.6954444725101356,4.947835049377912,1.0097331799455889,1.2697003449367523,Good
2.0426993322360127,1.560068571668963,1.1585697722502917,1.8490562419114869,Good
1.647656036673261,7.353659434388902,1.0909444228527012,1.3596004599156697,Bad
3.4455061368874147,1.307625968890338,1.1294209094442285,2.9628191770396968,Moderate
2.317979431906888,1.6428909479086693,1.067413350952196,2.148723291841211,Good
2.7077648140752117,1.6980743140203822,1.0218996688690245,1.8091010348102567,Good
3.5315019348306915,3.567493663430897,1.1470268262728331,1.943951207278633,Moderate
2.099134088744977,6.4149742856241385,1.312475718616401,1.7741394794290557,Bad
2.913407004088607,4.569218472282111,1.4034201414691023,1.544395540261733,Bad
3.5265945618952657,4.478539802067667,1.0,2.3085465175825317,Bad
1.4326664450697726,5.164782348053805,1.0746210742324136,1.5244173373770182,Moderate
2.5318005338147493,5.543398925149606,1.1865526715895842,1.6992227169466243,Bad
1.914172947353424,5.32257080655848,1.0121664889234356,1.4594890770028446,Moderate
2.7226037367032463,1.5639493915841949,1.318305479984454,1.2996670499297247,Good
1.5412127977516563,3.2007088543693403,1.0114475522736106,1.2896785478214672,Good
2.155568845253941,4.924171513309425,1.3404586179556937,1.204772084562579,Bad
2.1367572382519984,5.645909363398294,1.204041983676642,1.3396222570309548,Moderate
2.3436846572859134,2.9443854316754834,1.539836775748154,1.0449500574894588,Moderate
1.580471781235063,3.350546364755004,1.0151574131364167,1.7891228319255417,Good
3.305061827876831,2.25416741162984,1.0145997699183833,2.2635964600930727,Moderate
3.389188184200208,3.8987831683897225,1.068132287602021,2.0488346747540365,Moderate
2.0515793250484817,2.948266251590716,1.132614597745822,1.569367394866477,Good
1.2069274190339148,5.010969363608637,1.0,1.0699219120942025,Good
1.9281939852416987,5.074103677839361,1.0638740178779635,1.374583812412156,Bad
1.3925896413434706,4.368078415699968,1.0145997699183833,1.3596004599156697,Good
2.8354732497211748,1.7257133241483755,1.1702292949863973,1.3346286053109258,Good
1.98147400661338,3.673979575739091,1.0,1.5943392494712207,Good
2.2979993997061827,4.186721075271079,1.4407306645938591,1.154828375353091,Moderate
2.6853311276552256,5.129287043951074,1.2907788138359892,1.5344058394852758,Bad
1.443065403540005,4.34441487963148,1.0190792444617178,1.2447284903320084,Good
1.2687369572559284,3.9816055446294287,1.0055965798678586,1.2397336399437795,Good
1.5777843903785382,4.048620678775386,1.1434123591138747,1.5244173373770182,Moderate
2.185513772026244,5.7405635076722445,1.0079951061018266,1.1648168774613483,Bad
1.7935918667217872,2.80628503517979,1.008516539448115,1.4794672798875594,Good
1.4346527550082944,5.898351966176919,1.0304162083171395,1.2447284903320084,Bad
4.292027484521881,1.402280113164288,1.2323797341624565,1.4594890770028446,Moderate
2.271509634466385,5.492096378953125,1.2250291581811117,1.4944506323840456,Bad
1.7543328832383809,3.5990134934741222,1.0407023863194715,1.4744724294993308,Good
1.018811607001943,2.0766908911161828,1.0174893120870578,1.11986681997189,Good
1.980889794013999,5.089816265788837,1.0594636610959969,1.639289306960679,Bad
2.819933246175137,6.052164950622088,1.0206830003886511,1.374583812412156,Bad
1.7497760507619564,3.425512447019972,1.1772250198212204,2.288568314697816,Good
1.9730614225785337,2.1476814993216453,1.031798759424796,1.5543840423699908,Good
4.303361131553632,2.033339293038713,1.142458394092499,2.1637066443376973,Bad
2.444168901895088,2.569649674494915,1.2883455328410416,1.1648168774613483,Good
2.0023887918724665,3.177045318300853,1.163233570151574,1.544395540261733,Moderate
1.002804194678282,3.953966534501435,1.0,1.11986681997189,Good
1.3589390472166285,4.427237255871185,1.0024333089778468,1.3795786628003843,Good
2.5049268187400973,4.383885657793717,1.3766031776136805,1.449500574894587,Moderate
3.591091426476939,1.9741804528674949,1.0656989786241742,2.5133186021451097,Moderate
4.367857996135305,2.4789710042804707,1.0632656976292263,2.508323751756881,Bad
3.24126604421316,4.336558585656741,1.3766031776136805,1.3795786628003843,Bad
1.8518960648506515,6.777878274770464,1.053633899727944,1.2497221420520372,Bad
1.9701403595816296,4.320751343562993,1.037310523124757,1.0,Moderate
1.9490253115580167,1.9938685148764763,1.102603973571706,1.5344058394852758,Good
1.7067781195418856,1.5560930976094571,1.1352506708122814,1.6792457127301093,Good
2.3194983330677856,5.661716605492043,1.036144587640886,1.8140958851984847,Bad
1.468303349135137,3.7213066478760655,1.083948698017878,1.3596004599156697,Good
1.7981486991982116,5.3264516264737125,1.0550330446949088,1.354605609527441,Moderate
2.107196196817686,4.845324611129223,1.0909444228527012,3.037735939522128,Moderate
2.082425660000178,1.828223762397064,1.1934469863972017,1.484462130275788,Moderate
3.299453438520267,5.089816265788837,1.0425826692576758,1.8440625901914576,Bad
2.663481653834621,7.23931722810597,1.2961523420132142,1.644284157348908,Bad
1.959390860652396,4.604713776384843,1.3591138655266226,1.234738789555551,Bad
2.8395627379168404,2.9917125038124586,1.0863820069957248,2.618202069620513,Good
1.964648774046823,4.83349284309498,1.1459977271667314,1.059933409985945,Moderate
1.8132213584634904,4.936003281343668,1.0510992087057909,2.238623406820129,Bad
1.992690849823372,5.791866053868725,1.008516539448115,1.2297451378355222,Moderate
2.2496267512699277,4.632352786512836,1.4628838025650992,1.469478777779302,Bad
1.6637802528186798,6.008813352544618,1.2401865433346289,1.0049948503882289,Bad
3.0612122757570326,2.017532050944964,1.0443062479595802,1.449500574894587,Good
1.0252378810982672,4.628377312453329,1.0,1.1398450228566048,Good
1.647656036673261,3.950085714586204,1.1993781577924605,1.1048834674754036,Moderate
2.4469731610702343,4.699367920658792,1.032849489312087,1.779134329817284,Bad
2.7172290194870614,5.425081244807168,1.0437993097551497,1.8140958851984847,Bad
1.8216339424983363,2.4749955302209647,1.015816410415857,1.3845723145204134,Good
1.408480120851645,3.882975926295973,1.1072677714729888,1.2097669349508071,Moderate
3.034338625179245,1.8873826025682825,1.4279051783909833,1.6942290652265954,Good
3.044270174871854,2.2896627157325704,1.1459977271667314,2.258601609704844,Moderate
2.497448923266769,2.873394823470021,1.0279828993392923,1.859045942687944,Good
1.7014034023257012,5.969342574382381,1.0769529731830547,1.8140958851984847,Moderate
2.048074049452197,4.936003281343668,1.3171395165176836,1.4994454827722743,Bad
2.3993015290551174,4.301063281554011,1.0693489280994948,1.5044391344923034,Bad
1.405792794491985,3.524142065353428,1.0069957248348231,1.0,Good
2.459241561160366,5.996981584510375,1.247182268169452,2.133739939344725,Bad
1.9244550375050344,5.973318048441887,1.114263496307812,1.2097669349508071,Bad
1.5944928191233376,5.543398925149606,1.026766258841819,1.419533869901615,Bad
1.448790661215191,3.165213550266609,1.079284872133696,1.0549385595977163,Good
1.86802028099607,5.385610466644931,1.137582597745822,1.1298553220801475,Moderate
2.8205706041909338,2.270353270300685,1.6401088223863196,1.3795786628003843,Bad
4.373466449988734,2.2383601695360893,1.122881417800233,2.598223866735798,Moderate
1.1773663775996026,4.916315219334686,1.0279828993392923,1.6992227169466243,Good
1.8760823890687792,5.050440141770873,1.2191993688301594,1.3596004599156697,Bad
1.2607916530049768,5.807673295962474,1.0437993097551497,1.3596004599156697,Moderate
1.4514780520717157,3.326882828686516,1.0218996688690245,1.1648168774613483,Good
1.510111571191134,7.046033465498565,1.108433734939759,1.2846836974332383,Bad
2.6822931963397,3.942134766467192,1.0804508356004665,1.4544954252828155,Good
2.029018128327219,4.9321224614284365,1.1246510843373494,1.1398450228566048,Bad
1.639593928600552,3.429487921079477,1.0396424500582977,1.3396222570309548,Good
1.4299791187101127,6.513603903957595,1.0408083855421686,1.274695195324981,Bad
2.230815144267984,4.616545544419086,1.2751651675087443,1.9039960001774028,Moderate
1.2767990653286376,6.316439321434957,1.0396424500582977,1.3596004599156697,Bad
2.093759307031928,6.095516548699557,1.2565099199378158,2.7330740392041744,Bad
3.31908293026197,2.898383517558344,1.141131137193937,2.39345178217322,Bad
1.988951902086708,5.709043677629019,1.053633899727944,1.5194224869887896,Bad
1.950627671661684,5.5394234510901,1.0048665899727944,1.6492790077371366,Bad
4.0044789202640105,1.2761061388471124,1.1434123591138747,3.3024414340706514,Moderate
1.325171713764893,3.0272078079151896,1.1352506708122814,1.2497221420520372,Good
2.418931020796821,1.3312895049588254,1.0470621438010106,1.779134329817284,Good
1.5243875651851,2.6524720507346213,1.0559657986785853,1.389567164908642,Good
1.9137056030726651,4.013125374672654,1.0617955600466382,1.1348501724683762,Moderate
1.8465213476344668,5.55523069318385,1.122425184609405,1.7192009198313394,Bad
1.844322585024013,5.054320961686106,1.054799835211815,1.6892342148383668,Moderate
2.27650046634458,2.090983666901549,1.216867469879518,1.2697003449367523,Good
2.421618411653345,5.346234342626968,1.0396424500582977,1.4744724294993308,Bad
3.647058838705145,2.968048967743971,1.0617955600466382,2.503330100036852,Moderate
2.758388209594773,2.818116803214034,1.044183514963078,1.5593788927582195,Moderate
1.143014767051622,4.391741951768454,1.0,1.2397336399437795,Good
2.924156438520976,1.7414259120978512,1.0851146614846483,1.724195770219568,Good
2.152881454397417,3.63848427163636,1.1609016712009328,1.6193123027441645,Good
1.2606748491832194,1.903189844662032,1.0279828993392923,1.2397336399437795,Good
1.3589390472166285,4.427237255871185,1.0024333089778468,1.3795786628003843,Good
2.3432173130051543,3.224372390437828,1.068132287602021,1.8490562419114869,Good
1.8169603062001547,4.695487100743561,1.1857047057909056,1.4744724294993308,Moderate
2.187817277544778,3.299338472702797,1.0431403124757093,1.544395540261733,Good
2.1833772488901118,2.5421053185111955,1.1119315973571706,1.8690344447962015,Good
2.453866843944182,5.4763837910036495,1.0389327197823552,1.469478777779302,Bad
2.233502535124509,5.582869703311843,1.2145355709288768,1.7142060694431107,Bad
2.144118265406705,3.445200509028953,1.048665899727944,1.9739179122716053,Good
1.8733950627091192,6.722600254514476,1.0757870097162845,1.5643725444782484,Bad
2.924156438520976,4.64418455454708,1.2378546443839875,1.5194224869887896,Bad
1.914172947353424,1.8400555304313075,1.0407023863194715,1.5593788927582195,Good
1.2418632421812763,3.259867694540559,1.0023318989506411,1.4445057245063584,Good
2.037324550522963,7.669141697253979,1.172561221919938,1.2896785478214672,Bad
1.90856455799686,5.058296435745612,1.058399107656432,1.2297451378355222,Bad
3.829449393061931,1.3746411030362946,1.041366028760202,3.50721471730143,Moderate
2.5318005338147493,3.208565148344078,1.3089778561989895,1.6143174523559356,Moderate
1.7363392254730623,3.319026534711778,1.0174893120870578,1.3196452528144396,Good
1.894893996070722,6.04430865664735,1.1049358725223477,1.0449500574894588,Bad
1.4326664450697726,5.014944837668143,1.0253012141469102,1.4794672798875594,Moderate
3.0638996666135574,5.361946930576443,1.1539059463661097,1.6842393644501383,Bad
3.052682823403565,2.7826214991113023,1.1021984174115818,1.5144288352687607,Good
1.6584054711056306,3.681835869713829,1.0462326187329964,1.0,Good
1.9513287525796867,4.340534059716248,1.114263496307812,1.2447284903320084,Moderate
2.4357563178602417,4.652040848521818,1.0364994387874078,1.5743622452547057,Bad
2.817129051496855,4.478539802067667,1.0194663598911775,1.5144288352687607,Moderate
2.050761440308721,3.662147807704848,1.02215313797124,1.449500574894587,Moderate
2.789787992141444,1.9780612727827265,1.443062563544501,1.5244173373770182,Moderate
2.623171113471076,4.54953041027313,1.1165954232413524,1.5094339848805318,Bad
1.8384592395617576,2.7432453750933394,1.0228951045472212,1.4794672798875594,Good
1.5218382621156448,3.1989104256281355,1.0292548620287605,1.4851753378546209,Bad
1.1639295523107087,5.263411966387261,1.0,1.7042175673348532,Moderate
2.2388772523406937,4.425533481274255,1.0617955600466382,1.2247502874472935,Moderate
2.5815752795901457,4.963642291471661,1.0,2.158712992617669,Bad
1.9432666445069773,1.5797566336779445,1.024485036921881,1.0649282603741737,Good
3.1732639040352018,1.3234332109840876,1.1106596346677031,2.0338513222575503,Good
2.0185130080178846,6.61223352229105,1.096774184220754,1.669256011953652,Moderate
1.002804194678282,6.194146167033013,1.037351098328799,1.1847950803460634,Moderate
2.155568845253941,1.7414259120978512,1.4080839393703848,1.5044391344923034,Bad
2.5962973983964237,2.4237876381687578,1.0921103863194714,1.8490562419114869,Good
1.6730107860901504,5.898351966176919,1.0255495903614458,1.3596004599156697,Bad
1.577540076255503,3.177045318300853,1.0139914496696465,2.213651552215385,Good
2.250678308150067,3.804129024115772,1.1513620489700738,1.669256011953652,Good
2.289937291633473,2.82209227727354,1.1812805254566654,2.133739939344725,Moderate
2.245069918793503,6.45046958972687,1.1094982883793238,1.484462130275788,Bad
2.388084685845125,4.072284214843873,1.0048665899727944,1.1448386745766337,Moderate
2.091071980672268,4.305038755613516,1.0255495903614458,1.2996670499297247,Good
2.757539559850607,4.801973013051755,1.1107656338904004,1.5793558969747346,Moderate
1.059122147365489,3.784440962106791,1.0,1.0,Good
2.255001468486112,2.124017963253157,2.098328799067237,1.4994454827722743,Bad
2.177067778615545,6.671392362462269,1.1095996984065293,1.589345597751192,Bad
1.992690849823372,2.975905261718709,1.0547491581811117,1.0,Good
2.7442195383834718,7.109167779729289,1.0097331799455889,1.5493891919817622,Bad
1.325171713764893,3.0272078079151896,1.1352506708122814,1.2497221420520372,Good
3.5046282197560394,2.6406402827003777,1.2250291581811117,2.158712992617669,Moderate
3.927596787273582,2.3488215559037893,1.0571824391760591,2.318535019690789,Moderate
1.9137056030726651,4.600832956469611,1.3206373789350951,1.4245287202898431,Bad
2.948926975338485,3.0272078079151896,1.0012166404974738,1.6942290652265954,Moderate
2.488802602594679,6.237497765110482,1.150408083948698,1.7042175673348532,Bad
2.4834278853784943,5.208133946131275,1.1865526715895842,1.639289306960679,Bad
1.3107576319838576,5.468432842884638,1.0023318989506411,1.2597118428284946,Moderate
2.01582561716136,2.8772756433852527,1.1177613587252235,1.3246389045344684,Moderate
2.5647500470235896,5.855000368099449,1.083948698017878,1.709212417723082,Bad
2.404909982908546,3.279555756549541,1.305479993781578,1.6342956552406505,Moderate
2.6124216145418417,4.494347044161417,1.3987563155849203,1.1897887320660925,Bad
1.4739117384917009,3.1967333803098343,1.0279828993392923,1.329633754922697,Good
1.8868318879980128,6.407117991649401,1.096774184220754,1.4644839273910732,Bad
1.80480870993178,2.4316439321434955,1.0048665899727944,1.2846836974332383,Good
1.9478234769834015,1.654722715942913,1.031798759424796,1.8540510922997155,Good
2.351746765358622,3.117886478129634,1.125923047026817,2.0238628201492928,Good
1.8895192788545376,2.6367594627851454,1.1655654970851146,1.6992227169466243,Good
1.5972970782984843,2.644615756759884,1.0036499494753206,1.3596004599156697,Good
3.815288138990056,2.1437060252621394,1.23658268169452,2.1187565868482388,Moderate
1.6517577792731974,4.040764384800648,1.059615748153906,1.1298553220801475,Good
2.0803224817430337,5.318595332498974,1.2673921616789738,1.4155387087919515,Bad
1.967452968725105,1.6270837058149197,1.0781189366498252,1.2597118428284946,Good
1.214989527106624,6.493915841948613,1.0396424500582977,1.1398450228566048,Moderate
3.59950407500865,3.429487921079477,1.097331827438787,1.839067739803229,Moderate
2.2066288200498567,4.565337652366879,1.3089778561989895,1.2397336399437795,Bad
2.267503605213488,6.6358970583595385,1.008516539448115,1.779134329817284,Bad
1.5524296409616491,5.768202517800238,1.0608323886513795,1.2697003449367523,Bad
1.8384592395617576,5.500047327072137,1.1410804601632336,1.2597118428284946,Moderate
2.531099452896747,6.308488373315945,1.0024333089778468,1.4045505174051285,Bad
1.6814233701249963,5.018825657583375,1.0407023863194715,1.4994454827722743,Bad
1.4568527692879003,2.565768854579683,1.024485036921881,1.2497221420520372,Good
3.087353048462579,5.63407759536405,1.2569338888457051,1.8690344447962015,Bad
1.4864138752190772,4.87684444117245,1.0443062479595802,1.389567164908642,Moderate
1.639593928600552,5.085935445873605,1.1469102215312863,1.1498335249648624,Moderate
4.58939073015374,4.34441487963148,1.0,2.428413337554421,Bad
1.2982979986902408,4.5298423482641486,1.0,1.6492790077371366,Good
1.6906539033964674,5.507903621046875,1.1247570835600469,1.3396222570309548,Moderate
4.63425810299371,1.7887529842348264,1.018249719393704,4.176470729255081,Moderate
2.4778194315250657,3.879095106380741,1.0693489280994948,1.2796888470450098,Moderate
1.6987160114691764,3.681835869713829,1.060629624562767,1.4245287202898431,Good
4.252484714834315,3.6330889854127446,1.102603973571706,2.4250834372956023,Bad
2.263063576558821,4.032908090825909,1.029148862806063,1.5344058394852758,Moderate
4.109870537808611,3.5438301273624093,1.0936818779634667,2.07380652935878,Moderate
1.1750629365779326,7.640366837394696,1.102603973571706,1.7391791227160542,Bad
3.487335578411859,3.3032192926180284,1.0036499494753206,2.493340399260395,Moderate
3.5718124751942377,1.9938685148764763,1.0851146614846483,3.0926744991198443,Moderate
1.5356044083950926,2.739269901033833,1.0254390019432569,1.2896785478214672,Good
1.4514780520717157,6.127131032887056,1.132614597745822,1.1448386745766337,Moderate
2.430147864006813,2.912770947487984,1.10828164788185,1.3596004599156697,Good
5.133407787080543,1.1261739743171757,1.1472143956471046,2.867924211672551,Bad
4.25568956403538,1.5560930976094571,1.2567126840264282,2.8529408591760648,Moderate
1.2272746963815475,5.732707213697506,1.025317863972017,1.2197554370590649,Moderate
2.2388772523406937,4.845324611129223,1.0338126607073457,1.204772084562579,Moderate
1.440261208861723,3.425512447019972,1.0178073097551497,1.3596004599156697,Good
2.3740636479568504,4.896627157325705,1.0,1.7591561269325693,Bad
1.478351767146368,6.257280481263738,1.071123211815002,1.3695889620239272,Bad
1.812660493729088,5.458210195303051,1.0346454877574816,1.281687026933941,Moderate
1.738782237709687,4.825636549120242,1.0597816587640887,1.724195770219568,Good
3.829799933520932,2.163488741415395,1.150408083948698,3.222531019868191,Moderate
1.5888844297667737,3.7804654880472848,1.0559657986785853,1.2397336399437795,Good
2.6677046505399717,5.713019151688525,1.276179043917606,1.7591561269325693,Bad
2.064198265597615,5.216084894250287,1.362505728721337,1.15982202707312,Moderate
3.1396133744052235,2.791140372095958,1.0364994387874078,1.709212417723082,Moderate
1.9338024390951272,5.673548373526288,1.0,1.7192009198313394,Bad
1.5670349559461694,3.918471230398704,1.172561221919938,1.314650402426211,Good
1.8795027222944096,2.9837615556934467,1.0572377613680528,2.1637066443376973,Good
3.192893395776905,1.5521176235499512,1.280994956859697,1.7391791227160542,Moderate
2.155568845253941,4.916315219334686,1.108433734939759,1.609322601967707,Moderate
1.529995954541664,4.032908090825909,1.0012166404974738,1.3396222570309548,Good
4.042569478548655,1.6902180200456445,1.2080467842984843,3.18756946448699,Moderate
2.7736637759960256,4.431212729930692,1.1095996984065293,2.0238628201492928,Bad
1.9459540353635016,4.119611286980849,1.030314798289934,1.4794672798875594,Good
1.9590403201933944,5.9456790383138935,1.0012166404974738,1.2097669349508071,Moderate
1.9582391401415609,4.064427920869136,1.0599633517294986,1.6259709045936028,Good
2.457042798549913,4.995162121514888,1.154572219199378,1.349611957807412,Bad
2.534487924671274,4.746694992795767,1.1399144966964632,1.804106184422028,Bad
1.5965959973804815,4.959666817412156,1.1422463956471045,1.1498335249648624,Bad
1.50791280858068,2.5459861384264277,1.1713952584531675,1.11986681997189,Good
1.283225339424962,5.294931796430487,1.192230345899728,1.0299667049929724,Moderate
1.8665013798351715,5.9496545123734,1.0340661298095608,1.0,Bad
2.383750883526424,1.2419359927642166,2.046814827827439,1.3795786628003843,Bad
1.959390860652396,4.691511626684054,1.4722114263505637,1.744172774436083,Bad
1.9943266837997573,6.178338924939263,1.047804110376992,1.6592675098453944,Bad
1.6449686458167367,2.5421053185111955,1.08861252390206,1.5044391344923034,Good
2.2442520340537424,3.670004101679585,1.0,1.2896785478214672,Good
2.214690928122566,3.71733117381656,1.1270890104935871,1.6642623602336228,Good
1.518779111331671,5.618365007414575,1.0145997699183833,1.5194224869887896,Moderate
2.01812905818303,2.534154370392184,1.1459977271667314,1.804106184422028,Good
1.4907370355551222,5.006993889549131,1.1450022914885347,1.3596004599156697,Bad
2.131382521035814,2.364628797997539,1.0174893120870578,1.7891228319255417,Good
1.6756814077618838,5.638053069423556,1.083948698017878,1.7072142378341502,Moderate
2.0151245362433574,5.488215559037893,1.150864317139526,1.2896785478214672,Bad
1.1626442587933252,4.1157304670656165,1.0510992087057909,1.1348501724683762,Good
4.698754967575384,1.307625968890338,1.1216647773027597,2.4184236367779635,Moderate
1.737507650671824,5.578894229252337,1.008516539448115,1.3995556670168998,Moderate
1.6960286851095163,7.160375671781496,1.1410804601632336,1.544395540261733,Bad
2.3095667833751765,5.574918755192831,1.0194663598911775,1.2497221420520372,Moderate
3.0807249636769782,3.33871459672076,1.0316328488146134,1.6992227169466243,Moderate
1.3547327551992052,4.936003281343668,1.0314807617567043,1.2996670499297247,Moderate
2.040362481838489,4.884795389291462,1.0510992087057909,1.11986681997189,Moderate
1.773962374980084,2.865443875351009,1.0559657986785853,1.6642623602336228,Good
2.295312008849658,3.886951400355479,1.2861887508744656,2.15371814222944,Moderate
3.95252314851592,1.4560436671118917,1.124368429071123,4.086570614276164,Moderate
2.3194983330677856,4.230072673348548,1.0769529731830547,1.4644839273910732,Moderate
1.3816064702738573,5.874688430108432,1.2028760202098718,1.374583812412156,Moderate
1.7282771174003533,2.3843168600065203,1.012392422852701,1.3129854522968014,Good
2.383995197649459,3.023232333855684,1.122425184609405,1.7391791227160542,Good
1.1654484534716072,3.6503160396706034,1.0,1.254716992440266,Good
2.594831578155076,1.5364050356004753,1.0890364928099494,1.7941176823137703,Good
3.133771248411416,2.4868272982552084,1.0116595507190052,1.6992227169466243,Moderate
3.7817778255436783,1.7769212162005823,1.1569475755926937,3.2375143723646778,Moderate
1.918312485116005,3.2913875245837847,1.418410972405752,1.5144288352687607,Bad
4.627948632719144,3.208565148344078,1.0209871745044694,1.7391791227160542,Bad
2.007763509088651,5.093791739848342,1.1189273221919938,1.529412187765247,Moderate
1.109364237421644,4.273424271426018,1.0279828993392923,1.484462130275788,Good
1.7417139426892472,6.04430865664735,1.2238631947143412,1.1798002299578347,Bad
1.4542822467499978,3.800153550056266,1.067413350952196,1.3446171074191833,Good
1.888935066255157,3.808104498175278,1.0024333089778468,1.3596004599156697,Good
1.8411466304182824,6.280944017332225,1.2495141951029929,1.389567164908642,Bad
4.437682882203206,2.2026755571448104,1.033579479207151,2.029445017955384,Moderate
2.101821415104637,3.445200509028953,1.0326467252234746,2.0338513222575503,Good
2.650044764048863,2.9955933237276904,1.0734551107656432,1.5044391344923034,Good
1.8303971314890488,5.239748430318774,1.1247570835600469,1.5993340998594494,Bad
2.884430110756811,5.1844704100627865,1.1459977271667314,2.173696345114155,Bad
1.4598907006034263,3.989461838604167,1.0,1.3795786628003843,Good
2.390265776314683,6.036357708528338,1.0608628060629617,1.5493891919817622,Bad
2.0319498333067787,2.372485091972277,1.0629615235134084,1.6492790077371366,Good
1.9281939852416987,7.716468769390953,1.0535324897007383,1.6942290652265954,Bad
1.9469312273587789,4.407549193862204,1.1551779090555772,1.569367394866477,Moderate
2.284562574417289,3.7094748798418222,1.0326467252234746,1.0199782028847149,Moderate
2.007763509088651,3.228347864497334,1.5736494364554994,1.5194224869887896,Bad
2.303374116922367,4.663872616556061,1.064127486980179,1.5543840423699908,Moderate
1.4178275224417378,3.5083348232596783,1.0,1.174805379569606,Good
3.3863839895219257,6.990850099386852,1.3894286917994558,2.902885767053752,Bad
1.4998507005079709,2.751101669068077,1.3964244166342792,1.8440625901914576,Moderate
2.6258584398307354,5.567062461218094,1.270501369607462,1.3196452528144396,Bad
3.8014073172853817,1.2484671287191191,1.0729988775748154,3.1276360545010453,Moderate
3.618572702015951,2.409305554094844,1.0881461329187718,2.9711427290185446,Moderate
2.177768859533548,5.989030636391363,1.0304162083171395,1.3096555520379822,Bad
2.256286762003495,1.453582659360769,1.0445182464049747,1.9489460576668611,Good
6.316785035970654,2.7984287412050524,1.1021984174115818,3.4622646598119715,Bad
1.4318485603300124,5.235772956259268,1.0291995398367664,1.3196452528144396,Bad
2.1233204129631047,4.786165770958005,1.1165954232413524,1.409545367793357,Moderate
3.4340555570401783,1.8203674684223257,1.0535324897007383,3.557158426510917,Moderate
1.6814233701249963,6.872532419044414,1.0194663598911775,1.3396222570309548,Bad
2.2469393604134025,2.447451174237245,1.012825486202876,1.6642623602336228,Good
1.5159749166533891,5.180589590147555,1.0279828993392923,1.419533869901615,Bad
2.0856971989592186,4.758526760830012,1.2180334333462883,1.0,Bad
2.681879771437732,5.11385841843442,1.0854214939759037,1.569367394866477,Bad
2.4217352154751026,3.8514560962527473,1.035282798289934,2.11376293512821,Moderate
1.8216339424983363,5.077984497754594,1.0623255561601244,1.569367394866477,Moderate
2.152881454397417,6.489940367889107,1.1107656338904004,1.3645953103038984,Bad
1.7065338054188504,6.927715785156127,1.0089036548775747,1.4944506323840456,Bad
1.8169603062001547,4.036788910741142,1.0151574131364167,1.3396222570309548,Moderate
1.784711873909318,4.758526760830012,1.3218033424018656,1.5044391344923034,Moderate
2.354434156215147,6.923740311096621,1.0133831294209097,1.1498335249648624,Bad
2.8354732497211748,1.7257133241483755,1.1702292949863973,1.3346286053109258,Good
1.4879327763799757,4.569218472282111,1.0036499494753206,1.3645953103038984,Good
2.983278585886465,2.778740679196071,1.2518460940536338,2.1637066443376973,Good
1.9590403201933944,5.168757822113311,1.3739532809949475,1.3695889620239272,Bad
1.0833084715836168,6.292775785366469,1.0,1.0,Moderate
3.293844984666838,3.1612380762071037,1.0425826692576758,1.5743622452547057,Good
4.25568956403538,4.127562235099861,1.0437993097551497,1.8540510922997155,Moderate
1.3813727336366135,3.8356488541589977,1.0127194869801788,1.3845723145204134,Good
1.196294788423303,6.5175793780171,1.0097331799455889,1.5194224869887896,Moderate
1.3601074724153897,5.003113069633899,1.0279828993392923,1.2996670499297247,Good
3.286951301792891,5.594701471346087,1.3113097551496309,2.0238628201492928,Bad
3.128396531195231,2.908890127572752,1.0699572483482316,1.6642623602336228,Good
2.253482567325213,4.553505884332635,1.0734551107656432,1.5993340998594494,Bad
2.845171191770269,3.1928525603946025,1.0523158492032647,1.6992227169466243,Moderate
1.4702896590736587,4.963642291471661,1.0377160792848814,1.5194224869887896,Moderate
1.556285457016935,6.233616945195251,1.1900505340069958,1.1298553220801475,Bad
2.78710060128492,2.7274381329995894,1.3614457924601633,1.2097669349508071,Moderate
2.721785851963486,4.387861131853223,1.1878851892732218,1.2297451378355222,Bad
2.430147864006813,4.103898699031372,1.1800638849591916,1.1048834674754036,Moderate
1.8216339424983363,2.4749955302209647,1.015816410415857,1.3845723145204134,Good
1.7927739819820272,5.145094286044824,1.1655654970851146,1.6293008048524218,Moderate
2.545120555281886,4.979449533565411,1.0255495903614458,1.8890126476809168,Bad
1.929829819218084,2.360653323938033,1.064127486980179,1.094894965367146,Good
1.4729769854333186,4.407549193862204,1.0513019727944035,1.3795786628003843,Good
2.003907693033365,2.9955933237276904,1.0377160792848814,1.3346286053109258,Good
2.437742627798764,4.308919575528749,1.053633899727944,1.7491676248243118,Moderate
1.468303349135137,4.166938359117824,1.0608323886513795,1.0649282603741737,Good
2.723825307318423,3.863287864286991,1.058509696074621,1.609322601967707,Moderate
2.2442520340537424,5.081959971814099,1.0635974908666923,1.764150977320798,Moderate
2.0856971989592186,2.02150752500447,1.8383210167120088,1.7691458277090266,Bad
2.1179456312500555,3.5516864213371475,1.2238631947143412,1.5344058394852758,Moderate
1.7038570565449818,2.4395002261182333,1.008516539448115,1.0,Good
1.9970140101594172,1.2721306647876065,1.0874465604352896,1.0249718546047435,Good
3.647175642526903,2.222647581586614,1.0291995398367664,1.9289678547821465,Moderate
2.245069918793503,5.026776605702387,1.0401493882627284,1.9489460576668611,Bad
3.291040789988556,2.889107411419497,1.0060832304702685,1.744172774436083,Moderate
2.2544640161135527,7.341827666354659,1.0501360373105324,1.6742508623418806,Bad
3.403209286585347,3.323002008771284,1.0474492592304705,1.859045942687944,Moderate
3.2209355360503187,2.849731287401533,1.0802987485425573,1.7142060694431107,Good
2.155568845253941,5.791866053868725,1.2075398460940536,1.484462130275788,Bad
1.894893996070722,6.391310749555651,1.3322969296541003,1.419533869901615,Bad
2.441364707216806,3.0665839319331534,1.092465237465993,1.604328950247678,Good
4.407116979618712,1.796703932353838,1.1277480077730275,3.716981652252237,Moderate
1.8196476325598143,3.228347864497334,1.2180334333462883,1.1098783178636322,Moderate
1.5664507433467885,5.977198868357119,1.0097331799455889,1.3096555520379822,Bad
2.292741486311756,3.512310297319184,1.0097331799455889,1.3995556670168998,Bad
1.773962374980084,2.975905261718709,1.0445182464049747,1.4994454827722743,Good
2.7360406264890047,1.098629618333456,1.2658375437232805,2.8329638549595493,Moderate
2.768289058779841,3.5083348232596783,1.0233190734551108,1.5943392494712207,Moderate
3.764151348428424,1.5442613295752132,1.0903084554994171,4.006659001405504,Moderate
2.3168110067081256,2.968048967743971,1.209871745044695,2.1836848472224126,Moderate
2.295312008849658,4.987305827540149,1.406918003886514,1.409545367793357,Bad
5.520155237933341,3.6936676377480726,1.121259221142635,2.4483903417709363,Bad
3.2770197521002813,1.4969342574382385,1.0377160792848814,2.1437296401211823,Moderate
2.0936425032101704,4.853180905103962,1.0279828993392923,1.2796888470450098,Bad
2.152881454397417,3.8474806221932414,1.3066459292654489,1.414539019513386,Moderate
1.4094148739100274,6.060021244596825,1.0454722114263506,2.198668199718899,Bad
1.8035234164143965,4.983330353480644,1.102603973571706,1.4994454827722743,Moderate
2.8354732497211748,1.7257133241483755,1.1702292949863973,1.3346286053109258,Good
1.527191759863382,2.6761355868031087,1.0139914496696465,1.2796888470450098,Good
2.639295329616494,3.662147807704848,1.1072677714729888,1.469478777779302,Moderate
1.00293170497956,5.06615272972035,1.0,1.11986681997189,Good
1.954016143436211,5.1884458841222925,1.06645938593082,1.5543840423699908,Bad
3.053150167684324,5.156926054079068,1.02215313797124,2.288568314697816,Bad
3.506965070153562,1.6586035358581448,1.0559657986785853,3.4572698094237424,Good
3.0128396273207776,4.427237255871185,1.4185775266226195,1.9039960001774028,Bad
2.4726783864492603,6.714743960539739,1.335794792071512,1.6892342148383668,Bad
2.822036424432281,1.7335696181231135,1.2541779930042751,2.303551667194302,Moderate
1.556285457016935,2.226528401501846,1.1165954232413524,1.0,Good
2.241564643197218,2.7826214991113023,1.0734551107656432,2.07380652935878,Good
1.478351767146368,4.036788910741142,1.095608248736883,1.2397336399437795,Good
3.574499866050762,2.908890127572752,1.6764561741158182,2.083796230135237,Bad
1.7793370921962686,5.290956322370981,1.3218033424018656,1.4594890770028446,Bad
1.6906539033964674,4.494347044161417,1.163233570151574,1.0749167624824312,Moderate
2.3348046644734435,5.803697821902969,1.1386425340069957,1.5344058394852758,Bad
3.024640683130151,3.662147807704848,1.192230345899728,4.341287606716431,Bad
1.9728276859412897,2.538129844451689,1.1853867081228138,1.0,Moderate
2.8354732497211748,3.145525488257628,1.1095996984065293,1.6342956552406505,Moderate
1.6772170781075737,4.679679858649811,1.2751651675087443,1.484462130275788,Bad
2.109883523177346,6.229641471135745,1.1772250198212204,1.9339627051703752,Bad
1.2687369572559284,5.172638642028543,1.0104935872522347,1.0,Moderate
1.872109769191736,3.390017142917241,1.0903084554994171,1.3695889620239272,Good
2.081090316915879,2.171345035390133,1.073773108433735,1.908989651897432,Good
2.6876679780527493,5.006993889549131,1.0228951045472212,1.5943392494712207,Bad
1.6288444296713185,6.26116130117897,1.0121664889234356,1.4345172223981009,Bad
1.7444013335457718,5.693236435535269,1.2075398460940536,1.0,Bad
1.995495108998519,3.575349957405635,1.0145997699183833,1.6942290652265954,Good
1.6154076043824244,5.8391931260057,1.191216469490867,1.3196452528144396,Bad
3.7172809609620048,1.757233154191601,1.1046316984065294,1.9988897668763488,Moderate
3.023973011588001,3.3860416688577346,1.006529333851535,2.363485077180248,Moderate
2.211419389163525,2.360653323938033,1.355616003109211,1.15982202707312,Moderate
2.460664297496174,4.293206987579272,1.15507190983288,2.123751437236468,Moderate
1.7417139426892472,3.784440962106791,1.026766258841819,1.1448386745766337,Good
1.9029561041434315,3.4189813110650693,1.0676253493975905,1.3645953103038984,Good
2.948926975338485,3.737113889969816,1.0632656976292263,1.609322601967707,Moderate
3.061095471935275,1.5876129276526822,1.083948698017878,2.533296805029825,Good
1.8945434556117209,4.336558585656741,1.0827320575204042,1.5144288352687607,Good
1.3337011661183609,6.336127383443938,1.0,1.11986681997189,Moderate
2.295545745486902,4.999137595574393,1.372755528954528,1.8690344447962015,Bad
1.8169603062001547,4.143274823049335,1.2133696074621063,1.3046619003179534,Moderate
1.142430554452241,4.226097199289042,1.0069957248348231,1.214761785339036,Moderate
1.5777843903785382,6.493915841948613,1.0909444228527012,1.1048834674754036,Moderate
1.7795708288335126,6.714743960539739,1.026766258841819,1.1997784328425498,Bad
1.9002687132869067,4.553505884332635,1.150408083948698,1.529412187765247,Moderate
1.799200256078351,6.584594512163057,1.095608248736883,1.0299667049929724,Bad
3.730367245791897,1.6665544839771569,1.145744258064516,3.2375143723646778,Moderate
2.418931020796821,5.172638642028543,1.426739214924213,1.2097669349508071,Bad
3.8014073172853817,2.8812511174447586,1.068132287602021,1.8190895369185145,Moderate
3.986485262498692,3.0390395759494333,1.0,2.2086567018271563,Moderate
1.620782321598609,6.426806053658383,1.247182268169452,1.6193123027441645,Bad
2.0788566615016864,2.83789951936729,1.0439731395258454,1.6642623602336228,Good
2.1462851665660554,4.865012673138205,1.1075009809560823,1.9639294101633475,Bad
2.5871837334435743,3.520166591293922,1.049882568208317,1.4395120727863295,Moderate
1.227141123374999,3.942134766467192,1.006359757481539,1.3596004599156697,Good
1.4971633096514465,3.8987831683897225,1.024485036921881,1.5943392494712207,Good
3.027044287782516,3.4965030552254346,1.1119315973571706,1.6792457127301093,Moderate
1.5347865236553324,5.06615272972035,1.3322969296541003,1.0,Good
1.583275975913345,3.6581723336453416,1.0559657986785853,1.7341842723278256,Good
3.008197852473699,2.4395002261182333,1.0279828993392923,1.9539397093868904,Good
2.518608022648891,3.871144158261729,1.005829761368053,1.529412187765247,Good
2.327560441140495,4.431212729930692,1.1072677714729888,2.148723291841211,Moderate
1.1904193175505062,4.056003702028754,1.0453056572094832,1.1664818275907582,Good
3.595998799412365,3.271699462574803,1.1920644352895453,1.6293008048524218,Moderate
1.9190803202888496,5.823385883911951,1.0587640886125145,1.0,Bad
1.81427291534363,4.285256039460261,1.212203643995336,1.4744724294993308,Moderate
1.684227629300143,4.589001188435367,1.0863820069957248,1.6592675098453944,Good
1.0322484322908367,3.342690070780266,1.0523158492032647,1.274695195324981,Good
1.337840703880942,2.429277578536647,1.0,1.2956718888200616,Good
1.7851792181900763,2.1831768034243764,1.0089036548775747,1.5144288352687607,Good
2.327560441140495,3.6936676377480726,1.0104935872522347,1.354605609527441,Moderate
2.3993015290551174,5.858881188014681,1.0304162083171395,1.5993340998594494,Bad
3.539947928241391,1.1932837626074062,1.5270112615623783,1.978912762659834,Moderate
1.5697222823058292,5.231797482199762,1.0209871745044694,1.5344058394852758,Moderate
4.805315010318747,3.29536299864329,1.0194663598911775,3.167591261602275,Bad
1.7599413370918096,6.0285014145536,1.0048665899727944,1.3845723145204134,Bad
1.9636590051629528,5.468432842884638,1.2042751651768364,1.0,Moderate
1.5524296409616491,3.157357256291871,1.0254390019432569,1.3845723145204134,Good
2.259090956681778,2.8024042152645583,1.0218996688690245,1.4445057245063584,Good
4.679125475833681,2.0372201129539453,1.0608323886513795,2.4833518971521373,Bad
4.527698060250349,4.084115982878117,1.083948698017878,2.648168774613486,Bad
1.5892668316768783,5.843168600065206,1.1284669444228528,1.3795786628003843,Bad
1.740311845350106,3.71733117381656,1.2323797341624565,1.6942290652265954,Moderate
1.4851285817016937,6.84489340891642,1.008516539448115,1.1448386745766337,Bad
2.0185130080178846,4.790141245017511,1.0034978624174116,2.003884617264578,Moderate
2.6554195457619123,5.026776605702387,1.137582597745822,1.7042175673348532,Bad
1.6503433630329214,2.6722547668878764,1.0198212110376992,1.1048834674754036,Good
2.786282716545159,1.7493768602168631,1.9416853975903616,1.2497221420520372,Moderate
1.8841444971414885,2.814235983298802,1.9927846062961525,1.729189421939597,Bad
1.7873992002689778,4.920290693394192,1.101438010104936,1.529412187765247,Moderate
2.0426993322360127,4.5850257143758615,1.2180334333462883,1.1847950803460634,Bad
1.6772170781075737,5.720875445663262,1.0687912848814614,1.2247502874472935,Bad
2.8498873315022104,2.301494483766814,1.4617178390983288,1.609322601967707,Moderate
2.9107196132320823,4.636328260572341,1.114263496307812,1.8140958851984847,Moderate
1.496345424911686,4.805853832966987,1.0231163093664983,1.329633754922697,Moderate
3.034338625179245,5.101648033823081,1.072289147298873,1.6342956552406505,Bad
1.765900266907375,6.224908763922047,1.1958802953750487,1.9039960001774028,Bad
2.551149593189252,6.142843620836532,1.1793449483093663,1.4644839273910732,Bad
1.6926402133349892,2.530273550476952,1.058509696074621,1.5843507473629632,Good
2.064198265597615,2.6959183029563643,1.0620490291488536,1.7341842723278256,Good
2.074013011468467,2.3921731539812585,1.026766258841819,1.7591561269325693,Good
1.7347033914966776,6.280944017332225,1.1119315973571706,1.2647054945485237,Moderate
2.0561361575249064,6.225665997076239,1.2996502044306255,1.3196452528144396,Bad
1.773962374980084,5.13326251801058,1.0608323886513795,1.234738789555551,Bad
2.438560512538524,5.590725997286581,1.2165632957637,1.374583812412156,Bad
4.446375963102119,2.5972886846229084,1.0279828993392923,3.2075476673717054,Bad
3.4992535025398546,1.3864728710705383,1.6995724834823165,1.6942290652265954,Moderate
1.7497760507619564,2.810260509239296,1.0944422852701128,1.1148719695836613,Good
2.0212003343775446,4.151225771168347,1.125923047026817,1.9639294101633475,Good
2.9295312202340256,3.965798302535679,1.246016332685581,1.469478777779302,Moderate
2.0212003343775446,6.308488373315945,1.0897784593859308,2.0338513222575503,Bad
2.453866843944182,2.218672107527108,1.060629624562767,1.5843507473629632,Good
3.171394462415301,3.9461102405266977,1.4582199766809172,1.639289306960679,Moderate
3.722305137719188,1.3786165770958003,1.1480761849980567,2.5682571617428263,Moderate
3.07511650982355,2.9285781895817338,1.0316328488146134,1.604328950247678,Moderate
2.7226037367032463,3.9816055446294287,1.2565099199378158,1.7042175673348532,Moderate
2.177768859533548,5.989030636391363,1.0304162083171395,1.3096555520379822,Bad
1.2230516351793332,5.953535332288632,1.0376603093664982,2.4833518971521373,Moderate
2.7034760305679884,5.53080992396117,1.0891954916439954,1.419533869901615,Bad
1.7927739819820272,5.657741131432537,1.0034978624174116,1.469478777779302,Bad
2.78441327492526,4.83349284309498,1.197046258841819,1.7541624752125404,Bad
2.1501940635408925,1.1893082885479005,1.1853867081228138,1.3845723145204134,Good
2.0319498333067787,4.959666817412156,1.0163233486202876,1.6243059544641931,Bad
1.4864138752190772,6.801541810838951,1.3008161678973962,1.11986681997189,Bad
2.3087488986354163,4.360222121725229,1.072289147298873,1.4295223720098722,Bad
2.709166911414352,2.549961612485933,1.1597357077341623,1.7541624752125404,Good
3.3971334884511597,1.9702049788079887,1.2844928192771086,2.0638180272505227,Moderate
1.6814233701249963,2.0924981332099324,1.0546938359891178,1.4944506323840456,Good
1.0759304172566606,4.758526760830012,1.0136098748542557,1.2397336399437795,Good
1.1968556531577053,3.437344215054216,1.0107065091333074,1.2397336399437795,Good
1.6127202135259,4.143274823049335,1.204041983676642,1.4445057245063584,Moderate
2.2657509674153458,8.887813804781086,1.3940924897007383,1.7741394794290557,Bad
1.2418632421812763,2.4553074682119838,1.0279828993392923,1.2397336399437795,Good
1.073291915023489,5.425081244807168,1.0165353470656822,1.0,Good
2.3796720373134144,4.005269080697916,1.0729988775748154,1.3246389045344684,Moderate
1.9190803202888496,5.365922404635949,1.036144587640886,1.5743622452547057,Bad
1.2767990653286376,4.383885657793717,1.005829761368053,1.2097669349508071,Good
3.1143754933069565,5.089816265788837,1.0291995398367664,1.6342956552406505,Moderate
4.031352635338663,2.904914653513246,1.1180148278274389,2.8129856520748344,Bad
2.233502535124509,5.977198868357119,1.1935483964244074,1.2846836974332383,Bad
1.3439832562699714,4.383885657793717,1.0023318989506411,1.1398450228566048,Moderate
2.507614209596622,3.4886467612506964,1.0198212110376992,1.4544954252828155,Moderate
1.0,3.5596373694561594,1.0,1.11986681997189,Good
1.7318991968183957,3.826088785587329,1.0024333089778468,1.5543840423699908,Good
1.6169265055433228,4.892651683266199,1.1119315973571706,1.11986681997189,Moderate
1.2848611734013469,2.620952220691396,1.0279828993392923,1.4345172223981009,Good
2.303374116922367,2.443475700177739,1.5876408861251456,2.083796230135237,Bad
2.163630953326651,2.2028648654333582,1.0851146614846483,1.154828375353091,Good
2.210084046079226,2.407980396075008,1.020351207151185,1.4744724294993308,Good
1.6691549700348642,4.707318868777804,1.1189273221919938,1.2497221420520372,Good
3.618572702015951,2.409305554094844,1.0881461329187718,2.9711427290185446,Moderate
1.4907370355551222,6.257280481263738,1.0173227578701904,2.1187565868482388,Bad
2.580173182251005,4.600832956469611,1.216867469879518,1.389567164908642,Bad
3.4911913944671453,2.045171061072957,1.064127486980179,2.79300744919012,Moderate
1.7793370921962686,4.253736209417036,1.1445783225806452,1.3945620152968707,Moderate
1.8707076718525943,2.222647581586614,1.289156617178391,2.2086567018271563,Good
2.394744696578693,2.9600980196249598,1.283326855810338,1.3995556670168998,Good
1.4944759832917862,3.6108452615083664,1.3229693058686358,1.2597118428284946,Bad
1.81427291534363,3.6345087975768537,1.5363389133307424,1.1897887320660925,Bad
1.2664001068584052,4.0249571427068975,1.0,1.2397336399437795,Good
1.153180053381475,5.389585940704437,1.041974349008939,1.11986681997189,Moderate
2.5532994671763527,4.9321224614284365,1.0816167990672367,1.978912762659834,Bad
3.7705609823336856,1.7454013861573572,1.116798187329965,2.6381802725052284,Moderate
2.783148620404542,4.301063281554011,1.0757870097162845,1.3046619003179534,Moderate
1.3171096056921838,2.889107411419497,1.0034978624174116,1.4794672798875594,Good
2.357121547071672,2.7314136070590957,1.247182268169452,1.2097669349508071,Moderate
1.4290443656517304,3.784440962106791,1.0152634123591138,1.3246389045344684,Good
2.859192229658544,5.192421358181798,1.0705655685969686,1.958934559775119,Moderate
1.4262401709734485,4.486396096042405,1.0381584889234357,1.3945620152968707,Moderate
1.7820244830527932,6.75023926464247,1.2366886809172173,1.2597118428284946,Bad
2.876017526721965,5.223941188225024,1.0729988775748154,1.4894557819958172,Bad
1.599283388237006,6.032476888613106,1.0617955600466382,1.3096555520379822,Moderate
1.7066613157201282,6.304607553400713,1.1107149568596968,1.374583812412156,Moderate
1.835771848705233,4.865012673138205,1.1154294597745822,1.3695889620239272,Moderate
1.5218382621156448,4.072284214843873,1.068685285658764,1.3645953103038984,Good
2.0534487666683816,4.916315219334686,1.1445783225806452,1.03995520710123,Bad
1.9701403595816296,6.2178097031015005,1.3309282020987174,1.419533869901615,Bad
4.753103250515132,1.8242482883375577,1.1399144966964632,2.79300744919012,Bad
1.5106001994372047,4.577169420401123,1.216867469879518,1.2397336399437795,Moderate
1.7468057766573766,5.847049419980437,1.1049358725223477,1.1148719695836613,Bad
1.5885338893077725,5.239748430318774,1.0384764865915277,1.419533869901615,Moderate
2.9698417605975718,2.226528401501846,1.263505644772639,2.363485077180248,Bad
2.5318005338147493,5.543398925149606,1.1865526715895842,1.6293008048524218,Bad
1.8008360900547362,3.859312390227485,1.3346288286047416,1.0749167624824312,Moderate
1.6852791861802827,5.799722347843463,1.3404586179556937,1.3695889620239272,Bad
4.813727658850457,1.165644752479413,1.0389327197823552,1.918979352673889,Moderate
2.177067778615545,2.518441782442708,1.1061018359891177,1.4894557819958172,Good
2.4941773843077284,4.983330353480644,1.0778654675476098,1.4045505174051285,Bad
2.6957300861254585,4.782190296898499,1.661095996890789,1.744172774436083,Moderate
2.377008058818733,3.662147807704848,1.0079951061018266,1.4395120727863295,Good
2.1125709140338707,4.277399745485523,1.058880693354061,1.5394006898735046,Moderate
2.8166617072160967,2.5894323906481707,1.2180334333462883,2.453385192159165,Good
3.605112464365214,2.0885226591504265,1.1058483668869024,2.5882353646275407,Bad
1.7444013335457718,5.693236435535269,1.2075398460940536,1.0,Bad
2.988185958821891,3.808104498175278,1.0535324897007383,1.829079237694972,Moderate
3.1472081381971737,3.0823911740269025,1.0097273874854256,1.7691458277090266,Moderate
3.403209286585347,1.8440310044908133,1.100981776914108,2.248613107596586,Moderate
2.3684551941034213,6.040333182587844,1.015816410415857,1.3446171074191833,Moderate
2.0695729828138,5.212109420190781,1.0559657986785853,1.983906414379863,Moderate
1.0996770018520703,4.761461039302503,1.0356145915274,1.1847950803460634,Good
2.803108013608581,2.82209227727354,1.0036499494753206,1.7341842723278256,Good
4.9707634637903535,1.2169472986758938,1.0742155180722892,3.2724747290776794,Bad
1.7804120614382517,4.73883869882103,1.0151574131364167,1.4794672798875594,Bad
1.5240370247260986,6.075828486690575,1.072289147298873,1.6243059544641931,Bad
1.7148402276145949,4.139394003134104,1.0046638258841818,1.03995520710123,Good
2.3678709815040406,1.7257133241483755,1.024485036921881,1.0849052645906887,Good
2.390888880523407,2.818116803214034,1.1800638849591916,1.2247502874472935,Good
1.405792794491985,4.028932616766404,1.029148862806063,1.6792457127301093,Good
1.4461033348555312,3.283531230609047,1.1282549459774582,1.4295223720098722,Good
2.475015236846784,4.01710084873216,1.0961151869413135,1.829079237694972,Moderate
1.8465213476344668,4.636706877149438,1.0163233486202876,1.5194224869887896,Moderate
1.9728276859412897,4.0999232249718665,1.034978624174116,1.7591561269325693,Good
1.058888410728245,4.166938359117824,1.0024333089778468,1.0749167624824312,Good
1.878769779925304,2.317301725860564,1.0,1.469478777779302,Good
1.181205488966962,2.582049367394802,1.000399763699961,1.2226094660425957,Good
1.2230516351793332,4.545554936213623,1.0011659634667702,1.5543840423699908,Good
1.4122190685883091,5.018825657583375,1.0802987485425573,1.4794672798875594,Good
1.3981980307000346,4.675704384590305,1.0851146614846483,1.059933409985945,Moderate
1.6234697124551336,5.831336832030962,1.02215313797124,1.3346286053109258,Moderate
1.5468212516050852,3.3703290809082587,1.010175589584143,1.544395540261733,Good
1.9029561041434315,2.3369897878695456,1.033070694131364,1.4544954252828155,Good
3.848611540522875,3.5951326735588904,1.1643995336183444,1.4295223720098722,Moderate
4.788489713255325,2.3409652619290515,1.0717822090944422,3.0027743841409267,Moderate
2.7526321869151813,3.7094748798418222,1.1235911480761758,1.419533869901615,Moderate
1.7907876720435052,3.0863666480864085,1.0384764865915277,1.3096555520379822,Good
1.078237470102747,4.399692899887466,1.0232379790128254,1.2397336399437795,Good
2.362846804746858,1.4969342574382385,1.0114475522736106,1.938956356890404,Good
2.620483722614551,5.290956322370981,1.2296929560823942,1.6942290652265954,Bad
2.3011541348434656,2.549961612485933,1.0012166404974738,1.3596004599156697,Good
1.3601074724153897,5.018825657583375,1.0104935872522347,1.11986681997189,Moderate
1.8973476502900024,4.663872616556061,1.0474492592304705,1.4894557819958172,Bad
2.5962973983964237,4.83349284309498,1.0725011457442677,1.469478777779302,Bad
1.825022414272864,6.079803960750081,1.1352506708122814,1.4445057245063584,Bad
1.7038570565449818,3.5004785292849405,1.0513019727944035,1.4594890770028446,Good
3.4696924611055424,4.415405487836942,1.0897784593859308,1.824084387306743,Moderate
1.3224843229083685,2.2856872416730645,1.0,1.0849052645906887,Good
2.0830098725995585,4.040764384800648,1.150408083948698,1.3396222570309548,Moderate
3.2377607686168752,3.417656153045234,1.0729988775748154,1.589345597751192,Good
2.0695729828138,5.302788090405224,1.0582976976292269,1.609322601967707,Bad
2.575966890233582,6.710768486480233,1.0097331799455889,1.5943392494712207,Bad
2.800303754433434,3.5516864213371475,1.1094982883793238,1.839067739803229,Moderate
2.2496267512699277,1.6704353038923887,1.0816167990672367,1.1897887320660925,Good
1.489101201578737,3.255892220481053,1.0209871745044694,1.4395120727863295,Good
2.444168901895088,3.374209900823491,1.1182913548387097,1.7391791227160542,Good
1.5636464841716418,4.924171513309425,1.0304162083171395,1.839067739803229,Moderate
2.7817258840687358,4.028932616766404,1.060629624562767,1.5993340998594494,Moderate
1.4010022253783163,4.636328260572341,1.020351207151185,1.354605609527441,Good
1.6288444296713185,2.5854569165886647,1.0,1.4442120507974272,Good
2.132901422196712,3.0074250917619345,1.0725011457442677,1.6143174523559356,Good
3.716930420503003,4.845324611129223,1.2518460940536338,2.3085465175825317,Bad
2.744102734561713,3.729162941850804,1.1783909832879906,1.6243059544641931,Moderate
1.3977306864192758,4.356246647665724,1.0408083855421686,1.174805379569606,Good
1.8765710173148495,3.7449701839445537,1.1459977271667314,1.034961555381201,Good
2.332935222853544,3.524142065353428,1.4395647011270891,1.2447284903320084,Moderate
1.7309644437600131,2.924602715522228,1.08861252390206,1.9988897668763488,Good
1.827709740632524,5.925990976304912,1.2926544795958026,1.2697003449367523,Bad
2.451179453087658,6.54512373400082,1.034978624174116,1.5194224869887896,Bad
2.088384589815744,2.83789951936729,1.5724834729887291,1.544395540261733,Bad
1.1319254341429072,3.764658245953535,1.2028760202098718,1.03995520710123,Moderate
2.9818127656451177,2.904914653513246,1.025317863972017,2.0338513222575503,Moderate
2.3678709815040406,3.366353606848753,1.8791294302370771,2.648168774613486,Bad
1.7981486991982116,4.447019972024441,1.2331908184998055,1.449500574894587,Good
1.7766497658366087,3.4491759830884594,1.031980452390206,1.0,Good
1.888935066255157,3.3703290809082587,1.1119315973571706,1.5044391344923034,Good
1.9782024676543388,3.875119632321235,1.0174893120870578,1.3645953103038984,Good
2.553788095422424,5.799722347843463,1.0799511449669643,1.5044391344923034,Bad
3.722305137719188,4.22221637937381,1.3253012048192772,1.414539019513386,Moderate
1.693341294252992,4.0959477509123605,1.2063738826272834,1.484462130275788,Moderate
1.419229619780879,1.9938685148764763,1.1515740474154683,1.2397336399437795,Good
2.1797551694720694,3.319026534711778,1.030314798289934,1.7591561269325693,Good
2.7666532248034565,4.652040848521818,1.024332949863972,1.5194224869887896,Moderate
1.2203643088196732,3.062703112017921,1.0,1.2297451378355222,Good
1.1346021830167758,6.036357708528338,1.0629615235134084,2.198668199718899,Bad
2.518363708525856,2.979880735778215,1.0268169358725223,2.383463280064962,Moderate
2.082425660000178,3.181020792360359,1.0608323886513795,1.669256011953652,Good
2.507614209596622,3.4886467612506964,1.0198212110376992,1.4544954252828155,Moderate
2.08506487169886,3.5990134934741222,1.095608248736883,1.03995520710123,Moderate
1.8707076718525943,5.125311569891568,1.102603973571706,1.3945620152968707,Bad
2.9264932889185,2.971929787659203,1.01703307889623,1.6892342148383668,Moderate
2.132901422196712,3.535973833387672,1.126531367275554,1.5194224869887896,Good
1.9916392929432325,4.577169420401123,1.0991061111542946,1.1847950803460634,Moderate
3.565853545378672,3.346665544839772,1.1070650073843762,1.7491676248243118,Moderate
2.9818127656451177,2.904914653513246,1.025317863972017,2.0338513222575503,Moderate
2.0803224817430337,5.318595332498974,1.2673921616789738,1.4155387087919515,Bad
2.5532994671763527,4.159082065143085,1.0384764865915277,2.0238628201492928,Bad
5.685837428042193,1.6665544839771569,1.1727639860085504,3.811875418951183,Bad
1.8216339424983363,4.959666817412156,1.0036499494753206,1.2447284903320084,Moderate
2.388084685845125,3.800153550056266,1.041366028760202,1.484462130275788,Good
2.3320004697951617,5.4014177087386805,1.1776305759813448,2.11376293512821,Bad
1.6982486671884178,3.886951400355479,1.0255495903614458,1.374583812412156,Good
1.8303971314890488,1.9780612727827265,1.036144587640886,1.1498335249648624,Good
3.103158650096964,5.713019151688525,1.0279828993392923,1.639289306960679,Moderate
4.367857996135305,2.4789710042804707,1.0632656976292263,2.508323751756881,Bad
2.659328442736749,4.383885657793717,1.0936818779634667,2.2436182572083574,Bad
4.813727658850457,1.165644752479413,1.0389327197823552,1.918979352673889,Moderate
1.0510600392927798,3.618796209627378,1.0256510003886514,1.2397336399437795,Good
1.3386085390537867,4.383885657793717,1.0746210742324136,1.274695195324981,Good
2.362846804746858,4.498227864076648,1.0255495903614458,1.4045505174051285,Moderate
2.84109234555726,3.374209900823491,1.115747457442674,1.5394006898735046,Moderate
1.66459813755844,4.750670466855274,1.1776305759813448,1.639289306960679,Bad
3.63595879931691,1.5560930976094571,1.1107149568596968,2.3285235217990463,Moderate
1.5892668316768783,2.9285781895817338,1.0069957248348231,1.314650402426211,Good
1.2515377718685272,4.628377312453329,1.0443062479595802,1.6842393644501383,Good
2.0061510874741093,3.748945658004059,1.0069957248348231,1.5493891919817622,Good
2.8535837758051152,1.2642743708128688,1.058399107656432,2.39345178217322,Good
1.8062108072709209,1.7835470062997592,1.0426406218422075,1.286348647562648,Good
3.0022069967101657,3.756801951978797,1.0133831294209097,1.7591561269325693,Moderate
1.3224843229083685,5.492096378953125,1.0036499494753206,1.2697003449367523,Good
2.134069847395474,2.9600980196249598,1.053633899727944,1.0799116128706598,Good
3.617497732773968,3.869535037809072,1.0944422852701128,2.3984466325614484,Moderate
1.950627671661684,4.537698642238886,1.0012166404974738,1.2247502874472935,Good
1.0616926699033915,4.959666817412156,1.0012166404974738,1.11986681997189,Good
2.441364707216806,3.0665839319331534,1.092465237465993,1.604328950247678,Good
3.453568244960124,2.0845471850909205,1.0524679362611735,2.0488346747540365,Moderate
2.151729733886582,3.8514560962527473,1.836943082782744,1.8790229469044597,Bad
1.3359211481972622,2.573625148554421,1.0116595507190052,1.4744724294993308,Good
2.8879991092553023,2.206840339492864,1.0145997699183833,2.038846172645779,Good
2.2066288200498567,5.216084894250287,1.1597357077341623,1.4245287202898431,Bad
1.7515286885600987,6.233616945195251,1.0194663598911775,1.274695195324981,Bad
1.5885338893077725,4.9123397452751805,1.036144587640886,1.294672199541496,Moderate
2.2086151299883783,2.549961612485933,1.0546938359891178,2.003884617264578,Good
2.8730964637250613,6.087660254724819,1.3253012048192772,1.2896785478214672,Bad
1.855284536625179,5.787890579809219,1.0750450431403031,1.5493891919817622,Bad
4.104262148452047,2.530273550476952,1.0060832304702685,2.2685901118131016,Moderate
2.453866843944182,2.61697674663189,1.2448503692188106,1.0799116128706598,Moderate
4.367273783535925,2.4829464783399766,1.204041983676642,2.5882353646275407,Moderate
1.601970714596666,4.521891400145136,1.0011659634667702,1.414539019513386,Good
3.128396531195231,2.908890127572752,1.0699572483482316,1.6642623602336228,Good
1.634219146887503,4.616545544419086,1.108433734939759,1.4894557819958172,Moderate
2.1249328345776464,4.920290693394192,1.0524679362611735,1.884017797292688,Moderate
2.467303669233076,3.4097052049262224,1.0279828993392923,1.484462130275788,Moderate
2.5532994671763527,4.868988147197712,1.0012719626894675,1.3795786628003843,Moderate
7.051955771748091,3.2007088543693403,1.1165954232413524,2.6681469774982007,Bad
3.678021977478598,2.3843168600065203,1.0389327197823552,1.729189421939597,Moderate
3.7649525284802574,1.6349399997896574,1.116798187329965,3.1076578516163305,Moderate
4.095849499920336,3.457032277063197,1.1094982883793238,2.55327380924634,Bad
2.138509876050141,3.758505726575729,1.150864317139526,1.5543840423699908,Bad
1.583275975913345,5.294931796430487,1.0389327197823552,1.274695195324981,Good
1.491788592435262,5.910183734211162,1.130586872910999,1.0,Bad
2.475365777305785,4.8611318532229735,1.0676253493975905,1.6342956552406505,Bad
2.8956469539668035,1.9386851487647636,1.0559657986785853,2.103773234351753,Moderate
1.2047074369550137,4.932879694582628,1.0012166404974738,1.374583812412156,Good
4.092778223725821,2.4280470746610856,1.1505746381655657,2.177822161057588,Moderate
1.9858806258921933,5.492096378953125,1.068132287602021,1.3596004599156697,Moderate
1.1205810806316368,3.677955049798597,1.0024333089778468,1.0,Good
3.546224053636969,1.2602988967533628,1.0,3.4872365144167152,Moderate
1.6029054676550485,5.243629250234005,1.0279828993392923,1.449500574894587,Bad
2.0292624424502543,1.851887298465551,1.0687912848814614,1.3695889620239272,Good
3.5234398267579823,1.8242482883375577,1.3008161678973962,1.724195770219568,Bad
3.0975501962435352,1.7808966902600885,1.0377160792848814,2.59323021501577,Moderate
2.437742627798764,5.3501151625422,1.0326467252234746,1.4395120727863295,Bad
1.6288444296713185,4.068403394928641,1.0582976976292269,1.644284157348908,Moderate
1.5944928191233376,5.543398925149606,1.026766258841819,1.419533869901615,Bad
2.057187714405046,5.8707129560489255,1.0462326187329964,1.4395120727863295,Bad
2.045970871195053,6.971067383233596,1.0,1.254716992440266,Bad
3.103158650096964,4.163057539202592,1.0364994387874078,1.5793558969747346,Moderate
3.622872514487017,1.473270721369751,2.112320248736883,2.2336297551001,Moderate
2.6797226738017974,7.748083253578452,1.0231163093664983,1.2297451378355222,Bad
2.676918479123516,2.4868272982552084,1.0076316921881072,1.829079237694972,Good
1.4944759832917862,4.825636549120242,1.0198212110376992,1.294672199541496,Moderate
1.633751802606744,3.910614936423966,1.2153466552662262,1.449500574894587,Good
2.3006867905627075,6.119180084768044,1.0127194869801788,1.3246389045344684,Bad
2.0185130080178846,4.005269080697916,1.150408083948698,1.484462130275788,Moderate
1.9029561041434315,2.3369897878695456,1.033070694131364,1.4544954252828155,Good
2.0487751303702,3.228347864497334,1.059615748153906,1.7341842723278256,Good
2.0749477645268493,6.209953409126763,1.1410804601632336,1.5394006898735046,Bad
4.726797107848798,1.5639493915841949,1.1216647773027597,2.997780732420898,Bad
2.315175172731741,5.1844704100627865,1.0804508356004665,1.034961555381201,Bad
1.7578381588346657,5.038608373736629,1.0174893120870578,1.5194224869887896,Moderate
2.9617796525248625,4.190601895186311,1.0501360373105324,1.5884370072558047,Moderate
1.8693055745134532,5.13326251801058,1.0928523528954528,1.5194224869887896,Bad
2.0319498333067787,1.8913580766277884,1.047804110376992,1.3845723145204134,Good
1.4514780520717157,5.728731739638,1.047804110376992,1.5743622452547057,Bad
1.7282771174003533,6.134987326861794,1.0559657986785853,1.374583812412156,Moderate
2.699352165543501,6.98289915126784,1.026766258841819,1.6792457127301093,Bad
2.4161268261185387,3.015376039880946,1.099765108433735,1.6492790077371366,Good
3.708868312430294,5.208133946131275,1.0610535934706569,2.348501724683761,Bad
1.9001519094651491,3.71733117381656,1.0048665899727944,1.4395120727863295,Good
2.6957300861254585,4.971498585446399,1.1165954232413524,1.484462130275788,Bad
2.698417412485118,5.010969363608637,1.0582976976292269,1.5493891919817622,Bad
1.6100328226693752,5.993006110450869,1.0093276237854645,1.2447284903320084,Bad
3.7032598585768657,1.157788458504675,1.081515389040031,2.783018947081862,Moderate
2.088384589815744,5.145094286044824,1.1270890104935871,1.4544954252828155,Bad
3.5630492862035257,1.5639493915841949,1.0291995398367664,2.4184236367779635,Moderate
1.471107543813419,3.6661232817643534,1.0,1.3196452528144396,Good
2.1889857027435395,3.4886467612506964,1.0102198305479984,2.603218717124027,Bad
3.289638692649415,1.3786165770958003,1.2087057815779243,1.5843507473629632,Good
3.17887235788863,1.650747241883407,1.0571824391760591,2.4783570467639087,Good
1.9943266837997573,5.081959971814099,1.0757870097162845,1.6293008048524218,Moderate
2.155568845253941,5.791866053868725,1.2075398460940536,1.484462130275788,Bad
1.1263063383068228,3.342690070780266,1.4325689762922658,1.5743622452547057,Good
1.3816064702738573,4.285256039460261,1.0827827345511076,1.0199782028847149,Good
4.821439226464165,1.7927284582943324,1.2378546443839875,3.3823530469413114,Bad
4.053786321758647,1.2918187267965882,1.0060832304702685,3.097669349508073,Moderate
1.6180949307420844,4.0959477509123605,1.0582976976292269,1.2397336399437795,Good
1.4879327763799757,4.391741951768454,1.1411864593859309,1.3246389045344684,Good
1.6987160114691764,5.748514455791256,1.2261950936649826,1.0,Bad
1.88613080708001,5.208133946131275,1.036144587640886,1.1248616703601186,Moderate
2.502239492380437,3.1612380762071037,1.0816167990672367,1.7891228319255417,Moderate
3.559352841900621,2.0096757569702257,1.234356781966576,3.422308254042542,Moderate
1.86533295463641,5.13326251801058,1.174893120870579,1.4345172223981009,Bad
2.163747757148408,2.833924045307784,1.0305267967353284,1.5993340998594494,Good
2.792475382997969,6.194146167033013,1.180722882238632,1.6892342148383668,Bad
2.365183655144381,2.648591230819389,1.5514962984842595,1.0699219120942025,Moderate
1.518779111331671,4.395717425827961,1.0038158600855034,1.0,Good
2.6713100252700865,1.595563875771694,1.068685285658764,2.458380042547393,Good
1.7282771174003533,5.287075502455749,1.2670035071900505,1.1498335249648624,Bad
1.4318485603300124,5.235772956259268,1.0291995398367664,1.3196452528144396,Bad
2.6124216145418417,3.461007751122703,1.08861252390206,1.5543840423699908,Good
1.7038570565449818,2.9640734936844653,1.1970969358725223,2.058823176862294,Good
2.6124216145418417,4.2970878074945045,1.2541779930042751,1.6742508623418806,Bad
1.4749314339207371,5.803697821902969,1.010175589584143,1.0,Moderate
2.68981785203985,2.302914295930924,1.0559657986785853,2.142260072908327,Good
2.456554170303842,4.0249571427068975,1.2822623023707735,1.3645953103038984,Moderate
1.9432666445069773,2.3921731539812585,1.33113096618733,1.5194224869887896,Bad
2.738611149026907,5.3501151625422,1.0790821080450836,1.824084387306743,Moderate
1.712152901254935,5.626221301389313,1.0501360373105324,1.0699219120942025,Bad
1.9244550375050344,5.338283394507956,1.1119315973571706,1.2497221420520372,Moderate
2.8730964637250613,6.087660254724819,1.3253012048192772,1.2896785478214672,Bad
1.857270846563701,3.0942229420611462,1.2774970944422852,1.0199782028847149,Moderate
1.7040907931822258,4.107779518946605,1.0340458701904391,1.7050985884616463,Good
2.6554195457619123,7.807242093749671,1.0127194869801788,1.529412187765247,Bad
1.9309982444168448,3.953966534501435,1.116798187329965,1.0099885021082575,Good
1.7578381588346657,3.0429203958646656,1.1072677714729888,1.799112532701999,Good
2.4323678460857145,3.098198416120652,1.041974349008939,1.6492790077371366,Good
1.8169603062001547,5.823385883911951,1.0699572483482316,1.4544954252828155,Bad
1.636555997285026,3.2756749366343088,1.0535324897007383,1.4744724294993308,Good
2.230815144267984,6.237497765110482,1.2658375437232805,1.9739179122716053,Bad
2.445316107625402,5.006993889549131,1.2299464251846093,1.7192009198313394,Bad
1.5916886244450557,5.484240084978387,1.1897970649047804,1.4345172223981009,Bad
1.7178781589301209,3.5833009055246468,1.0254390019432569,1.4445057245063584,Good
3.1760680987134835,4.778309476983267,1.083948698017878,2.1637066443376973,Bad
1.4541654429282402,5.464552022969405,1.0746210742324136,1.0,Moderate
1.5858464984512477,3.3939926169767465,1.0,1.2796888470450098,Good
3.2826281414568457,2.1437060252621394,1.0766487990672369,2.703107334211202,Moderate
3.260077651215102,2.167369561330627,1.1247570835600469,1.8190895369185145,Good
3.0638996666135574,5.361946930576443,1.1539059463661097,1.6842393644501383,Bad
4.623041259783718,3.705499405782316,1.0109498204430625,3.062707794126872,Bad
1.0,3.784440962106791,1.0,1.11986681997189,Good
1.2982979986902408,5.3501151625422,1.0,1.0,Moderate
2.458190004280227,5.890495672202181,1.026766258841819,1.1798002299578347,Bad
1.6180949307420844,6.158650862930282,1.041974349008939,1.4794672798875594,Bad
5.374569948343817,1.3273140308993194,1.1569475755926937,4.071587261779678,Bad
3.5852493004831314,4.072284214843873,1.114263496307812,1.5344058394852758,Moderate
1.857270846563701,2.766908911161827,1.282160892343568,1.1897887320660925,Good
2.822036424432281,2.9364344835564715,1.0338126607073457,1.4045505174051285,Moderate
2.4726783864492603,4.360222121725229,1.0676253493975905,1.8190895369185145,Bad
3.7034935952141095,1.6783862520114003,1.1189273221919938,2.927857621658496,Moderate
1.3089060559954468,4.801121125753289,1.0,1.0849052645906887,Good
2.242265724115221,7.48778435682509,1.0,1.3446171074191833,Bad
2.6043595064691325,3.279555756549541,1.121259221142635,1.824084387306743,Moderate
1.712152901254935,3.0114005658214404,1.121259221142635,1.4045505174051285,Good
2.6241483054663526,2.63278398872564,1.0046638258841818,1.744172774436083,Good
3.652784096380331,2.00570028291072,1.1155815468324912,2.957824326651468,Moderate
2.803224817430338,3.33871459672076,1.239679605130198,1.3945620152968707,Moderate
1.072558972654383,2.948266251590716,1.0,1.2397336399437795,Good
2.096446697888452,5.669572899466782,1.096774184220754,1.0499449078776877,Bad
2.088384589815744,5.429056718866674,1.1993781577924605,1.6642623602336228,Bad
1.5690899550454709,3.4204011232291784,1.06645938593082,1.294672199541496,Bad
2.163747757148408,6.659560594428026,1.0145997699183833,1.5244173373770182,Bad
2.458190004280227,3.879095106380741,1.0801328379323747,1.6542726594571655,Moderate
2.362846804746858,2.7984287412050524,1.0693489280994948,2.15371814222944,Moderate
2.1663182796863105,4.703343394718299,1.2401865433346289,1.7841291802055128,Moderate
1.171056907325036,3.7449701839445537,1.0012166404974738,1.2397336399437795,Good
1.7543328832383809,5.716899971603756,1.0851653385153517,1.887014467791985,Moderate
5.192296197808789,2.514466308383202,1.138748533229693,2.4384018396626788,Bad
3.864735756668293,1.5245732675662316,1.4460940629615235,2.138734789732954,Moderate
2.144118265406705,5.5275916830558565,1.0279828993392923,1.7192009198313394,Bad
2.7531420346296995,3.8909268744149847,1.1055718398756316,1.8140958851984847,Moderate
1.6449686458167367,2.467139236246227,1.0072998989506412,1.3795786628003843,Good
1.0940579060159858,4.616545544419086,1.2401865433346289,1.3446171074191833,Moderate
2.8205706041909338,1.6874730498617,1.260362633501749,1.8490562419114869,Good
2.8479753864485517,4.060452446809629,1.2299464251846093,2.4334069892744496,Moderate
1.7065338054188504,3.839624328218504,1.2989082378546444,1.6642623602336228,Bad
2.314123615851601,4.383885657793717,1.1294209094442285,1.1248616703601186,Bad
2.1851298866882534,3.942134766467192,1.1655654970851146,1.9639294101633475,Good
4.409538772386889,1.3234332109840876,1.1895205378935094,3.4422864569272567,Moderate
1.8749139638700172,4.182745601211574,1.0364994387874078,1.5493891919817622,Moderate
1.9394108284516915,2.52232260235794,1.0291995398367664,1.709212417723082,Good
1.3305464309810775,3.354521838814509,1.0279828993392923,1.3046619003179534,Good
1.4514780520717157,3.5478056014219157,1.0,1.4395120727863295,Good
2.32919627511688,4.308919575528749,1.0377160792848814,1.3945620152968707,Good
2.2226362323735174,4.663872616556061,1.0559657986785853,1.6143174523559356,Moderate
2.023887725234069,4.770358528864255,1.0209871745044694,1.6293008048524218,Moderate
1.7627455317700913,6.340102857503444,1.0571824391760591,1.0749167624824312,Bad
3.0022069967101657,3.756801951978797,1.0133831294209097,1.7591561269325693,Moderate
2.2791877927042394,7.1761829138752455,1.3917605907500972,1.5394006898735046,Bad
1.3925896413434706,5.1844704100627865,1.0048665899727944,1.8190895369185145,Bad
1.8223350234163396,4.174889307236835,1.0734551107656432,1.2097669349508071,Good
2.377008058818733,3.662147807704848,1.0079951061018266,1.4395120727863295,Good
1.3421138146500715,3.0272078079151896,1.0,1.2397336399437795,Good
1.356134852538346,3.768633720013041,1.0139914496696465,1.3096555520379822,Good
4.841769734627006,1.70593060799512,1.1557309071123203,4.151498874650338,Bad
2.797850100214154,2.013556576885458,1.3591138655266226,1.6892342148383668,Moderate
1.967452968725105,2.11616166927842,1.1154294597745822,1.779134329817284,Good
3.4172303244736217,2.167369561330627,1.0571824391760591,2.238623406820129,Moderate
1.905643494999956,4.163057539202592,1.024485036921881,1.6592675098453944,Good
2.2283721320313594,6.1468190948960375,1.0050877947920716,1.1698117278495772,Bad
1.7282771174003533,5.271268260362,1.0396424500582977,1.3795786628003843,Moderate
1.601970714596666,3.9816055446294287,1.4314030408083949,1.314650402426211,Bad
1.3977306864192758,4.356246647665724,1.0408083855421686,1.174805379569606,Good
3.0735741963008083,2.5972886846229084,1.035282798289934,2.1836848472224126,Moderate
1.9405792536504527,3.764658245953535,1.444228527011271,1.4045505174051285,Bad
3.2708270856474724,4.391741951768454,1.324135241352507,1.3945620152968707,Bad
1.7851792181900763,5.077984497754594,1.0024333089778468,1.1698117278495772,Moderate
3.675217782800317,1.1616692784199067,1.4314030408083949,2.0338513222575503,Moderate
4.5445233573137696,1.9110461386367696,1.192230345899728,2.47336339504388,Bad
1.5888844297667737,2.810260509239296,1.0292548620287605,1.4744724294993308,Good
1.4094148739100274,3.299338472702797,1.0291995398367664,1.5194224869887896,Good
1.9562361255151124,1.362809335002051,1.0109498204430625,2.3285235217990463,Good
2.3006867905627075,6.8330616408821765,1.2798289933929266,1.174805379569606,Bad
3.846274690125352,1.6980743140203822,1.1070650073843762,3.3374029894518524,Moderate
2.9601438185484774,4.289231513519767,1.032849489312087,1.8790229469044597,Bad
1.8223350234163396,2.3921731539812585,1.072289147298873,1.449500574894587,Good
2.132901422196712,4.340534059716248,1.0802987485425573,1.918979352673889,Moderate
2.0588235483814312,4.0447398588601535,1.979401476875243,1.2647054945485237,Bad
1.1961779846015457,5.093791739848342,1.0046638258841818,1.2397336399437795,Good
2.758388209594773,2.818116803214034,1.044183514963078,1.5593788927582195,Moderate
1.8115855244871053,6.829086166822671,1.0524679362611735,1.389567164908642,Bad
1.5777843903785382,4.947835049377912,1.541002711232025,1.0099885021082575,Moderate
1.491788592435262,5.219965714165518,1.060629624562767,1.804106184422028,Bad
2.048074049452197,4.0447398588601535,1.2191993688301594,1.8190895369185145,Bad
1.653763696258552,6.482084073914369,1.1155815468324912,1.6342956552406505,Bad
2.2979993997061827,4.727006930786786,1.0559657986785853,1.7491676248243118,Bad
2.267503605213488,5.050440141770873,1.0,1.6842393644501383,Bad
1.8814571707818284,2.968048967743971,1.0454722114263506,1.419533869901615,Good
1.5912212801642969,2.873394823470021,1.1247570835600469,1.4994454827722743,Good
2.315175172731741,4.537698642238886,1.024332949863972,1.3196452528144396,Bad
1.6617939428801578,3.468864045097441,1.0038158600855034,1.5593788927582195,Good
2.088384589815744,2.83789951936729,1.5724834729887291,1.544395540261733,Bad
2.6957300861254585,4.20640913728006,1.0991061111542946,1.5843507473629632,Bad
1.6772170781075737,6.5057476099828575,1.0454722114263506,1.5394006898735046,Bad
3.6812268266796617,2.10035442718467,1.0932763218033423,2.8879024145572654,Bad
1.3171096056921838,4.088091456937622,1.0862805969685192,1.1498335249648624,Good
2.865034355652352,2.55393708654544,1.438398765643218,1.7391791227160542,Bad
1.88613080708001,6.170482630964526,1.0888152879906725,2.3584902267920187,Bad
2.416243629940296,1.6665544839771569,1.4523902153128645,1.5094339848805318,Bad
2.1947276651066527,3.1507314661926946,1.1012714558880683,1.7341842723278256,Good
2.578771084911864,2.861563055435777,1.0559657986785853,1.669256011953652,Moderate
1.0,6.399261697674663,1.0,1.0,Moderate
1.2606748491832194,2.471114710305733,1.012825486202876,1.3995556670168998,Good
1.211157123413181,3.019256859796178,1.0138697800233192,1.1498335249648624,Good
3.0316512343227204,2.00570028291072,1.7107656432180334,2.07380652935878,Moderate
2.500253182441916,5.724850919722768,1.015816410415857,1.3396222570309548,Bad
3.181676552566912,2.4868272982552084,1.0145997699183833,1.729189421939597,Good
1.50791280858068,6.884364187078657,1.064127486980179,1.4794672798875594,Bad
1.5240370247260986,5.1884458841222925,1.4990283622230858,1.2896785478214672,Moderate
2.98596597674299,1.3667848090615569,1.4535561507967354,2.623196920008742,Moderate
2.2361899259810336,4.15510659108358,1.054799835211815,1.4544954252828155,Moderate
1.2272746963815475,5.986569628640241,1.0213203109211038,1.2996670499297247,Moderate
2.191789897421822,6.079803960750081,1.0766487990672369,1.3596004599156697,Bad
1.1289937291633474,4.22221637937381,1.002098717450447,1.204772084562579,Good
1.1904193175505062,4.056003702028754,1.0453056572094832,1.1664818275907582,Good
4.799706556465318,3.4413196891137217,1.0304162083171395,2.79300744919012,Moderate
1.6029054676550485,4.995162121514888,1.005961560823941,1.7591561269325693,Moderate
1.7067781195418856,3.054752163898909,1.0466381748931208,1.5993340998594494,Good
1.712152901254935,4.028932616766404,1.0048665899727944,1.6143174523559356,Good
2.0265751160905943,1.757233154191601,1.0217644834823163,1.729189421939597,Good
1.9997014010159415,5.425081244807168,1.1434123591138747,1.7042175673348532,Bad
1.2075116316332957,3.117886478129634,1.0,1.0849052645906887,Good
1.7390265518327226,3.4965030552254346,1.0104935872522347,1.2846836974332383,Good
1.959390860652396,3.263843168600065,1.1072677714729888,1.4644839273910732,Good
1.6288444296713185,5.208133946131275,1.0139914496696465,1.274695195324981,Moderate
2.67960586998004,3.914590410483472,1.162067634667703,1.6293008048524218,Moderate
1.4461033348555312,5.44476930681615,1.005829761368053,1.4794672798875594,Bad
1.2327495772284274,3.831768034243766,1.0081616883015934,1.2397336399437795,Good
2.1394446291085227,3.0429203958646656,1.2378546443839875,1.6792457127301093,Bad
2.219577081589544,3.366353606848753,1.0384764865915277,1.3346286053109258,Good
2.819933246175137,3.173069844241347,1.035282798289934,2.4483903417709363,Moderate
3.097683769250084,2.814235983298802,1.0081616883015934,1.4944506323840456,Good
1.0,2.8930828854790027,1.012825486202876,1.2397336399437795,Good
3.5315019348306915,1.5837321077374504,1.5853089871745043,1.9889012647680917,Moderate
2.60961741986356,5.4763837910036495,1.0012166404974738,1.604328950247678,Bad
1.810417099288344,4.84930008518873,1.0133831294209097,1.529412187765247,Bad
2.303958329521748,4.723031456727281,1.008516539448115,1.374583812412156,Moderate
3.829449393061931,1.157788458504675,1.2214298857364945,2.628190571728771,Moderate
2.0185130080178846,5.961486280407644,1.2366886809172173,1.5843507473629632,Bad
1.327859040124553,6.2178097031015005,1.0069957248348231,2.758047092477118,Moderate
2.7358068898517605,2.518441782442708,1.058399107656432,1.6542726594571655,Good
2.0684045576150387,2.8575875813762712,1.049882568208317,1.0,Good
1.4837264843625526,6.276968543272719,1.0769529731830547,1.414539019513386,Bad
2.7890869112234418,4.245879915442298,1.1070650073843762,1.9889012647680917,Moderate
1.6253391540750337,2.6012641586824143,1.006359757481539,1.374583812412156,Good
2.091071980672268,4.695487100743561,1.1107656338904004,1.5543840423699908,Bad
1.967452968725105,5.1884458841222925,1.0,1.3596004599156697,Moderate
1.5075622681216787,6.5569555020350645,1.0231163093664983,1.0449500574894588,Bad
1.6315318205278428,3.074534880052165,1.1690633595025262,1.0,Good
1.8088981981274452,3.957942008560941,1.048334106490478,1.569367394866477,Moderate
2.1721604056801187,3.3978734368919787,1.058509696074621,1.6243059544641931,Good
3.689238820688591,1.954397736714239,1.192230345899728,1.978912762659834,Moderate
1.292923281474056,3.973749250654691,1.0279828993392923,2.0238628201492928,Good
4.454788547136964,2.904914653513246,1.0778654675476098,2.103773234351753,Moderate
2.2576888593426365,4.060452446809629,1.3710775903614458,1.589345597751192,Moderate
1.0644968645816737,4.340534059716248,1.0116595507190052,1.1248616703601186,Good
2.3251174289038703,2.561793380520177,1.0186552755538285,1.9639294101633475,Good
1.5692549380250704,2.833924045307784,1.0928523528954528,1.5094339848805318,Good
1.9217677111453744,4.0249571427068975,1.3322969296541003,1.2097669349508071,Moderate
1.5664507433467885,4.841349137069718,1.0,1.2796888470450098,Good
2.0212003343775446,3.8435998022780096,1.1352506708122814,1.6243059544641931,Moderate
2.061510874741091,4.94395422946268,1.0862805969685192,1.1947835824543211,Bad
2.3309807743661253,4.15510659108358,1.3808107703070345,1.5643725444782484,Moderate
1.6127202135259,5.547374399209112,1.0,1.2497221420520372,Moderate
1.2692043015366874,6.25803771441793,1.008516539448115,1.204772084562579,Moderate
2.5962973983964237,3.326882828686516,1.0034978624174116,1.0199782028847149,Good
2.98596597674299,2.325158019835301,1.08861252390206,1.419533869901615,Moderate
2.867477367888976,5.732707213697506,1.0165353470656822,1.5793558969747346,Bad
2.4862320800567765,3.953966534501435,1.0310921072677808,1.469478777779302,Moderate
3.324691319618534,3.5516864213371475,1.0656989786241742,1.6293008048524218,Moderate
2.3678709815040406,4.305038755613516,1.2856587547609797,2.238623406820129,Bad
1.875314618392799,6.072610245785261,1.2744989226583754,1.892341349271536,Bad
1.5750970640188784,6.162626336989788,1.3031480668480373,1.0,Bad
1.550910739800751,2.6682792928283705,1.0489700738437622,1.0899001149789174,Good
2.219831973198371,2.356677849878527,1.0948985184609406,1.6243059544641931,Good
2.918781721304792,7.803266619690165,1.247182268169452,1.5793558969747346,Bad
2.5955963174784205,5.263411966387261,1.0316328488146134,1.529412187765247,Bad
1.2579874583266948,6.399261697674663,1.0209871745044694,1.0,Moderate
4.093045305242054,1.3786165770958003,1.0729988775748154,2.6731406292182296,Moderate
5.18668774395536,3.0942229420611462,1.0218996688690245,4.381242813817661,Bad
2.507614209596622,6.083684780665313,1.2215312957637,1.569367394866477,Moderate
4.081828462032062,1.81639199436282,1.081515389040031,3.2475028744729357,Moderate
2.01582561716136,4.541674116298392,1.1760590843373495,1.669256011953652,Moderate
1.5850787277752674,4.671823564675073,1.1352506708122814,1.6742508623418806,Bad
1.929829819218084,3.740994709885048,1.1434123591138747,1.1448386745766337,Moderate
1.6879665770368073,3.4925275811659287,1.3439564803731052,1.2896785478214672,Bad
4.283731639811929,3.425512447019972,1.1058483668869024,2.2436182572083574,Moderate
1.634219146887503,4.616545544419086,1.108433734939759,1.4894557819958172,Moderate
1.833084522345573,5.077984497754594,1.1574038087835212,2.083796230135237,Moderate
1.459540160144425,5.440888486900918,1.1958802953750487,1.0499449078776877,Moderate
1.2692043015366874,3.626652503602116,1.0038158600855034,1.4245287202898431,Good
2.144118265406705,4.0959477509123605,1.0729988775748154,1.9289678547821465,Moderate
4.813727658850457,2.561793380520177,1.01703307889623,1.414539019513386,Bad
2.709166911414352,2.549961612485933,1.1597357077341623,1.7541624752125404,Good
2.886533289013955,3.0784156999673966,1.0338126607073457,2.4783570467639087,Moderate
2.444168901895088,4.080235162962885,1.0717822090944422,1.5793558969747346,Moderate
2.278720448423481,2.234479349620857,1.0705655685969686,1.4894557819958172,Good
1.872109769191736,2.1989840455181264,1.0305267967353284,1.4944506323840456,Good
3.2520155431423934,4.900507977240936,1.1410804601632336,1.899001149789174,Bad
2.4273436693285317,1.7493768602168631,1.0291995398367664,2.133739939344725,Good
2.242265724115221,5.302788090405224,1.1131482378546445,1.8890126476809168,Bad
2.875783790084721,3.133693720223384,1.0011659634667702,1.544395540261733,Moderate
3.087353048462579,5.63407759536405,1.2569338888457051,1.8690344447962015,Bad
1.693341294252992,5.081959971814099,1.1923824329576371,1.5194224869887896,Good
1.3359211481972622,3.0823911740269025,1.0279828993392923,1.529412187765247,Good
1.773962374980084,5.898351966176919,1.121259221142635,1.4345172223981009,Bad
2.813974316359572,4.545554936213623,1.2075398460940536,1.4445057245063584,Bad
3.708868312430294,2.029363818979208,1.0912485969685193,2.8529408591760648,Moderate
2.2030067406318143,2.2581428856893453,1.0228951045472212,1.639289306960679,Good
1.914172947353424,5.32257080655848,1.0121664889234356,1.4594890770028446,Moderate
2.374955897581473,6.825205346907438,1.368865486202876,1.5643725444782484,Bad
2.393693139698553,1.603420169746432,1.0961151869413135,1.314650402426211,Good
3.266185310800394,2.1121861952189143,1.156449843762145,2.123751437236468,Moderate
2.822036424432281,1.7335696181231135,1.2541779930042751,2.303551667194302,Moderate
2.289937291633473,2.7471261950085712,1.0209871745044694,1.0149833524964862,Bad
3.3632726345457806,4.163057539202592,1.060629624562767,2.503330100036852,Bad
2.284562574417289,3.9461102405266977,1.2087057815779243,2.488346747540366,Moderate
1.4138549025646945,5.614389533355069,1.005829761368053,1.2197554370590649,Moderate
1.556285457016935,5.361946930576443,1.1247570835600469,1.11986681997189,Moderate
3.0050112558853126,4.581050240316355,1.0036499494753206,2.4184236367779635,Bad
1.2635959121801232,7.365491202423146,1.024332949863972,1.7541624752125404,Bad
4.847378188480436,3.914590410483472,1.1557309071123203,1.5493891919817622,Bad
2.0534487666683816,5.886520198142675,1.1982121943256898,1.0199782028847149,Bad
1.906180947372515,5.511879095106381,1.0026650353672757,1.3945620152968707,Moderate
2.163630953326651,3.989461838604167,1.099765108433735,1.2297451378355222,Moderate
2.67960586998004,3.914590410483472,1.162067634667703,1.6293008048524218,Moderate
2.160943562470126,5.436913012841412,1.0632656976292263,1.3396222570309548,Bad
2.445804735871473,5.519735389081118,1.3940924897007383,1.374583812412156,Bad
2.196123699740523,4.916315219334686,1.316715547609794,1.5194224869887896,Moderate
3.427427472254578,2.4553074682119838,1.142458394092499,2.4483903417709363,Moderate
1.8200315823946691,5.862856662074187,1.2545111294209097,1.544395540261733,Bad
1.929829819218084,5.271268260362,1.0888152879906725,1.3995556670168998,Moderate
1.8088981981274452,2.810260509239296,1.012825486202876,1.2996670499297247,Good
1.5720591327033524,4.510059632110892,1.1869766404974738,1.3246389045344684,Good
1.980889794013999,4.20640913728006,1.0888152879906725,1.6992227169466243,Good
1.5888844297667737,4.5298423482641486,1.0255495903614458,1.0199782028847149,Good
2.0656003629367565,2.538129844451689,1.0364994387874078,1.3995556670168998,Good
2.668505830591805,3.382160848942503,1.2481961445783132,1.4744724294993308,Moderate
2.091071980672268,4.305038755613516,1.0255495903614458,1.2996670499297247,Good
1.6369065377440275,5.496071853012631,1.0501360373105324,1.7541624752125404,Good
2.285330345093269,2.346171239864119,1.1379157061795568,1.5843507473629632,Good
1.4010022253783163,3.6503160396706034,1.0513019727944035,1.174805379569606,Good
2.093759307031928,3.271699462574803,1.4057520404197434,1.4794672798875594,Moderate
2.48074049452197,4.813804781085999,1.1469102215312863,2.128746287624696,Bad
1.50791280858068,6.103467496818569,1.0676253493975905,1.6342956552406505,Moderate
2.099134088744977,5.961486280407644,1.212203643995336,1.7341842723278256,Bad
2.968556467080188,6.067972192715837,1.058399107656432,1.6193123027441645,Bad
1.9439995868760835,5.996981584510375,1.0025438973960357,1.2796888470450098,Bad
2.1665520163235548,2.1121861952189143,1.0635974908666923,1.724195770219568,Good
2.1357056813718587,4.425533481274255,1.0617955600466382,1.2297451378355222,Moderate
5.054889820113731,2.407980396075008,1.2798289933929266,9.36071069303932,Bad
2.12063302210658,6.411093465708907,1.0268169358725223,1.4345172223981009,Bad
2.5318005338147493,4.557386704247867,1.0034978624174116,1.4295223720098722,Moderate
3.31908293026197,4.486396096042405,1.1021984174115818,1.9289678547821465,Bad
1.9378919272907928,4.955785997496924,1.047804110376992,1.349611957807412,Good
2.101821415104637,5.287075502455749,1.0163233486202876,1.294672199541496,Moderate
1.9562361255151124,4.723031456727281,1.0279828993392923,1.4395120727863295,Bad
5.181079354598796,3.5478056014219157,1.1204481368052857,2.648168774613486,Bad
2.1413140707284226,2.664303818768865,1.0401493882627284,2.103773234351753,Good
1.5356044083950926,4.525866874204642,1.0790821080450836,1.0,Moderate
2.620483722614551,3.8474806221932414,1.7345511076564322,1.469478777779302,Bad
4.704363421428813,1.354953041027313,1.0389327197823552,2.1836848472224126,Bad
2.160943562470126,1.6152519377806758,1.010175589584143,1.9639294101633475,Good
2.7226037367032463,1.5639493915841949,1.318305479984454,1.2996670499297247,Good
2.320783626585169,2.71163089090584,1.0097331799455889,1.724195770219568,Good
3.248977611826868,2.2028648654333582,1.300511993781578,1.644284157348908,Good
1.2131200854867243,5.791866053868725,1.0629615235134084,2.198668199718899,Bad
1.9835771848705237,5.385610466644931,1.1410804601632336,1.6992227169466243,Moderate
1.6879665770368073,6.0285014145536,1.1154294597745822,1.1498335249648624,Bad
5.930785297268952,1.4259436492327755,1.1776914108045085,3.617091836496863,Bad
1.9997014010159415,3.5951326735588904,1.0139914496696465,1.254716992440266,Good
1.4864138752190772,6.304607553400713,1.0699572483482316,1.374583812412156,Bad
2.7226037367032463,2.61697674663189,1.3557825853089778,1.5394006898735046,Moderate
1.8492087384909917,4.640209080487574,1.0326467252234746,1.4245287202898431,Good
1.9982993036768009,4.640209080487574,1.0559657986785853,1.3196452528144396,Bad
2.212003601762906,5.638053069423556,1.0932763218033423,1.0,Bad
2.0023887918724665,5.417224950832431,1.0944422852701128,1.6792457127301093,Bad
2.241564643197218,3.729162941850804,1.041974349008939,1.2247502874472935,Good
2.448492062231133,4.904483451300443,1.130586872910999,1.484462130275788,Bad
1.5052254177241555,2.0885226591504265,1.2425184702681695,1.1148719695836613,Moderate
2.475365777305785,4.178770127152067,1.2506801305868636,1.006659800517638,Bad
2.6903553044124093,2.778740679196071,1.054799835211815,1.5543840423699908,Moderate
3.0140611979359546,1.7020497880798882,1.0852206607073456,2.0238628201492928,Good
1.9352045364342685,2.7826214991113023,1.0699572483482316,1.918979352673889,Good
1.0996770018520703,4.761461039302503,1.0356145915274,1.1847950803460634,Good
2.346372048142438,1.828223762397064,1.3637776914108044,1.1798002299578347,Good
2.264699410535206,4.900507977240936,1.058509696074621,1.4944506323840456,Bad
1.620782321598609,4.94395422946268,1.0384764865915277,1.5194224869887896,Moderate
1.9281939852416987,2.9837615556934467,1.0279828993392923,1.3396222570309548,Good
1.477276797904385,4.0959477509123605,1.3579479300427515,1.5244173373770182,Good
1.6234697124551336,4.43906902390543,1.1877186070734551,1.3596004599156697,Moderate
1.8841444971414885,5.673548373526288,1.0326467252234746,2.0638180272505227,Bad
1.4234359117983018,4.967617765531168,1.0364994387874078,1.3695889620239272,Moderate
3.678021977478598,2.3843168600065203,1.0389327197823552,1.729189421939597,Moderate
1.835771848705233,4.865012673138205,1.1154294597745822,1.3695889620239272,Moderate
3.3976008327319183,2.3211825457757955,1.0,2.158712992617669,Moderate
1.7148402276145949,5.578894229252337,1.1655654970851146,1.5394006898735046,Bad
1.988951902086708,2.0885226591504265,1.0757870097162845,1.4045505174051285,Good
3.174081788774962,5.642028543483062,1.6622619603575592,1.589345597751192,Bad
5.332506770182128,3.3623781327892472,1.1447810866692576,3.682020096871036,Bad
2.1889857027435395,1.9898930408169704,1.0381584889234357,1.6642623602336228,Good
1.38417699281176,2.715606364965346,1.0152634123591138,1.3196452528144396,Good
1.6637802528186798,2.045171061072957,1.0932763218033423,1.4345172223981009,Good
1.415023327763456,2.8260677513330457,1.020351207151185,1.3096555520379822,Good
3.289638692649415,2.506610014408464,1.191216469490867,1.7341842723278256,Moderate
1.671842360891389,5.1884458841222925,1.0314807617567043,1.4894557819958172,Moderate
2.4553857451050805,4.5731939463416165,1.049882568208317,1.9539397093868904,Bad
2.502239492380437,4.734863224761524,1.203875401476875,1.729189421939597,Moderate
2.131382521035814,5.003113069633899,1.2914885441119317,1.5643725444782484,Moderate
2.1260077393227643,3.555661895396653,1.060629624562767,1.5743622452547057,Good
2.9590922616683377,2.1082107211594083,1.159380856587641,2.683130329994687,Moderate
2.460994198958509,4.6599917966408295,1.1374811877186164,1.9239730043939176,Bad
1.684227629300143,5.137143337925812,1.1058483668869024,1.0,Moderate
3.0020901928884083,1.2721306647876065,1.2961523420132142,1.829079237694972,Good
1.9970140101594172,4.452604566536605,1.02215313797124,1.4894557819958172,Moderate
1.9567034697958712,1.6744107779518946,1.030314798289934,1.2697003449367523,Good
2.7226037367032463,3.9816055446294287,1.2565099199378158,1.7042175673348532,Moderate
2.50586157179848,2.7234626589400834,1.0571824391760591,1.6143174523559356,Good
2.2979993997061827,1.5245732675662316,1.3859308293820445,1.2097669349508071,Moderate
2.47805316816231,3.973749250654691,1.6459385837543723,1.255715483050632,Bad
2.817638899211373,3.326882828686516,1.1640815359502523,1.804106184422028,Moderate
2.0426993322360127,3.2007088543693403,1.0011659634667702,1.6742508623418806,Good
2.1462851665660554,4.865012673138205,1.1075009809560823,1.9639294101633475,Bad
2.040362481838489,4.868988147197712,1.0126531395258451,2.0088794676528066,Bad
2.2039414936901967,5.890495672202181,1.1842207446560435,1.1398450228566048,Bad
2.647357437689203,5.373778698610687,1.2401865433346289,1.5643725444782484,Bad
4.878224523432131,1.3352649790183313,1.0474492592304705,4.471142928796578,Moderate
2.104508805961162,3.855431570312253,1.3859308293820445,1.5643725444782484,Moderate
1.5776675865567809,4.920290693394192,1.1058483668869024,1.1698117278495772,Bad
1.0336505296299778,5.7405635076722445,1.0255495903614458,1.2247502874472935,Good
1.6772170781075737,5.500047327072137,1.1037699090555773,1.409545367793357,Bad
1.872109769191736,3.390017142917241,1.0903084554994171,1.3695889620239272,Good
1.3740818145737073,3.31117024073704,1.1623008161678974,1.15982202707312,Good
2.8557506769644654,3.224372390437828,1.0474492592304705,1.5094339848805318,Moderate
2.1501940635408925,3.764658245953535,1.2110377085114652,1.1498335249648624,Moderate
1.1639295523107087,4.22221637937381,1.2611737178390985,1.3046619003179534,Good
2.376867842635132,2.1082107211594083,1.0,2.158712992617669,Good
2.0265751160905943,2.155537793296383,1.008516539448115,1.764150977320798,Good
4.052851568700266,3.1100301841548963,1.3229693058686358,1.7341842723278256,Moderate
1.204240092674255,6.572762744128813,1.012825486202876,1.0,Bad
1.5750970640188784,4.719150636812048,1.0209871745044694,1.0299667049929724,Moderate
1.812660493729088,5.458210195303051,1.0346454877574816,1.281687026933941,Moderate
2.4028068046514024,4.652040848521818,1.1527399828993392,2.4184236367779635,Good
2.0627961682584743,4.305038755613516,1.073773108433735,1.4295223720098722,Moderate
3.661196744912041,2.1082107211594083,1.0961151869413135,1.8440625901914576,Moderate
1.445869598218287,5.7603462238255,1.0,1.3196452528144396,Moderate
1.6730107860901504,3.4531514571479653,1.102603973571706,1.11986681997189,Good
1.0483726484362552,2.9562171997097275,1.1772250198212204,1.0,Good
2.556524310405436,1.81639199436282,1.0,2.0088794676528066,Good
1.6288444296713185,6.103467496818569,1.2331908184998055,1.698354881170028,Bad
2.284562574417289,4.170913833177329,1.4827050136027982,1.7192009198313394,Bad
2.789787992141444,1.9780612727827265,1.443062563544501,1.5244173373770182,Moderate
1.929829819218084,3.035064101889928,1.2401865433346289,1.5793558969747346,Moderate
2.045386658595673,6.61223352229105,1.1982121943256898,1.529412187765247,Bad
2.236657270261792,6.549099208060325,1.032849489312087,1.2796888470450098,Bad
1.914682795067942,6.048189476562582,1.0343426568208318,1.0,Bad
2.1179456312500555,2.0924981332099324,1.0804508356004665,1.174805379569606,Good
1.773962374980084,5.267292786302494,1.2075398460940536,1.0849052645906887,Moderate
1.4568527692879003,5.511879095106381,1.2063738826272834,1.254716992440266,Moderate
1.4461033348555312,4.742814172880536,1.0139914496696465,1.329633754922697,Good
1.878769779925304,6.383454455580914,1.0326467252234746,1.409545367793357,Bad
4.0257441814852335,1.4062555872237938,1.1800638849591916,2.957824326651468,Bad
1.7094655103984104,6.048189476562582,1.2063738826272834,1.094894965367146,Bad
1.959390860652396,4.888676209206693,1.0629615235134084,1.3346286053109258,Bad
3.1143754933069565,5.089816265788837,1.0291995398367664,1.6342956552406505,Moderate
1.4739117384917009,3.5990134934741222,1.0109498204430625,1.0,Good
3.559352841900621,2.0096757569702257,1.234356781966576,3.422308254042542,Moderate
1.9378919272907928,5.271268260362,1.0069957248348231,1.6942290652265954,Moderate
1.053280021371681,4.913948865727837,1.0012166404974738,1.11986681997189,Good
1.6786191754467146,5.996981584510375,1.018249719393704,1.0,Bad
2.545120555281886,3.579325431465141,1.2658375437232805,1.3845723145204134,Moderate
4.872616069578703,4.285256039460261,1.0729988775748154,2.323529870079017,Bad
2.924156438520976,2.7826214991113023,1.1574038087835212,1.6892342148383668,Moderate
1.4326664450697726,5.014944837668143,1.0253012141469102,1.4794672798875594,Moderate
1.7793370921962686,3.6581723336453416,1.0093276237854645,1.4644839273910732,Good
1.9982993036768009,6.131011852802288,1.026766258841819,1.6742508623418806,Bad
2.825541700028566,4.021076322791666,1.035282798289934,1.2846836974332383,Moderate
2.028878557112264,5.061514676650926,1.0612958694131365,1.64837041724175,Bad
1.827242396351765,5.843168600065206,1.0547491581811117,1.0,Bad
1.7820244830527932,2.818116803214034,1.1270890104935871,1.6492790077371366,Good
2.844610327035867,3.48202097115152,1.1551779090555772,1.500620177607999,Moderate
5.453087850813764,2.124017963253157,1.1837138064516128,3.2275246715882204,Bad
6.119438626170347,4.194577369245817,1.0571317621453555,2.4084351346697064,Bad
1.3729601496017674,5.148975105960056,1.0304162083171395,1.3845723145204134,Bad
2.4726783864492603,2.6249276947509017,1.4617178390983288,2.0088794676528066,Bad
2.703792194198168,4.348390353690985,1.096774184220754,1.764150977320798,Bad
2.295545745486902,6.320320141350189,1.0364994387874078,1.5394006898735046,Bad
2.389614293485544,2.707750070990608,1.0109498204430625,1.5044391344923034,Good
1.771158180301802,5.642028543483062,1.018249719393704,1.4994454827722743,Bad
1.9001519094651491,5.929871796220144,1.0135047990672368,1.899001149789174,Bad
1.8438339567779425,5.843168600065206,1.1715473455110763,1.0,Bad
3.324691319618534,3.5516864213371475,1.0656989786241742,1.6293008048524218,Moderate
1.3036727159064254,4.159082065143085,1.0632656976292263,1.7491676248243118,Good
1.6449686458167367,5.519735389081118,1.0127194869801788,1.374583812412156,Bad
2.800537491070678,4.419380961896448,1.239020607850758,1.6492790077371366,Bad
1.5170498858953725,6.407117991649401,1.0314807617567043,1.3596004599156697,Bad
1.5468212516050852,2.3843168600065203,1.0279828993392923,1.4544954252828155,Good
2.566736356962111,5.531567157115362,1.0827827345511076,1.7841291802055128,Moderate
2.8704090728685365,2.920721895606996,1.0368865542168677,1.409545367793357,Moderate
5.7054669197838965,1.61127646372117,1.0912485969685193,4.381242813817661,Bad
2.386682588505984,2.325158019835301,1.0620490291488536,1.3845723145204134,Moderate
2.0487751303702,4.786165770958005,1.200746885347843,1.1798002299578347,Bad
2.578771084911864,2.889107411419497,1.0827320575204042,1.6143174523559356,Moderate
3.349929265213666,4.348390353690985,1.0510992087057909,1.9889012647680917,Bad
1.1018371308406398,5.1844704100627865,1.0431403124757093,2.198668199718899,Bad
1.6674023322367215,4.103898699031372,1.0048665899727944,1.3596004599156697,Good
3.802388766073721,2.074608499942156,1.030781189273222,1.7897113780116038,Bad
1.6169265055433228,5.626221301389313,1.1422463956471045,1.0,Moderate
1.6100328226693752,5.642028543483062,1.0746210742324136,1.4295223720098722,Bad
1.9582391401415609,6.781759094685695,1.1692299137193938,1.0849052645906887,Bad
2.9657522724019056,2.447451174237245,1.1715473455110763,2.138734789732954,Moderate
2.475015236846784,2.4001241021002704,1.048665899727944,3.02774743741387,Good
2.498086281282565,5.361946930576443,1.0470621438010106,1.5144288352687607,Bad
3.041465980193572,6.537267440026082,1.0,2.348501724683761,Bad
1.894893996070722,3.2520114005658214,1.0279828993392923,1.6992227169466243,Good
1.56084228949336,3.9619174826204473,1.0462326187329964,1.2247502874472935,Moderate
4.22215583822716,3.626652503602116,1.3370667547609794,2.098779582631724,Moderate
2.510301600453147,3.1612380762071037,1.047804110376992,1.4045505174051285,Good
1.799200256078351,1.89523889654302,1.0012719626894675,1.5044391344923034,Good
2.850779581126833,5.105623507882586,1.068132287602021,1.9539397093868904,Bad
1.292923281474056,3.973749250654691,1.0279828993392923,2.0238628201492928,Good
1.4122190685883091,3.299338472702797,1.0038158600855034,1.3346286053109258,Good
1.287548499761007,2.530273550476952,1.0,1.2597118428284946,Good
1.6073454963097151,5.890495672202181,1.1130975608239408,1.0,Bad
2.4694068474902195,2.072715417056677,1.020351207151185,1.839067739803229,Good
1.9352045364342685,1.812416520303314,1.1002720466381657,1.5394006898735046,Good
3.5518324429935326,1.532429561540969,1.1374811877186164,3.8018869168429257,Moderate
1.967452968725105,4.502203338136154,1.0524679362611735,1.7192009198313394,Moderate
1.833084522345573,4.545554936213623,1.130586872910999,1.744172774436083,Moderate
2.06688565645414,2.104329901244176,1.0652934224640498,1.829079237694972,Good
2.1663182796863105,2.8852265915042645,1.3835989024485036,1.4644839273910732,Moderate
1.0146583959040707,4.628377312453329,1.0,1.11986681997189,Good
4.990392955532057,2.364628797997539,1.024332949863972,3.0027743841409267,Bad
1.7571370779166626,2.699799122871596,1.0241670392537894,1.3596004599156697,Good
1.7543328832383809,5.235772956259268,1.1532976261173726,1.884017797292688,Bad
2.489036339231923,4.450900791939674,1.2287297846871357,2.2635964600930727,Good
2.0235371847750683,4.920290693394192,1.0559657986785853,1.7891228319255417,Moderate
2.0212003343775446,3.4018489109514847,1.204041983676642,1.5094339848805318,Bad
2.374955897581473,3.2138657804234194,1.1737271574038088,3.005771054640224,Good
4.090241046066907,4.525866874204642,1.092465237465993,2.043839824365808,Bad
2.1413140707284226,6.063996718656331,1.1690633595025262,1.2597118428284946,Bad
2.107196196817686,5.085935445873605,1.3113097551496309,1.5244173373770182,Bad
1.948641361723162,4.939978755403175,1.1480761849980567,2.0138731193728354,Good
2.289937291633473,9.077122093328986,1.0656989786241742,1.943951207278633,Bad
1.6898360186567072,4.837468317154486,1.0766487990672369,1.3446171074191833,Moderate
1.0,4.825636549120242,1.2110377085114652,1.0499449078776877,Bad
2.768289058779841,2.7432453750933394,1.1072677714729888,1.7691458277090266,Moderate
2.007763509088651,3.437344215054216,1.0652934224640498,2.912874269162009,Good
1.720682353608403,5.310739038524236,1.0364994387874078,1.0,Bad
2.89003856461024,5.492096378953125,1.1192314963078118,1.9988897668763488,Bad
1.030846334951696,4.951810523437418,1.0,1.11986681997189,Good
1.975865617256816,3.0823911740269025,1.0343426568208318,1.5244173373770182,Good
2.533903712071893,2.660422998853633,1.1399144966964632,1.9539397093868904,Good
3.1902060049203804,4.498227864076648,1.08861252390206,1.034961555381201,Bad
2.110467735776727,2.5933132105634025,1.126531367275554,1.644284157348908,Good
3.227829218924266,4.577169420401123,1.2005441212592305,1.4245287202898431,Moderate
3.837862041593641,1.2208281185911256,1.1247570835600469,2.388456931784991,Moderate
2.312511194237059,4.237928967323287,1.1888845705402251,1.612652502226526,Good
2.83662497023201,3.4531514571479653,1.0972738748542556,3.052719292018614,Moderate
1.7497760507619564,2.865443875351009,1.1399144966964632,1.1048834674754036,Good
2.134069847395474,3.1612380762071037,1.2739992320248736,1.7192009198313394,Moderate
2.0515793250484817,2.948266251590716,1.132614597745822,1.569367394866477,Good
3.108767039453528,1.903189844662032,1.0,1.799112532701999,Good
2.382476296488561,3.319026534711778,1.035282798289934,1.2846836974332383,Good
1.24396642043842,4.675704384590305,1.024332949863972,1.5593788927582195,Good
3.327261842156437,1.9860122209017383,1.0617955600466382,1.6942290652265954,Moderate
1.5294117419422832,3.71733117381656,1.0384764865915277,1.5144288352687607,Good
4.219234775230255,4.080235162962885,1.1192314963078118,2.31354016930256,Moderate
1.682591795323758,4.435188203990197,1.030314798289934,1.0,Moderate
2.023887725234069,4.770358528864255,1.0209871745044694,1.6293008048524218,Moderate
2.647357437689203,1.4811270153444884,1.0816167990672367,1.2497221420520372,Good
3.4858166772509604,4.498227864076648,1.1037699090555773,2.3584902267920187,Bad
2.214690928122566,6.947403847165108,1.2005441212592305,1.329633754922697,Bad
2.3786204804332747,4.707318868777804,1.0991061111542946,1.5593788927582195,Moderate
1.50791280858068,5.290956322370981,1.036144587640886,1.764150977320798,Moderate
2.295545745486902,5.074103677839361,1.0036499494753206,2.2635964600930727,Bad
2.267503605213488,5.665692079551549,1.0036499494753206,1.2247502874472935,Moderate
2.263063576558821,4.356246647665724,1.0256510003886514,1.839067739803229,Moderate
2.336844119828381,7.259005290114953,1.0025438973960357,1.2846836974332383,Bad
2.255001468486112,4.83349284309498,1.0652934224640498,1.094894965367146,Bad
2.5899879281218565,3.413680678985728,1.0291995398367664,1.5943392494712207,Good
1.9190803202888496,5.003113069633899,1.0851146614846483,1.294672199541496,Moderate
4.050982127080365,1.2484671287191191,1.1058483668869024,3.956715292196017,Bad
1.784711873909318,5.219965714165518,1.1165954232413524,1.5244173373770182,Moderate
2.096446697888452,3.1928525603946025,1.015816410415857,1.2996670499297247,Good
1.9378919272907928,6.280944017332225,1.1235911480761758,1.3096555520379822,Bad
1.5025380913644957,3.950085714586204,1.0116595507190052,1.0,Moderate
1.9997014010159415,5.969342574382381,1.234356781966576,1.3446171074191833,Bad
4.704363421428813,1.20511553064165,1.1070650073843762,4.096559116384422,Moderate
1.3842937966335174,3.606964441593135,1.1189273221919938,1.3446171074191833,Good
2.209316210906381,5.2042531262160425,1.0381584889234357,1.4245287202898431,Moderate
1.0224336864199852,5.346234342626968,1.0,1.15982202707312,Good
2.2871330969551917,4.186721075271079,1.0381584889234357,1.3246389045344684,Good
2.295545745486902,4.013125374672654,1.0457902090944422,1.644284157348908,Moderate
1.521349633869574,5.164782348053805,1.096774184220754,1.349611957807412,Moderate
2.6937437761869365,3.2913875245837847,1.0523158492032647,1.7341842723278256,Moderate
1.274111674472113,6.65558512036852,1.0069957248348231,1.0,Bad
2.441364707216806,3.0665839319331534,1.092465237465993,1.604328950247678,Good
2.43505523694224,2.3843168600065203,1.0023318989506411,1.389567164908642,Good
2.428144849380365,5.180589590147555,1.06486945355616,1.3046619003179534,Moderate
2.2442520340537424,4.679679858649811,1.4325689762922658,1.15982202707312,Moderate
1.720682353608403,4.474564328008161,1.073773108433735,1.3046619003179534,Moderate
2.1052417483302674,2.510490834323696,1.138748533229693,1.744172774436083,Good
1.722902335687304,4.28137521954503,1.014657722502915,1.529412187765247,Good
2.5647500470235896,5.058296435745612,1.0766487990672369,1.709212417723082,Bad
3.122788077341802,5.397442234679175,1.0705655685969686,1.669256011953652,Bad
1.0276414857506324,4.381708612475416,1.0013325176836378,1.0,Good
1.7766497658366087,4.936003281343668,1.047804110376992,1.4894557819958172,Moderate
1.4299791187101127,4.87684444117245,1.4273751822774972,1.0499449078776877,Moderate
3.439664010893607,2.214696633467602,1.1484310361445784,2.8379575066795786,Moderate
4.491243335942089,1.3746411030362946,1.1472143956471046,2.967814027427925,Moderate
2.418931020796821,3.4886467612506964,1.087598647493199,1.4894557819958172,Good
2.295800637095729,1.8400555304313075,1.1143649063350174,1.4395120727863295,Good
2.27650046634458,5.279124554336737,1.06645938593082,1.5843507473629632,Moderate
1.171056907325036,4.762502234889517,1.0279828993392923,1.11986681997189,Good
3.174081788774962,5.642028543483062,1.6622619603575592,1.589345597751192,Bad
2.36565099942514,2.0530273550476954,1.0024333089778468,1.6992227169466243,Good
3.223739730728601,1.2799869587623445,1.1070650073843762,2.103773234351753,Moderate
3.4428187460308903,1.2761061388471124,1.6634278958414304,1.9139845022856603,Moderate
1.810417099288344,3.259867694540559,1.0597816587640887,1.5344058394852758,Good
1.954016143436211,2.9600980196249598,1.1061018359891177,1.449500574894587,Good
1.4514780520717157,5.369897878695455,1.0513019727944035,1.4794672798875594,Bad
6.294117612913425,2.4001241021002704,1.0233190734551108,2.648168774613486,Bad
1.4224544630099625,5.827361357971456,1.1058483668869024,1.2697003449367523,Bad
1.445869598218287,4.170913833177329,1.0279828993392923,1.3596004599156697,Good
1.6169265055433228,4.916315219334686,1.0279828993392923,1.3795786628003843,Bad
1.6533812943484474,4.936003281343668,1.1755290882238632,1.4794672798875594,Moderate
4.437682882203206,2.2026755571448104,1.033579479207151,2.029445017955384,Moderate
1.830046591030047,3.8987831683897225,1.0036499494753206,1.3446171074191833,Good
2.457042798549913,6.316439321434957,1.020351207151185,1.834072889415001,Bad
2.0292624424502543,4.758526760830012,1.4349009032258064,1.3695889620239272,Moderate
4.531203335846634,4.080235162962885,1.1399144966964632,1.5843507473629632,Moderate
1.661092861962155,3.760777426038303,1.7089001072677807,1.1348501724683762,Bad
3.276201867360521,2.226528401501846,1.121259221142635,1.8190895369185145,Moderate
1.9618445148716763,2.394918124165203,1.0097331799455889,1.3396222570309548,Good
3.5825619741234718,1.5876129276526822,1.1492421204819276,2.388456931784991,Moderate
2.1475067371812324,4.596857482410105,1.0209871745044694,1.2846836974332383,Good
3.753735685270265,1.6902180200456445,1.1240980862806065,3.482241664028486,Moderate
2.6581068721215724,4.762502234889517,1.0256510003886514,1.4544954252828155,Bad
2.003907693033365,6.272993069213213,1.0437993097551497,1.204772084562579,Bad
1.8665013798351715,5.429056718866674,1.0462326187329964,2.198668199718899,Bad
3.2819604699146963,2.865254567062461,1.2505135763699962,2.698113682491173,Moderate
1.408480120851645,3.882975926295973,1.1072677714729888,1.2097669349508071,Moderate
1.9001519094651491,3.71733117381656,1.0048665899727944,1.4395120727863295,Good
1.857270846563701,2.411955870134514,1.036144587640886,1.5743622452547057,Good
1.4622275510009497,6.091635728784325,1.0699572483482316,1.2996670499297247,Moderate
2.702717224956185,4.028932616766404,1.072289147298873,1.6592675098453944,Moderate
2.7145416286305366,5.772177991859743,1.167897396035756,1.484462130275788,Bad
1.3735443622011485,5.085935445873605,1.0114475522736106,1.764150977320798,Good
1.6584054711056306,3.62267702954261,1.0338126607073457,1.604328950247678,Good
1.914172947353424,5.32257080655848,1.0121664889234356,1.4594890770028446,Moderate
1.6369065377440275,6.288800311306964,1.0757870097162845,1.7391791227160542,Bad
2.5198826096867544,4.261592503391773,1.081515389040031,2.018867969761064,Moderate
2.0023887918724665,5.657741131432537,1.0093276237854645,1.3795786628003843,Bad
2.43505523694224,4.896627157325705,1.1993781577924605,1.389567164908642,Moderate
1.467602268217134,3.681835869713829,1.0617955600466382,1.0849052645906887,Good
1.7900865911255024,5.235772956259268,1.0396424500582977,1.4395120727863295,Moderate
2.241564643197218,2.7826214991113023,1.0734551107656432,2.07380652935878,Good
3.0424007332519545,1.5482368036347192,1.3113097551496309,1.604328950247678,Good
2.856972247579643,4.360222121725229,1.1713952584531675,1.744172774436083,Bad
2.360042610068576,3.90663946236446,1.1472143956471046,1.484462130275788,Good
1.2411621612632735,4.770358528864255,1.0231163093664983,1.1648168774613483,Good
2.093759307031928,2.8260677513330457,1.029148862806063,1.3596004599156697,Good
1.878769779925304,5.898351966176919,1.217779964244073,1.6293008048524218,Bad
3.150830217615216,1.307625968890338,1.0669156191216478,1.8940062994009452,Good
1.489101201578737,3.92244670445821,1.1200932856587642,1.6792457127301093,Good
2.023887725234069,4.174889307236835,1.1340847353284105,1.034961555381201,Bad
1.4851285817016937,2.680111060862614,1.0,1.2447284903320084,Good
2.329863946659029,5.164782348053805,1.5946366109599688,1.9239730043939176,Moderate
1.1988653109612055,4.036788910741142,1.02215313797124,1.0,Good
3.072312315145268,3.894807694330217,1.035282798289934,1.544395540261733,Moderate
2.7907364830319823,3.582732980659004,1.0148144827050136,1.5822099259582652,Moderate
1.3421138146500715,5.5710379352776,1.018249719393704,1.3446171074191833,Bad
2.0212003343775446,4.786165770958005,1.2541779930042751,1.7341842723278256,Bad
1.6505770996701652,2.703774596931102,1.015816410415857,1.354605609527441,Good
2.6151090053983665,2.6682792928283705,1.106843802565099,1.639289306960679,Good
2.73335323563248,5.709043677629019,1.1713952584531675,1.9639294101633475,Bad
1.9253897905634163,5.425081244807168,1.0470621438010106,1.6342956552406505,Bad
3.2321523792603117,4.671823564675073,1.0036499494753206,2.15371814222944,Bad
2.8381606405777,5.937822744339156,1.2203653322969297,1.3645953103038984,Bad
1.8599581729233607,5.772177991859743,1.2996502044306255,1.414539019513386,Bad
1.986264575727048,5.251580198353017,1.0652934224640498,1.4644839273910732,Bad
4.426746471360415,1.512741499531988,1.0827320575204042,2.942840974154982,Moderate
2.0936425032101704,5.590725997286581,1.0608323886513795,1.1847950803460634,Moderate
1.1182442302341136,6.194146167033013,1.0069957248348231,1.4794672798875594,Moderate
2.5156763176693318,2.6051449785976466,1.0816167990672367,1.4395120727863295,Good
2.4329520586850952,3.516191117234416,1.0255495903614458,2.3584902267920187,Good
1.988951902086708,6.131011852802288,1.3917605907500972,1.6193123027441645,Moderate
2.354434156215147,4.15510659108358,1.0559657986785853,1.7841291802055128,Moderate
1.5106001994372047,5.413249476772925,1.1037699090555773,1.6792457127301093,Good
2.0151245362433574,6.793590862719939,1.0656989786241742,1.254716992440266,Bad
2.0185130080178846,4.447019972024441,1.024485036921881,1.3945620152968707,Moderate
1.9169771420317057,2.297519009707308,1.4075770011659543,1.1448386745766337,Bad
2.0776350908865093,3.800153550056266,1.3439564803731052,1.2097669349508071,Moderate
1.9459540353635016,4.26556797745128,1.3089778561989895,1.409545367793357,Moderate
1.6281433487533157,5.129287043951074,1.0535324897007383,1.389567164908642,Moderate
2.072260373670325,4.15510659108358,1.0559657986785853,1.0299667049929724,Good
1.1794695558567465,5.440888486900918,1.0060832304702685,1.11986681997189,Good
2.7722616786568848,4.403573719802698,1.0,1.804106184422028,Bad
1.3224843229083685,5.492096378953125,1.0036499494753206,1.2697003449367523,Good
3.487335578411859,4.486396096042405,1.0012166404974738,2.258601609704844,Bad
2.918781721304792,7.803266619690165,1.247182268169452,1.5793558969747346,Bad
2.1851298866882534,5.791866053868725,1.1434123591138747,1.0749167624824312,Bad
2.783148620404542,4.301063281554011,1.0757870097162845,1.3046619003179534,Moderate
1.825022414272864,3.2401796325315777,1.246016332685581,1.1947835824543211,Good
2.1851298866882534,5.791866053868725,1.1434123591138747,1.0749167624824312,Bad
1.88613080708001,2.924602715522228,1.024332949863972,1.5993340998594494,Good
1.086930551001659,2.4395002261182333,1.0,1.2647054945485237,Good
1.5912212801642969,4.159082065143085,1.167897396035756,1.5793558969747346,Good
2.3348046644734435,4.656016322581324,1.048665899727944,1.9239730043939176,Bad
3.692744096284876,1.9110461386367696,1.0559657986785853,2.1886796976106413,Moderate
2.594831578155076,1.9820367468422329,1.1373705993004275,2.2086567018271563,Good
2.800048862824608,3.685811343773335,1.0510992087057909,1.5144288352687607,Good
1.90856455799686,5.058296435745612,1.058399107656432,1.2297451378355222,Bad
1.6169265055433228,5.626221301389313,1.1422463956471045,1.0,Moderate
3.6303504099603456,3.859312390227485,1.1107149568596968,2.3984466325614484,Moderate
1.0953431995333696,6.158650862930282,1.018249719393704,1.1947835824543211,Moderate
2.2576888593426365,2.3527970299632948,1.4349009032258064,1.5843507473629632,Bad
1.8650167910062303,7.003817717152383,1.0197526249514186,1.6892342148383668,Bad
2.365183655144381,5.243629250234005,1.0,1.449500574894587,Bad
2.5936100075398985,3.165213550266609,1.5764477263894288,1.3995556670168998,Moderate
3.885533609111894,1.9780612727827265,1.0778654675476098,2.7780240966936334,Moderate
2.8479753864485517,5.724850919722768,1.0036499494753206,2.148723291841211,Bad
2.0554032151558,5.263411966387261,1.0408083855421686,1.4245287202898431,Bad
3.9023589061753152,1.1893082885479005,1.5940006436066847,2.608213567512256,Moderate
2.890930814234862,3.0863666480864085,1.3179874823163622,2.3356591935919733,Moderate
2.64607214417182,3.6661232817643534,1.0729988775748154,1.4744724294993308,Moderate
2.48074049452197,5.003113069633899,1.2063738826272834,1.1648168774613483,Moderate
2.547924749960168,5.6893556156200376,1.258841818888457,1.5593788927582195,Bad
1.975865617256816,3.0823911740269025,1.0343426568208318,1.5244173373770182,Good
2.100240661450605,2.724030583805728,1.046089486202876,1.1113047330212975,Good
2.957339623870196,3.8356488541589977,1.018249719393704,1.4644839273910732,Moderate
3.214392329138508,2.218672107527108,1.06645938593082,2.368479927568476,Moderate
1.181205488966962,2.582049367394802,1.000399763699961,1.2226094660425957,Good
2.404909982908546,3.279555756549541,1.305479993781578,1.6342956552406505,Moderate
1.5664507433467885,5.977198868357119,1.0097331799455889,1.3096555520379822,Bad
1.6097885085463397,5.452720254935162,1.220047334628838,1.034961555381201,Bad
2.392057305722169,1.6665544839771569,1.1630308060629615,1.6892342148383668,Good
2.0291456386284965,4.73883869882103,1.008516539448115,1.2846836974332383,Good
4.320186428617053,4.269543451510785,1.0632656976292263,3.037735939522128,Bad
1.8020045152534976,6.205977935067257,1.0717822090944422,1.2996670499297247,Moderate
1.81427291534363,4.951810523437418,1.026583754372328,1.6980480221108998,Moderate
1.2327495772284274,3.681835869713829,1.0,1.1847950803460634,Good
2.1260077393227643,3.1415500141981214,1.0209871745044694,1.5993340998594494,Good
2.780674327188596,5.910183734211162,1.145744258064516,1.544395540261733,Bad
3.080023882758976,5.724850919722768,1.1643995336183444,3.192564314875219,Bad
2.113271994951874,1.5364050356004753,1.0597816587640887,1.9039960001774028,Good
2.01582561716136,4.001293606638411,1.0279828993392923,1.4994454827722743,Moderate
3.3514481663745643,1.1932837626074062,1.7007384469490867,1.8790229469044597,Moderate
1.620782321598609,4.750670466855274,1.036144587640886,1.5593788927582195,Good
1.693341294252992,6.083684780665313,1.1618141655654877,1.7541624752125404,Moderate
1.740311845350106,7.3181641302861715,1.1469102215312863,1.11986681997189,Bad
2.5425500327439834,5.63407759536405,1.1772250198212204,1.6143174523559356,Bad
3.706064117752012,1.2642743708128688,1.0644823381267003,3.0826859970115867,Moderate
3.080023882758976,5.724850919722768,1.1643995336183444,3.192564314875219,Bad
1.5724096731623538,3.819936266209522,1.005829761368053,1.7142060694431107,Good
3.0330533316618618,2.447451174237245,1.0510992087057909,1.6892342148383668,Good
3.4480766594253174,1.5560930976094571,1.068132287602021,2.5183134525333384,Moderate
1.3255555991028831,7.014797597888161,1.0413080761756703,1.2197554370590649,Bad
2.248893808900821,5.314619858439468,1.015517776914108,3.342397839840081,Moderate
3.571461934735236,1.650747241883407,1.166680755538282,3.5321865719061734,Moderate
2.709166911414352,1.5876129276526822,1.4314030408083949,1.294672199541496,Moderate
1.7363392254730623,5.358066110661212,1.0104935872522347,1.2397336399437795,Moderate
2.107196196817686,5.038608373736629,1.0994558973960358,1.4395120727863295,Bad
1.5267244155826232,5.578894229252337,1.1235911480761758,2.0788013797470093,Good
4.076220008178633,4.837468317154486,1.0012166404974738,2.4184236367779635,Bad
1.988951902086708,3.224372390437828,1.2331908184998055,1.3945620152968707,Good
3.0370259515389053,3.29536299864329,1.1352506708122814,2.213651552215385,Moderate
1.9366066337734087,1.812416520303314,1.015816410415857,1.0449500574894588,Good
1.2257390260358578,2.325158019835301,1.031798759424796,1.5044391344923034,Good
2.0185130080178846,6.0718530126310695,1.1247570835600469,1.059933409985945,Bad
2.0185130080178846,5.492096378953125,1.0979401476875243,1.3845723145204134,Bad
3.028963843466196,8.154244186657973,1.2938204430625728,1.8540510922997155,Bad
1.9970140101594172,2.9995687977871963,1.163233570151574,1.709212417723082,Good
1.791161560367485,3.871144158261729,1.209263424795958,1.0249718546047435,Good
1.8328507857083287,5.081959971814099,1.2627959144966965,1.1498335249648624,Moderate
1.9733163141873604,1.5797566336779445,1.0159902401865526,1.978912762659834,Good
3.535007210426976,3.12186195218914,1.0632656976292263,2.338513222575504,Moderate
3.9184831223207337,3.7094748798418222,1.3567819665759813,1.8190895369185145,Moderate
2.124488838161866,4.746694992795767,1.0778654675476098,1.329633754922697,Moderate
1.4031054036354604,5.464552022969405,1.0338126607073457,1.0,Moderate
4.303672715906426,2.4553074682119838,1.1803342277497084,5.090455231540743,Bad
3.5882872317986574,1.5482368036347192,1.0559657986785853,2.35349657507199,Moderate
1.518779111331671,3.891684107569176,1.301728662261951,1.2996670499297247,Bad
2.3786204804332747,4.679679858649811,1.0909444228527012,1.6642623602336228,Bad
2.2872499007769487,3.6463405656110974,1.2774970944422852,1.449500574894587,Good
2.278720448423481,2.234479349620857,1.0705655685969686,1.4894557819958172,Good
2.8166617072160967,2.620952220691396,1.6529343085891957,1.9529412187765245,Bad
1.9137056030726651,4.518010580229904,1.2355227454333464,1.419533869901615,Moderate
2.631233221543785,4.0959477509123605,1.172561221919938,1.2597118428284946,Moderate
3.9528347328687135,1.385337021339251,1.049882568208317,2.003884617264578,Moderate
1.857270846563701,7.077553295541789,1.1340847353284105,1.2297451378355222,Bad
3.652784096380331,2.00570028291072,1.1155815468324912,2.957824326651468,Moderate
2.381307871289799,5.898351966176919,1.037310523124757,1.829079237694972,Bad
2.0292624424502543,2.908890127572752,1.216867469879518,2.19367334933067,Good
1.6814233701249963,6.872532419044414,1.0194663598911775,1.3396222570309548,Bad
2.060973422368532,4.497186668489635,1.0026650353672757,1.3700240785804252,Good
1.9163929294323248,4.427237255871185,1.0739215017489312,1.2846836974332383,Good
2.4217352154751026,3.8514560962527473,1.035282798289934,2.11376293512821,Moderate
1.8975813869272469,8.241042036957184,1.0072998989506412,1.5493891919817622,Bad
1.620782321598609,6.426806053658383,1.247182268169452,1.6193123027441645,Bad
2.009516146886793,2.4789710042804707,1.0,1.4045505174051285,Good
1.7543328832383809,5.235772956259268,1.1532976261173726,1.884017797292688,Bad
2.5506121408166926,3.729162941850804,1.3462883793237466,1.5144288352687607,Moderate
1.5912212801642969,5.417224950832431,1.0617955600466382,1.0,Bad
2.1973982867783857,4.687536152624549,1.3392926544889234,1.2097669349508071,Moderate
1.521349633869574,2.790572447230314,1.1527399828993392,1.0,Good
2.591899873175516,2.778740679196071,1.1119315973571706,1.3446171074191833,Good
2.230815144267984,4.616545544419086,1.2751651675087443,1.9039960001774028,Moderate
2.0023887918724665,4.734863224761524,1.053633899727944,1.2397336399437795,Moderate
3.478922994377013,2.206840339492864,1.0754321585697628,3.632075188993349,Moderate
2.5936100075398985,3.165213550266609,1.5764477263894288,1.3995556670168998,Moderate
2.152881454397417,3.871144158261729,1.0198212110376992,1.3196452528144396,Good
3.010619645241876,4.754645940914779,1.1545142666148465,2.1687014947259264,Bad
2.5563373984918787,3.3623781327892472,1.141131137193937,1.234738789555551,Good
2.825541700028566,1.1261739743171757,1.115747457442674,2.098779582631724,Good
3.2461734171485856,1.1104613863676998,1.0754321585697628,3.6520533918780633,Moderate
1.6100328226693752,5.937822744339156,1.0256510003886514,1.414539019513386,Moderate
3.308987752023917,5.598582291261319,1.1348267019043918,1.484462130275788,Moderate
3.308987752023917,5.598582291261319,1.1348267019043918,1.484462130275788,Moderate
2.32218572392431,7.010538161395833,1.1958802953750487,1.2896785478214672,Bad
2.295312008849658,3.169189024326115,1.2611737178390985,1.204772084562579,Good
4.300556936875349,4.111754993006111,1.083948698017878,2.093784732243495,Bad
2.3114362249950764,5.32257080655848,1.2215312957637,1.419533869901615,Bad
2.360042610068576,3.181020792360359,1.0316328488146134,1.4744724294993308,Good
2.0212003343775446,4.786165770958005,1.2541779930042751,1.669256011953652,Bad
1.174678986743078,5.5275916830558565,1.0104935872522347,1.11986681997189,Good
2.096446697888452,5.22791666228453,1.2565099199378158,1.0149833524964862,Moderate
2.467303669233076,4.170913833177329,1.1200932856587642,1.6842393644501383,Bad
1.4138549025646945,3.287506704668553,1.0081616883015934,1.1698117278495772,Good
2.517078415008472,2.6249276947509017,1.0218996688690245,1.5743622452547057,Good
4.718384459317088,1.650747241883407,1.0097331799455889,3.152607909105789,Bad
2.916094330448267,5.105623507882586,1.0699572483482316,1.7941176823137703,Moderate
1.5777843903785382,5.219965714165518,1.095608248736883,1.958934559775119,Good
2.303374116922367,6.98289915126784,1.1842207446560435,1.3995556670168998,Bad
3.1806082909988462,6.347959151478182,1.361112656043529,2.092119782114086,Bad
1.9378919272907928,5.271268260362,1.0069957248348231,1.6942290652265954,Moderate
1.8492087384909917,5.922015502245406,1.1270890104935871,1.6243059544641931,Bad
3.885533609111894,1.9780612727827265,1.0778654675476098,2.7780240966936334,Moderate
3.69484727454202,1.3667848090615569,1.0510992087057909,2.743063739980632,Moderate
1.6870318239784252,4.151225771168347,1.116798187329965,1.4245287202898431,Good
2.7890869112234418,1.855862772525057,1.6830371364166343,1.943951207278633,Moderate
1.5159749166533891,5.432937538781906,1.0291995398367664,1.2796888470450098,Moderate
2.6965479708652187,5.389585940704437,1.068132287602021,1.5493891919817622,Bad
1.7288145697729125,3.1612380762071037,1.35445006762534,1.449500574894587,Bad
2.901255407820232,2.443475700177739,1.0656989786241742,1.978912762659834,Moderate
3.17045970935692,2.758957963042815,1.0340661298095608,1.938956356890404,Moderate
2.547924749960168,3.263843168600065,1.0827320575204042,1.1997784328425498,Good
2.93490593745021,5.342258868567462,1.0012166404974738,2.07380652935878,Bad
3.992093651855256,1.3904483451300442,1.0778654675476098,2.5832405142393124,Moderate
1.929829819218084,5.472408316944144,1.1830548091721729,1.354605609527441,Bad
1.265153769447229,6.131011852802288,1.0524679362611735,2.198668199718899,Bad
2.5030573771201974,4.589001188435367,1.1812805254566654,1.7591561269325693,Bad
2.1501940635408925,4.794022064932743,1.5316750874465606,1.5793558969747346,Bad
1.55897284787346,3.62267702954261,1.0489700738437622,1.5543840423699908,Good
1.94501928230512,3.8514560962527473,1.1216647773027597,1.0499449078776877,Good
1.427291727853588,3.725282121935572,1.283326855810338,1.349611957807412,Moderate
3.226543925406882,2.0530273550476954,1.0510992087057909,3.3473914915601104,Moderate
1.5052254177241555,5.358066110661212,1.1422463956471045,1.0,Bad
1.7094655103984104,2.4908027723147144,1.0534219012825496,1.5993340998594494,Good
1.9916392929432325,6.497796661863846,1.060629624562767,1.6243059544641931,Bad
2.259090956681778,3.031088627830422,1.018249719393704,1.9739179122716053,Good
4.182780050921995,2.849731287401533,1.0206830003886511,2.613207219232285,Moderate
2.445804735871473,5.058296435745612,1.054799835211815,2.1886796976106413,Bad
1.7685876577638997,3.512310297319184,1.2425184702681695,1.0,Bad
2.27650046634458,2.344846081844284,1.263505644772639,2.0238628201492928,Moderate
2.1553351086166974,1.61127646372117,1.0572377613680528,2.0638180272505227,Good
1.378919079417333,6.186289873058275,1.0034978624174116,1.0249718546047435,Moderate
3.475067178321727,1.5442613295752132,1.150408083948698,2.8479472074560355,Moderate
1.292923281474056,4.336558585656741,1.0816167990672367,1.0449500574894588,Moderate
1.959390860652396,5.559206167243356,1.1434123591138747,1.1448386745766337,Bad
2.475015236846784,2.163488741415395,1.0218996688690245,1.3795786628003843,Good
1.8328507857083287,4.107779518946605,1.0445182464049747,1.5743622452547057,Good
1.4864138752190772,4.782190296898499,1.0,1.409545367793357,Moderate
1.7040907931822258,3.875119632321235,1.0314807617567043,1.204772084562579,Good
1.518779111331671,5.862856662074187,1.000559657986786,1.5543840423699908,Bad
3.0078154505635943,2.447451174237245,1.048665899727944,1.724195770219568,Moderate
1.3950432955627512,3.6581723336453416,1.029148862806063,1.978912762659834,Good
1.5106001994372047,4.541674116298392,1.1119315973571706,1.5493891919817622,Good
1.670206526915004,4.163057539202592,1.1788472164788184,1.4245287202898431,Good
1.3515079119701214,3.7855768118380784,1.0027982899339292,1.655742226670021,Good
3.456489307957028,1.2721306647876065,1.166680755538282,2.103773234351753,Good
1.072558972654383,5.732707213697506,1.0466381748931208,1.0249718546047435,Good
1.1370558372360566,3.5871817254398786,1.0431403124757093,1.034961555381201,Good
2.4637983936367918,3.326882828686516,1.165464087057909,1.5394006898735046,Good
2.303374116922367,5.346234342626968,1.0874465604352896,1.8440625901914576,Bad
2.1475067371812324,4.407549193862204,1.3416245534395648,1.3246389045344684,Bad
1.222807321056298,1.9702049788079887,1.0381584889234357,1.5743622452547057,Good
1.405792794491985,4.028932616766404,1.029148862806063,1.6792457127301093,Good
2.212003601762906,4.403573719802698,1.0960322176447723,1.3446171074191833,Moderate
1.9835771848705237,4.5850257143758615,1.034978624174116,1.214761785339036,Moderate
1.4127799333227116,6.0718530126310695,1.0,1.1847950803460634,Moderate
1.8020045152534976,2.810260509239296,1.0291995398367664,1.5943392494712207,Good
2.698417412485118,2.9428709653671,1.475709288767975,2.083796230135237,Moderate
2.0212003343775446,4.884795389291462,1.121259221142635,1.4794672798875594,Bad
4.561348589880327,1.362809335002051,1.01703307889623,3.252497724861164,Moderate
1.7363392254730623,4.419380961896448,1.4104158663039257,1.2896785478214672,Bad
1.6637802528186798,5.062271909805117,1.029148862806063,1.214761785339036,Moderate
1.9513287525796867,4.825636549120242,1.138748533229693,1.1448386745766337,Bad
1.3028548311666652,5.701187383654281,1.0559657986785853,1.2597118428284946,Moderate
3.2742155574219995,4.853180905103962,1.2043968348231635,1.6293008048524218,Moderate
3.0961480989043944,2.3882923340660263,1.0676253493975905,1.859045942687944,Moderate
1.2693692845162872,2.226528401501846,1.0608323886513795,1.1248616703601186,Good
3.4670050702490176,3.212540622403584,1.0454722114263506,1.9039960001774028,Moderate
2.2282446217300818,2.0766908911161828,1.0279828993392923,1.864039594407973,Good
2.3006867905627075,6.119180084768044,1.0127194869801788,1.3246389045344684,Bad
2.956404870811813,4.561362178307373,1.108433734939759,2.5133186021451097,Moderate
1.5912212801642969,2.873394823470021,1.1247570835600469,1.4994454827722743,Good
3.731301998850279,2.530273550476952,1.1459977271667314,2.8329638549595493,Moderate
3.383452284542366,3.740994709885048,1.1340847353284105,2.038846172645779,Moderate
2.794185517362352,2.912770947487984,1.0644823381267003,1.834072889415001,Good
1.835655044883476,5.283100028396243,1.1897970649047804,1.6193123027441645,Bad
1.6852791861802827,6.292775785366469,1.3113097551496309,1.03995520710123,Bad
1.661092861962155,6.7620710326767135,1.191216469490867,1.1448386745766337,Bad
1.3950432955627512,4.226097199289042,1.0524679362611735,1.314650402426211,Good
3.6255598408466776,4.600832956469611,1.241352506801399,1.8140958851984847,Bad
2.6124216145418417,5.523710863140624,1.0198212110376992,1.7142060694431107,Bad
2.3432173130051543,3.204684328428846,1.0255495903614458,1.779134329817284,Good
2.2442520340537424,6.391310749555651,1.1189273221919938,1.6542726594571655,Bad
2.1958793856174874,1.997843988935982,2.141469111542946,1.7591561269325693,Bad
2.354434156215147,6.020645120578863,1.0644823381267003,1.5144288352687607,Bad
4.095849499920336,2.6682792928283705,1.2822623023707735,1.5543840423699908,Moderate
3.341516616681955,3.6108452615083664,1.3662110003886514,2.0638180272505227,Bad
1.752463441618481,4.273424271426018,1.024485036921881,1.4395120727863295,Moderate
1.7927739819820272,5.145094286044824,1.1655654970851146,1.6293008048524218,Moderate
1.7148402276145949,4.139394003134104,1.0046638258841818,1.03995520710123,Good
2.1188803843084374,5.657741131432537,1.0425826692576758,1.2647054945485237,Moderate
1.6068568680636446,3.567493663430897,1.01703307889623,1.2530520423108564,Good
2.0830098725995585,4.131443055015092,1.1865526715895842,1.6592675098453944,Moderate
2.4778194315250657,4.391741951768454,1.0279828993392923,1.374583812412156,Moderate
5.18668774395536,3.0942229420611462,1.0218996688690245,4.381242813817661,Bad
2.3235878212634518,1.09465414427395,1.0145997699183833,2.5183134525333384,Good
2.9402806546663944,3.3860416688577346,1.7835211815001943,1.918979352673889,Bad
2.569423683321771,3.0074250917619345,1.1539059463661097,2.0488346747540365,Good
2.160943562470126,5.381729646729699,1.0769529731830547,1.6592675098453944,Bad
1.5720591327033524,4.111754993006111,1.1131482378546445,1.9988897668763488,Good
1.2075116316332957,4.052596152834892,1.0,1.0,Good
1.639593928600552,5.858881188014681,1.064127486980179,1.0149833524964862,Moderate
2.27030779989177,2.534154370392184,1.0304162083171395,1.0699219120942025,Good
2.9538756262672425,4.346307962516959,1.0778654675476098,1.4245287202898431,Moderate
2.3383099400697285,5.79584152792823,1.174893120870579,1.6193123027441645,Bad
1.9943266837997573,5.137143337925812,1.1189273221919938,1.3645953103038984,Moderate
1.4094148739100274,4.226097199289042,1.01703307889623,1.214761785339036,Good
1.722902335687304,6.470252305880126,1.2973183054799844,1.0449500574894588,Bad
2.918781721304792,2.908890127572752,1.1177613587252235,2.703107334211202,Moderate
2.158139367791844,6.6161143422062825,1.2141300147687524,1.7741394794290557,Bad
1.2607916530049768,3.7094748798418222,1.0152634123591138,1.3995556670168998,Good
1.365482254128439,5.235772956259268,1.0011659634667702,1.5144288352687607,Moderate
2.9264932889185,2.3961486280407645,1.0632656976292263,2.223640054323643,Moderate
1.2019032422767315,5.6498848374578,1.0121664889234356,1.0199782028847149,Good
1.8492087384909917,2.411955870134514,1.1609016712009328,1.4045505174051285,Good
2.2979993997061827,3.326882828686516,1.0513019727944035,1.609322601967707,Good
2.394744696578693,5.038608373736629,1.4418966280606296,1.4395120727863295,Bad
1.7873992002689778,4.131443055015092,1.1410804601632336,1.3046619003179534,Good
1.4221613247604388,4.967617765531168,1.215701506412748,1.469478777779302,Bad
1.5320991327988076,2.774765205136565,1.2366886809172173,1.839067739803229,Moderate
2.5264258165985654,5.421105770747662,1.415079664205208,1.2447284903320084,Moderate
3.6107209182186426,3.299338472702797,1.165464087057909,1.0099885021082575,Bad
1.2103158908084422,5.200277652156537,1.024332949863972,1.3596004599156697,Good
3.015527018177302,5.302788090405224,1.2320248830159346,1.5743622452547057,Bad
3.579874583266947,1.6744107779518946,1.1081157372716672,2.198668199718899,Moderate
1.2579874583266948,3.788321782022023,1.1177613587252235,1.5144288352687607,Good
1.7094655103984104,4.431212729930692,1.197046258841819,1.6492790077371366,Moderate
2.219831973198371,6.596426280197301,1.0948985184609406,3.18756946448699,Bad
2.1152583048903955,2.534154370392184,1.1072677714729888,1.2197554370590649,Good
1.3421138146500715,3.681835869713829,1.0534219012825496,1.274695195324981,Good
1.8115855244871053,6.253305007204232,1.2984842689467548,1.2497221420520372,Bad
1.8693055745134532,5.13326251801058,1.0928523528954528,1.5194224869887896,Bad
1.5240370247260986,5.054320961686106,1.180722882238632,1.4245287202898431,Good
1.5240370247260986,6.075828486690575,1.072289147298873,1.6243059544641931,Bad
2.037324550522963,3.054752163898909,1.3509522052079286,1.3596004599156697,Bad
1.9110182122161403,4.589001188435367,1.1643995336183444,1.5943392494712207,Bad
1.9478234769834015,4.628377312453329,1.0826767353284104,1.4794672798875594,Moderate
1.4224544630099625,5.827361357971456,1.1058483668869024,1.2697003449367523,Bad
2.4861152762350187,5.365922404635949,1.1562378453167508,1.7741394794290557,Bad
2.0431666765167718,3.985581018688935,1.0377160792848814,1.529412187765247,Moderate
2.990990153500173,1.907070664577264,1.100981776914108,4.321309403831716,Moderate
2.518363708525856,2.0253883449197017,1.060629624562767,1.6342956552406505,Good
4.342620115037038,1.3707602831210628,1.0888152879906725,3.552164774790888,Moderate
3.349929265213666,2.1831768034243764,1.1492421204819276,2.018867969761064,Moderate
1.400418012778936,4.991281301599655,1.0,1.034961555381201,Moderate
1.5892668316768783,6.8330616408821765,1.003997553050913,2.1836848472224126,Bad
3.2439534350696846,4.790141245017511,1.222697231247571,2.3984466325614484,Moderate
1.1263063383068228,5.503928146987369,1.030314798289934,1.7591561269325693,Moderate
2.9913406939591747,3.930302998432948,1.2868247182277497,1.4345172223981009,Moderate
2.3409973309262533,1.907070664577264,1.036144587640886,1.3596004599156697,Good
3.585483037120375,2.93255366364124,1.0827320575204042,1.864039594407973,Moderate
3.808301000159329,1.9898930408169704,1.1235911480761758,3.172586111990504,Moderate
1.827242396351765,3.6424597456958656,1.015816410415857,1.5244173373770182,Good
2.009516146886793,4.407549193862204,1.0048665899727944,1.4794672798875594,Moderate
4.367273783535925,2.4829464783399766,1.204041983676642,2.5882353646275407,Moderate
1.5052254177241555,3.7804654880472848,1.1574038087835212,1.1148719695836613,Good
2.155568845253941,1.4614389533355068,1.0501360373105324,1.644284157348908,Good
2.89003856461024,2.975905261718709,1.1155815468324912,1.7541624752125404,Good
2.3114362249950764,5.496071853012631,1.2261950936649826,1.0449500574894588,Bad
1.8355275345821973,3.620405330080035,1.0,1.5194224869887896,Good
2.357121547071672,2.7314136070590957,1.247182268169452,1.2097669349508071,Moderate
1.2794863916882977,6.048189476562582,1.02215313797124,1.0,Moderate
2.009516146886793,4.865012673138205,1.0279828993392923,1.419533869901615,Bad
3.407882922883529,2.8812511174447586,1.2646715802565098,1.7491676248243118,Moderate
1.4944759832917862,5.776058811774976,1.0256510003886514,1.5094339848805318,Moderate
2.7890869112234418,2.139825205346908,1.1459977271667314,2.4134299850579346,Good
1.3896685783465663,3.374209900823491,1.029148862806063,1.3596004599156697,Good
2.8535837758051152,1.7690649222258448,1.0408083855421686,1.6492790077371366,Moderate
2.7322015151216448,5.594701471346087,1.051968245627672,1.2996670499297247,Bad
2.3432173130051543,3.729162941850804,1.0,1.3346286053109258,Good
1.4810390935060278,5.902327440236425,1.0781189366498252,1.4794672798875594,Moderate
1.5944928191233376,3.930302998432948,1.001338310143801,1.4245287202898431,Good
2.3759330895767503,1.0,1.0909444228527012,1.6245696614681315,Good
1.7793370921962686,3.3584973128740154,1.1873637559269334,1.2497221420520372,Bad
2.6661689801942816,4.794022064932743,1.0326467252234746,1.7341842723278256,Bad
1.3816064702738573,2.273855473638821,1.005829761368053,1.0249718546047435,Good
3.422838713830185,3.882975926295973,1.081515389040031,2.098779582631724,Moderate
1.2551832636484126,6.021402353733054,1.0304162083171395,1.174805379569606,Good
1.6100328226693752,3.579325431465141,1.1655654970851146,1.0,Good
1.2203643088196732,4.001293606638411,1.121259221142635,1.2697003449367523,Good
2.3409973309262533,2.502634540348958,1.0023318989506411,2.0088794676528066,Good
2.2254404270518,5.523710863140624,1.0489700738437622,1.5943392494712207,Bad
1.954016143436211,4.123586761040354,1.197046258841819,1.204772084562579,Moderate
2.2657509674153458,4.975474059505905,1.1574038087835212,1.5793558969747346,Bad
2.2030067406318143,2.9285781895817338,1.0,1.5593788927582195,Good
1.193490593745021,5.614389533355069,1.0921103863194714,1.2226094660425957,Bad
1.9001519094651491,4.24976073535753,1.0729988775748154,1.2297451378355222,Bad
3.596699880330368,2.3409652619290515,1.1982121943256898,3.192564314875219,Moderate
3.17045970935692,1.8045602263285765,1.0316328488146134,2.298556816806074,Bad
2.825541700028566,3.8909268744149847,1.0024333089778468,1.5743622452547057,Good
2.099134088744977,6.4149742856241385,1.312475718616401,1.7741394794290557,Bad
1.3090474976194746,6.6161143422062825,1.0163233486202876,1.0,Bad
1.647656036673261,6.462301357761114,1.1597357077341623,1.3645953103038984,Bad
1.7038570565449818,5.223941188225024,1.0,1.709212417723082,Bad
1.740311845350106,6.103467496818569,1.0425573167508744,1.7491676248243118,Bad
1.8492087384909917,1.7375450921826194,1.209871745044695,1.4594890770028446,Moderate
1.053280021371681,4.913948865727837,1.0012166404974738,1.11986681997189,Good
1.833084522345573,5.8391931260057,1.1947143319082782,1.4544954252828155,Bad
2.8928427592885217,1.4141118811985318,1.0559657986785853,1.9239730043939176,Good
1.5047580734433967,4.419380961896448,1.0206830003886511,1.709212417723082,Good
1.1346021830167758,6.036357708528338,1.0629615235134084,2.198668199718899,Bad
1.7175276184711197,3.6503160396706034,1.3334628931208703,1.0,Moderate
1.773962374980084,6.4149742856241385,1.0377160792848814,1.5194224869887896,Bad
3.6179863610200393,1.6389154738491634,1.0864925954139135,2.1437296401211823,Moderate
1.9997014010159415,6.107348316733801,1.313641654100272,1.314650402426211,Bad
2.4323678460857145,5.878663904167937,1.1445783225806452,1.4944506323840456,Bad
1.7067781195418856,5.957510806348138,1.0060832304702685,1.419533869901615,Bad
2.1233204129631047,2.0885226591504265,1.2320248830159346,1.0,Good
1.482029184874221,2.8930828854790027,1.0023318989506411,1.799112532701999,Good
2.88922067987048,1.8834071285087768,1.2861887508744656,1.589345597751192,Moderate
2.459241561160366,2.372485091972277,1.101438010104936,1.5394006898735046,Good
1.9701403595816296,6.020645120578863,1.1853867081228138,1.2996670499297247,Bad
1.7632128760508503,4.770358528864255,1.2180334333462883,1.1148719695836613,Bad
1.720215009327644,4.31687052364776,1.1585697722502917,1.469478777779302,Moderate
1.8833266124017285,2.3409652619290515,1.0046638258841818,1.234738789555551,Good
1.5030755437370549,4.052596152834892,1.0,1.0,Good
1.7543328832383809,6.797566336779445,1.0191462075398368,1.761506715272218,Bad
2.511470025651908,4.147250297108842,1.0291995398367664,1.469478777779302,Moderate
1.4318485603300124,3.1928525603946025,1.0072998989506412,1.5643725444782484,Good
4.578173886943748,3.050871343983677,1.1715473455110763,2.618202069620513,Moderate
1.55897284787346,3.023232333855684,1.4232413525068015,1.4295223720098722,Bad
3.133771248411416,2.4868272982552084,1.0116595507190052,1.6992227169466243,Moderate
2.598984789252948,4.809829307026492,1.1900505340069958,1.5194224869887896,Moderate
1.6879665770368073,6.888245006993889,1.0874465604352896,1.5843507473629632,Bad
3.103158650096964,5.713019151688525,1.0279828993392923,1.639289306960679,Moderate
2.9180806403867887,2.91674642154749,1.0608323886513795,1.5394006898735046,Moderate
1.7632128760508503,6.2848248372474576,1.307811892732219,1.3346286053109258,Bad
2.220065709835615,2.52232260235794,1.8115040808394869,1.729189421939597,Bad
3.394796638053636,3.2756749366343088,1.035282798289934,2.0088794676528066,Moderate
2.186181443568393,3.512310297319184,1.3540445114652158,1.1398450228566048,Good
2.568446491326494,5.898351966176919,1.2984842689467548,1.9889012647680917,Bad
1.733651834616538,3.255892220481053,1.2145355709288768,1.0,Good
2.222753036195275,5.9456790383138935,1.0186552755538285,1.744172774436083,Moderate
1.854583455707176,5.989030636391363,1.101438010104936,1.4045505174051285,Bad
1.5972970782984843,3.626652503602116,1.0,1.5094339848805318,Good
1.6197307647184696,6.553074682119831,1.0218996688690245,1.1498335249648624,Bad
1.541773662486059,5.574918755192831,1.205674310143801,1.449500574894587,Moderate
2.511470025651908,2.4395002261182333,1.0145997699183833,1.03995520710123,Good
1.7067781195418856,5.523710863140624,1.0163233486202876,1.214761785339036,Bad
1.986264575727048,5.6498848374578,1.0571317621453555,1.744172774436083,Bad
1.6369065377440275,3.788321782022023,1.0687912848814614,1.2447284903320084,Good
3.212522887518608,3.1100301841548963,1.1289646762534007,2.123751437236468,Moderate
2.1179456312500555,5.283100028396243,1.138748533229693,1.314650402426211,Bad
2.346372048142438,5.523710863140624,1.0338126607073457,1.875027785794796,Bad
2.901255407820232,4.466708034033423,1.081515389040031,1.7192009198313394,Bad
2.4778194315250657,5.200277652156537,1.1760590843373495,1.0,Bad
1.2203643088196732,5.543398925149606,1.0116595507190052,1.034961555381201,Moderate
1.8303971314890488,5.259436492327756,1.1475461888845706,1.5094339848805318,Bad
2.912472251030225,1.8715753604745329,1.2567126840264282,1.6892342148383668,Bad
1.7175276184711197,5.910183734211162,1.101438010104936,1.3396222570309548,Moderate
1.7067781195418856,5.957510806348138,1.0060832304702685,1.419533869901615,Bad
2.4161268261185387,5.6893556156200376,1.048665899727944,1.5394006898735046,Bad
2.3796720373134144,5.058296435745612,1.2518460940536338,1.5493891919817622,Bad
2.2684383582718706,6.718719434599245,1.114263496307812,1.6842393644501383,Bad
1.0,4.999137595574393,1.0024333089778468,1.11986681997189,Good
1.378568538958331,3.5596373694561594,1.0432463116984063,1.2397336399437795,Good
2.096446697888452,4.269543451510785,1.0,1.274695195324981,Moderate
2.385280491166843,7.061840707592314,1.015816410415857,1.4944506323840456,Bad
1.05374736565244,6.896195955112901,1.0781189366498252,1.1248616703601186,Bad
1.084126356323377,5.922015502245406,1.0279828993392923,2.198668199718899,Bad
1.6691549700348642,4.94395422946268,1.0601632335794793,1.11986681997189,Bad
1.24396642043842,3.7962727301410335,1.0572377613680528,1.2597118428284946,Good
1.8108177538111248,4.226097199289042,1.1858863987563155,1.3645953103038984,Moderate
2.3194983330677856,4.230072673348548,1.0769529731830547,1.4644839273910732,Moderate
1.647656036673261,6.462301357761114,1.1597357077341623,1.3645953103038984,Bad
3.100354390921817,1.2690070780265663,1.132614597745822,1.9489460576668611,Moderate
1.905643494999956,5.081959971814099,1.0874465604352896,1.6742508623418806,Moderate
6.543926159345654,2.1516569733811512,1.097331827438787,3.6420648897698062,Bad
1.297246441810101,6.103467496818569,1.0279828993392923,2.198668199718899,Bad
1.8146972402157129,5.860774270900161,1.0398423319082784,1.3329636551815165,Bad
1.6127202135259,3.074534880052165,1.079284872133696,1.1798002299578347,Good
3.0823273237806457,2.017532050944964,1.369607452778857,1.938956356890404,Moderate
1.4094148739100274,4.43906902390543,1.010175589584143,1.409545367793357,Good
1.0785179024699485,4.135418529074598,1.0,1.1897887320660925,Good
2.491489993451204,2.131874257227896,1.3731053151962689,2.103773234351753,Moderate
1.68670192251609,3.5990134934741222,1.0036499494753206,1.2996670499297247,Good
1.4111675117081697,5.614389533355069,1.2623396813058687,1.3346286053109258,Moderate
2.458190004280227,3.92244670445821,1.0524679362611735,1.4794672798875594,Moderate
1.9002687132869067,6.304607553400713,1.2366886809172173,1.5244173373770182,Bad
1.827709740632524,2.751101669068077,1.0,1.4295223720098722,Good
2.219577081589544,3.366353606848753,1.0384764865915277,1.3346286053109258,Good
3.972464224610418,3.5911571994993845,1.319978381655655,2.5732520121310545,Bad
2.2496267512699277,5.657741131432537,1.0036499494753206,1.419533869901615,Bad
3.0078154505635943,5.243629250234005,1.097331827438787,2.6381802725052284,Moderate
2.1690056705428358,5.310739038524236,1.179556946754761,1.8140958851984847,Bad
1.8325958940995024,3.9619174826204473,1.1616789801787797,1.0998886170871751,Good
1.9352045364342685,3.6976431118075785,1.0921103863194714,1.7941176823137703,Moderate
1.2215327340184348,6.533291965966576,1.0194663598911775,1.329633754922697,Moderate
1.6879665770368073,6.888245006993889,1.0874465604352896,1.5843507473629632,Bad
1.2198756805736024,3.263843168600065,1.006359757481539,1.3596004599156697,Good
2.4004614406677547,3.326882828686516,1.0513019727944035,1.609322601967707,Good
1.0673010592599557,7.587928441466929,1.0024333089778468,1.5793558969747346,Bad
2.1357056813718587,4.494347044161417,1.032849489312087,1.5493891919817622,Bad
1.5912212801642969,4.723031456727281,1.13291877186164,1.294672199541496,Moderate
2.096446697888452,3.1928525603946025,1.015816410415857,1.2996670499297247,Good
3.1732639040352018,5.038608373736629,1.0036499494753206,1.7491676248243118,Bad
1.929829819218084,3.3071947666775343,1.0206830003886511,1.8490562419114869,Good
2.832297295115444,5.290956322370981,1.0826767353284104,1.764150977320798,Bad
2.2684383582718706,6.718719434599245,1.114263496307812,1.6842393644501383,Bad
1.142430554452241,6.359790919512426,1.0069957248348231,1.0,Moderate
2.723825307318423,5.254135860248415,1.2261950936649826,1.4744724294993308,Bad
1.9898866551450904,1.9386851487647636,1.0826767353284104,1.8790229469044597,Good
2.668505830591805,5.665692079551549,1.0961151869413135,1.374583812412156,Bad
1.738782237709687,4.987305827540149,1.162067634667703,1.5044391344923034,Bad
2.676918479123516,2.463163762186721,1.0198212110376992,1.4295223720098722,Moderate
2.3383099400697285,4.880819915231955,1.0151574131364167,1.419533869901615,Moderate
1.5019538787651148,4.679679858649811,1.0,1.2597118428284946,Good
1.639593928600552,5.085935445873605,1.1469102215312863,1.1498335249648624,Moderate
1.8538156205343312,3.461007751122703,1.0582976976292269,2.0788013797470093,Good
1.4570865059251443,3.204684328428846,1.0127194869801788,1.4245287202898431,Good
2.193191994760963,4.872963621257218,1.0820831620676254,1.6134364312291425,Moderate
1.4810390935060278,6.103467496818569,1.1165954232413524,1.5793558969747346,Bad
1.4864138752190772,2.7984287412050524,1.06645938593082,1.1847950803460634,Good
1.9244550375050344,4.565337652366879,1.4372328021764478,1.8140958851984847,Moderate
1.608513921508477,3.0665839319331534,1.0546938359891178,1.5044391344923034,Good
1.7014034023257012,4.667848090615568,1.072289147298873,1.7192009198313394,Good
1.7417139426892472,4.73883869882103,1.0862805969685192,1.9139845022856603,Moderate
1.478351767146368,1.4692952473102447,1.475709288767975,1.0,Bad
2.016593452334205,1.4890779634635003,1.0153905946366109,1.4794672798875594,Good
1.9786698119350976,2.684086534922121,1.1058483668869024,1.8140958851984847,Good
1.830046591030047,2.313326251801058,1.1094982883793238,1.254716992440266,Good
2.255001468486112,2.790572447230314,1.2728332685581034,1.4944506323840456,Moderate
1.0644968645816737,4.340534059716248,1.0116595507190052,1.1248616703601186,Good
2.2282446217300818,6.726575728573982,1.0194663598911775,1.3645953103038984,Bad
2.028555234330116,2.419812164109252,1.0736392102603964,2.303551667194302,Good
2.9268438293775008,2.013556576885458,1.0594636610959969,2.148723291841211,Moderate
1.835387963367243,4.218240905314305,1.078618627283327,1.6842393644501383,Good
3.03024913698358,3.792297256081529,1.100981776914108,2.303551667194302,Moderate
2.2979993997061827,2.033339293038713,1.0093276237854645,1.9988897668763488,Good
1.4219170106374035,2.467139236246227,1.2658375437232805,1.15982202707312,Bad
4.813727658850457,2.561793380520177,1.01703307889623,1.414539019513386,Bad
2.777870068013449,1.6625790099176507,1.0559657986785853,3.017757736637413,Good
1.8384592395617576,2.459282942271489,1.167897396035756,2.0887898818552664,Good
1.8736393768321544,6.012694172459851,1.307811892732219,1.5543840423699908,Bad
1.948641361723162,5.168757822113311,1.1095996984065293,1.4894557819958172,Bad
3.1732639040352018,1.3234332109840876,1.1106596346677031,2.0338513222575503,Good
1.0364547243082598,4.435188203990197,1.0048665899727944,1.2097669349508071,Good
1.3547327551992052,5.358066110661212,1.0174893120870578,1.0,Moderate
1.193490593745021,4.565337652366879,1.1386978561989896,1.2197554370590649,Bad
2.3684551941034213,3.571469137490403,1.0,1.4395120727863295,Moderate
3.9107715547070256,1.2879379068813563,1.068132287602021,2.8529408591760648,Moderate
1.5776675865567809,4.900507977240936,1.3783774613291877,1.4744724294993308,Bad
1.7793370921962686,3.973749250654691,1.0256510003886514,1.3596004599156697,Moderate
2.65448479270353,4.892651683266199,1.2080467842984843,1.9339627051703752,Bad
1.854583455707176,5.097767213907848,1.0186552755538285,1.3396222570309548,Moderate
1.334211013832879,6.595101122177465,1.0076316921881072,1.0,Bad
2.211419389163525,4.8611318532229735,1.058399107656432,1.834072889415001,Good
2.3409973309262533,2.502634540348958,1.0023318989506411,2.0088794676528066,Good
1.7873992002689778,1.997843988935982,1.0489700738437622,2.11376293512821,Good
2.099134088744977,4.628377312453329,1.2739992320248736,1.354605609527441,Bad
2.048074049452197,4.936003281343668,1.3171395165176836,1.4994454827722743,Bad
2.037324550522963,3.098198416120652,1.0443062479595802,1.1098783178636322,Good
1.8895192788545376,4.64418455454708,1.077186154683249,1.449500574894587,Moderate
3.566437757978053,2.064859123081938,1.2366886809172173,1.8140958851984847,Moderate
2.113271994951874,5.038608373736629,1.1301813167508743,1.374583812412156,Bad
1.4901761708207195,5.814488394350199,1.0713563933151962,1.5993340998594494,Bad
2.4269931288695297,1.4772461954292564,1.541002711232025,1.764150977320798,Moderate
1.25261274111051,3.255892220481053,1.0023318989506411,1.9139845022856603,Good
1.496345424911686,5.811554115877707,1.0790821080450836,1.1498335249648624,Moderate
1.419229619780879,5.358066110661212,1.0023318989506411,1.0,Moderate
1.8062108072709209,5.393561414763943,1.1574038087835212,1.2247502874472935,Moderate
1.222807321056298,6.363766393571932,1.0,1.1847950803460634,Moderate
2.116076189630156,6.048189476562582,1.0279828993392923,1.1847950803460634,Bad
1.8814571707818284,4.021076322791666,1.0617955600466382,1.5943392494712207,Good
2.54231629610674,4.648160028606586,1.0425826692576758,2.2086567018271563,Bad
2.1367572382519984,6.225665997076239,1.241352506801399,1.5144288352687607,Bad
3.9107715547070256,1.4811270153444884,1.1691140365332298,2.8479472074560355,Moderate
1.720215009327644,3.354521838814509,1.0629615235134084,1.0,Good
2.3006867905627075,3.5833009055246468,1.1655654970851146,1.4395120727863295,Good
2.152881454397417,3.871144158261729,1.0198212110376992,1.3196452528144396,Good
5.485219479282844,3.5478056014219157,1.037310523124757,2.423418487166193,Bad
1.55897284787346,4.399692899887466,1.0046638258841818,1.0,Good
2.800303754433434,5.200277652156537,1.100981776914108,1.7142060694431107,Bad
3.6003963246332726,2.9562171997097275,1.0750450431403031,1.7192009198313394,Moderate
1.894161053701616,5.866832136133693,1.053633899727944,1.4045505174051285,Bad
2.811520662140292,2.33301431381004,1.0032849405363389,3.142619406997532,Moderate
2.6527321549053875,5.673548373526288,1.0198212110376992,1.7042175673348532,Bad
1.8749139638700172,4.182745601211574,1.0364994387874078,1.5493891919817622,Moderate
2.266483909784452,2.91674642154749,1.103027942479596,1.5344058394852758,Good
1.3171096056921838,4.612664724503855,1.0088612607850758,1.2397336399437795,Good
2.17169306139936,6.848868882975926,1.3521181406917997,1.3446171074191833,Bad
1.6637802528186798,6.304607553400713,1.0198212110376992,1.569367394866477,Bad
2.332935222853544,4.391741951768454,1.3101437916828604,1.589345597751192,Bad
2.2039414936901967,4.671823564675073,1.4535561507967354,1.5993340998594494,Bad
1.6503433630329214,4.979449533565411,1.0454722114263506,1.5394006898735046,Bad
1.0522117598036147,2.5854569165886647,1.0,1.2397336399437795,Good
2.152881454397417,1.8913580766277884,1.1002720466381657,1.589345597751192,Good
1.795461308341687,3.555661895396653,1.003997553050913,1.5643725444782484,Good
2.177067778615545,4.328702291682004,1.313641654100272,1.11986681997189,Bad
1.5025380913644957,5.622245827329807,1.1235911480761758,1.4644839273910732,Moderate
2.931834661255696,1.4811270153444884,1.1177613587252235,1.7691458277090266,Good
1.4729769854333186,4.379910183734211,1.1399144966964632,1.5194224869887896,Good
4.317382233938771,1.4299191232922814,1.0510992087057909,4.286349047118714,Moderate
1.9620782515089203,6.170482630964526,1.083948698017878,1.0799116128706598,Bad
3.4480766594253174,1.5442613295752132,1.0364994387874078,2.2735849622013298,Good
2.144118265406705,5.5275916830558565,1.0279828993392923,1.7192009198313394,Bad
2.57748579139448,4.592882008350599,1.0046638258841818,1.3695889620239272,Moderate
3.204620086701416,2.61697674663189,1.0795303381267003,1.4869589561358023,Bad
2.037813178769034,6.45046958972687,1.1348267019043918,1.2397336399437795,Bad
1.38417699281176,4.068403394928641,1.024332949863972,1.3596004599156697,Good
2.104859346420163,6.0718530126310695,1.0255495903614458,1.2647054945485237,Bad
3.223739730728601,1.9898930408169704,1.0790821080450836,2.857935709564293,Good
2.124488838161866,7.223509986012221,1.0364994387874078,1.4544954252828155,Bad
2.001103498355083,5.63407759536405,1.2275131441896618,1.9689230618833768,Moderate
2.2657509674153458,5.464552022969405,1.0921103863194714,1.6542726594571655,Bad
2.3993015290551174,5.8707129560489255,1.2652292234745433,1.3396222570309548,Bad
2.962948077723624,2.498659066289452,1.192230345899728,2.31354016930256,Good
1.748724493881817,4.959666817412156,1.0,1.7541624752125404,Bad
1.6674023322367215,4.072284214843873,1.0097331799455889,1.0,Good
2.738611149026907,5.251580198353017,1.0572377613680528,1.8490562419114869,Bad
1.2956106078337162,6.115299264852813,1.0279828993392923,1.1648168774613483,Moderate
3.754553570010025,1.761208628251107,1.209871745044695,3.14761425738576,Moderate
1.833084522345573,5.563086987158588,1.0116595507190052,1.5543840423699908,Bad
1.9029561041434315,5.361946930576443,1.0340661298095608,2.0138731193728354,Bad
2.5899879281218565,4.021076322791666,1.646039993781578,1.0,Bad
2.12063302210658,3.40582438501099,1.0011659634667702,1.4744724294993308,Good
1.8223350234163396,6.0718530126310695,1.0163233486202876,1.4395120727863295,Moderate
2.182442495831729,6.316439321434957,1.0326467252234746,1.908989651897432,Bad
2.572111074178296,3.764658245953535,1.0186552755538285,1.3845723145204134,Good
1.674529687251049,5.468432842884638,1.0046638258841818,1.034961555381201,Moderate
1.437457014183441,4.34441487963148,1.0535324897007383,1.5543840423699908,Good
1.1354434156215147,3.3860416688577346,1.0218996688690245,1.1448386745766337,Good
1.1881158765288364,2.6761355868031087,1.0104935872522347,1.11986681997189,Good
2.8339543485602765,1.6192274118401817,1.0953962502914885,2.0288564718693216,Good
2.1260077393227643,4.383885657793717,1.4990283622230858,1.4794672798875594,Bad
2.193191994760963,1.1222931544019437,1.096774184220754,1.3346286053109258,Good
2.064198265597615,6.0718530126310695,1.4477263894286825,1.2447284903320084,Bad
1.389785382168324,5.373778698610687,1.0072998989506412,1.034961555381201,Moderate
2.4161268261185387,3.934278472492454,1.0186147003497863,2.093784732243495,Moderate
2.109883523177346,3.464983225182209,1.1177613587252235,1.1897887320660925,Good
2.768289058779841,4.727006930786786,1.1189273221919938,1.8890126476809168,Bad
3.235891326996976,2.9955933237276904,1.053633899727944,2.15371814222944,Moderate
3.6499799017020487,2.096378953125164,1.1021984174115818,2.8529408591760648,Moderate
2.413556303580636,3.654291513730109,1.278663029926156,1.9239730043939176,Good
1.7175276184711197,5.764227043740732,1.0734551107656432,2.6731406292182296,Bad
2.518608022648891,4.435188203990197,1.087598647493199,1.7691458277090266,Good
1.078237470102747,4.399692899887466,1.0232379790128254,1.2397336399437795,Good
2.295312008849658,3.390017142917241,1.1900505340069958,1.764150977320798,Good
2.247874113471785,1.1853328144883943,1.0877645581033812,1.604328950247678,Good
2.620483722614551,5.310739038524236,1.083948698017878,1.5843507473629632,Bad
2.6903553044124093,4.20640913728006,1.0443062479595802,1.5543840423699908,Moderate
1.142430554452241,4.557386704247867,1.0,1.1348501724683762,Moderate
1.7963960614000691,5.145094286044824,1.0754321585697628,1.644284157348908,Bad
1.1009515888899335,6.229641471135745,1.0617955600466382,2.198668199718899,Bad
1.5132875257968648,4.924171513309425,1.1049358725223477,1.0149833524964862,Moderate
1.658989683705011,5.302788090405224,1.083948698017878,1.3795786628003843,Bad
2.6797226738017974,3.875119632321235,1.0316328488146134,1.3695889620239272,Moderate
4.052851568700266,3.1100301841548963,1.3229693058686358,1.7341842723278256,Moderate
1.5697222823058292,4.237928967323287,1.005829761368053,1.15982202707312,Good
1.1354434156215147,3.3860416688577346,1.0218996688690245,1.1448386745766337,Good
1.4837264843625526,6.209953409126763,1.036144587640886,1.0,Good
1.1693042695268934,5.665692079551549,1.0031092079284882,1.154828375353091,Moderate
1.773962374980084,5.018825657583375,1.0165353470656822,1.3196452528144396,Moderate
1.7766497658366087,3.4491759830884594,1.031980452390206,1.0,Good
1.9405792536504527,4.443044497964936,1.1667314325689857,1.5493891919817622,Good
2.1020551517418813,4.43906902390543,1.0961151869413135,1.2796888470450098,Moderate
2.345220327631603,2.3304586519146437,1.0644939230470267,1.5993340998594494,Good
1.3515079119701214,3.7855768118380784,1.0027982899339292,1.655742226670021,Good
2.440429954158424,5.515759915021612,1.1907925005829771,1.329633754922697,Bad
2.8730964637250613,4.048620678775386,1.0851146614846483,2.325194820208427,Moderate
3.97653030044424,1.3944238191895502,1.0901671138748543,3.770255261720544,Bad
2.650044764048863,2.9955933237276904,1.0734551107656432,1.5044391344923034,Good
2.212003601762906,5.638053069423556,1.0932763218033423,1.0,Bad
1.5636464841716418,6.63977787827477,1.3601277419354838,1.5660374946076578,Bad
2.1152583048903955,3.6581723336453416,1.0206830003886511,2.5682571617428263,Good
1.328092776761797,4.462732559973917,1.1751972949863971,1.3596004599156697,Good
3.1536344122934983,4.324726817622498,1.008516539448115,2.0887898818552664,Bad
1.491788592435262,2.845755813342027,1.0011659634667702,1.0,Good
4.993197150210339,1.2918187267965882,1.0608323886513795,4.26137599384577,Moderate
2.854284856723118,2.7944532671455464,1.096774184220754,1.8940062994009452,Moderate
1.1289937291633474,4.111754993006111,1.0356145915274,1.3346286053109258,Good
3.1108064948084646,6.675273182377501,1.164247446560435,1.884017797292688,Bad
1.3896685783465663,4.356246647665724,1.0034978624174116,1.729189421939597,Moderate
1.9469312273587789,4.616545544419086,1.4290711138748542,1.0049948503882289,Bad
1.9898866551450904,1.5876129276526822,1.0559657986785853,2.3584902267920187,Good
3.3078660870519774,2.814235983298802,1.0279828993392923,2.248613107596586,Good
4.048177932402084,1.512741499531988,1.0948985184609406,4.316315752111686,Moderate
2.36565099942514,2.0530273550476954,1.0024333089778468,1.6992227169466243,Good
2.676918479123516,2.8852265915042645,1.2299464251846093,1.8091010348102567,Good
2.497448923266769,4.431212729930692,1.0,1.4245287202898431,Bad
1.6315318205278428,5.748514455791256,1.0524679362611735,1.8740292951844304,Bad
1.8975813869272469,4.955785997496924,1.0790821080450836,1.0699219120942025,Good
3.4455061368874147,1.7177623760293637,1.3439564803731052,3.911765234706559,Moderate
1.4094148739100274,3.299338472702797,1.0291995398367664,1.5194224869887896,Good
2.448492062231133,5.543398925149606,1.1189273221919938,3.02774743741387,Bad
2.518363708525856,2.246311117655101,1.1445783225806452,1.918979352673889,Moderate
1.988951902086708,4.5298423482641486,1.1247570835600469,1.254716992440266,Bad
2.134069847395474,3.3978734368919787,1.0314807617567043,1.2647054945485237,Good
2.324873114780835,4.22221637937381,1.0116595507190052,1.5244173373770182,Moderate
1.5777843903785382,5.219965714165518,1.095608248736883,1.958934559775119,Good
2.8435353577938844,2.90093917945374,1.047804110376992,1.5643725444782484,Moderate
2.545120555281886,5.957510806348138,1.1459977271667314,1.7341842723278256,Bad
2.3067625886968948,2.301494483766814,1.0,1.2996670499297247,Good
1.8922066052141973,4.166938359117824,1.0402254178002333,1.3102440981240442,Moderate
2.013138226304836,5.480264610918881,1.1667314325689857,1.529412187765247,Bad
3.019032293773587,7.26686158408969,1.0121664889234356,1.409545367793357,Bad
1.599283388237006,4.896627157325705,1.0746210742324136,1.7042175673348532,Moderate
2.096446697888452,5.511879095106381,1.205207919160513,1.6243059544641931,Moderate
2.3175787773841057,2.91674642154749,1.090031928488146,1.709212417723082,Good
1.799200256078351,6.568787270069308,1.0547491581811117,1.154828375353091,Bad
1.3757643442800491,5.074103677839361,1.0443062479595802,1.1448386745766337,Moderate
1.5374738500149925,3.4965030552254346,1.0781189366498252,1.15982202707312,Good
1.3194130467138536,7.311727648475543,1.037310523124757,1.226415237576703,Bad
2.365183655144381,3.0035442718467023,1.041974349008939,1.5743622452547057,Moderate
1.400418012778936,3.7764900139877793,1.036144587640886,1.7591561269325693,Good
2.800537491070678,5.417224950832431,1.122425184609405,1.6992227169466243,Bad
2.295312008849658,2.0253883449197017,1.2541779930042751,2.198668199718899,Good
1.8693055745134532,1.1183176803424375,1.020351207151185,1.6892342148383668,Good
2.007763509088651,5.716899971603756,1.0513019727944035,1.059933409985945,Bad
2.2142235838418074,5.231797482199762,1.0036499494753206,1.374583812412156,Bad
1.2748127553901158,6.075828486690575,1.0279828993392923,2.198668199718899,Bad
3.708868312430294,6.2178097031015005,1.3264671682860474,1.6143174523559356,Bad
2.410868912724111,4.31687052364776,1.1434123591138747,2.523307104253368,Moderate
2.98865330310265,2.9522417256502216,1.2378546443839875,1.6193123027441645,Moderate
1.898349157603227,5.752395275706488,1.0547491581811117,1.2796888470450098,Bad
2.27030779989177,5.705068203569513,1.0145997699183833,1.389567164908642,Bad
1.620782321598609,1.6152519377806758,1.029148862806063,1.6293008048524218,Good
3.313092074498437,2.498659066289452,1.212203643995336,1.958934559775119,Moderate
1.112168432099926,3.5398546533029034,1.0255495903614458,1.1498335249648624,Good
4.704363421428813,1.354953041027313,1.0389327197823552,2.1836848472224126,Bad
1.880522417723446,3.1297182461638777,1.0508780038865138,1.639289306960679,Good
1.8411466304182824,6.134987326861794,1.0081616883015934,2.0488346747540365,Bad
2.186181443568393,3.512310297319184,1.3540445114652158,1.1398450228566048,Good
3.262764977574763,4.383885657793717,1.0676253493975905,2.1687014947259264,Bad
1.9338024390951272,4.892651683266199,1.1301813167508743,1.1398450228566048,Moderate
1.9366066337734087,1.812416520303314,1.015816410415857,1.0449500574894588,Good
2.303374116922367,4.482515276127173,1.979401476875243,1.2846836974332383,Bad
2.5962973983964237,5.748514455791256,1.263505644772639,1.5993340998594494,Bad
2.1525309139384152,2.415836690049746,1.0693489280994948,1.419533869901615,Good
2.109883523177346,6.521460197932333,1.1830548091721729,2.8329638549595493,Bad
1.827242396351765,5.843168600065206,1.0547491581811117,1.0,Bad
1.5294117419422832,5.957510806348138,1.0268169358725223,1.0,Bad
1.6960286851095163,5.452720254935162,1.1554605643218034,1.5743622452547057,Bad
2.9231792465257,3.748945658004059,1.031798759424796,2.098779582631724,Moderate
1.3224843229083685,5.653860311517306,1.0,1.1897887320660925,Good
3.7901904740753887,2.514466308383202,1.0121664889234356,1.9039960001774028,Moderate
1.795461308341687,2.6959183029563643,1.0769529731830547,1.4395120727863295,Good
2.3404131183268726,1.6389154738491634,1.031798759424796,2.2336297551001,Good
3.797551501230096,4.916315219334686,1.3229693058686358,1.8440625901914576,Bad
3.0450880596116146,2.810260509239296,1.1130975608239408,1.938956356890404,Moderate
1.4756643762898434,4.147250297108842,1.1130975608239408,1.214761785339036,Moderate
1.5243875651851,2.861563055435777,1.0,1.2697003449367523,Good
1.86533295463641,6.265136775238476,1.0705655685969686,1.2097669349508071,Bad
1.9190803202888496,3.4531514571479653,1.0326467252234746,1.2697003449367523,Moderate
1.8518960648506515,3.7764900139877793,1.0279828993392923,1.2297451378355222,Moderate
2.365183655144381,2.1082107211594083,1.0384764865915277,1.4794672798875594,Good
1.0967452968725104,4.376029363818979,1.0268169358725223,1.0,Good
2.2039414936901967,3.117886478129634,1.3113097551496309,1.1298553220801475,Moderate
3.5368766520468764,1.5915884017121882,1.0757870097162845,2.238623406820129,Moderate
2.5747984650348203,4.379910183734211,1.0804508356004665,1.4994454827722743,Moderate
3.6303504099603456,3.859312390227485,1.1107149568596968,2.3984466325614484,Moderate
2.3490594389989625,4.557386704247867,1.162067634667703,1.3096555520379822,Moderate
2.0627961682584743,6.0285014145536,1.0,1.859045942687944,Bad
2.138509876050141,3.758505726575729,1.150864317139526,1.5543840423699908,Bad
2.260376250199161,2.1358497312874016,1.1877186070734551,1.644284157348908,Good
2.459241561160366,5.996981584510375,1.247182268169452,2.133739939344725,Bad
1.8035234164143965,4.5850257143758615,1.15507190983288,1.11986681997189,Bad
1.6315318205278428,4.999137595574393,1.0256510003886514,1.4744724294993308,Moderate
1.8223350234163396,4.147250297108842,1.0582976976292269,1.2697003449367523,Good
2.800537491070678,4.419380961896448,1.239020607850758,1.6492790077371366,Bad
2.4028068046514024,5.724850919722768,1.0699572483482316,1.8091010348102567,Bad
7.369065377440275,3.40582438501099,1.060629624562767,2.912874269162009,Bad
1.4568527692879003,5.511879095106381,1.2063738826272834,1.254716992440266,Moderate
2.9913406939591747,2.620952220691396,1.2724834823163622,1.6592675098453944,Moderate
1.9217677111453744,4.762502234889517,1.064127486980179,1.529412187765247,Good
1.4326664450697726,3.0902474680016403,1.1154294597745822,1.0,Good
3.591091426476939,2.364628797997539,1.0389327197823552,1.9639294101633475,Moderate
1.3477222040066357,2.033339293038713,1.0014599797901282,1.3346286053109258,Good
2.1501940635408925,4.174889307236835,1.283326855810338,1.314650402426211,Moderate
1.5006185356808155,5.515759915021612,1.0305267967353284,1.3096555520379822,Bad
1.6730107860901504,5.231797482199762,1.1107149568596968,1.5244173373770182,Bad
2.0830098725995585,3.0863666480864085,1.0408083855421686,2.3435068742955325,Good
1.658989683705011,3.3860416688577346,1.226296503692188,1.6193123027441645,Moderate
1.20155270181773,3.950085714586204,1.0163233486202876,1.1448386745766337,Good
3.112272315049813,5.054320961686106,1.163233570151574,1.9739179122716053,Bad
2.291012260875456,3.567493663430897,1.0582976976292269,1.9988897668763488,Good
3.0397133423954297,4.8611318532229735,1.174893120870579,2.1886796976106413,Bad
2.9797733102901804,4.127562235099861,1.0559657986785853,1.469478777779302,Moderate
2.133302076719493,4.691511626684054,1.0445182464049747,1.4794672798875594,Bad
5.223142532760485,1.20511553064165,1.1131482378546445,3.701998299755751,Bad
3.5518324429935326,4.210384611339567,1.0,2.4134299850579346,Moderate
1.8677759668730345,3.4097052049262224,1.3383386894675475,1.034961555381201,Moderate
1.488333430902757,5.320299107095906,1.1017560077730275,1.1048834674754036,Bad
1.491788592435262,3.062703112017921,1.493198600855033,1.5194224869887896,Bad
1.7873992002689778,4.999137595574393,1.172561221919938,1.5993340998594494,Moderate
1.954016143436211,5.243629250234005,1.239020607850758,1.0,Bad
1.773962374980084,3.839624328218504,1.024485036921881,1.3596004599156697,Good
2.459241561160366,3.374209900823491,1.0466381748931208,1.9339627051703752,Good
2.842366932595122,4.991281301599655,1.1070650073843762,2.138734789732954,Bad
2.2030067406318143,4.865012673138205,1.08861252390206,1.314650402426211,Bad
1.4810390935060278,6.052164950622088,1.0024333089778468,1.2896785478214672,Bad
2.1851298866882534,3.626652503602116,1.060629624562767,1.6293008048524218,Moderate
3.0330533316618618,4.719150636812048,1.049882568208317,1.644284157348908,Bad
1.7014034023257012,5.030657425617618,1.39759035211815,1.1148719695836613,Bad
5.04647717158202,2.4001241021002704,1.100981776914108,2.8329638549595493,Moderate
1.5885338893077725,5.239748430318774,1.0384764865915277,1.419533869901615,Moderate
1.3977306864192758,5.4566010748503935,1.099222687912942,1.2796888470450098,Moderate
1.1074947958017445,6.797566336779445,1.0338126607073457,1.7192009198313394,Bad
3.332636623869486,1.8913580766277884,1.122425184609405,3.4722531619202286,Good
2.912472251030225,2.849731287401533,1.0,1.5743622452547057,Good
1.8062108072709209,5.385610466644931,1.0,1.3346286053109258,Moderate
2.220065709835615,2.628808514666134,1.5270112615623783,1.7691458277090266,Moderate
2.0067119522085117,6.075828486690575,1.0218996688690245,1.529412187765247,Bad
1.8496760827717504,5.60653323938033,1.0194663598911775,1.1448386745766337,Bad
2.698417412485118,2.1831768034243764,1.1044694815390594,1.4544954252828155,Good
1.3244998499265457,4.356246647665724,1.08861252390206,2.7130970349876598,Bad
1.214989527106624,7.6008960592324595,1.0326467252234746,1.314650402426211,Bad
1.9782024676543388,4.0249571427068975,1.041974349008939,1.4644839273910732,Good
1.3923559047062266,5.014944837668143,1.034978624174116,1.1348501724683762,Moderate
2.4553857451050805,3.0035442718467023,1.132614597745822,2.053829525142265,Moderate
1.7014034023257012,4.667848090615568,1.072289147298873,1.7192009198313394,Good
3.044270174871854,2.356677849878527,1.068132287602021,2.278579812589559,Good
2.134069847395474,3.1612380762071037,1.2739992320248736,1.7192009198313394,Moderate
1.437457014183441,6.012694172459851,1.0644823381267003,1.3396222570309548,Moderate
1.5916886244450557,5.484240084978387,1.1897970649047804,1.4345172223981009,Bad
1.995495108998519,4.888676209206693,1.0255495903614458,1.0,Good
1.3084632850200937,4.092066930997129,1.0620490291488536,1.2397336399437795,Good
1.3386085390537867,2.356677849878527,1.0151574131364167,1.0,Good
1.6503433630329214,5.338283394507956,1.08861252390206,1.824084387306743,Moderate
1.193490593745021,5.515759915021612,1.0279828993392923,1.2846836974332383,Moderate
1.297246441810101,6.103467496818569,1.0279828993392923,2.198668199718899,Bad
1.8328507857083287,5.081959971814099,1.2627959144966965,1.1498335249648624,Moderate
1.4944759832917862,4.431212729930692,1.121259221142635,1.3046619003179534,Good
1.5106001994372047,5.618365007414575,1.046055179168286,1.3246389045344684,Moderate
3.347125006038519,2.7274381329995894,1.100981776914108,1.6742508623418806,Moderate
3.17887235788863,2.072715417056677,1.0888152879906725,3.0726974949033288,Moderate
1.9782024676543388,4.431212729930692,1.3637776914108044,1.3945620152968707,Moderate
2.182442495831729,4.857156379163468,1.2308589195491644,1.99389611515632,Bad
2.511470025651908,2.163488741415395,1.035282798289934,1.569367394866477,Good
1.8733950627091192,6.482084073914369,1.1235911480761758,1.9139845022856603,Bad
1.611318116186759,4.379910183734211,1.0051099292654488,1.6243059544641931,Moderate
2.7666532248034565,1.7730403962853507,1.772571361057132,1.329633754922697,Bad
4.165954818355438,2.7984287412050524,1.0279828993392923,2.07380652935878,Bad
2.466602588315073,2.3764605660317826,1.0445182464049747,1.7491676248243118,Good
2.128695130179289,4.305038755613516,1.2973183054799844,1.1348501724683762,Moderate
2.4861152762350187,4.991281301599655,1.2320248830159346,1.6243059544641931,Bad
2.7709763851395013,4.54953041027313,1.0559657986785853,1.744172774436083,Moderate
2.1125709140338707,4.277399745485523,1.058880693354061,1.5394006898735046,Moderate
1.647656036673261,4.43906902390543,1.0326467252234746,1.5244173373770182,Moderate
2.0291456386284965,5.030657425617618,1.0437993097551497,1.0,Moderate
2.421618411653345,3.8435998022780096,1.130586872910999,2.4833518971521373,Moderate
2.2791877927042394,4.7309824048462925,1.0862805969685192,2.493340399260395,Moderate
1.7795708288335126,6.063996718656331,1.1667314325689857,1.7741394794290557,Bad
1.9169771420317057,2.297519009707308,1.4075770011659543,1.1448386745766337,Bad
1.3305464309810775,4.589001188435367,1.0769529731830547,1.2397336399437795,Good
2.4646162783765515,4.758526760830012,1.2576758554216867,1.4644839273910732,Moderate
1.954016143436211,4.880819915231955,1.0699572483482316,1.589345597751192,Moderate
2.2442520340537424,3.879095106380741,1.4780411877186164,1.0,Bad
2.088384589815744,1.6389154738491634,1.1539059463661097,1.349611957807412,Moderate
1.854583455707176,3.145525488257628,1.065876418188885,1.414539019513386,Good
4.303361131553632,1.4417508913265251,1.149647676642052,3.602108484000376,Moderate
1.647656036673261,4.699367920658792,1.3101437916828604,1.3046619003179534,Moderate
3.5882872317986574,1.9702049788079887,1.0629615235134084,1.9689230618833768,Moderate
3.337243505912826,1.2326598866253695,1.130586872910999,1.724195770219568,Moderate
2.2254404270518,2.447451174237245,1.0139914496696465,1.5394006898735046,Good
1.457341397533971,4.214265431254798,1.057831334628838,1.4594890770028446,Good
1.6530307538894458,4.163057539202592,1.005829761368053,2.038846172645779,Good
1.854583455707176,2.8930828854790027,1.02215313797124,1.829079237694972,Good
1.8917392609334387,5.669572899466782,1.2968620722891566,1.609322601967707,Bad
1.0729095131133843,4.557386704247867,1.0012166404974738,1.3596004599156697,Good
2.315175172731741,7.499616124859334,1.0912485969685193,1.8140958851984847,Bad
2.547924749960168,3.2019393582449016,1.007786549553051,5.300222166491549,Moderate
2.2142235838418074,2.549961612485933,1.0644823381267003,1.5094339848805318,Good
2.676918479123516,2.463163762186721,1.0198212110376992,1.4295223720098722,Moderate
3.131200725873513,2.1753205094496386,1.1705624314030314,2.9728076791479543,Moderate
1.2047074369550137,6.533291965966576,1.0218996688690245,1.1048834674754036,Moderate
1.4944759832917862,6.316439321434957,1.137582597745822,1.0,Bad
2.289937291633473,9.077122093328986,1.0656989786241742,1.943951207278633,Bad
2.1721604056801187,4.285256039460261,1.0377160792848814,1.799112532701999,Good
1.634219146887503,3.177045318300853,1.0104935872522347,1.589345597751192,Good
2.037324550522963,4.64418455454708,1.053633899727944,1.0549385595977163,Bad
1.2355537719067096,3.4768149932164527,1.1788472164788184,1.15982202707312,Good
2.034637224163303,4.525866874204642,1.0338126607073457,1.4644839273910732,Moderate
3.026276517106536,1.9425659686799956,3.273610571317528,2.293563165086045,Bad
5.747530097945584,2.447451174237245,1.192230345899728,3.232519521976449,Bad
2.93490593745021,2.4276684580839896,1.5934706474931986,1.7591561269325693,Moderate
2.099134088744977,5.535542631174868,1.08348230703459,1.414539019513386,Bad
1.81427291534363,3.5990134934741222,1.1690633595025262,1.094894965367146,Good
1.6288444296713185,3.8987831683897225,1.0466381748931208,1.1847950803460634,Good
2.045386658595673,6.320320141350189,1.0454722114263506,1.5543840423699908,Bad
2.5747984650348203,4.1157304670656165,1.3614457924601633,1.5244173373770182,Moderate
2.2086151299883783,4.920290693394192,1.015816410415857,1.3196452528144396,Bad
3.243369222470304,1.8715753604745329,1.1107149568596968,2.468368544655651,Good
2.4699910600896007,5.077984497754594,1.126739224251846,1.609322601967707,Bad
1.5552339001367956,4.872963621257218,1.0,1.4744724294993308,Moderate
1.448790661215191,5.578894229252337,1.0979401476875243,1.0649282603741737,Moderate
1.9002687132869067,3.914590410483472,1.7735272848814612,1.329633754922697,Bad
1.1850779452133104,4.648160028606586,1.0194663598911775,1.0649282603741737,Good
1.368169580488099,6.2178097031015005,1.0550330446949088,1.3446171074191833,Moderate
3.2293481200851644,2.8575875813762712,1.0754321585697628,1.449500574894587,Moderate
3.383452284542366,3.740994709885048,1.1340847353284105,2.038846172645779,Moderate
3.1902060049203804,4.498227864076648,1.08861252390206,1.034961555381201,Bad
2.104508805961162,4.652040848521818,1.174893120870579,1.669256011953652,Moderate
2.676918479123516,2.4868272982552084,1.0076316921881072,1.829079237694972,Good
1.5777843903785382,4.947835049377912,1.541002711232025,1.0099885021082575,Moderate
1.070105318435102,5.034632899677124,1.0012166404974738,1.2447284903320084,Good
2.214690928122566,5.803697821902969,1.33113096618733,1.2497221420520372,Bad
1.5468212516050852,5.101648033823081,1.0097331799455889,1.059933409985945,Moderate
1.2982979986902408,5.085935445873605,1.072289147298873,1.943951207278633,Bad
1.799200256078351,4.829517369035474,1.1180148278274389,1.4245287202898431,Good
2.1188803843084374,3.993437312663673,1.0389327197823552,1.1698117278495772,Good
4.090241046066907,4.525866874204642,1.092465237465993,2.043839824365808,Bad
1.0268737150746523,6.343983677418676,1.0,1.294672199541496,Bad
2.3067625886968948,4.494347044161417,1.2116967057909056,1.4395120727863295,Bad
3.490139837587006,2.222647581586614,1.0851653385153517,4.436182572083577,Moderate
4.280927445133647,1.9505169167990075,1.0948985184609406,5.490010898557642,Bad
3.899554711497033,1.508766025472482,1.1472143956471046,3.257491376581193,Moderate
2.923689094240218,4.569218472282111,1.1970969358725223,1.9289678547821465,Bad
1.9728276859412897,4.0999232249718665,1.034978624174116,1.7591561269325693,Good
2.8704090728685365,1.5876129276526822,1.0489700738437622,1.983906414379863,Good
2.02634137945335,5.141118811985318,1.1119315973571706,1.1847950803460634,Moderate
2.8535837758051152,4.565337652366879,1.032849489312087,1.7691458277090266,Moderate
1.3729601496017674,5.148975105960056,1.0304162083171395,1.3845723145204134,Bad
1.5858464984512477,3.914590410483472,1.1294209094442285,1.4345172223981009,Good
1.365482254128439,3.33871459672076,1.0,1.0149833524964862,Good
2.491489993451204,4.900507977240936,1.3707734162456275,1.5543840423699908,Moderate
1.2687369572559284,4.036788910741142,1.0093276237854645,1.0249718546047435,Good
1.4626948952817085,3.259867694540559,1.0228951045472212,1.419533869901615,Good
1.4262401709734485,3.626652503602116,1.0097331799455889,1.3346286053109258,Good
1.823102858589184,2.8024042152645583,1.122425184609405,1.4944506323840456,Good
1.491788592435262,2.1279934373126634,1.0851146614846483,1.389567164908642,Good
2.3893699793625087,3.4846712871911905,1.4488923528954527,1.4045505174051285,Bad
4.734954800274817,1.4772461954292564,1.162067634667703,3.067702644515101,Bad
1.6449686458167367,5.720875445663262,1.0524679362611735,1.354605609527441,Moderate
3.3165124077240677,2.0924981332099324,1.0781189366498252,2.4184236367779635,Moderate
2.0749477645268493,2.861563055435777,1.2400699665759811,1.389567164908642,Good
2.158139367791844,3.4491759830884594,1.0802987485425573,2.003884617264578,Good
2.4329520586850952,4.963642291471661,1.0523158492032647,2.1687014947259264,Bad
2.3893699793625087,3.058727637958415,1.06645938593082,1.7391791227160542,Moderate
1.38417699281176,5.287075502455749,1.0194663598911775,1.0449500574894588,Bad
4.426746471360415,1.512741499531988,1.0827320575204042,2.942840974154982,Moderate
5.231555181292195,1.3391457989335631,1.1180148278274389,3.896781882210072,Moderate
3.128396531195231,5.630196775448819,1.0231163093664983,1.3945620152968707,Bad
3.049878628725283,5.598582291261319,1.135047906723669,2.058823176862294,Bad
2.580173182251005,3.070559405992659,1.0314807617567043,1.859045942687944,Good
4.076220008178633,1.508766025472482,1.165464087057909,3.1825746140987614,Moderate
4.6006075733637335,1.4417508913265251,1.059615748153906,2.7880137974700907,Moderate
2.2684383582718706,6.718719434599245,1.114263496307812,1.6842393644501383,Bad
2.0627961682584743,4.305038755613516,1.073773108433735,1.4295223720098722,Moderate
1.6422812549602122,3.031088627830422,1.209871745044695,1.669256011953652,Bad
1.888935066255157,6.213834229041995,1.0145997699183833,1.6492790077371366,Bad
3.664000939590324,1.5364050356004753,1.2104800652934318,1.6293008048524218,Moderate
3.530036114589344,4.131443055015092,1.06486945355616,1.8690344447962015,Moderate
1.3953938360217526,3.875119632321235,1.0462326187329964,1.5993340998594494,Good
2.5365429237705754,4.064427920869136,1.060629624562767,1.6193123027441645,Moderate
1.6169265055433228,2.91674642154749,1.0961151869413135,1.1498335249648624,Good
3.9948979110304026,1.5994446956869262,1.1046316984065294,3.4372916065390275,Moderate
2.231048880905228,4.707318868777804,1.12531472677808,1.294672199541496,Bad
2.303374116922367,4.482515276127173,1.979401476875243,1.2846836974332383,Bad
1.6369065377440275,6.288800311306964,1.0757870097162845,1.7391791227160542,Bad
1.5664507433467885,6.525435671991839,1.1532976261173726,1.6642623602336228,Bad
2.1797551694720694,4.727006930786786,1.138748533229693,1.589345597751192,Bad
4.266906407245372,2.4513319941524774,1.1180148278274389,3.447281307315485,Moderate
2.416243629940296,7.1761829138752455,1.1947143319082782,1.274695195324981,Bad
2.418931020796821,5.141118811985318,1.1270890104935871,1.6542726594571655,Bad
2.1357056813718587,6.809398104813689,1.0024333089778468,1.3096555520379822,Bad
1.712536786592925,4.415405487836942,1.0304162083171395,1.0,Good
1.8922066052141973,3.863287864286991,1.282160892343568,1.5993340998594494,Bad
1.9459540353635016,3.113911004070128,1.167897396035756,1.5194224869887896,Moderate
1.2714242836155885,3.989461838604167,1.02215313797124,1.2447284903320084,Good
1.0268737150746523,5.500047327072137,1.0,1.214761785339036,Good
3.45929350263531,2.948266251590716,1.12531472677808,1.8140958851984847,Moderate
1.5916886244450557,3.4413196891137217,1.0121664889234356,1.4594890770028446,Good
3.95073155461157,6.091635728784325,1.35445006762534,1.744172774436083,Bad
1.936740206779958,4.352365827750491,1.1386425340069957,1.354605609527441,Good
1.3252885175866504,7.262980764174459,1.0454722114263506,2.198668199718899,Bad
1.5131707219751074,6.241473239169988,1.0632656976292263,1.389567164908642,Moderate
2.4834278853784943,1.9702049788079887,1.024485036921881,1.899001149789174,Good
1.810417099288344,6.300632079341207,1.1545142666148465,1.15982202707312,Bad
3.872797864741002,1.4772461954292564,1.1247570835600469,1.908989651897432,Moderate
1.8736393768321544,5.519735389081118,1.0174893120870578,1.3845723145204134,Bad
2.010450899945176,2.707750070990608,1.342790516906335,1.15982202707312,Good
2.104859346420163,2.786596973170808,1.0174893120870578,1.4045505174051285,Good
2.393693139698553,3.354521838814509,1.077588940536339,1.8490562419114869,Good
3.478922994377013,4.581050240316355,1.1472143956471046,2.428413337554421,Bad
1.6987160114691764,4.5850257143758615,1.521181500194326,1.354605609527441,Bad
1.765900266907375,3.271699462574803,1.1760590843373495,1.5793558969747346,Good
1.327859040124553,5.3501151625422,1.310245201710066,1.414539019513386,Moderate
2.4637983936367918,3.326882828686516,1.165464087057909,1.5394006898735046,Good
2.209316210906381,4.395717425827961,1.1445783225806452,1.3246389045344684,Moderate
2.8166617072160967,2.620952220691396,1.6529343085891957,1.9529412187765245,Bad
2.60961741986356,5.5710379352776,1.01703307889623,1.9239730043939176,Bad
1.8303971314890488,2.6682792928283705,1.0186552755538285,1.5543840423699908,Good
2.668505830591805,3.382160848942503,1.2481961445783132,1.4744724294993308,Moderate
1.9110182122161403,4.687536152624549,1.0384764865915277,1.1248616703601186,Good
1.4299791187101127,1.796703932353838,1.1897970649047804,1.254716992440266,Good
2.440429954158424,5.515759915021612,1.1907925005829771,1.329633754922697,Bad
2.9322185465936856,8.52102899571953,1.2973183054799844,1.7831294909269473,Bad
3.106897597833628,4.170913833177329,1.581811124757093,2.128746287624696,Moderate
2.193191994760963,2.6959183029563643,1.0279828993392923,1.4794672798875594,Good
4.017331597450388,1.560068571668963,1.623785473766032,2.503330100036852,Bad
2.850779581126833,6.288800311306964,1.0109498204430625,1.5194224869887896,Bad
2.1553351086166974,4.163057539202592,1.0377160792848814,1.9889012647680917,Moderate
1.86533295463641,5.339892514960614,1.162067634667703,1.6193123027441645,Moderate
2.5871837334435743,3.520166591293922,1.049882568208317,1.4395120727863295,Moderate
1.7150739642518391,3.3308583027460217,1.1155815468324912,1.5394006898735046,Good
1.0671842554381985,3.421536972960466,1.072289147298873,1.11986681997189,Good
1.448790661215191,5.578894229252337,1.0979401476875243,1.0649282603741737,Moderate
2.4273436693285317,1.7493768602168631,1.0291995398367664,2.133739939344725,Good
1.86533295463641,5.338283394507956,1.6121259230470268,1.5344058394852758,Bad
3.010619645241876,3.035064101889928,1.0766487990672369,1.8940062994009452,Moderate
1.8868318879980128,3.43336874099471,1.047804110376992,2.528301954641596,Good
2.6876679780527493,4.040764384800648,1.2378546443839875,1.4395120727863295,Bad
4.785965950944245,4.305038755613516,1.3859308293820445,2.8299671844602523,Bad
4.163150559180291,2.3921731539812585,1.135047906723669,2.8279690045713206,Moderate
1.7712749841235595,4.514035106170399,1.0,1.329633754922697,Moderate
1.6756814077618838,5.152950580019562,1.1270890104935871,1.3046619003179534,Moderate
1.858980980928084,2.8575875813762712,1.0178073097551497,1.5144288352687607,Good
1.3305464309810775,3.354521838814509,1.0279828993392923,1.3046619003179534,Good
2.243030463438566,6.651609646309014,1.010175589584143,1.3046619003179534,Bad
1.6046581054531908,5.5275916830558565,1.0454722114263506,1.0799116128706598,Bad
1.9618445148716763,4.048620678775386,1.079284872133696,1.6342956552406505,Moderate
2.0067119522085117,6.075828486690575,1.0218996688690245,1.529412187765247,Bad
5.651836357953213,2.5933132105634025,1.032849489312087,3.1276360545010453,Bad
1.7475772881515026,5.855000368099449,1.0466381748931208,1.4994454827722743,Bad
1.2257390260358578,4.450900791939674,1.060629624562767,1.2097669349508071,Moderate
4.373466449988734,1.2918187267965882,1.0133831294209097,2.8129856520748344,Moderate
1.5748633273816344,5.294931796430487,1.0356145915274,1.3346286053109258,Bad
1.090295610414343,2.6895764752900098,1.0,1.2326830735930332,Good
2.236657270261792,5.152950580019562,1.0,1.724195770219568,Bad
3.212522887518608,1.958373210773745,1.090031928488146,3.037735939522128,Moderate
1.3729601496017674,3.950085714586204,1.0,1.0,Good
2.4619289520168914,5.645909363398294,1.145744258064516,1.5194224869887896,Bad
2.107196196817686,6.048189476562582,1.167897396035756,1.779134329817284,Bad
1.3505264631817822,4.770358528864255,1.0186552755538285,1.15982202707312,Moderate
2.0023887918724665,5.417224950832431,1.0944422852701128,1.7142060694431107,Bad
1.4407285531424818,5.089816265788837,1.1189273221919938,1.4544954252828155,Moderate
1.3842937966335174,3.804129024115772,1.0097331799455889,1.254716992440266,Good
1.7683539211266557,5.432937538781906,1.0,3.02774743741387,Bad
1.6234697124551336,5.807673295962474,1.138748533229693,1.589345597751192,Bad
1.6987160114691764,6.627946110240527,1.071123211815002,1.5493891919817622,Bad
2.9644669788845226,3.421536972960466,1.1737271574038088,1.9539397093868904,Moderate
1.285144056649402,4.111754993006111,1.0765847741935484,1.2697003449367523,Good
1.400418012778936,4.947835049377912,1.0687912848814614,1.3396222570309548,Moderate
4.26410221256709,1.5009097314977442,1.032849489312087,2.1437296401211823,Moderate
2.037558287160208,2.9995687977871963,1.0508780038865138,1.6293008048524218,Good
2.0023887918724665,5.421105770747662,1.1935483964244074,1.5543840423699908,Bad
2.245069918793503,3.3703290809082587,1.0921103863194714,1.0699219120942025,Good
3.1199838826635204,1.8597435924402888,1.0669156191216478,1.978912762659834,Moderate
2.0515793250484817,3.374209900823491,1.0620490291488536,2.2186464026036137,Moderate
1.9916392929432325,4.166938359117824,1.0851146614846483,1.449500574894587,Moderate
2.2254404270518,4.376029363818979,1.0401493882627284,1.544395540261733,Good
4.81933604820702,3.177045318300853,1.0985484679362612,2.648168774613486,Bad
1.674529687251049,6.024525940494094,1.0268169358725223,1.1048834674754036,Moderate
1.9755150767978145,3.942134766467192,1.0746210742324136,1.604328950247678,Good
1.550910739800751,3.3860416688577346,1.0513019727944035,1.4794672798875594,Good
2.5506121408166926,3.0942229420611462,1.2261950936649826,2.11376293512821,Bad
2.2388772523406937,1.6902180200456445,1.2028760202098718,1.5943392494712207,Moderate
3.1844807472451944,3.1849016122755907,1.0474492592304705,1.6992227169466243,Moderate
1.7094655103984104,3.232228684412566,1.01703307889623,1.4794672798875594,Good
2.0776350908865093,5.046464667711368,1.1772250198212204,1.214761785339036,Bad
1.1289937291633474,5.105623507882586,1.041366028760202,1.0,Good
3.7649525284802574,1.6349399997896574,1.116798187329965,3.1076578516163305,Moderate
2.1889857027435395,4.955785997496924,1.1472143956471046,1.11986681997189,Bad
1.8216339424983363,3.7449701839445537,1.1289646762534007,1.0549385595977163,Good
1.337840703880942,6.890043435735094,1.0453056572094832,1.3129854522968014,Bad
3.289638692649415,2.2818064217578327,1.0363777691410805,2.003884617264578,Good
1.6879665770368073,5.334402574592724,1.276331130975515,1.0,Bad
1.376231688560808,2.120042489193652,1.0023318989506411,1.5144288352687607,Good
1.633751802606744,4.159082065143085,1.0571824391760591,1.3995556670168998,Good
1.9190803202888496,6.363766393571932,1.305479993781578,1.1847950803460634,Bad
1.3048942865216022,5.259436492327756,1.0292548620287605,2.198668199718899,Bad
3.403209286585347,1.410136407139026,1.2360296836377769,2.0488346747540365,Good
1.9701403595816296,7.050008939558071,1.130586872910999,1.0549385595977163,Bad
3.265802908890289,3.9461102405266977,1.0863820069957248,1.938956356890404,Moderate
1.3520453643426806,4.620521018478592,1.0011659634667702,1.0149833524964862,Bad
4.16875901303372,1.5482368036347192,1.2323797341624565,2.5682571617428263,Moderate
1.5697222823058292,4.218240905314305,1.101438010104936,1.5593788927582195,Good
1.550910739800751,3.2520114005658214,1.0151574131364167,1.0449500574894588,Good
2.5747984650348203,5.9496545123734,1.1690633595025262,1.03995520710123,Bad
1.8496760827717504,4.801973013051755,1.0462326187329964,1.4345172223981009,Moderate
1.6029054676550485,4.995162121514888,1.005961560823941,1.7591561269325693,Moderate
2.5318005338147493,4.707318868777804,1.1772250198212204,2.133739939344725,Moderate
2.124488838161866,7.223509986012221,1.0364994387874078,1.4544954252828155,Bad
3.2826281414568457,3.366353606848753,1.2445461951029926,1.2996670499297247,Moderate
1.88613080708001,4.83349284309498,1.0546938359891178,1.529412187765247,Moderate
2.013138226304836,4.419380961896448,1.036144587640886,1.569367394866477,Moderate
3.487736232934641,3.3032192926180284,1.048665899727944,1.8540510922997155,Moderate
2.6236384577518344,4.64418455454708,1.035282798289934,2.0488346747540365,Bad
2.9264932889185,2.971929787659203,1.01703307889623,1.6892342148383668,Moderate
1.854583455707176,7.5193041868683155,1.2028760202098718,1.2097669349508071,Bad
1.529995954541664,5.551255219124344,1.0529343272444618,1.4944506323840456,Moderate
2.034754027985061,3.910614936423966,1.159380856587641,1.4345172223981009,Moderate
2.01966472852872,5.851024894039943,1.0386430408083949,1.4908833958216825,Bad
2.906863797176796,3.0665839319331534,1.1070650073843762,2.338513222575504,Moderate
1.941067881896524,4.478539802067667,1.209871745044695,1.214761785339036,Bad
1.8496760827717504,6.04430865664735,1.0291995398367664,1.0,Bad
1.905643494999956,3.567493663430897,1.0023318989506411,1.11986681997189,Good
2.430657711721332,3.334833776805528,1.026710936649825,1.884017797292688,Good
1.6057096623333302,3.267723988515297,1.0,1.1298553220801475,Good
3.243369222470304,3.725282121935572,1.015816410415857,3.137624556609303,Moderate
1.214989527106624,3.382160848942503,1.0,1.3596004599156697,Good
1.929829819218084,5.219965714165518,1.1049358725223477,1.1398450228566048,Moderate
2.231048880905228,4.707318868777804,1.12531472677808,1.294672199541496,Bad
2.854284856723118,5.925990976304912,1.0377160792848814,1.5593788927582195,Moderate
2.187328649298707,4.687536152624549,1.0023318989506411,1.3945620152968707,Moderate
1.5423600034819709,5.582869703311843,1.0,1.5793558969747346,Moderate
1.8922066052141973,3.5438301273624093,1.283326855810338,1.2647054945485237,Moderate
2.0776350908865093,1.3273140308993194,1.0256510003886514,2.598223866735798,Good
1.9439995868760835,5.996981584510375,1.0025438973960357,1.2796888470450098,Bad
1.0644968645816737,5.2752437344215055,1.036144587640886,2.198668199718899,Bad
1.4165422289243543,3.5911571994993845,1.0408083855421686,1.1448386745766337,Good
2.087651647446637,3.6463405656110974,1.048334106490478,1.2097669349508071,Moderate
2.303374116922367,2.4749955302209647,1.8371550812281383,1.7192009198313394,Bad
1.2103158908084422,5.2752437344215055,1.0,1.2397336399437795,Good
3.142908325726108,3.6503160396706034,1.1130975608239408,2.4084351346697064,Moderate
4.107066343130329,1.7257133241483755,1.0024333089778468,3.062707794126872,Moderate
1.5159749166533891,3.71733117381656,1.0008516595413914,2.8129856520748344,Moderate
3.1310839220517552,1.2602988967533628,1.4990283622230858,1.5793558969747346,Moderate
2.7790384932122105,5.164782348053805,1.2133696074621063,1.8890126476809168,Bad
2.4694068474902195,1.5639493915841949,1.004014930431403,4.10654881716088,Moderate
2.9644669788845226,4.884795389291462,1.1445783225806452,1.709212417723082,Bad
5.5528922984702485,2.9522417256502216,1.1885803964244073,8.831298505274072,Bad
1.905643494999956,5.393561414763943,1.2355227454333464,1.449500574894587,Bad
4.87595442728945,1.7532576801320952,1.0544111807228915,4.476137779184807,Bad
2.1501940635408925,4.999137595574393,1.034978624174116,1.5793558969747346,Moderate
3.002334507011444,4.995162121514888,1.0279828993392923,1.449500574894587,Bad
2.315175172731741,4.794022064932743,1.0816167990672367,1.0499449078776877,Bad
2.314123615851601,3.965798302535679,1.2320248830159346,1.3596004599156697,Good
2.354434156215147,3.62267702954261,1.0535324897007383,1.3246389045344684,Good
3.9360094358052926,1.4654144273950127,1.032849489312087,2.897890916665524,Moderate
1.784711873909318,3.808104498175278,1.05025261406918,1.314650402426211,Good
2.62854583068726,4.675704384590305,1.2903225806451613,2.228634904711871,Bad
2.2058109353100965,6.73443202254872,1.0544930027205597,1.2297451378355222,Bad
3.8182325498519374,2.90093917945374,1.122881417800233,2.1836848472224126,Moderate
2.886533289013955,4.210384611339567,1.1200932856587642,1.8740292951844304,Moderate
2.4217352154751026,5.164782348053805,1.0571824391760591,1.5394006898735046,Bad
2.782458826437841,7.128855841738271,1.2238631947143412,1.6592675098453944,Bad
1.5524296409616491,5.748514455791256,1.0644823381267003,1.4894557819958172,Bad
2.3409973309262533,1.907070664577264,1.036144587640886,1.3596004599156697,Good
2.2173783189790903,5.638053069423556,1.0827827345511076,1.589345597751192,Bad
2.6937437761869365,4.837468317154486,1.032849489312087,1.8790229469044597,Bad
1.5030755437370549,4.052596152834892,1.0,1.0,Good
1.5267244155826232,2.033339293038713,1.409249902837155,1.0,Bad
4.498954903555797,1.2642743708128688,2.4970851146521573,2.7780240966936334,Bad
1.812660493729088,5.458210195303051,1.0346454877574816,1.281687026933941,Moderate
2.5962973983964237,2.4237876381687578,1.0921103863194714,1.8490562419114869,Good
3.100354390921817,1.761208628251107,1.0,1.9289678547821465,Good
2.5156763176693318,3.7804654880472848,1.2670035071900505,1.9289678547821465,Moderate
3.532203015748694,3.7213066478760655,1.10048404508356,2.423418487166193,Moderate
1.872109769191736,3.390017142917241,1.0903084554994171,1.3695889620239272,Good
1.872109769191736,4.979449533565411,1.0535324897007383,1.3945620152968707,Bad
2.0936425032101704,3.6256113080151033,1.0705655685969686,1.8338559304708515,Good
1.771158180301802,4.419380961896448,1.0109498204430625,1.1148719695836613,Moderate
2.0265751160905943,3.1888770863350966,1.0699572483482316,1.094894965367146,Good
2.280723463049929,2.699231198005952,1.069290975514963,2.067385263812886,Good
3.481593616048747,2.1871522774838823,1.0226528286047416,1.7341842723278256,Moderate
1.988951902086708,4.048620678775386,1.0067958429848427,1.6492790077371366,Good
1.8411466304182824,3.0272078079151896,1.2739992320248736,1.0,Good
1.342329492165233,2.35961212835102,1.0408980707345512,1.1331852223389665,Good
2.360042610068576,4.746694992795767,1.2214298857364945,1.469478777779302,Bad
2.7330026951734787,2.3291334938948074,1.0888152879906725,1.9289678547821465,Moderate
1.8580887313034609,5.941703564254388,1.2340387842984843,1.3046619003179534,Bad
1.6422812549602122,5.665692079551549,1.08861252390206,1.5993340998594494,Moderate
1.4122190685883091,5.018825657583375,1.0802987485425573,1.4794672798875594,Good
2.529113142958225,3.050871343983677,1.6027982992615624,1.2097669349508071,Moderate
1.894893996070722,5.496071853012631,1.024485036921881,1.4644839273910732,Moderate
4.931504544803811,2.029363818979208,1.0597816587640887,2.693118832102945,Bad
1.6617939428801578,5.736682687757012,1.0060832304702685,1.2597118428284946,Moderate
2.06688565645414,3.4768149932164527,1.1130975608239408,1.4944506323840456,Good
2.968556467080188,2.52232260235794,1.0778654675476098,2.11376293512821,Good
3.3078660870519774,1.812416520303314,1.326061612125923,3.052719292018614,Moderate
1.1289937291633474,3.839624328218504,1.002945563933152,1.2467842062945262,Good
1.1700372118959996,5.034632899677124,1.0291995398367664,1.3046619003179534,Good
1.233801134108567,4.088091456937622,1.0023318989506411,1.204772084562579,Good
1.6992535283386,5.791866053868725,1.0559657986785853,1.4445057245063584,Moderate
1.3196801282300863,3.3978734368919787,1.0012166404974738,1.0,Good
3.160644963486068,5.6025577653208245,1.329965030703459,1.709212417723082,Bad
1.857270846563701,4.308919575528749,1.1609016712009328,1.3396222570309548,Bad
3.483129286394436,2.250191937570333,1.4075770011659543,2.4633736942674225,Good
2.1179456312500555,1.863719066499795,1.3031480668480373,1.729189421939597,Bad
1.3520453643426806,3.259867694540559,1.0314807617567043,1.0699219120942025,Good
2.88922067987048,1.8834071285087768,1.2861887508744656,1.589345597751192,Moderate
1.2720084962149694,2.687967354837353,1.0254390019432569,1.214761785339036,Good
1.3171096056921838,4.612664724503855,1.0088612607850758,1.2397336399437795,Good
3.17887235788863,1.650747241883407,1.0571824391760591,2.4783570467639087,Good
1.3140716743766578,3.5990134934741222,1.0368865542168677,1.2397336399437795,Good
2.303958329521748,5.172638642028543,1.1824971659541392,1.6492790077371366,Moderate
1.5939086065239567,4.34441487963148,1.054799835211815,1.154828375353091,Moderate
1.2418632421812763,5.586750523227075,1.034978624174116,1.11986681997189,Good
3.875485191100663,2.2659991796640826,1.15507190983288,2.6381802725052284,Moderate
2.533903712071893,5.156926054079068,1.0133831294209097,1.7391791227160542,Bad
1.880522417723446,3.6424597456958656,1.0450159782355228,1.5793558969747346,Good
2.975216477813756,2.471114710305733,1.0629615235134084,1.6492790077371366,Moderate
2.5909226811802384,3.145525488257628,1.1037699090555773,1.834072889415001,Moderate
2.631233221543785,5.6893556156200376,1.2203653322969297,1.859045942687944,Bad
2.7736637759960256,2.250191937570333,1.2856587547609797,2.0088794676528066,Moderate
2.754852168994083,2.498659066289452,1.0524679362611735,1.4544954252828155,Good
2.0431666765167718,6.65558512036852,1.0644823381267003,2.370976753428491,Bad
4.692445497300818,3.784440962106791,1.0991061111542946,1.99389611515632,Bad
2.181465303836452,3.934278472492454,1.0089036548775747,1.0799116128706598,Good
3.06670386129184,5.622245827329807,1.0279828993392923,1.9739179122716053,Bad
1.773962374980084,5.208133946131275,1.0466381748931208,1.5543840423699908,Good
2.8166617072160967,1.508766025472482,1.2017100567431014,1.669256011953652,Good
2.2226362323735174,4.663872616556061,1.0559657986785853,1.6143174523559356,Moderate
1.4234359117983018,3.993437312663673,1.0291995398367664,1.0849052645906887,Good
1.249574809794984,4.2970878074945045,1.0450159782355228,1.1498335249648624,Good
1.4823243870234115,4.28137521954503,1.0,1.544395540261733,Good
2.284328837780045,6.403142517589895,1.2360296836377769,1.4245287202898431,Bad
1.8814571707818284,1.7414259120978512,1.0431403124757093,1.5194224869887896,Good
4.480026492732096,1.2879379068813563,1.2481961445783132,2.942840974154982,Moderate
1.720215009327644,3.354521838814509,1.0629615235134084,1.0,Good
2.8181973130649216,1.5245732675662316,1.0804508356004665,1.864039594407973,Good
1.2215327340184348,4.040764384800648,1.018249719393704,1.2397336399437795,Good
2.6124216145418417,4.498227864076648,1.6354449965021376,1.9689230618833768,Bad
2.13009722751843,3.5043593492001723,1.0729988775748154,1.958934559775119,Good
1.4111675117081697,2.561793380520177,1.0408083855421686,1.0749167624824312,Good
3.8701104738844783,1.350977566967807,1.114263496307812,2.977802529536183,Moderate
1.3735443622011485,5.582869703311843,1.1095996984065293,1.6842393644501383,Moderate
3.1368091797269417,2.013556576885458,1.0474492592304705,2.7380688895924035,Moderate
1.5374738500149925,4.652040848521818,1.258492032646716,1.2796888470450098,Bad
1.6288444296713185,2.5854569165886647,1.0,1.4442120507974272,Good
1.7347033914966776,3.177045318300853,1.0060832304702685,1.409545367793357,Good
2.547924749960168,4.7309824048462925,1.2495141951029929,1.7491676248243118,Bad
2.2576888593426365,5.803697821902969,1.1933363979790128,2.053829525142265,Bad
2.191789897421822,6.079803960750081,1.0766487990672369,1.3596004599156697,Bad
1.2551832636484126,3.3860416688577346,1.1970969358725223,1.0149833524964862,Good
3.166508308948324,1.9505169167990075,1.073773108433735,4.341287606716431,Moderate
1.9169771420317057,4.9281469873689305,1.0450159782355228,1.1648168774613483,Bad
2.1111050937925238,5.2554610182682495,1.0620490291488536,1.6143174523559356,Bad
1.8440676934151865,6.079803960750081,1.0340661298095608,1.2796888470450098,Moderate
2.088384589815744,1.6389154738491634,1.1539059463661097,1.349611957807412,Moderate
1.1504926625249503,6.0718530126310695,1.0127194869801788,1.7192009198313394,Bad
2.1905046039044382,5.11745527591683,1.078057570151574,1.8690344447962015,Bad
2.6822931963397,5.361946930576443,1.1364166342790516,1.764150977320798,Bad
3.876560160342646,1.3391457989335631,1.0953962502914885,2.538290456749854,Moderate
1.5664507433467885,5.764227043740732,1.026710936649825,1.449500574894587,Bad
2.825541700028566,2.810260509239296,1.1301813167508743,1.2647054945485237,Moderate
3.420168092158452,1.208996350556882,1.9992226879129424,1.7491676248243118,Bad
2.424794366259076,5.397442234679175,1.1993781577924605,1.9539397093868904,Bad
1.9459540353635016,4.186721075271079,1.1993781577924605,1.4594890770028446,Moderate
1.4066106792317452,3.0429203958646656,1.10048404508356,1.3645953103038984,Good
2.0588235483814312,6.162626336989788,1.1838876362223083,1.1847950803460634,Bad
1.521349633869574,2.790572447230314,1.1527399828993392,1.0,Good
1.3816064702738573,5.168757822113311,1.114263496307812,1.4245287202898431,Moderate
1.0859957979432766,4.308919575528749,1.0011659634667702,1.1897887320660925,Moderate
2.1394446291085227,6.119180084768044,1.1480761849980567,1.5593788927582195,Bad
1.8468718880934685,2.71163089090584,1.0015816494364556,1.4345172223981009,Good
2.2254404270518,4.376029363818979,1.0401493882627284,1.544395540261733,Good
3.11157123413181,4.387861131853223,1.0255495903614458,2.0288564718693216,Bad
3.0827112736155,2.971929787659203,1.1095996984065293,2.423418487166193,Moderate
1.400418012778936,5.811554115877707,1.122425184609405,1.1098783178636322,Moderate
3.996416812191301,2.715606364965346,1.2868247182277497,1.9289678547821465,Moderate
6.333610268537211,1.0276390101279935,1.135047906723669,5.270255461498577,Bad
1.9267181034894765,5.034632899677124,1.0,1.6592675098453944,Moderate
2.3684551941034213,4.687536152624549,1.0437993097551497,1.6542726594571655,Bad
2.780674327188596,4.600832956469611,1.0669156191216478,1.9039960001774028,Bad
1.5356044083950926,3.323002008771284,1.0076316921881072,1.314650402426211,Good
2.071208816790185,4.163057539202592,1.1216647773027597,1.449500574894587,Moderate
3.195697590455187,1.5757811596184386,1.1423478056743102,2.7880137974700907,Good
1.4514780520717157,3.267723988515297,1.068132287602021,1.3446171074191833,Good
2.458190004280227,3.92244670445821,1.0524679362611735,1.4794672798875594,Moderate
1.193490593745021,6.959235615199352,1.0228951045472212,1.6792457127301093,Bad
2.104859346420163,4.494347044161417,1.3467446125145743,1.5394006898735046,Bad
3.649746165064805,1.2681551907281006,1.3031480668480373,1.7391791227160542,Moderate
1.0364547243082598,4.537698642238886,1.0206830003886511,1.0,Good
2.647357437689203,1.560068571668963,1.0384764865915277,1.7042175673348532,Good
3.85398625773906,2.9995687977871963,1.013626468713564,2.493340399260395,Moderate
1.8492087384909917,6.198121641092519,1.0699572483482316,1.6143174523559356,Bad
1.8115855244871053,5.664366921531714,1.4034201414691023,1.449500574894587,Moderate
1.7067781195418856,5.129287043951074,1.1072677714729888,1.174805379569606,Bad
2.988185958821891,3.993437312663673,1.081515389040031,1.7841291802055128,Moderate
1.5858464984512477,2.033339293038713,1.0851146614846483,1.5860156974923727,Good
1.3254160278879283,5.847049419980437,1.0408083855421686,1.0,Moderate
2.9429680455229192,4.84930008518873,1.280994956859697,1.7192009198313394,Bad
2.0776350908865093,4.369687536152624,1.060629624562767,1.4714757590000336,Good
2.6177963317580266,5.302788090405224,1.1165954232413524,1.8091010348102567,Bad
1.8496760827717504,5.60653323938033,1.0194663598911775,1.1448386745766337,Bad
2.9261108870083947,2.8575875813762712,1.0394304516129032,1.5993340998594494,Moderate
5.231555181292195,1.3391457989335631,1.1180148278274389,3.896781882210072,Moderate
2.901255407820232,1.6980743140203822,1.0326061500194326,3.6520533918780633,Moderate
3.565853545378672,2.90093917945374,1.090031928488146,2.453385192159165,Moderate
2.6124216145418417,4.687536152624549,1.0,1.829079237694972,Bad
3.5933114085558406,2.02150752500447,1.1643995336183444,2.058823176862294,Moderate
2.962948077723624,5.523710863140624,1.3151117916828603,2.533296805029825,Bad
2.8059122082868626,4.462732559973917,1.179556946754761,1.9539397093868904,Moderate
1.368169580488099,6.2178097031015005,1.0550330446949088,1.3446171074191833,Moderate
1.908330821359616,5.164782348053805,1.0464049654100271,1.4544954252828155,Bad
1.1397432280925812,2.912770947487984,1.0186552755538285,1.8890126476809168,Good
2.0561361575249064,6.186289873058275,1.349786241741158,1.644284157348908,Bad
3.5368766520468764,2.506610014408464,1.1888845705402251,2.937847322434953,Moderate
2.69093951701179,2.778740679196071,1.0669156191216478,1.5493891919817622,Good
2.013138226304836,5.354090636601706,1.1270890104935871,1.2846836974332383,Moderate
2.170618092157377,3.0784156999673966,1.0654100272055966,1.3945620152968707,Good
1.9338024390951272,5.586750523227075,1.041366028760202,1.0,Bad
2.7736637759960256,4.87684444117245,1.0228951045472212,1.3446171074191833,Moderate
2.416243629940296,1.7138815561141318,1.3439564803731052,1.0849052645906887,Moderate
3.271411298246853,3.630627977661622,1.164247446560435,1.4045505174051285,Moderate
1.4851285817016937,2.755077143127583,1.0279828993392923,1.2397336399437795,Good
1.5131707219751074,6.060021244596825,1.0,1.7192009198313394,Bad
4.104262148452047,1.2839624328218504,1.0936818779634667,2.748057391700661,Bad
2.813974316359572,4.545554936213623,1.2075398460940536,1.4445057245063584,Bad
2.389614293485544,2.707750070990608,1.0109498204430625,1.5044391344923034,Good
2.292624682489998,5.855000368099449,1.2553439564710454,1.4045505174051285,Bad
1.2047074369550137,4.805853832966987,1.0127194869801788,1.3596004599156697,Good
1.9325171455777437,4.687536152624549,1.197046258841819,1.5743622452547057,Good
1.7766497658366087,3.5438301273624093,1.1410804601632336,1.2597118428284946,Moderate
2.187817277544778,6.454445063786376,1.2133696074621063,1.254716992440266,Bad
1.5772469380059793,3.910614936423966,1.0069957248348231,1.4230591530769878,Good
2.480623690700212,2.2778309476983267,1.087598647493199,1.2796888470450098,Good
1.3923559047062266,3.4097052049262224,1.0116595507190052,1.0,Good
2.131382521035814,5.697211909594775,1.0570151574038087,1.4644839273910732,Bad
2.010450899945176,4.9281469873689305,1.125923047026817,1.2297451378355222,Bad
1.4010022253783163,6.024525940494094,1.0766487990672369,1.6542726594571655,Moderate
2.132901422196712,6.198121641092519,1.015816410415857,1.389567164908642,Bad
5.450283656135484,2.912770947487984,1.1192314963078118,3.2375143723646778,Bad
1.914172947353424,4.450900791939674,1.0445182464049747,1.7741394794290557,Moderate
2.4957129901565533,3.8356488541589977,1.0316328488146134,1.409545367793357,Moderate
1.835771848705233,2.471114710305733,1.0757870097162845,1.5244173373770182,Good
1.6530307538894458,4.770358528864255,1.278663029926156,1.0149833524964862,Moderate
1.894893996070722,5.496071853012631,1.024485036921881,1.4644839273910732,Moderate
1.8733950627091192,6.482084073914369,1.1235911480761758,1.9139845022856603,Bad
2.4862320800567765,3.788321782022023,1.0632656976292263,1.8140958851984847,Moderate
1.8492087384909917,5.653860311517306,1.2056134753206371,2.2086567018271563,Bad
1.3305464309810775,5.180589590147555,1.030314798289934,2.0688128776387518,Moderate
1.3312793733501838,4.151225771168347,1.1239242565099106,1.1798002299578347,Good
1.2692043015366874,6.101858376365912,1.032849489312087,1.3396222570309548,Moderate
2.744102734561713,3.729162941850804,1.1783909832879906,1.6243059544641931,Moderate
1.7515286885600987,4.801973013051755,1.0218996688690245,1.2647054945485237,Moderate
2.1663182796863105,3.823817086124754,1.380101040031092,1.2397336399437795,Moderate
2.5828605731075296,4.24976073535753,1.138748533229693,1.3995556670168998,Bad
2.6554195457619123,5.724850919722768,1.158164216090167,2.4633736942674225,Bad
1.7804120614382517,4.41152466792171,1.1585697722502917,1.11986681997189,Moderate
2.230815144267984,3.6463405656110974,1.0501360373105324,1.5993340998594494,Moderate
2.7494774517778984,3.0390395759494333,1.4372328021764478,1.7591561269325693,Good
1.6369065377440275,4.226097199289042,1.0559657986785853,1.0998886170871751,Good
2.0487751303702,5.531567157115362,1.13609863661096,1.4994454827722743,Bad
2.9202475415461397,2.526298076417446,1.2874606855810338,1.6942290652265954,Moderate
3.568147892342436,2.6524720507346213,1.1233791496307812,2.31354016930256,Moderate
2.170618092157377,2.849731287401533,1.0,1.589345597751192,Good
2.962948077723624,5.523710863140624,1.3151117916828603,2.533296805029825,Bad
2.1749646003584004,5.768202517800238,1.087598647493199,1.0249718546047435,Bad
4.311773780085343,1.6822670719266326,1.0,3.677025246482808,Moderate
2.160943562470126,5.925990976304912,1.355616003109211,1.03995520710123,Bad
2.072260373670325,5.093791739848342,1.0081616883015934,1.11986681997189,Moderate
2.7582406407686104,4.068403394928641,1.0279828993392923,1.644284157348908,Moderate
1.5215833705068178,3.910614936423966,1.0496060411970465,1.2597118428284946,Good
4.749230794268783,3.5871817254398786,1.1192314963078118,2.468368544655651,Bad
2.3011541348434656,6.336127383443938,1.0255495903614458,1.7341842723278256,Bad
1.3009853895467651,2.2856872416730645,1.0011659634667702,1.0,Good
1.988951902086708,2.297519009707308,1.6471045472211427,1.11986681997189,Bad
5.108169841485411,1.8360800563718012,1.0036499494753206,2.6581572767217434,Moderate
1.833084522345573,5.500047327072137,1.0676253493975905,1.3046619003179534,Bad
1.7290950021401137,3.6424597456958656,1.2238631947143412,1.174805379569606,Good
2.632051106283545,4.841349137069718,1.2068301158181112,1.8540510922997155,Bad
2.458190004280227,6.142843620836532,1.0255495903614458,1.1498335249648624,Moderate
2.101821415104637,4.084115982878117,1.064127486980179,1.7142060694431107,Good
1.755150767978141,5.1844704100627865,1.1492421204819276,1.6842393644501383,Moderate
1.9002687132869067,2.869419349410515,1.0024333089778468,1.3795786628003843,Good
2.048074049452197,3.113911004070128,1.0116595507190052,1.2996670499297247,Good
1.8223350234163396,4.379910183734211,1.0559657986785853,1.7741394794290557,Good
1.28042114474668,3.7094748798418222,1.0,1.3196452528144396,Good
1.2075116316332957,3.117886478129634,1.0,1.0849052645906887,Good
2.010450899945176,5.681404667501026,1.2308589195491644,1.0,Moderate
2.160943562470126,3.5911571994993845,1.1200932856587642,1.3795786628003843,Good
1.658989683705011,5.893240642386125,1.0906112864360669,1.4445057245063584,Bad
1.5692549380250704,4.947835049377912,1.094124287602021,1.3596004599156697,Bad
2.6258584398307354,3.2756749366343088,1.5748153999222696,1.6842393644501383,Bad
3.63595879931691,1.5560930976094571,1.1107149568596968,2.3285235217990463,Moderate
1.4944759832917862,4.49037157010191,1.0151574131364167,1.4045505174051285,Good
2.3006867905627075,4.892651683266199,1.247182268169452,1.0299667049929724,Bad
2.390888880523407,2.818116803214034,1.1800638849591916,1.2247502874472935,Good
2.792475382997969,2.4001241021002704,1.071123211815002,2.19367334933067,Moderate
1.611318116186759,4.379910183734211,1.0051099292654488,1.6243059544641931,Moderate
2.789787992141444,3.950085714586204,1.1760590843373495,1.9289678547821465,Good
1.55897284787346,3.62267702954261,1.0489700738437622,1.5543840423699908,Good
3.2293481200851644,3.2913875245837847,1.0364994387874078,3.137624556609303,Moderate
2.5049268187400973,4.462732559973917,1.2017100567431014,1.15982202707312,Good
1.1009515888899335,5.890495672202181,1.0279828993392923,2.198668199718899,Bad
2.7252911275597707,4.50617881219566,1.1189273221919938,1.3845723145204134,Moderate
6.159749166533894,1.1222931544019437,1.1070650073843762,4.705882917020329,Bad
2.424539474650249,5.180589590147555,1.0,2.0088794676528066,Moderate
2.9180806403867887,3.5083348232596783,1.0608323886513795,1.589345597751192,Moderate
2.7890869112234418,2.628808514666134,1.1204481368052857,2.2086567018271563,Moderate
3.0612122757570326,3.267723988515297,1.054799835211815,1.908989651897432,Moderate
3.579874583266947,2.104329901244176,1.0912485969685193,3.377358196553083,Moderate
2.072260373670325,5.196302178097031,1.1061018359891177,1.589345597751192,Bad
2.0426993322360127,4.5850257143758615,1.2180334333462883,1.1847950803460634,Bad
2.850779581126833,4.979449533565411,1.0304162083171395,1.3596004599156697,Moderate
2.768289058779841,2.908890127572752,1.0851146614846483,1.4594890770028446,Moderate
6.855193639044029,1.201140056582144,1.1313979572483484,5.614872568917761,Bad
3.5378114051052583,4.285256039460261,1.0705655685969686,2.0788013797470093,Bad
1.7578381588346657,3.516191117234416,1.0093276237854645,1.0,Good
1.6691549700348642,5.5394234510901,1.005829761368053,1.11986681997189,Bad
2.3404131183268726,4.766477708949024,1.226296503692188,1.4345172223981009,Bad
2.7666532248034565,4.652040848521818,1.024332949863972,1.5194224869887896,Moderate
1.740311845350106,3.287506704668553,1.1204481368052857,1.3995556670168998,Moderate
1.7122697050766924,5.716899971603756,1.012409800233191,1.2197554370590649,Bad
2.125470286950206,6.0285014145536,1.0023318989506411,1.314650402426211,Bad
1.8223350234163396,6.312463847375451,1.1422463956471045,1.0998886170871751,Bad
2.634855300961827,3.0074250917619345,1.01703307889623,1.9239730043939176,Moderate
1.6879665770368073,5.653860311517306,1.1783909832879906,1.2996670499297247,Moderate
1.7067781195418856,1.5560930976094571,1.1352506708122814,1.6792457127301093,Good
3.2097186928403256,1.6665544839771569,1.032849489312087,2.912874269162009,Good
2.724590046641768,5.263411966387261,1.041366028760202,1.3596004599156697,Moderate
2.1260077393227643,5.503928146987369,1.0769529731830547,2.3784684296767336,Bad
1.894893996070722,3.2520114005658214,1.0279828993392923,1.6992227169466243,Good
2.1501940635408925,6.288800311306964,1.2518460940536338,1.609322601967707,Bad
2.0292624424502543,5.500047327072137,1.0268169358725223,1.3995556670168998,Moderate
2.6446700468326787,5.610414059295563,1.239020607850758,2.148723291841211,Bad
1.467602268217134,5.330427100533218,1.1993781577924605,1.1248616703601186,Bad
2.259090956681778,3.82779256018426,1.024332949863972,1.5394006898735046,Good
3.856673648595584,3.125742772104372,1.3859308293820445,1.6942290652265954,Moderate
4.822140307382167,1.4574634792760008,1.0535324897007383,3.58712513150389,Moderate
1.4991496195899685,4.127562235099861,1.0802987485425573,1.059933409985945,Moderate
1.55897284787346,3.271699462574803,1.012825486202876,1.7142060694431107,Good
1.8518960648506515,3.7449701839445537,1.3579479300427515,1.389567164908642,Moderate
2.2283721320313594,4.0959477509123605,1.3579479300427515,1.0,Bad
1.8465213476344668,5.713019151688525,1.0687912848814614,1.3096555520379822,Bad
2.113271994951874,2.6012641586824143,1.0717822090944422,1.744172774436083,Good
2.1125709140338707,4.360222121725229,1.072289147298873,1.2097669349508071,Bad
3.612123015557784,1.812416520303314,1.0864925954139135,2.608213567512256,Moderate
2.2388772523406937,4.425533481274255,1.0617955600466382,1.2247502874472935,Moderate
3.11157123413181,3.323002008771284,1.0048665899727944,2.318535019690789,Moderate
1.9970140101594172,5.3264516264737125,1.0851146614846483,1.3246389045344684,Bad
2.1985667119771475,2.2659991796640826,1.0396424500582977,1.804106184422028,Good
2.6177963317580266,7.1012168316102775,1.4121117979012825,1.5643725444782484,Bad
1.174678986743078,5.2752437344215055,1.0127089094442283,1.0,Good
2.5198826096867544,5.330427100533218,1.0012166404974738,1.8540510922997155,Bad
2.02634137945335,2.2699746537235885,1.0661413882627284,1.389567164908642,Good
1.030846334951696,5.507903621046875,1.0,1.0249718546047435,Good
1.4514780520717157,3.613495577548037,1.0034978624174116,1.4944506323840456,Good
1.3107576319838576,5.468432842884638,1.0023318989506411,1.2597118428284946,Moderate
3.474334235952621,1.4890779634635003,1.2238631947143412,2.248613107596586,Good
2.9405143913036387,5.594701471346087,1.0510992087057909,1.709212417723082,Bad
3.0316512343227204,2.159513267355889,1.2798289933929266,1.8690344447962015,Bad
2.01582561716136,2.8772756433852527,1.1177613587252235,1.3246389045344684,Moderate
3.5013566807969987,4.53372316817938,1.0012166404974738,2.703107334211202,Bad
2.662897441235241,4.7309824048462925,1.1800638849591916,1.2197554370590649,Bad
1.857270846563701,4.971498585446399,1.517683637776914,1.4644839273910732,Bad
1.8146972402157129,5.860774270900161,1.0398423319082784,1.3329636551815165,Bad
1.4541654429282402,4.612664724503855,1.3206373789350951,1.11986681997189,Bad
3.1199838826635204,2.751101669068077,1.0138697800233192,7.307991401020705,Bad
2.906863797176796,2.064859123081938,1.0620490291488536,1.6742508623418806,Good
2.668505830591805,5.665692079551549,1.0961151869413135,1.374583812412156,Bad
1.4115513970461595,4.49037157010191,1.0121664889234356,1.484462130275788,Good
2.3851469181602942,3.355846996834345,1.3597801383598913,1.6859043145795476,Moderate
1.4326664450697726,5.014944837668143,1.0253012141469102,1.4794672798875594,Moderate
1.496345424911686,3.271699462574803,1.0,1.0299667049929724,Good
2.6488763388501013,7.602126563108022,1.032849489312087,1.3695889620239272,Bad
2.093759307031928,3.705499405782316,1.167897396035756,1.6942290652265954,Moderate
1.6315318205278428,5.843168600065206,1.0209871745044694,1.1897887320660925,Bad
2.9264932889185,5.488215559037893,1.1180148278274389,2.198668199718899,Bad
3.3729471642330315,5.669572899466782,1.3987563155849203,1.864039594407973,Bad
2.443117345014948,5.582869703311843,1.35445006762534,1.834072889415001,Bad
2.901255407820232,5.097767213907848,1.008516539448115,1.569367394866477,Bad
1.906180947372515,5.511879095106381,1.0026650353672757,1.3945620152968707,Moderate
2.1985667119771475,1.3312895049588254,1.08861252390206,1.4544954252828155,Good
2.406645916018762,1.7020497880798882,1.0513019727944035,1.7341842723278256,Good
2.4533293270747585,3.8435998022780096,1.0501360373105324,1.864039594407973,Moderate
2.2400988229558703,3.910614936423966,1.058399107656432,1.859045942687944,Good
1.2019032422767315,5.6498848374578,1.0121664889234356,1.0199782028847149,Good
1.5159749166533891,3.374209900823491,1.0034978624174116,1.4045505174051285,Good
1.9943266837997573,3.628072315766225,1.1301813167508743,1.6492790077371366,Good
1.7481636291474143,3.6936676377480726,1.008516539448115,1.3995556670168998,Good
2.3678709815040406,4.947835049377912,1.1643995336183444,1.5194224869887896,Bad
2.413556303580636,1.8834071285087768,1.1317528083948698,1.6592675098453944,Good
1.5831591720915876,4.040764384800648,1.0151574131364167,1.5793558969747346,Moderate
1.9478234769834015,4.135418529074598,1.0407023863194715,1.4644839273910732,Good
2.0023887918724665,6.482084073914369,1.036144587640886,1.5643725444782484,Bad
1.5750970640188784,4.719150636812048,1.0209871745044694,1.0299667049929724,Moderate
2.1833772488901118,3.4018489109514847,1.0109498204430625,1.5843507473629632,Moderate
1.992690849823372,2.845755813342027,1.0097331799455889,1.419533869901615,Good
2.719916410343586,2.6367594627851454,1.083948698017878,1.9639294101633475,Good
2.6043595064691325,3.279555756549541,1.121259221142635,1.824084387306743,Moderate
1.3028548311666652,3.800153550056266,1.0279828993392923,1.3596004599156697,Good
1.2355537719067096,4.979449533565411,1.0072998989506412,1.3596004599156697,Good
1.0940579060159858,5.906208260151656,1.0338126607073457,1.5543840423699908,Bad
2.4469731610702343,1.8242482883375577,1.0620490291488536,2.238623406820129,Good
2.752164842634423,5.003113069633899,1.163233570151574,2.523307104253368,Bad
1.88613080708001,2.924602715522228,1.024332949863972,1.5993340998594494,Good
2.360042610068576,2.577600622613927,1.0608323886513795,1.8890126476809168,Good
4.2332558776153935,1.8479118244060453,1.0133831294209097,3.3973363994377976,Bad
1.854583455707176,2.6919428288968583,1.0326467252234746,1.2896785478214672,Good
2.948342762739104,5.578894229252337,1.266573941702293,1.11986681997189,Bad
1.131681120019872,5.764227043740732,1.0093276237854645,1.839067739803229,Moderate
2.6523482695673977,2.818116803214034,1.0097331799455889,1.6243059544641931,Bad
1.8088981981274452,4.632352786512836,1.029148862806063,1.0,Moderate
1.8020045152534976,2.810260509239296,1.0291995398367664,1.5943392494712207,Good
2.155568845253941,4.979449533565411,1.3567819665759813,1.6193123027441645,Moderate
3.281576584576706,3.0902474680016403,1.197046258841819,2.093784732243495,Moderate
3.061095471935275,4.28137521954503,1.1289646762534007,2.278579812589559,Moderate
2.1413140707284226,2.6091204526571525,1.0425826692576758,1.8540510922997155,Good
2.3168110067081256,1.7532576801320952,1.0432463116984063,1.5244173373770182,Good
2.247874113471785,5.2554610182682495,1.0109498204430625,1.5593788927582195,Bad
1.682591795323758,4.435188203990197,1.030314798289934,1.0,Moderate
1.8795027222944096,6.9080277231471445,1.0050877947920716,1.1248616703601186,Bad
1.7599413370918096,7.5942702691332835,1.0693489280994948,1.2247502874472935,Bad
1.405792794491985,7.152519377806758,1.1655654970851146,1.4395120727863295,Bad
2.13009722751843,2.459282942271489,1.0546938359891178,1.7941176823137703,Good
1.9620782515089203,6.253305007204232,1.0991061111542946,1.4644839273910732,Bad
2.0319498333067787,6.825205346907438,1.2693354061406918,2.35349657507199,Bad
2.0995179740829677,4.0447398588601535,1.0679584578313253,1.3662602604333078,Good
1.6772170781075737,5.109598981942092,1.209871745044695,1.4594890770028446,Bad
2.320783626585169,5.685380141560532,1.06486945355616,1.1148719695836613,Bad
2.2226362323735174,6.067972192715837,1.0656989786241742,2.058823176862294,Bad
1.2069274190339148,3.145525488257628,1.0431403124757093,1.0199782028847149,Good
1.8492087384909917,6.198121641092519,1.0699572483482316,1.6143174523559356,Bad
2.2282446217300818,6.726575728573982,1.0194663598911775,1.3645953103038984,Bad
1.9281939852416987,5.961486280407644,1.01703307889623,1.3995556670168998,Bad
1.1854284856723118,5.334402574592724,1.0466381748931208,1.2397336399437795,Moderate
1.980889794013999,3.579325431465141,1.0253012141469102,1.2846836974332383,Good
2.6853311276552256,2.9562171997097275,1.0802987485425573,2.138734789732954,Good
2.109883523177346,5.669572899466782,1.0874465604352896,1.409545367793357,Bad
1.752463441618481,4.782190296898499,1.0314807617567043,1.449500574894587,Moderate
1.4541654429282402,4.159082065143085,1.0384764865915277,1.0,Good
1.9620782515089203,2.735294426974328,1.1888845705402251,1.0149833524964862,Good
1.835771848705233,4.924171513309425,1.1235911480761758,1.5643725444782484,Bad
1.2944421826349544,7.404961980585384,1.0316328488146134,1.409545367793357,Bad
2.081090316915879,2.171345035390133,1.073773108433735,1.908989651897432,Good
2.2030067406318143,2.2581428856893453,1.0228951045472212,1.639289306960679,Good
1.8975813869272469,2.8772756433852527,1.0072998989506412,1.569367394866477,Good
1.246770615116702,3.29536299864329,1.0496060411970465,1.329633754922697,Good
2.6677046505399717,5.713019151688525,1.276179043917606,1.7591561269325693,Bad
2.289937291633473,5.212109420190781,1.0,1.6842393644501383,Bad
3.4508808541036,2.4276684580839896,1.0437993097551497,1.6243059544641931,Moderate
1.7148402276145949,6.328271089469201,1.0408083855421686,1.4345172223981009,Bad
1.9253897905634163,4.979449533565411,1.0377160792848814,1.5793558969747346,Moderate
2.0992508925667344,6.4347570017773945,1.0279828993392923,1.374583812412156,Moderate
3.6303504099603456,2.660422998853633,1.099765108433735,2.19367334933067,Moderate
2.421618411653345,4.54953041027313,1.2063738826272834,1.3645953103038984,Bad
2.8381606405777,1.903189844662032,1.0454722114263506,2.523307104253368,Good
2.0830098725995585,2.620952220691396,1.1049358725223477,1.2896785478214672,Good
3.980876808645264,1.5679248656437008,1.0608323886513795,4.615982802041412,Moderate
2.2496267512699277,5.657741131432537,1.0036499494753206,1.419533869901615,Bad
2.668505830591805,2.1279934373126634,1.049882568208317,1.8140958851984847,Good
4.642670751525421,2.889107411419497,1.0316328488146134,2.213651552215385,Moderate
1.992690849823372,5.827361357971456,1.0851653385153517,1.779134329817284,Bad
2.948342762739104,3.236204158472072,1.0513019727944035,1.5843507473629632,Good
2.2142235838418074,2.549961612485933,1.0644823381267003,1.5094339848805318,Good
3.31908293026197,2.687967354837353,1.1313979572483484,2.453385192159165,Moderate
1.860892925981743,6.150794568955543,1.1277480077730275,1.604328950247678,Bad
2.4694068474902195,2.3409652619290515,1.0231163093664983,2.428413337554421,Bad
1.7150739642518391,4.518010580229904,1.0194663598911775,1.2896785478214672,Good
1.5777843903785382,3.457032277063197,1.0024333089778468,1.3795786628003843,Good
1.5939086065239567,5.050440141770873,1.0909444228527012,1.7192009198313394,Moderate
1.5552339001367956,3.378185374882997,1.0139914496696465,1.389567164908642,Good
1.6915497003486424,5.387219587097588,1.4135250742324137,1.0,Bad
2.5855478994671897,5.484240084978387,1.475709288767975,1.4345172223981009,Bad
1.98147400661338,3.681835869713829,1.1021984174115818,1.8690344447962015,Good
3.649746165064805,3.29536299864329,1.3789351045472211,1.0199782028847149,Moderate
3.4992535025398546,1.8834071285087768,1.226407092110377,2.2685901118131016,Moderate
2.1260077393227643,4.383885657793717,1.4990283622230858,1.4794672798875594,Bad
2.4726783864492603,4.360222121725229,1.0676253493975905,1.8190895369185145,Bad
1.6449686458167367,3.8514560962527473,1.0356145915274,1.2397336399437795,Good
2.076817206146749,4.841349137069718,1.0851653385153517,1.349611957807412,Bad
1.8132213584634904,3.871144158261729,1.0427107469879515,2.5882353646275407,Good
2.0212003343775446,4.786165770958005,1.2541779930042751,1.7341842723278256,Bad
2.4060316478804857,4.971498585446399,1.2495141951029929,1.744172774436083,Bad
2.08522985467846,2.7944532671455464,1.0,1.589345597751192,Good
1.5132875257968648,5.645909363398294,1.079284872133696,1.2497221420520372,Bad
2.362846804746858,4.253736209417036,1.0462326187329964,1.5543840423699908,Good
1.5025380913644957,5.622245827329807,1.1235911480761758,1.4644839273910732,Moderate
3.546224053636969,1.812416520303314,1.0571824391760591,2.763040744197147,Moderate
3.100354390921817,2.770789731077059,1.0571824391760591,1.7591561269325693,Moderate
1.4991496195899685,5.361946930576443,1.0145997699183833,1.4794672798875594,Moderate
1.950627671661684,2.7234626589400834,1.0047449203264671,1.864039594407973,Good
1.1626442587933252,5.30676356446473,1.0,1.1897887320660925,Moderate
3.1518499130442525,2.6012641586824143,1.1081157372716672,1.983906414379863,Good
2.497448923266769,5.452720254935162,1.1739806265060242,2.348501724683761,Bad
2.0291456386284965,5.578894229252337,1.0407023863194715,2.0338513222575503,Moderate
1.8492087384909917,4.719150636812048,1.0979401476875243,1.7391791227160542,Moderate
2.604008966010131,6.225665997076239,1.0340661298095608,1.4894557819958172,Bad
4.053786321758647,1.4062555872237938,1.0693489280994948,2.003884617264578,Moderate
1.5720591327033524,3.969773776595185,1.0699572483482316,1.3596004599156697,Good
3.7032598585768657,3.145525488257628,1.015816410415857,2.1437296401211823,Moderate
2.2282446217300818,3.871144158261729,1.0279828993392923,1.3396222570309548,Moderate
1.3547327551992052,4.746694992795767,1.2565099199378158,1.3246389045344684,Good
3.0961480989043944,1.8440310044908133,1.0314807617567043,1.7941176823137703,Moderate
4.847378188480436,3.914590410483472,1.1557309071123203,1.5493891919817622,Bad
2.0776350908865093,3.058727637958415,1.097331827438787,1.6892342148383668,Good
2.303958329521748,4.54953041027313,1.0632656976292263,2.213651552215385,Bad
1.3028548311666652,3.512310297319184,1.0,1.294672199541496,Good
1.98147400661338,4.825636549120242,1.0340661298095608,1.3645953103038984,Moderate
1.3950432955627512,3.6581723336453416,1.029148862806063,1.978912762659834,Good
3.090773381688209,3.12186195218914,1.3637776914108044,1.709212417723082,Bad
1.389785382168324,3.8435998022780096,1.0,1.314650402426211,Good
3.349929265213666,4.348390353690985,1.0510992087057909,1.9889012647680917,Bad
1.86802028099607,3.070559405992659,1.0408083855421686,1.5094339848805318,Good
3.0612122757570326,2.017532050944964,1.0443062479595802,1.449500574894587,Good
2.0749477645268493,3.0665839319331534,1.079284872133696,1.2647054945485237,Good
1.988951902086708,5.894376492117413,1.101438010104936,1.484462130275788,Bad
3.3302997734719626,3.0784156999673966,1.1691140365332298,2.528301954641596,Moderate
1.556285457016935,6.829086166822671,1.1609016712009328,1.5993340998594494,Bad
1.6154076043824244,3.92244670445821,1.0,1.5543840423699908,Good
3.4705103458453026,1.5994446956869262,1.1021984174115818,2.4983352496486235,Moderate
2.8395627379168404,3.7449701839445537,1.0048665899727944,1.389567164908642,Moderate
1.3112674796983756,4.577169420401123,1.0,1.329633754922697,Good
1.8328507857083287,3.73313841591031,1.0827320575204042,1.8940062994009452,Good
1.491788592435262,3.579325431465141,1.0729988775748154,1.0449500574894588,Good
2.6151090053983665,4.198552843305323,1.054799835211815,1.6342956552406505,Moderate
1.7543328832383809,6.797566336779445,1.0191462075398368,1.761506715272218,Bad
2.8535837758051152,4.147250297108842,1.0827320575204042,1.8790229469044597,Moderate
1.784711873909318,6.292775785366469,1.1539059463661097,1.0,Bad
2.4862320800567765,6.26116130117897,1.0425826692576758,1.604328950247678,Bad
2.107196196817686,6.213834229041995,1.1282549459774582,1.294672199541496,Bad
2.0291456386284965,5.089816265788837,1.0206830003886511,1.669256011953652,Bad
2.245069918793503,5.026776605702387,1.0401493882627284,1.9489460576668611,Bad
2.1367572382519984,6.478108599854863,1.0513019727944035,1.9339627051703752,Bad
2.397432087435217,2.096378953125164,1.0186552755538285,1.3196452528144396,Good
1.297246441810101,5.791866053868725,1.0206830003886511,1.3845723145204134,Moderate
1.954016143436211,6.004837878485112,1.0501360373105324,1.6742508623418806,Bad
1.799200256078351,5.235772956259268,1.2311630936649824,1.0998886170871751,Bad
1.8945434556117209,6.391310749555651,1.0535324897007383,1.2397336399437795,Bad
2.7161774626069217,1.5284540874814636,1.0496060411970465,2.8879024145572654,Good
1.161242161454184,5.677523847585793,1.1527399828993392,1.4994454827722743,Moderate
2.8354732497211748,2.4908027723147144,1.7485425573260789,1.6642623602336228,Bad
1.647656036673261,6.399261697674663,1.0769529731830547,1.4045505174051285,Moderate
1.5636464841716418,6.087660254724819,1.041366028760202,1.4794672798875594,Bad
2.072260373670325,5.093791739848342,1.1165954232413524,1.5244173373770182,Moderate
4.200656904865555,3.220396916378322,1.3113097551496309,1.834072889415001,Moderate
1.740311845350106,3.90663946236446,1.0024333089778468,1.5843507473629632,Moderate
2.124488838161866,4.727006930786786,1.059615748153906,1.4045505174051285,Bad
4.149129521292018,2.628808514666134,1.0133831294209097,1.958934559775119,Moderate
1.548223348944226,4.821661075060737,1.150408083948698,1.254716992440266,Moderate
2.1582561716136013,6.225665997076239,1.1399144966964632,1.3046619003179534,Bad
2.8339543485602765,2.557817906460671,1.0705655685969686,2.1087680847399817,Moderate
4.611824416573725,1.8755508345340384,1.0377160792848814,2.4134299850579346,Moderate
2.0265751160905943,3.942134766467192,1.0466381748931208,1.414539019513386,Good
3.716930420503003,4.845324611129223,1.2518460940536338,2.3085465175825317,Bad
1.9378919272907928,6.0718530126310695,1.1095996984065293,1.4345172223981009,Bad
1.55897284787346,5.361946930576443,1.0608323886513795,1.03995520710123,Moderate
2.1125709140338707,4.360222121725229,1.072289147298873,1.2097669349508071,Bad
4.16034636450201,3.173069844241347,1.1605974970851147,4.321309403831716,Bad
1.820869203174992,7.933416068066846,1.316715547609794,1.3845723145204134,Bad
1.8062108072709209,6.671392362462269,1.1216090073843763,1.5943392494712207,Bad
1.8115855244871053,5.622245827329807,1.053633899727944,1.4544954252828155,Bad
1.5019538787651148,5.736682687757012,1.0279828993392923,1.3995556670168998,Bad
1.988951902086708,4.340534059716248,1.1760590843373495,2.0238628201492928,Moderate
1.995495108998519,2.325158019835301,1.0097331799455889,1.7841291802055128,Good
2.792475382997969,2.4001241021002704,1.071123211815002,2.19367334933067,Moderate
2.5254910635401826,1.354953041027313,1.109387699961135,4.830743388712247,Moderate
2.8730964637250613,3.8987831683897225,1.15507190983288,1.639289306960679,Moderate
2.510301600453147,3.985581018688935,1.1294209094442285,2.758047092477118,Moderate
2.5855478994671897,5.377754172670193,1.1865526715895842,1.7341842723278256,Bad
2.0656003629367565,2.538129844451689,1.0364994387874078,1.3995556670168998,Good
2.2576888593426365,5.152950580019562,1.0356145915274,1.5044391344923034,Moderate
1.4326664450697726,3.8474806221932414,1.0198212110376992,1.154828375353091,Good
1.5025380913644957,3.950085714586204,1.0116595507190052,1.0,Moderate
3.2321523792603117,3.764658245953535,1.0048665899727944,2.298556816806074,Moderate
1.6234697124551336,4.43906902390543,1.1877186070734551,1.3596004599156697,Moderate
1.6799044689640985,5.610414059295563,1.0874465604352896,1.469478777779302,Bad
1.2103158908084422,4.83349284309498,1.0024333089778468,1.0,Good
2.4699910600896007,4.656016322581324,1.2623396813058687,1.884017797292688,Moderate
2.241564643197218,3.950085714586204,1.4582199766809172,1.709212417723082,Bad
2.466602588315073,4.24976073535753,1.099765108433735,1.389567164908642,Good
1.4221613247604388,6.868556944984908,1.0851146614846483,1.4045505174051285,Bad
2.394744696578693,4.723031456727281,1.283326855810338,1.4045505174051285,Bad
1.9620782515089203,4.040764384800648,1.1352506708122814,1.4395120727863295,Moderate
4.538914903460341,2.1989840455181264,1.0766487990672369,2.618202069620513,Moderate
1.2176769179631486,5.669572899466782,1.0011659634667702,1.5943392494712207,Moderate
1.5428486317280417,4.699367920658792,1.1270890104935871,1.9988897668763488,Moderate
1.954016143436211,5.085935445873605,1.0023318989506411,1.3096555520379822,Moderate
1.3547327551992052,4.226097199289042,1.0314807617567043,1.419533869901615,Good
2.1179456312500555,2.9364344835564715,1.0314807617567043,1.7142060694431107,Good
3.882729414433612,3.882975926295973,1.0194663598911775,2.2086567018271563,Moderate
2.5237384257420405,4.742814172880536,1.2238631947143412,1.03995520710123,Bad
1.3196801282300863,4.872963621257218,1.0076316921881072,1.3046619003179534,Good
2.724590046641768,2.751101669068077,1.1983136043528957,1.899001149789174,Bad
2.4726783864492603,1.2366353606848752,1.3322969296541003,1.3596004599156697,Moderate
1.297246441810101,5.843168600065206,1.0401493882627284,1.1947835824543211,Moderate
4.939917193335522,2.25416741162984,1.0535324897007383,2.9328524720467244,Bad
1.9970140101594172,5.3264516264737125,1.0851146614846483,1.484462130275788,Bad
3.7384293538646074,2.719581839024852,1.222697231247571,2.0788013797470093,Moderate
1.9378919272907928,3.2401796325315777,1.064127486980179,1.6992227169466243,Moderate
2.054383519726764,3.567493663430897,1.0038158600855034,1.0799116128706598,Good
2.51427422033019,5.8707129560489255,1.276179043917606,1.9539397093868904,Bad
2.8938624547175578,1.9820367468422329,1.156449843762145,1.7491676248243118,Good
2.566736356962111,4.967617765531168,1.0034978624174116,1.5433958509831676,Bad
1.7981486991982116,4.447019972024441,1.2331908184998055,1.449500574894587,Good
1.6664675791783397,4.482515276127173,1.041974349008939,1.644284157348908,Good
1.440261208861723,1.9110461386367696,1.0279828993392923,1.4445057245063584,Good
1.634219146887503,3.015376039880946,1.179556946754761,1.414539019513386,Good
1.5777843903785382,4.947835049377912,1.541002711232025,1.0099885021082575,Moderate
1.056084216049963,4.131443055015092,1.0,1.0749167624824312,Good
2.1905046039044382,6.103467496818569,1.1189273221919938,1.6492790077371366,Bad
1.419229619780879,5.302788090405224,1.125923047026817,1.529412187765247,Moderate
1.908330821359616,4.328702291682004,1.33113096618733,1.15982202707312,Bad
2.250678308150067,4.7111996886930365,1.0145997699183833,1.409545367793357,Bad
2.3436846572859134,7.010538161395833,1.180722882238632,1.8890126476809168,Bad
2.209316210906381,2.9600980196249598,1.1289646762534007,1.5543840423699908,Moderate
1.2579874583266948,4.825636549120242,1.0046638258841818,1.0,Good
1.518662307509914,5.2752437344215055,1.1049358725223477,1.0849052645906887,Moderate
3.6179863610200393,1.6389154738491634,1.0864925954139135,2.1437296401211823,Moderate
1.639593928600552,5.216084894250287,1.0209871745044694,1.3046619003179534,Moderate
2.901255407820232,4.50617881219566,1.018249719393704,1.3945620152968707,Moderate
2.3732457632170902,5.314619858439468,1.1609016712009328,1.1098783178636322,Bad
1.5863351266973185,4.380478108599855,1.0116595507190052,1.3596004599156697,Good
2.2960798440225028,1.7040375251096411,1.0530202347454334,2.146226465981197,Good
1.682591795323758,5.089816265788837,1.08861252390206,1.4994454827722743,Moderate
1.4165422289243543,3.516191117234416,1.0466381748931208,1.2497221420520372,Good
3.885533609111894,3.1888770863350966,1.0109498204430625,2.4084351346697064,Moderate
1.9405792536504527,5.338283394507956,1.0233190734551108,1.5194224869887896,Moderate
2.116076189630156,4.5850257143758615,1.031798759424796,1.5394006898735046,Moderate
3.1257091403387065,5.212109420190781,1.137582597745822,2.0238628201492928,Bad
1.548223348944226,3.3703290809082587,1.0,1.3845723145204134,Good
1.9997014010159415,4.868988147197712,1.0425826692576758,1.6642623602336228,Bad
1.1155569038744535,6.0718530126310695,1.0151574131364167,1.1897887320660925,Moderate
1.2418632421812763,4.178770127152067,1.0139914496696465,1.7192009198313394,Good
2.6505333922949337,3.6936676377480726,1.1277480077730275,1.3795786628003843,Moderate
2.5817088525966945,4.805853832966987,1.0763170058297706,1.5943392494712207,Bad
1.6926402133349892,3.350546364755004,1.0165353470656822,1.5993340998594494,Good
2.8395627379168404,4.454876265999179,1.024332949863972,1.5643725444782484,Moderate
3.1472081381971737,3.0823911740269025,1.0097273874854256,1.7691458277090266,Moderate
2.6236384577518344,2.2620237056045767,1.0194663598911775,1.744172774436083,Moderate
3.2321523792603117,5.436913012841412,1.0656989786241742,1.5843507473629632,Bad
1.7148402276145949,4.443044497964936,1.0121259137193936,1.5593788927582195,Good
2.3436846572859134,6.4347570017773945,1.197046258841819,2.128746287624696,Bad
1.6127202135259,5.547374399209112,1.0,1.2497221420520372,Moderate
2.4028068046514024,4.352365827750491,1.7240575204041977,1.5793558969747346,Bad
1.9217677111453744,5.2752437344215055,1.167897396035756,1.4794672798875594,Bad
2.17438038775902,5.137143337925812,1.3567819665759813,1.799112532701999,Bad
2.116076189630156,6.095516548699557,1.0,1.349611957807412,Moderate
2.1905046039044382,4.608689250444348,1.0932763218033423,1.5394006898735046,Moderate
1.7981486991982116,5.586750523227075,1.2087057815779243,1.0299667049929724,Moderate
2.0292624424502543,2.7471261950085712,1.0186552755538285,1.4395120727863295,Good
2.255001468486112,4.198552843305323,1.2261950936649826,1.709212417723082,Bad
3.652784096380331,1.5364050356004753,1.0036499494753206,2.897890916665524,Moderate
1.0644968645816737,4.545554936213623,1.1751972949863971,1.0,Good
2.284328837780045,4.036788910741142,1.0206830003886511,1.4894557819958172,Moderate
1.4066106792317452,4.596857482410105,1.006359757481539,1.3346286053109258,Good
2.8704090728685365,2.920721895606996,1.0368865542168677,1.409545367793357,Moderate
2.1357056813718587,6.809398104813689,1.0024333089778468,1.3096555520379822,Bad
1.4346527550082944,5.898351966176919,1.0304162083171395,1.2447284903320084,Bad
2.609734223685317,1.9307342006457515,1.2366886809172173,1.7691458277090266,Moderate
4.538914903460341,2.1989840455181264,1.0766487990672369,2.618202069620513,Moderate
2.2979993997061827,1.5245732675662316,1.3859308293820445,1.2097669349508071,Moderate
3.2520155431423934,4.900507977240936,1.1410804601632336,1.899001149789174,Bad
3.510003001469088,1.6704353038923887,1.422075389040031,1.4345172223981009,Moderate
1.276415115493783,5.646666596552485,1.0226528286047416,1.3596004599156697,Good
3.212522887518608,1.958373210773745,1.090031928488146,3.037735939522128,Moderate
2.0856971989592186,3.563518189371391,1.0676253493975905,1.592674299341811,Good
1.8814571707818284,6.679248656437007,1.0816167990672367,1.3596004599156697,Bad
1.9225855958851343,2.4868272982552084,1.3381266910221532,1.2896785478214672,Moderate
1.2748127553901158,6.075828486690575,1.0279828993392923,2.198668199718899,Bad
2.245069918793503,2.758957963042815,1.192230345899728,2.5482801575263108,Good
1.8384592395617576,4.81768560100123,1.036144587640886,1.6892342148383668,Moderate
2.12168457898672,4.084115982878117,1.0048665899727944,1.5194224869887896,Bad
1.9567034697958712,3.437344215054216,1.3404586179556937,1.3396222570309548,Moderate
1.5374738500149925,5.196302178097031,1.0559657986785853,1.6193123027441645,Moderate
1.5670349559461694,3.918471230398704,1.172561221919938,1.314650402426211,Good
1.6561854890267294,5.7405635076722445,1.0304162083171395,2.198668199718899,Bad
1.0644968645816737,5.2752437344215055,1.036144587640886,2.198668199718899,Bad
1.9281939852416987,4.955785997496924,1.0457902090944422,1.5344058394852758,Moderate
1.7470886599054318,3.4413196891137217,1.0011659634667702,1.1398450228566048,Good
2.953717544452153,4.648160028606586,1.1364166342790516,1.938956356890404,Bad
2.099134088744977,6.4149742856241385,1.312475718616401,1.7741394794290557,Bad
3.5770703885886648,4.872963621257218,1.0401493882627284,1.6243059544641931,Bad
1.5098323642643598,6.076869682277589,1.0666259401476876,1.899001149789174,Moderate
2.8704090728685365,6.430781527717889,1.018249719393704,1.5244173373770182,Bad
1.8841444971414885,3.630627977661622,1.0979401476875243,1.5194224869887896,Moderate
1.3601074724153897,4.955785997496924,1.015816410415857,1.11986681997189,Good
2.4161268261185387,3.606964441593135,1.1557309071123203,2.1836848472224126,Good
1.8580887313034609,3.4531514571479653,1.0036499494753206,1.5144288352687607,Good
2.090838244035024,4.596857482410105,1.0705655685969686,1.9139845022856603,Moderate
2.528295258218465,3.867263338346497,1.1574038087835212,1.5993340998594494,Moderate
1.9701403595816296,7.050008939558071,1.130586872910999,1.0549385595977163,Bad
2.2684383582718706,4.518010580229904,1.167897396035756,1.824084387306743,Moderate
2.444168901895088,3.374209900823491,1.1182913548387097,1.7391791227160542,Good
1.9253897905634163,5.2752437344215055,1.1995302448503693,1.374583812412156,Bad
2.1374901806211044,3.81198531809051,1.0693489280994948,1.4944506323840456,Moderate
3.300388191578649,1.7769212162005823,1.096774184220754,2.2336297551001,Moderate
2.284328837780045,6.063996718656331,1.0109498204430625,1.3795786628003843,Bad
2.0265751160905943,2.4316439321434955,1.1772250198212204,1.329633754922697,Moderate
2.220065709835615,4.64418455454708,1.1002720466381657,1.469478777779302,Bad
3.55463670216868,2.167369561330627,1.122881417800233,4.620976453761441,Moderate
2.064198265597615,5.586750523227075,1.1034150579090556,1.0249718546047435,Moderate
1.8945434556117209,4.139394003134104,1.0178073097551497,1.5493891919817622,Good
1.8599581729233607,2.968048967743971,1.08861252390206,1.5044391344923034,Good
4.052851568700266,3.4491759830884594,1.096774184220754,2.0238628201492928,Moderate
3.0424007332519545,1.5482368036347192,1.3113097551496309,1.604328950247678,Good
3.3359081628285265,3.31117024073704,1.0766487990672369,2.133739939344725,Moderate
2.381307871289799,5.898351966176919,1.037310523124757,1.987138023846305,Bad
2.076817206146749,6.020645120578863,1.0571824391760591,1.3346286053109258,Bad
1.3729601496017674,4.920290693394192,1.013139790128255,1.2247502874472935,Moderate
1.9478234769834015,5.389585940704437,1.1200932856587642,1.03995520710123,Bad
1.1988653109612055,3.2520114005658214,1.0454722114263506,1.1498335249648624,Good
2.856972247579643,2.869419349410515,1.10828164788185,1.7891228319255417,Good
2.2173783189790903,5.902327440236425,1.2331908184998055,2.083796230135237,Bad
1.8438339567779425,1.6783862520114003,1.222697231247571,1.0,Good
3.510003001469088,1.6704353038923887,1.422075389040031,1.4345172223981009,Moderate
2.040744883748594,6.276968543272719,1.031798759424796,1.5094339848805318,Moderate
4.656691789413696,3.5004785292849405,1.0425826692576758,2.4334069892744496,Bad
3.019032293773587,4.514035106170399,1.2189966047415468,2.083796230135237,Bad
2.440429954158424,4.608689250444348,1.08861252390206,1.3596004599156697,Moderate
2.9295312202340256,2.2108158135523697,1.064127486980179,2.0288564718693216,Moderate
2.9601438185484774,2.2305038755613515,2.443451214924213,1.943951207278633,Bad
4.872616069578703,1.2879379068813563,1.1107149568596968,3.7968920664546975,Bad
1.330896971440079,3.760777426038303,1.031798759424796,1.3596004599156697,Good
1.3196801282300863,4.872963621257218,1.0076316921881072,1.3046619003179534,Good
1.4729769854333186,5.732707213697506,1.029148862806063,1.7192009198313394,Moderate
4.126695834872033,1.5797566336779445,1.20318019432569,3.54716992440266,Moderate
1.2211320794956535,5.5476583616419335,1.0173227578701904,1.2597118428284946,Moderate
1.5025380913644957,3.9619174826204473,1.0734551107656432,1.3596004599156697,Good
1.98147400661338,5.724850919722768,1.0279828993392923,1.943951207278633,Bad
3.650821134306788,4.825636549120242,1.08861252390206,1.6992227169466243,Bad
2.800537491070678,5.665692079551549,1.3789351045472211,1.4295223720098722,Bad
1.8328507857083287,1.473270721369751,1.0462326187329964,1.6193123027441645,Bad
1.2848611734013469,2.920721895606996,1.012825486202876,1.0,Good
1.2848611734013469,5.768202517800238,1.047804110376992,1.2397336399437795,Moderate
2.7142587453824816,4.218240905314305,1.1332519082782744,1.2397336399437795,Moderate
2.5452373591036435,3.323002008771284,1.1702292949863973,1.6293008048524218,Moderate
2.1693562110018365,2.786596973170808,1.1131482378546445,1.0,Good
2.381307871289799,4.41152466792171,1.318305479984454,1.3795786628003843,Moderate
3.2293481200851644,2.8575875813762712,1.0754321585697628,1.449500574894587,Moderate
3.579874583266947,3.819936266209522,1.0,2.293563165086045,Moderate
3.675217782800317,1.922877906671013,1.1180148278274389,2.0288564718693216,Moderate
1.2103158908084422,4.83349284309498,1.0024333089778468,1.0,Good
2.813974316359572,3.6503160396706034,1.0781189366498252,1.729189421939597,Moderate
1.7907876720435052,5.239748430318774,1.0656989786241742,1.544395540261733,Bad
2.5237384257420405,3.6108452615083664,1.0513019727944035,2.258601609704844,Moderate
1.7444013335457718,3.425512447019972,1.0279828993392923,1.4794672798875594,Good
1.7417139426892472,4.73883869882103,1.0862805969685192,1.9139845022856603,Moderate
1.6674023322367215,2.3369897878695456,1.0152634123591138,1.414539019513386,Good
2.1152583048903955,1.3746411030362946,1.3416245534395648,1.5094339848805318,Bad
1.8115855244871053,4.056571626894398,1.036144587640886,1.4445057245063584,Moderate
2.314123615851601,2.699231198005952,1.0513019727944035,1.3795786628003843,Good
3.164851255503491,2.474616913643869,1.1374811877186164,4.655938009142641,Bad
2.324873114780835,3.5990134934741222,1.3661095903614455,1.2247502874472935,Bad
1.0925390048550874,4.947835049377912,1.0012166404974738,2.0788013797470093,Good
2.074013011468467,3.224372390437828,1.3509522052079286,1.4744724294993308,Bad
1.7156080627874395,6.162626336989788,1.037310523124757,1.419533869901615,Bad
1.370155890426621,5.046464667711368,1.0072998989506412,1.0199782028847149,Moderate
2.932101742771928,2.4553074682119838,1.0620490291488536,2.4633736942674225,Bad
2.1673932489282937,4.285256039460261,1.0717822090944422,1.7841291802055128,Good
2.5936100075398985,3.165213550266609,1.5764477263894288,1.3995556670168998,Moderate
2.3984092794304948,5.389585940704437,1.0928523528954528,1.669256011953652,Bad
3.4455061368874147,1.307625968890338,1.1294209094442285,2.9628191770396968,Moderate
2.5049268187400973,4.462732559973917,1.2017100567431014,1.15982202707312,Good
2.2576888593426365,4.376029363818979,1.096774184220754,3.112652702004559,Bad
2.4722110421685017,2.1121861952189143,1.1399144966964632,2.1187565868482388,Good
4.2164305805519735,1.532429561540969,1.217779964244073,4.536071189170752,Bad
1.583275975913345,3.788321782022023,1.097331827438787,1.839067739803229,Good
1.905643494999956,4.746694992795767,1.095608248736883,1.174805379569606,Bad
3.302257633198549,5.1844704100627865,1.0072998989506412,2.283573464309588,Bad
3.8602957280136265,4.482515276127173,1.0,2.278579812589559,Bad
2.510301600453147,2.33301431381004,1.1422463956471045,1.1148719695836613,Good
1.8196476325598143,5.006993889549131,1.0687912848814614,1.9239730043939176,Moderate
1.3493580379830206,2.7826214991113023,1.0011659634667702,1.1148719695836613,Good
1.24396642043842,3.973749250654691,1.0024333089778468,1.329633754922697,Good
2.51427422033019,5.8707129560489255,1.276179043917606,1.9539397093868904,Bad
3.829449393061931,2.364628797997539,1.135047906723669,2.223640054323643,Moderate
1.5697222823058292,5.279124554336737,1.163233570151574,1.4245287202898431,Moderate
2.182442495831729,4.920290693394192,1.324135241352507,1.6842393644501383,Bad
2.314123615851601,5.101648033823081,1.138748533229693,1.5194224869887896,Bad
2.335622549213204,5.125311569891568,1.1830548091721729,1.7541624752125404,Bad
1.986264575727048,5.6498848374578,1.0571317621453555,1.744172774436083,Bad
2.17169306139936,3.43336874099471,1.0431403124757093,1.6892342148383668,Moderate
3.5686577400569544,4.557386704247867,1.0255495903614458,2.148723291841211,Bad
1.6281433487533157,6.604282574172038,1.0194663598911775,1.2097669349508071,Bad
2.647357437689203,5.480264610918881,1.0816167990672367,1.8091010348102567,Bad
2.6554195457619123,4.399692899887466,1.2215312957637,1.7192009198313394,Bad
2.9517312345136317,5.042489193651862,1.0790821080450836,2.4783570467639087,Bad
4.543296497955698,1.6558585656742004,1.1451612903225807,3.791184008487636,Bad
5.366157299812106,1.098629618333456,1.0644823381267003,4.785793331222789,Bad
2.5039496267448205,2.6406402827003777,1.0305267967353284,1.4245287202898431,Good
2.8435353577938844,3.831768034243766,1.1154294597745822,1.4794672798875594,Moderate
1.6421644511384548,4.656016322581324,1.0190792444617178,1.0799116128706598,Good
1.5428486317280417,4.28137521954503,1.0725011457442677,1.2097669349508071,Bad
1.2230516351793332,4.545554936213623,1.0011659634667702,1.5543840423699908,Good
2.405494195507927,5.109598981942092,1.2693354061406918,1.9739179122716053,Bad
2.1985667119771475,3.3623781327892472,1.2436844057520404,1.1648168774613483,Moderate
1.7766497658366087,5.937822744339156,1.0921103863194714,2.59323021501577,Bad
1.8438339567779425,3.705499405782316,1.0116595507190052,1.3096555520379822,Good
1.084126356323377,5.515002681867421,1.0,1.1648168774613483,Good
1.6030456838386486,4.947835049377912,1.0705655685969686,1.1098783178636322,Bad
1.9997014010159415,4.679679858649811,1.1364166342790516,1.958934559775119,Moderate
2.547924749960168,4.285256039460261,1.0510992087057909,1.5044391344923034,Moderate
1.5552339001367956,3.378185374882997,1.0139914496696465,1.389567164908642,Good
2.263063576558821,3.2913875245837847,1.1189273221919938,1.6592675098453944,Moderate
2.1889857027435395,3.244060452446809,1.164247446560435,1.6492790077371366,Good
3.913575749385308,1.1261739743171757,1.0961151869413135,2.6531636250017145,Moderate
1.725589726543829,6.73443202254872,1.1235911480761758,1.449500574894587,Bad
3.321887124940252,1.9860122209017383,1.0547491581811117,3.332408139063624,Moderate
3.3723629516336517,5.089816265788837,1.081515389040031,2.0338513222575503,Bad
1.8975813869272469,2.680111060862614,1.0489700738437622,1.0149833524964862,Good
1.5428486317280417,1.9505169167990075,1.06645938593082,1.0,Good
2.98865330310265,2.9522417256502216,1.2378546443839875,1.6193123027441645,Moderate
1.327859040124553,2.91674642154749,1.1270890104935871,1.0199782028847149,Bad
1.6852791861802827,5.097767213907848,1.2273610571317528,1.349611957807412,Moderate
2.109883523177346,5.160806873994299,1.029148862806063,1.3346286053109258,Moderate
1.779825720442339,7.042057991439059,1.0050877947920716,1.419533869901615,Bad
1.5748633273816344,5.263411966387261,1.0523158492032647,1.609322601967707,Bad
1.8303971314890488,3.4413196891137217,1.0326467252234746,1.0849052645906887,Moderate
1.8518960648506515,3.464983225182209,1.0699572483482316,1.4994454827722743,Good
2.7189816572852035,3.6936676377480726,1.0693489280994948,2.538290456749854,Moderate
1.878769779925304,4.352365827750491,1.1072677714729888,1.7541624752125404,Good
4.0044789202640105,1.2761061388471124,1.1434123591138747,3.3024414340706514,Moderate
3.98368106782041,2.6051449785976466,1.0693489280994948,2.3584902267920187,Moderate
2.1690056705428358,2.758957963042815,1.0279828993392923,1.4544954252828155,Good
2.091071980672268,3.0429203958646656,1.3264671682860474,1.2697003449367523,Bad
4.698754967575384,1.3273140308993194,1.1216647773027597,2.598223866735798,Moderate
2.466602588315073,4.312895049588255,1.0632656976292263,1.779134329817284,Bad
2.187817277544778,4.908458925359948,1.0174893120870578,1.419533869901615,Moderate
2.48074049452197,4.151225771168347,1.029148862806063,1.2796888470450098,Moderate
1.5697222823058292,5.9496545123734,1.024485036921881,1.5347906119773855,Bad
2.577241477271445,3.760777426038303,1.3264671682860474,1.3945620152968707,Moderate
2.388084685845125,3.800153550056266,1.041366028760202,1.484462130275788,Good
1.9795461308341689,1.8085357003880815,1.0069957248348231,1.1648168774613483,Good
1.5748633273816344,2.9364344835564715,1.0851653385153517,1.11986681997189,Good
1.6941091294258368,2.549961612485933,1.0255495903614458,1.0699219120942025,Good
1.50791280858068,3.12186195218914,1.0,1.1498335249648624,Good
1.975865617256816,5.79584152792823,1.0439731395258454,2.038846172645779,Bad
1.7446456476688073,3.9461102405266977,1.2302229521958803,1.4045505174051285,Moderate
4.685535109738943,4.955785997496924,1.335794792071512,2.058823176862294,Bad
1.8973476502900024,3.0665839319331534,1.0292548620287605,2.0788013797470093,Good
2.2254404270518,4.790141245017511,1.0862805969685192,1.4295223720098722,Moderate
1.647656036673261,4.01710084873216,1.0769529731830547,1.744172774436083,Good
4.889441366642123,3.0902474680016403,1.0851653385153517,2.708102184599431,Bad
3.1368091797269417,2.9285781895817338,1.0,2.283573464309588,Moderate
1.3627948632719145,5.488215559037893,1.0046638258841818,1.0,Moderate
2.2142235838418074,4.774334002923761,1.2384629646327243,2.1187565868482388,Moderate
1.7363392254730623,3.319026534711778,1.0174893120870578,1.3196452528144396,Good
1.222807321056298,1.9702049788079887,1.0381584889234357,1.5743622452547057,Good
1.4568527692879003,4.245879915442298,1.06645938593082,1.938956356890404,Good
1.6557181447459706,5.216084894250287,1.1204481368052857,1.484462130275788,Moderate
2.220065709835615,3.6661232817643534,1.064127486980179,1.1897887320660925,Moderate
1.072558972654383,3.046895869924171,1.0,1.3096555520379822,Good
6.384086095230611,1.6980743140203822,1.0291995398367664,6.438956956224503,Bad
1.415023327763456,4.73883869882103,1.094124287602021,1.3096555520379822,Good
1.737507650671824,5.724850919722768,1.064360668480373,1.2796888470450098,Bad
4.052851568700266,3.1100301841548963,1.3229693058686358,1.7341842723278256,Moderate
1.5777843903785382,5.578894229252337,1.1270890104935871,1.8190895369185145,Bad
3.90504629703184,1.1064859123081938,1.263505644772639,2.578246862519284,Moderate
3.658392485736895,1.9662295047484828,1.1107149568596968,1.9988897668763488,Moderate
2.32919627511688,4.841349137069718,1.0389327197823552,1.3845723145204134,Moderate
2.498086281282565,5.361946930576443,1.0470621438010106,1.5144288352687607,Bad
1.4094148739100274,4.009244554757423,1.0109498204430625,1.3845723145204134,Good
1.233801134108567,6.533291965966576,1.005829761368053,1.0,Moderate
1.102608642334766,3.4491759830884594,1.0,1.11986681997189,Good
1.286204836581177,2.745801036988736,1.133554739214924,1.0,Bad
1.9244550375050344,1.9268533807305197,1.130586872910999,1.2297451378355222,Good
2.0143597969200124,3.563518189371391,1.231858300816168,1.0998886170871751,Good
2.5049268187400973,3.4886467612506964,1.468713563933152,1.1648168774613483,Moderate
1.639593928600552,4.159082065143085,1.2261950936649826,1.0,Moderate
2.009516146886793,5.113479801857324,1.159380856587641,1.6243059544641931,Bad
2.98865330310265,5.417224950832431,1.1270890104935871,1.4544954252828155,Bad
2.17169306139936,6.848868882975926,1.3521181406917997,1.3446171074191833,Bad
2.957339623870196,3.457032277063197,1.1216647773027597,2.07380652935878,Moderate
2.1404218211038,2.4789710042804707,1.058509696074621,1.4445057245063584,Good
1.5748633273816344,5.653860311517306,1.0291995398367664,1.3246389045344684,Bad
2.3759330895767503,5.756370749765994,1.377769141080451,1.4045505174051285,Bad
1.5025380913644957,6.797566336779445,1.0909444228527012,1.4544954252828155,Bad
1.8088981981274452,4.754645940914779,1.0932763218033423,1.2996670499297247,Moderate
1.478351767146368,2.2581428856893453,1.0011659634667702,1.6492790077371366,Good
1.6786191754467146,1.7848721643195944,1.0024333089778468,1.4944506323840456,Good
2.0749477645268493,5.511879095106381,1.0396424500582977,1.3845723145204134,Bad
2.182442495831729,3.713450353901328,1.0093276237854645,1.6233074638538274,Good
1.7094655103984104,3.1888770863350966,1.0445182464049747,1.449500574894587,Good
2.144118265406705,1.8203674684223257,1.0097331799455889,2.2336297551001,Good
1.2776169500683978,4.088091456937622,1.0,1.1997784328425498,Good
3.4696924611055424,1.2721306647876065,1.1667314325689857,2.1687014947259264,Moderate
2.698417412485118,3.232228684412566,1.0617955600466382,1.8140958851984847,Moderate
3.2826281414568457,3.614820735567872,1.2141300147687524,1.6143174523559356,Moderate
2.385280491166843,4.782190296898499,1.0474492592304705,1.6742508623418806,Bad
1.2176769179631486,5.626221301389313,1.005829761368053,1.154828375353091,Moderate
2.5237384257420405,4.525866874204642,1.1865526715895842,1.8091010348102567,Moderate
3.087353048462579,5.63407759536405,1.2569338888457051,2.0288564718693216,Bad
2.104508805961162,4.652040848521818,1.174893120870579,1.669256011953652,Moderate
1.2311137432520425,5.101648033823081,1.125923047026817,2.523307104253368,Bad
1.3505264631817822,3.4728395191569468,1.0623255561601244,1.3196452528144396,Good
2.292624682489998,5.586750523227075,1.1422463956471045,1.669256011953652,Moderate
1.2203643088196732,3.21651609646309,1.0617955600466382,1.329633754922697,Good
3.7599283517230737,1.532429561540969,1.150408083948698,2.9628191770396968,Moderate
1.7907876720435052,3.520166591293922,1.122881417800233,2.098779582631724,Good
2.381307871289799,5.216084894250287,1.1900505340069958,2.288568314697816,Bad
3.745723691261335,4.261592503391773,1.0314807617567043,2.1187565868482388,Bad
1.0785179024699485,4.135418529074598,1.0,1.1897887320660925,Good
2.88922067987048,1.8834071285087768,1.2861887508744656,1.589345597751192,Moderate
2.9725290869572314,3.800153550056266,1.1177613587252235,1.544395540261733,Moderate
3.955638927546996,1.1735010464541509,1.0435289669646328,1.938956356890404,Moderate
3.286951301792891,3.3308583027460217,1.114263496307812,1.9689230618833768,Moderate
1.755150767978141,4.076259688903379,1.138748533229693,1.1498335249648624,Good
1.906027380337946,4.746694992795767,1.174257153517295,1.1048834674754036,Moderate
3.021836488451869,5.160806873994299,1.176413935483871,1.6243059544641931,Bad
1.1990990475984495,3.654291513730109,1.0048665899727944,1.3596004599156697,Good
2.02634137945335,2.762933437102321,1.20318019432569,1.1148719695836613,Good
2.5927921228001383,3.9816055446294287,1.0608323886513795,1.744172774436083,Moderate
4.81933604820702,3.177045318300853,1.0985484679362612,2.648168774613486,Bad
2.879204123310352,2.4276684580839896,1.0254390019432569,1.724195770219568,Good
2.62854583068726,2.660422998853633,1.1737271574038088,1.884017797292688,Good
1.7217506151764692,4.888676209206693,1.0190792444617178,1.3046619003179534,Moderate
1.8496760827717504,6.4347570017773945,1.0,1.5044391344923034,Moderate
1.9755150767978145,5.1844704100627865,1.1947143319082782,1.6542726594571655,Bad
2.2030067406318143,4.865012673138205,1.08861252390206,1.314650402426211,Bad
1.2284264168923824,4.210384611339567,1.064127486980179,1.1398450228566048,Good
2.6713100252700865,3.0823911740269025,1.0279828993392923,1.5993340998594494,Good
1.908330821359616,4.0447398588601535,1.3649436548775749,1.3096555520379822,Good
3.403209286585347,3.054752163898909,1.0109498204430625,1.8690344447962015,Moderate
1.5243875651851,3.12186195218914,1.0,1.274695195324981,Good
2.259090956681778,4.967617765531168,1.0571824391760591,1.3695889620239272,Bad
2.7072699296332763,6.883512299780191,1.1991723995336183,1.779134329817284,Bad
3.055837558540848,6.438637821692627,1.2398534349008938,2.093784732243495,Bad
1.9325171455777437,3.7449701839445537,1.1527399828993392,1.469478777779302,Moderate
1.4851285817016937,4.454876265999179,1.0121664889234356,1.1498335249648624,Good
1.9432666445069773,4.857156379163468,1.3637776914108044,1.544395540261733,Moderate
2.1958793856174874,1.141981216410925,1.0816167990672367,2.603218717124027,Good
1.408480120851645,4.94395422946268,1.0,1.034961555381201,Bad
2.3383099400697285,4.277399745485523,1.1609016712009328,1.2796888470450098,Moderate
1.670206526915004,5.397442234679175,1.041366028760202,1.0,Bad
1.376231688560808,4.048620678775386,1.0139914496696465,1.2796888470450098,Good
1.3923559047062266,3.4097052049262224,1.0116595507190052,1.0,Good
2.996715411175359,4.632352786512836,1.0151574131364167,2.228634904711871,Moderate
1.3338661490979609,2.661748156873468,1.0013991449669646,1.0532736094683068,Good
1.86533295463641,4.545554936213623,1.0314807617567043,1.3246389045344684,Moderate
1.599283388237006,1.796703932353838,1.0,1.449500574894587,Good
2.152881454397417,2.913054909920806,1.4034201414691023,1.569367394866477,Moderate
2.0749477645268493,4.301063281554011,1.1143649063350174,1.4894557819958172,Moderate
1.56166017423312,5.4566010748503935,1.0291276517683638,1.409545367793357,Moderate
2.460994198958509,1.7295941440636076,1.0139914496696465,1.8940062994009452,Good
2.298349940165184,6.280944017332225,1.0133831294209097,1.254716992440266,Bad
2.819933246175137,7.39313021255114,1.0133831294209097,1.669256011953652,Bad
1.6799044689640985,5.610414059295563,1.0874465604352896,1.469478777779302,Bad
4.479898982430818,2.971929787659203,1.0644823381267003,2.7330740392041744,Bad
2.273813075488055,5.882544724083169,1.053633899727944,1.6342956552406505,Moderate
1.6954444725101356,5.610414059295563,1.0559657986785853,1.4445057245063584,Moderate
1.2848611734013469,3.5438301273624093,1.0,1.0249718546047435,Good
2.2576888593426365,2.0766908911161828,1.1667314325689857,1.5943392494712207,Good
1.9728276859412897,3.737113889969816,1.3789351045472211,1.3396222570309548,Moderate
2.6661689801942816,4.794022064932743,1.0326467252234746,1.7341842723278256,Bad
2.295545745486902,6.178338924939263,1.0535324897007383,1.4345172223981009,Bad
2.1260077393227643,3.555661895396653,1.060629624562767,1.5743622452547057,Good
1.7599413370918096,7.5942702691332835,1.0693489280994948,1.2247502874472935,Bad
1.3547327551992052,2.912770947487984,1.0425826692576758,1.3596004599156697,Good
1.8384592395617576,5.511879095106381,1.0069957248348231,1.3795786628003843,Bad
2.241564643197218,3.6424597456958656,1.521181500194326,1.059933409985945,Bad
3.1015228161205792,4.450900791939674,1.197046258841819,2.248613107596586,Moderate
1.5524296409616491,5.748514455791256,1.0644823381267003,1.4894557819958172,Bad
2.054383519726764,3.567493663430897,1.0038158600855034,1.0799116128706598,Good
1.5328002137168106,3.255892220481053,1.006359757481539,1.254716992440266,Good
3.792994668753671,3.2007088543693403,1.0693489280994948,2.223640054323643,Bad
2.267503605213488,2.766908911161827,1.0198212110376992,1.4644839273910732,Good
3.1143754933069565,3.046895869924171,1.2554960435289546,1.6742508623418806,Moderate
1.0729095131133843,4.683655332709317,1.0,1.0,Good
2.3851469181602942,1.7730403962853507,1.245183505635445,1.3596004599156697,Good
2.281524643101763,4.888676209206693,1.0547491581811117,1.2097669349508071,Bad
2.421618411653345,4.013125374672654,1.030314798289934,1.4045505174051285,Moderate
1.5428486317280417,2.6722547668878764,1.0034978624174116,1.154828375353091,Good
4.609020221895444,1.7730403962853507,1.1046316984065294,4.985571764065339,Moderate
1.9842782657885265,5.748514455791256,1.3031480668480373,1.8091010348102567,Moderate
1.4165422289243543,5.720875445663262,1.005829761368053,1.0,Bad
1.8749139638700172,5.748514455791256,1.0255495903614458,1.0,Bad
5.492346834297171,2.344846081844284,1.0255495903614458,1.8490562419114869,Bad
1.733651834616538,6.6871049504117455,1.1643995336183444,1.469478777779302,Bad
1.795461308341687,2.6959183029563643,1.0769529731830547,1.4395120727863295,Good
2.459241561160366,5.728731739638,1.4232413525068015,1.5843507473629632,Bad
1.878769779925304,3.3071947666775343,1.122425184609405,1.0,Good
2.233502535124509,6.864581470925402,1.1200932856587642,1.4245287202898431,Bad
1.7981486991982116,3.4768149932164527,1.289156617178391,1.0,Moderate
3.4696924611055424,4.415405487836942,1.0897784593859308,1.824084387306743,Moderate
1.0953431995333696,6.119180084768044,1.0326467252234746,2.198668199718899,Bad
1.6674023322367215,3.953966534501435,1.1070650073843762,1.4045505174051285,Good
1.7793370921962686,6.154675388870776,1.2320248830159346,1.5144288352687607,Bad
2.912472251030225,2.30546995782632,1.0462326187329964,2.7530522420888897,Good
1.4971633096514465,4.83349284309498,1.0233190734551108,1.2447284903320084,Moderate
1.8895192788545376,2.869419349410515,1.138748533229693,1.5194224869887896,Moderate
2.5647500470235896,4.679679858649811,1.1885803964244073,1.7192009198313394,Bad
1.671842360891389,5.1884458841222925,1.0314807617567043,1.4894557819958172,Moderate
1.7981486991982116,4.963642291471661,1.3019821313641664,1.484462130275788,Bad
2.392057305722169,5.642028543483062,1.053633899727944,1.484462130275788,Bad
2.050761440308721,3.831768034243766,1.0559657986785853,1.4644839273910732,Good
1.948641361723162,5.7405635076722445,1.0431403124757093,1.2697003449367523,Bad
1.6926402133349892,5.2042531262160425,1.0523158492032647,1.8440625901914576,Bad
1.8196476325598143,2.124017963253157,1.0897784593859308,1.2647054945485237,Good
1.6906539033964674,3.023232333855684,1.064127486980179,2.018867969761064,Good
2.704960619396929,4.908458925359948,1.0474492592304705,1.8940062994009452,Bad
2.0588235483814312,4.387861131853223,1.095608248736883,1.1648168774613483,Moderate
1.855284536625179,4.277399745485523,1.0826767353284104,1.4894557819958172,Good
3.11157123413181,1.4969342574382385,1.0041366000777303,3.18756946448699,Moderate
3.112272315049813,4.320751343562993,1.1294209094442285,2.5682571617428263,Moderate
1.7066613157201282,4.707318868777804,1.0864925954139135,1.469478777779302,Bad
1.8303971314890488,1.9780612727827265,1.036144587640886,1.1498335249648624,Good
3.456489307957028,4.648160028606586,1.0060832304702685,2.648168774613486,Bad
1.8035234164143965,6.868556944984908,1.162067634667703,1.059933409985945,Bad
2.3732457632170902,6.056140424681594,1.1618141655654877,1.409545367793357,Bad
2.5318005338147493,4.707318868777804,1.1772250198212204,2.133739939344725,Moderate
3.8098199013202274,2.912770947487984,1.1094982883793238,4.1814655796433104,Bad
2.3786204804332747,3.9816055446294287,1.2646715802565098,1.864039594407973,Bad
3.160644963486068,2.971929787659203,1.1095996984065293,2.2735849622013298,Moderate
2.9510301535956285,5.710463489793128,1.0,1.7403538175517783,Bad
2.1357056813718587,4.502203338136154,1.0617955600466382,1.2297451378355222,Moderate
2.064198265597615,2.6249276947509017,1.1993781577924605,1.0199782028847149,Moderate
2.007763509088651,3.6345087975768537,1.0046638258841818,1.3246389045344684,Good
1.2720084962149694,2.2699746537235885,1.0279828993392923,1.0,Good
2.0776350908865093,1.3273140308993194,1.0256510003886514,2.598223866735798,Good
3.128396531195231,4.01710084873216,1.0644823381267003,1.5793558969747346,Bad
1.8636971206600248,3.53568987095485,1.1192314963078118,1.034961555381201,Good
1.81427291534363,6.182314398998769,1.3346288286047416,1.0,Bad
3.543419858958687,4.036788910741142,1.0948985184609406,1.804106184422028,Moderate
1.6530307538894458,5.342258868567462,1.1061018359891177,1.314650402426211,Moderate
2.9657522724019056,3.713450353901328,1.0060832304702685,2.458380042547393,Moderate
2.962948077723624,6.075828486690575,1.0425826692576758,1.4544954252828155,Bad
1.880522417723446,6.4347570017773945,1.0474492592304705,1.0,Bad
1.7627455317700913,3.756801951978797,1.0089036548775747,1.5394006898735046,Moderate
1.489101201578737,3.255892220481053,1.0209871745044694,1.4395120727863295,Good
1.4066106792317452,5.042489193651862,1.018249719393704,2.1016336116152545,Bad
2.250678308150067,4.525866874204642,1.0559657986785853,1.1648168774613483,Bad
1.086930551001659,5.129287043951074,1.0,1.2397336399437795,Good
4.656691789413696,3.5004785292849405,1.0425826692576758,2.4334069892744496,Bad
1.5750970640188784,4.719150636812048,1.0209871745044694,1.0299667049929724,Moderate
1.3036727159064254,3.4806958131316845,1.047804110376992,1.5593788927582195,Good
3.4284471676836143,4.064427920869136,1.0304162083171395,2.258601609704844,Bad
2.2226362323735174,3.1375745401386155,1.0788609032258063,1.6342956552406505,Good
1.9029561041434315,6.205977935067257,1.241352506801399,1.6542726594571655,Bad
2.088384589815744,4.821661075060737,1.1853867081228138,1.4395120727863295,Bad
2.867477367888976,5.042489193651862,1.0559657986785853,1.5743622452547057,Moderate
2.56727380933467,1.1726491591556851,1.0405752040419745,2.4384018396626788,Good
1.992690849823372,2.975905261718709,1.0547491581811117,1.0,Good
2.074013011468467,3.4413196891137217,1.092465237465993,1.829079237694972,Good
1.1693042695268934,4.064427920869136,1.0431403124757093,1.094894965367146,Good
1.161242161454184,4.73883869882103,1.0,1.729189421939597,Moderate
2.193191994760963,4.31687052364776,1.034978624174116,1.3695889620239272,Moderate
3.736910452703708,1.6744107779518946,1.0,3.117647552392788,Moderate
3.024640683130151,2.83789951936729,1.0827320575204042,1.709212417723082,Moderate
1.888935066255157,5.485565242998223,1.0742155180722892,1.2896785478214672,Bad
3.3030755179383093,1.5284540874814636,1.7217256214535563,1.7841291802055128,Moderate
2.5129889268128065,7.8505936918271395,1.1247570835600469,2.2036630501071275,Bad
1.6879665770368073,6.651609646309014,1.280994956859697,1.5144288352687607,Bad
1.6852791861802827,5.097767213907848,1.2273610571317528,1.349611957807412,Moderate
2.459241561160366,6.186289873058275,1.1422463956471045,1.414539019513386,Bad
2.2039414936901967,6.119180084768044,1.0652934224640498,1.549977738067824,Bad
2.1272930328401483,2.8536121073167653,1.079284872133696,1.4644839273910732,Good
2.7918911703985883,2.628808514666134,1.1373705993004275,2.0638180272505227,Good
2.413322566943392,1.7020497880798882,1.0054749102215312,2.55327380924634,Good
1.471107543813419,2.699799122871596,1.0,1.5993340998594494,Good
3.223739730728601,7.081528769601295,1.0218996688690245,1.6742508623418806,Bad
2.6124216145418417,4.119611286980849,1.059615748153906,1.414539019513386,Good
2.0880340493567418,6.16650715690502,1.0450159782355228,2.198668199718899,Bad
1.443065403540005,3.630627977661622,1.0644823381267003,1.839067739803229,Good
2.1272930328401483,3.181020792360359,1.018249719393704,1.094894965367146,Good
1.684227629300143,4.348390353690985,1.0401493882627284,1.1847950803460634,Good
3.664000939590324,1.997843988935982,1.106335017489312,3.252497724861164,Moderate
1.830046591030047,5.677523847585793,1.0231163093664983,1.4395120727863295,Bad
2.8557506769644654,3.224372390437828,1.0474492592304705,1.5094339848805318,Moderate
1.878769779925304,6.6871049504117455,1.0093276237854645,1.2796888470450098,Moderate
1.2606748491832194,5.212109420190781,1.053633899727944,1.0,Good
1.7571370779166626,6.42292523374315,1.035282798289934,1.3845723145204134,Bad
3.5041608754752804,2.8024042152645583,1.0693489280994948,1.7042175673348532,Moderate
1.855284536625179,4.616545544419086,1.12531472677808,2.728080387484145,Bad
2.113271994951874,2.6012641586824143,1.0717822090944422,1.744172774436083,Good
1.4998507005079709,5.452720254935162,1.0897784593859308,1.8490562419114869,Bad
2.547924749960168,4.805853832966987,1.0104935872522347,2.053829525142265,Bad
1.884528446976343,6.008813352544618,1.0104935872522347,1.5993340998594494,Bad
3.18751867856072,2.0924981332099324,1.0699572483482316,3.192564314875219,Moderate
4.076220008178633,4.837468317154486,1.0012166404974738,2.4184236367779635,Bad
1.854583455707176,2.6919428288968583,1.0326467252234746,1.2896785478214672,Good
3.427427472254578,1.6783862520114003,1.0966681849980566,3.172586111990504,Moderate
2.104508805961162,4.056571626894398,1.1760590843373495,1.4544954252828155,Good
1.908330821359616,4.135418529074598,1.1993781577924605,1.0299667049929724,Bad
1.6584054711056306,4.26556797745128,1.2542794030314808,1.5094339848805318,Moderate
2.1958793856174874,5.977198868357119,1.270501369607462,1.5144288352687607,Bad
1.10375584806508,4.916315219334686,1.0060832304702685,1.0998886170871751,Good
1.9634219146887504,3.457032277063197,1.0610535934706569,1.3596004599156697,Good
1.5025380913644957,4.352365827750491,1.06645938593082,1.0,Moderate
1.6758149807684326,4.829517369035474,1.0,1.419533869901615,Moderate
2.6505333922949337,3.6936676377480726,1.1277480077730275,1.3795786628003843,Moderate
4.193996894131987,1.4890779634635003,1.1313979572483484,3.8468369743323847,Moderate
2.1179456312500555,3.701618585867085,1.5759813354061407,1.9739179122716053,Bad
2.0292624424502543,3.3703290809082587,1.0279828993392923,1.4794672798875594,Good
1.7927739819820272,5.563086987158588,1.0746210742324136,1.6942290652265954,Moderate
4.426746471360415,1.512741499531988,1.0827320575204042,2.942840974154982,Moderate
1.6915497003486424,5.387219587097588,1.4135250742324137,1.0,Bad
1.1637228398597246,5.874688430108432,1.053633899727944,1.2397336399437795,Bad
1.6180949307420844,4.139394003134104,1.0431403124757093,1.5593788927582195,Moderate
1.3589390472166285,4.277399745485523,1.067413350952196,1.11986681997189,Good
1.905643494999956,6.497796661863846,1.1492421204819276,1.7192009198313394,Bad
1.995495108998519,2.818116803214034,1.0024333089778468,1.5194224869887896,Moderate
1.082924521748762,4.459135702491508,1.0133251768363778,1.346282057548593,Good
3.2466407614293447,3.0823911740269025,1.083948698017878,1.6592675098453944,Moderate
2.3011541348434656,6.98289915126784,1.0194663598911775,1.349611957807412,Bad
2.27030779989177,2.506610014408464,1.0024333089778468,1.4544954252828155,Good
2.2979993997061827,4.727006930786786,1.0559657986785853,1.7491676248243118,Bad
1.4290443656517304,2.2108158135523697,1.0292548620287605,1.2597118428284946,Good
2.3993015290551174,4.301063281554011,1.0693489280994948,1.5044391344923034,Bad
1.249574809794984,2.404004922015502,1.006359757481539,1.2397336399437795,Good
1.3896685783465663,5.168757822113311,1.0268169358725223,1.0499449078776877,Bad
1.0950627671661683,3.023232333855684,1.000121669646327,1.2247502874472935,Good
1.9244550375050344,6.458420537845882,1.1200932856587642,1.1847950803460634,Bad
2.4862320800567765,3.953966534501435,1.0310921072677808,1.469478777779302,Moderate
1.80480870993178,5.519735389081118,1.0912485969685193,1.4345172223981009,Bad
2.5049268187400973,6.6161143422062825,1.1154294597745822,1.0899001149789174,Bad
2.416243629940296,3.772609194072547,1.0381584889234357,2.043839824365808,Moderate
3.099079803883954,4.5850257143758615,1.033070694131364,1.5344058394852758,Moderate
1.6584054711056306,4.202433663220555,1.0316328488146134,1.2397336399437795,Good
2.7817258840687358,4.028932616766404,1.060629624562767,1.5993340998594494,Moderate
1.5885338893077725,3.930302998432948,1.0209871745044694,1.274695195324981,Good
1.7014034023257012,5.969342574382381,1.0769529731830547,1.8140958851984847,Moderate
1.0,4.214265431254798,1.0,1.1947835824543211,Good
1.5496254462833672,2.2896627157325704,1.0445182464049747,1.4644839273910732,Good
4.956742425902078,1.2799869587623445,1.1180148278274389,4.6759162120273565,Bad
3.9991042030478257,1.595563875771694,1.494364564321803,2.138734789732954,Moderate
1.370155890426621,5.046464667711368,1.0072998989506412,1.0199782028847149,Moderate
2.6505333922949337,2.021223562571648,1.106843802565099,1.764150977320798,Good
1.4326664450697726,6.000862404425607,1.0431403124757093,1.6243059544641931,Bad
1.7655497264483735,4.332583111597236,1.020351207151185,1.3795786628003843,Moderate
1.5664507433467885,3.910614936423966,1.0394304516129032,1.0649282603741737,Good
1.0,4.939978755403175,1.0,1.15982202707312,Good
1.174678986743078,4.786165770958005,1.0,1.0,Good
2.052471574673105,3.705499405782316,1.018249719393704,1.414539019513386,Good
1.5320991327988076,5.811554115877707,1.172561221919938,1.4644839273910732,Bad
1.3359211481972622,3.378185374882997,1.0023318989506411,1.5643725444782484,Good
2.278720448423481,4.7111996886930365,1.0036499494753206,1.5593788927582195,Bad
3.17887235788863,1.8479118244060453,1.083948698017878,2.35349657507199,Moderate
3.829449393061931,2.364628797997539,1.135047906723669,2.223640054323643,Moderate
3.39982081481082,1.6980743140203822,1.1297389071123205,2.728080387484145,Moderate
1.5724096731623538,5.259436492327756,1.0909444228527012,1.1798002299578347,Moderate
1.5750970640188784,4.719150636812048,1.0209871745044694,1.0299667049929724,Moderate
1.6281433487533157,5.93384727027965,1.0608323886513795,1.0,Bad
1.6557181447459706,5.586750523227075,1.0676253493975905,1.744172774436083,Moderate
1.5965959973804815,3.567493663430897,1.0513019727944035,1.3346286053109258,Good
1.7873992002689778,5.732707213697506,1.1270890104935871,1.174805379569606,Bad
1.4598907006034263,5.55523069318385,1.0582976976292269,1.1648168774613483,Bad
1.878769779925304,6.383454455580914,1.0326467252234746,1.409545367793357,Bad
1.9755150767978145,5.32257080655848,1.174893120870579,1.3945620152968707,Bad
1.771158180301802,3.5414637737555608,1.0437993097551497,1.349611957807412,Good
1.4864138752190772,5.058296435745612,1.0093276237854645,1.0,Moderate
3.0370259515389053,3.29536299864329,1.1352506708122814,2.213651552215385,Moderate
2.222753036195275,3.579325431465141,1.0694908573649435,1.938956356890404,Moderate
3.163332354342592,1.6467717678239011,1.3626117279440342,1.4794672798875594,Good
1.3439832562699714,3.6936676377480726,1.019987793237466,1.4794672798875594,Good
1.9244550375050344,5.720875445663262,1.1958802953750487,1.0199782028847149,Bad
2.4694068474902195,2.072715417056677,1.020351207151185,1.839067739803229,Good
1.6870318239784252,5.630196775448819,1.0364994387874078,1.0249718546047435,Bad
1.9835771848705237,3.224372390437828,1.2495141951029929,1.1148719695836613,Good
1.0757137077916663,4.87684444117245,1.0133831294209097,1.2397336399437795,Good
2.5647500470235896,3.413680678985728,1.2019635258453167,1.9239730043939176,Moderate
1.415023327763456,4.596857482410105,1.010175589584143,1.4045505174051285,Good
2.2673633890298874,4.135418529074598,1.0903084554994171,1.744172774436083,Moderate
2.517078415008472,2.1871522774838823,1.058399107656432,3.402331249826026,Good
2.381307871289799,5.898351966176919,1.037310523124757,1.987138023846305,Bad
2.4694068474902195,6.106307121146788,1.048665899727944,1.899001149789174,Bad
1.6288444296713185,3.8987831683897225,1.0466381748931208,1.1847950803460634,Good
2.8300985325049903,2.2383601695360893,1.216867469879518,2.0638180272505227,Moderate
1.5912212801642969,6.280944017332225,1.1492421204819276,2.103773234351753,Moderate
2.4497773557485165,3.630627977661622,1.0304162083171395,1.6243059544641931,Moderate
3.17045970935692,2.758957963042815,1.0231163093664983,2.058823176862294,Bad
3.605112464365214,3.054752163898909,1.0742155180722892,1.7941176823137703,Moderate
2.459241561160366,5.728731739638,1.4232413525068015,1.5843507473629632,Bad
2.0348815382863386,5.267292786302494,1.0116595507190052,1.3845723145204134,Moderate
1.3808386351010125,4.3720538897594725,1.0979401476875243,1.416679840918084,Good
1.8492087384909917,5.081959971814099,1.1340847353284105,1.5094339848805318,Bad
1.929829819218084,5.271268260362,1.0888152879906725,1.3995556670168998,Moderate
2.193191994760963,2.131874257227896,1.053633899727944,1.274695195324981,Good
1.5320991327988076,3.098198416120652,1.0501360373105324,1.0499449078776877,Good
1.9478234769834015,4.967617765531168,1.0559657986785853,1.2397336399437795,Bad
2.480623690700212,2.2778309476983267,1.087598647493199,1.2796888470450098,Good
1.6169265055433228,2.61697674663189,1.0038158600855034,1.3596004599156697,Good
1.5131707219751074,3.740994709885048,1.0462326187329964,1.0,Good
3.475067178321727,1.5442613295752132,1.150408083948698,2.8479472074560355,Moderate
2.383995197649459,5.638053069423556,1.1061018359891177,1.4794672798875594,Bad
2.827411141648466,5.847049419980437,1.1562378453167508,1.779134329817284,Bad
2.9510301535956285,5.710463489793128,1.0,1.7403538175517783,Bad
1.6369065377440275,5.488215559037893,1.0326467252234746,1.5743622452547057,Bad
2.096446697888452,4.076259688903379,1.0632656976292263,1.779134329817284,Moderate
1.827709740632524,5.074103677839361,1.0851146614846483,1.3046619003179534,Moderate
4.799706556465318,3.4413196891137217,1.0304162083171395,2.79300744919012,Moderate
2.2254404270518,2.447451174237245,1.0139914496696465,1.5394006898735046,Good
2.0749477645268493,5.148975105960056,1.02215313797124,1.354605609527441,Bad
1.4622275510009497,6.091635728784325,1.0699572483482316,1.2996670499297247,Moderate
1.6674023322367215,2.3369897878695456,1.0152634123591138,1.414539019513386,Good
2.0776350908865093,4.312895049588255,1.2420520792848817,1.6542726594571655,Moderate
2.093759307031928,4.868988147197712,1.0804508356004665,1.644284157348908,Moderate
1.0644968645816737,6.359790919512426,1.0582976976292269,2.198668199718899,Bad
2.107196196817686,5.038608373736629,1.0994558973960358,1.4395120727863295,Bad
1.8975813869272469,5.2042531262160425,1.0781189366498252,1.8190895369185145,Bad
1.5972970782984843,4.257711683476542,1.0571824391760591,1.294672199541496,Good
3.5329677550720398,3.374209900823491,1.1539059463661097,2.728080387484145,Moderate
1.833084522345573,5.077984497754594,1.1574038087835212,2.083796230135237,Moderate
3.3274955787936804,5.263411966387261,1.0632656976292263,1.9739179122716053,Bad
1.7150739642518391,5.701187383654281,1.0206830003886511,1.544395540261733,Bad
1.5912212801642969,6.190170692973507,1.0693489280994948,1.744172774436083,Moderate
3.156438671468645,2.104329901244176,1.0218996688690245,1.864039594407973,Moderate
1.1167086243852884,6.601821566420916,1.0279828993392923,1.3662602604333078,Moderate
1.0322484322908367,7.306332362251927,1.005829761368053,1.0,Bad
1.929829819218084,5.748514455791256,1.0524679362611735,1.958934559775119,Bad
1.478351767146368,6.446588769811639,1.0198212110376992,1.059933409985945,Bad
2.2173783189790903,2.2581428856893453,1.0256510003886514,1.8890126476809168,Good
1.0364547243082598,4.537698642238886,1.0206830003886511,1.0,Good
5.651836357953213,2.5933132105634025,1.032849489312087,3.1276360545010453,Bad
3.993729485831641,1.9505169167990075,1.3894286917994558,4.006659001405504,Moderate
2.639295329616494,4.865012673138205,1.1200932856587642,1.6842393644501383,Moderate
1.6029054676550485,2.0530273550476954,1.0024333089778468,1.729189421939597,Good
1.6772170781075737,5.294931796430487,1.3008161678973962,1.6492790077371366,Bad
1.8223350234163396,4.758526760830012,1.28799068169452,1.4245287202898431,Moderate
2.6903553044124093,1.0276390101279935,1.0559657986785853,1.7841291802055128,Good
3.9023589061753152,1.1893082885479005,1.5940006436066847,2.608213567512256,Moderate
1.550910739800751,4.22221637937381,1.1628096012436844,1.0249718546047435,Moderate
1.7935918667217872,4.324726817622498,1.1216647773027597,1.1648168774613483,Moderate
2.3011541348434656,7.322139604345677,1.0291995398367664,1.349611957807412,Bad
1.4998507005079709,3.1612380762071037,1.0,1.4794672798875594,Good
2.547924749960168,2.8852265915042645,1.167897396035756,2.058823176862294,Good
2.7252911275597707,4.50617881219566,1.1189273221919938,1.3845723145204134,Moderate
1.1149726912750728,6.730551202633488,1.0,1.0,Moderate
4.053786321758647,1.2918187267965882,1.0060832304702685,3.097669349508073,Moderate
1.7900865911255024,7.128855841738271,1.2191993688301594,1.2397336399437795,Bad
3.321887124940252,2.222647581586614,1.222697231247571,2.1687014947259264,Moderate
2.6849805871962245,3.5833009055246468,1.096774184220754,1.4944506323840456,Moderate
1.8733950627091192,2.344846081844284,1.2203653322969297,1.2846836974332383,Good
2.5647500470235896,4.679679858649811,1.1885803964244073,1.7192009198313394,Bad
1.4541654429282402,3.6976431118075785,1.0186552755538285,1.409545367793357,Good
2.7358068898517605,6.249329533144726,1.0316328488146134,1.5543840423699908,Bad
2.242265724115221,5.302788090405224,1.1131482378546445,1.8890126476809168,Bad
1.9835771848705237,3.413680678985728,1.032849489312087,1.3695889620239272,Good
1.9898866551450904,1.9386851487647636,1.0826767353284104,1.8790229469044597,Good
1.8917392609334387,2.8536121073167653,1.033070694131364,1.2397336399437795,Good
2.049539869693545,6.742382970667732,1.0864925954139135,1.2697003449367523,Bad
1.4729769854333186,6.134987326861794,1.005829761368053,1.589345597751192,Bad
2.6681234286817,5.330427100533218,1.0216231418577535,1.4345172223981009,Moderate
2.3194983330677856,4.376029363818979,1.150408083948698,1.639289306960679,Moderate
1.6422812549602122,5.208133946131275,1.1270890104935871,1.11986681997189,Moderate
2.511470025651908,2.0372201129539453,1.0535324897007383,1.943951207278633,Good
2.4726783864492603,5.523710863140624,1.289156617178391,1.469478777779302,Bad
3.728497804171997,2.360653323938033,1.0644823381267003,2.55327380924634,Bad
2.278210600708962,2.7090752290104434,1.0368865542168677,1.4544954252828155,Good
2.7442195383834718,6.596426280197301,1.015816410415857,1.2796888470450098,Bad
1.7470886599054318,5.11745527591683,1.1535561601243685,1.7192009198313394,Moderate
1.5636464841716418,2.8930828854790027,1.051968245627672,1.3096555520379822,Good
2.005076118232126,5.369897878695455,1.102603973571706,1.829079237694972,Bad
2.1553351086166974,4.663872616556061,1.0054749102215312,1.5843507473629632,Moderate
2.9601438185484774,4.324726817622498,1.1107149568596968,1.3795786628003843,Moderate
4.303361131553632,4.663872616556061,1.0851653385153517,2.258601609704844,Bad
1.1766652966815998,3.689786817832841,1.1877186070734551,1.11986681997189,Bad
2.6065582690795863,4.628377312453329,1.2022400528565875,1.7491676248243118,Bad
1.471107543813419,3.236204158472072,1.0305267967353284,1.3845723145204134,Good
2.6937437761869365,4.837468317154486,1.032849489312087,1.8790229469044597,Bad
1.7040907931822258,2.762933437102321,1.0024333089778468,1.3795786628003843,Good
2.1404218211038,2.4789710042804707,1.058509696074621,1.4445057245063584,Good
2.27650046634458,5.681404667501026,1.2378546443839875,1.419533869901615,Bad
1.5777843903785382,6.493915841948613,1.0909444228527012,1.1048834674754036,Moderate
1.722902335687304,4.257711683476542,1.0991061111542946,1.1798002299578347,Moderate
1.6852791861802827,5.050440141770873,1.2005441212592305,1.0,Bad
1.4541654429282402,5.054320961686106,1.0308977940147688,1.2397336399437795,Bad
1.737507650671824,5.578894229252337,1.008516539448115,1.3995556670168998,Moderate
1.725589726543829,2.908890127572752,1.2075398460940536,1.0,Good
1.1629394609425154,4.324726817622498,1.167897396035756,1.4295223720098722,Moderate
2.440429954158424,5.515759915021612,1.1907925005829771,1.329633754922697,Bad
4.208017932020262,2.2699746537235885,1.268879172949864,10.0,Bad
1.6982486671884178,6.111323790793307,1.0047570928876797,1.9639294101633475,Bad
1.2956106078337162,6.115299264852813,1.0279828993392923,1.1648168774613483,Moderate
2.075924956522126,4.663872616556061,1.0852206607073456,1.824084387306743,Bad
2.2496267512699277,1.6704353038923887,1.0816167990672367,1.1897887320660925,Good
2.7358068898517605,4.707318868777804,1.0802987485425573,1.918979352673889,Bad
2.040011941379488,6.395286223615157,1.0909444228527012,1.644284157348908,Bad
2.1797551694720694,5.172638642028543,1.282160892343568,1.0499449078776877,Bad
4.5445233573137696,3.0272078079151896,1.0279828993392923,2.902885767053752,Moderate
2.212003601762906,2.9285781895817338,1.1352506708122814,1.609322601967707,Good
2.682526932976944,5.531567157115362,1.01703307889623,1.3446171074191833,Bad
1.647656036673261,5.342258868567462,1.0559657986785853,1.4644839273910732,Bad
1.556285457016935,2.9522417256502216,1.0389327197823552,1.3845723145204134,Good
1.3112674796983756,5.5275916830558565,1.0279828993392923,2.198668199718899,Bad
1.878769779925304,3.856283457610719,1.0139914496696465,1.7192009198313394,Moderate
2.7709763851395013,4.54953041027313,1.0559657986785853,1.744172774436083,Moderate
1.9943266837997573,3.40582438501099,1.1294209094442285,1.2896785478214672,Good
1.6315318205278428,5.902327440236425,1.0571317621453555,1.6492790077371366,Bad
1.880522417723446,2.2620237056045767,1.0766487990672369,1.03995520710123,Good
3.18751867856072,2.0924981332099324,1.0699572483482316,3.192564314875219,Moderate
1.7578381588346657,5.661716605492043,1.02215313797124,1.3695889620239272,Moderate
3.3057629087948337,2.861563055435777,1.172561221919938,2.043839824365808,Moderate
1.600101272976766,3.315051060652272,1.0343426568208318,1.389567164908642,Good
3.0492412707094867,1.5482368036347192,1.2811615110765642,1.5793558969747346,Good
3.9023589061753152,2.3882923340660263,1.0559657986785853,3.662041893986321,Moderate
2.01582561716136,2.4749955302209647,1.036144587640886,1.484462130275788,Good
1.084126356323377,5.787890579809219,1.018249719393704,1.3596004599156697,Good
1.9478234769834015,5.030657425617618,1.1842207446560435,1.2297451378355222,Good
3.2321523792603117,4.671823564675073,1.0036499494753206,2.15371814222944,Bad
2.4694068474902195,2.072715417056677,1.020351207151185,1.839067739803229,Good
1.2579874583266948,3.81198531809051,1.00462325068014,2.1836848472224126,Good
2.601672115612608,6.241473239169988,1.125923047026817,1.0987139222514504,Bad
1.9217677111453744,3.1888770863350966,1.0,1.1648168774613483,Good
1.8035234164143965,1.650747241883407,1.1585697722502917,1.469478777779302,Good
1.386981187490042,4.5298423482641486,1.0109498204430625,1.03995520710123,Good
1.6234697124551336,5.369897878695455,1.0,1.0,Moderate
3.605112464365214,2.0885226591504265,1.1058483668869024,2.5882353646275407,Bad
2.2142235838418074,5.290956322370981,1.018249719393704,1.6243059544641931,Bad
2.317979431906888,4.301063281554011,1.026766258841819,1.7192009198313394,Good
3.1391460301244645,2.2896627157325704,1.130586872910999,1.6942290652265954,Good
2.388084685845125,6.056140424681594,1.041366028760202,1.2697003449367523,Bad
2.6177963317580266,5.397442234679175,1.1154294597745822,1.4445057245063584,Bad
2.3383099400697285,7.448313578662852,1.2903225806451613,1.2597118428284946,Bad
1.872109769191736,2.1989840455181264,1.0305267967353284,1.4944506323840456,Good
3.3078660870519774,1.8715753604745329,1.103027942479596,2.1836848472224126,Good
1.6261570388147937,4.975474059505905,1.0932763218033423,1.1498335249648624,Moderate
1.330896971440079,3.760777426038303,1.031798759424796,1.3596004599156697,Good
1.653763696258552,5.673548373526288,1.0,1.5643725444782484,Moderate
3.848611540522875,3.149406308172859,1.4349009032258064,2.468368544655651,Moderate
3.0424007332519545,3.153381782232365,1.2926544795958026,1.414539019513386,Moderate
1.3925896413434706,5.271268260362,1.0279828993392923,2.198668199718899,Bad
1.7470886599054318,4.896627157325705,1.1119315973571706,1.8140958851984847,Moderate
2.5082343469495747,4.43906902390543,1.1182913548387097,1.6293008048524218,Moderate
2.163747757148408,8.012262970247047,1.1338312662261951,1.0749167624824312,Bad
2.8563880349802617,2.301494483766814,1.4039270796735328,1.0549385595977163,Moderate
3.0424007332519545,1.3154822628650755,1.409249902837155,1.7541624752125404,Moderate
3.571461934735236,1.6822670719266326,1.122881417800233,3.836848472224127,Moderate
1.9647655778685804,6.091635728784325,1.197046258841819,1.6842393644501383,Moderate
2.522686868861901,4.182745601211574,1.0097331799455889,1.5643725444782484,Bad
2.6151090053983665,1.560068571668963,1.6529343085891957,1.5543840423699908,Bad
3.024640683130151,1.3746411030362946,1.1094982883793238,2.128746287624696,Good
1.6530307538894458,4.163057539202592,1.005829761368053,2.038846172645779,Good
2.561361575249062,3.437344215054216,1.0757870097162845,1.2697003449367523,Good
2.410868912724111,3.3703290809082587,1.13291877186164,1.419533869901615,Good
2.3786204804332747,3.050871343983677,1.3701374488923437,1.639289306960679,Moderate
1.620782321598609,3.173069844241347,1.8056743194714344,1.0249718546047435,Bad
2.315175172731741,4.794022064932743,1.0816167990672367,1.0499449078776877,Bad
3.023589126250011,1.8321992364565696,1.8441508060629617,1.5943392494712207,Moderate
2.923689094240218,2.9877370297529526,1.0669156191216478,2.07380652935878,Moderate
3.1368091797269417,5.5394234510901,1.0218996688690245,1.589345597751192,Bad
4.421138017506987,3.969773776595185,1.0620490291488536,2.623196920008742,Bad
1.6315318205278428,3.886951400355479,1.0757870097162845,1.034961555381201,Good
1.9916392929432325,4.920290693394192,1.0629615235134084,1.724195770219568,Moderate
1.715328855860666,4.9281469873689305,1.0510992087057909,1.5993340998594494,Bad
1.6234697124551336,5.338283394507956,1.1119315973571706,1.4644839273910732,Moderate
2.160943562470126,6.0718530126310695,1.2308589195491644,2.07380652935878,Bad
1.2606748491832194,4.163057539202592,1.0699572483482316,1.1897887320660925,Good
1.6910378532313222,3.788321782022023,1.005829761368053,1.7541624752125404,Good
1.6100328226693752,5.563086987158588,1.02215313797124,1.354605609527441,Moderate
3.276201867360521,2.226528401501846,1.121259221142635,1.8190895369185145,Moderate
2.8535837758051152,1.2642743708128688,1.058399107656432,2.39345178217322,Good
2.5815752795901457,4.963642291471661,1.0,2.158712992617669,Bad
1.5912212801642969,3.425512447019972,1.1270890104935871,1.2447284903320084,Good
3.008197852473699,2.4395002261182333,1.0279828993392923,1.9539397093868904,Good
1.634219146887503,4.652040848521818,1.0501360373105324,1.4544954252828155,Good
1.3589390472166285,4.103898699031372,1.0523158492032647,1.6342956552406505,Good
3.420168092158452,1.208996350556882,1.9992226879129424,1.7491676248243118,Bad
3.978072613966981,1.9898930408169704,1.0,3.701998299755751,Moderate
2.0992508925667344,4.652040848521818,1.0547491581811117,1.5843507473629632,Bad
1.8411466304182824,3.173069844241347,1.037310523124757,1.5593788927582195,Good
2.511069371129127,2.581481442529159,1.0030647990672368,1.729189421939597,Moderate
2.4323678460857145,6.943523027249876,1.2215312957637,1.2097669349508071,Bad
1.980889794013999,2.4276684580839896,1.241352506801399,1.5993340998594494,Good
1.3816064702738573,2.273855473638821,1.005829761368053,1.0249718546047435,Good
1.929829819218084,4.7309824048462925,1.1107656338904004,1.0,Bad
2.091071980672268,1.3897857661201267,1.3626117279440342,1.469478777779302,Moderate
3.0726947170553727,5.105623507882586,1.5001943256898562,1.884017797292688,Bad
1.9225855958851343,4.478539802067667,1.092465237465993,1.234738789555551,Good
2.507614209596622,3.334833776805528,1.3171395165176836,1.8690344447962015,Bad
2.517078415008472,3.902758642449229,1.0742155180722892,1.3795786628003843,Moderate
1.6127202135259,2.904914653513246,1.2984842689467548,1.294672199541496,Moderate
2.511470025651908,2.0372201129539453,1.0535324897007383,1.943951207278633,Good
1.0,4.821661075060737,1.130586872910999,1.5943392494712207,Bad
3.1760680987134835,2.0096757569702257,1.0851653385153517,2.648168774613486,Good
1.9029561041434315,2.914096105507819,1.7849203264671591,2.857935709564293,Bad
3.1982681129930897,1.9307342006457515,1.005829761368053,2.503330100036852,Bad
2.43505523694224,4.458851740058686,1.212203643995336,1.604328950247678,Bad
1.7571370779166626,6.312463847375451,1.1297389071123205,1.5493891919817622,Bad
2.1394446291085227,2.530273550476952,1.3707734162456275,1.2796888470450098,Moderate
1.5328002137168106,3.165213550266609,1.0021899696851924,1.3645953103038984,Good
1.8707076718525943,5.894376492117413,1.4255732514574426,1.3645953103038984,Bad
2.2496267512699277,5.334402574592724,1.101438010104936,1.5593788927582195,Bad
2.292741486311756,4.49037157010191,1.0304162083171395,1.829079237694972,Bad
3.0521729756890466,5.070128203779855,1.0546938359891178,1.4644839273910732,Moderate
1.827709740632524,1.6625790099176507,1.0431403124757093,1.2447284903320084,Good
1.5831591720915876,3.374209900823491,1.380101040031092,1.294672199541496,Bad
2.4722110421685017,3.815960792150016,1.032849489312087,1.3995556670168998,Moderate
1.979179659649616,2.2659991796640826,1.322469615235134,2.39345178217322,Moderate
3.887700510271245,1.3234332109840876,1.097331827438787,2.8479472074560355,Moderate
3.1732639040352018,1.7927284582943324,1.1551779090555772,1.669256011953652,Moderate
2.214690928122566,1.8873826025682825,1.0623255561601244,1.4594890770028446,Good
3.31908293026197,2.1792013293648704,1.0802987485425573,3.0926744991198443,Moderate
2.2030067406318143,4.865012673138205,1.08861252390206,1.314650402426211,Bad
1.4998507005079709,5.168757822113311,1.2739992320248736,1.3246389045344684,Moderate
1.833084522345573,4.983330353480644,1.1830548091721729,1.5194224869887896,Moderate
1.948641361723162,2.5933132105634025,1.539836775748154,1.6942290652265954,Bad
2.4323678460857145,1.8400555304313075,1.775359493198601,2.5732520121310545,Bad
4.10506332850388,1.7295941440636076,1.0906112864360669,3.657048242266293,Moderate
1.725589726543829,4.107779518946605,1.0268169358725223,1.859045942687944,Moderate
1.755150767978141,4.872963621257218,1.0652934224640498,1.5044391344923034,Moderate
2.0023887918724665,6.482084073914369,1.036144587640886,1.5643725444782484,Bad
1.20155270181773,3.950085714586204,1.0163233486202876,1.1448386745766337,Good
4.286535898987076,1.61127646372117,1.225195712397979,1.908989651897432,Moderate
1.9405792536504527,3.181020792360359,1.0279828993392923,1.3346286053109258,Good
1.2606748491832194,5.212109420190781,1.053633899727944,1.0,Good
2.558674248889402,1.6783862520114003,1.2553439564710454,1.2497221420520372,Good
2.719916410343586,2.975905261718709,1.4127477652545668,1.6842393644501383,Moderate
2.948342762739104,3.8435998022780096,1.2019635258453167,2.173696345114155,Moderate
2.163630953326651,2.2856872416730645,1.6972405845316751,1.529412187765247,Bad
2.0935149929088923,2.8930828854790027,1.1266594450058298,1.829079237694972,Moderate
1.6926402133349892,4.920290693394192,1.0356145915274,1.3795786628003843,Moderate
2.241564643197218,3.6424597456958656,1.521181500194326,1.059933409985945,Bad
1.1289937291633474,6.738407496608226,1.005829761368053,1.7941176823137703,Bad
2.569423683321771,2.2896627157325704,1.5270112615623783,1.1098783178636322,Bad
2.1958793856174874,4.395717425827961,1.034978624174116,1.1498335249648624,Bad
1.611318116186759,5.799722347843463,1.0407023863194715,1.4445057245063584,Bad
5.24557621918047,3.7764900139877793,1.0754321585697628,2.4134299850579346,Bad
2.037324550522963,5.803697821902969,1.162067634667703,1.1148719695836613,Bad
1.4138549025646945,6.257280481263738,1.041974349008939,1.1847950803460634,Bad
1.4038064845534632,5.334402574592724,1.1338312662261951,1.11986681997189,Moderate
2.186181443568393,1.4417508913265251,1.0152634123591138,1.5843507473629632,Good
2.072260373670325,5.365922404635949,1.0279828993392923,1.5433958509831676,Bad
2.144819346324708,4.959666817412156,1.0559657986785853,1.8440625901914576,Bad
1.0813221616450948,3.713450353901328,1.0340661298095608,1.3596004599156697,Good
1.7067781195418856,6.659560594428026,1.034978624174116,1.469478777779302,Bad
1.4206317171200198,4.237928967323287,1.006359757481539,1.3596004599156697,Good
2.0319498333067787,1.8913580766277884,1.047804110376992,1.3845723145204134,Good
4.13454761866934,1.6783862520114003,1.1569475755926937,3.4722531619202286,Moderate
2.813974316359572,3.1415500141981214,1.3101437916828604,1.329633754922697,Bad
1.0364547243082598,4.762502234889517,1.0060832304702685,1.0249718546047435,Good
2.7252911275597707,2.948266251590716,1.0652934224640498,1.824084387306743,Moderate
3.605112464365214,4.20640913728006,1.1240980862806065,2.083796230135237,Bad
1.1693042695268934,3.228347864497334,1.1107656338904004,1.0199782028847149,Bad
2.657288987381812,4.2970878074945045,1.0852206607073456,1.8790229469044597,Moderate
1.737507650671824,3.8490897426458983,1.0377160792848814,1.4345172223981009,Good
5.548431050347134,3.863287864286991,1.0206830003886511,2.488346747540366,Bad
2.104859346420163,2.6682792928283705,1.0827827345511076,1.779134329817284,Good
2.354434156215147,3.4965030552254346,1.0754321585697628,2.373473579288505,Moderate
1.8216339424983363,3.050871343983677,1.0291995398367664,1.3795786628003843,Good
1.979179659649616,5.776058811774976,1.097331827438787,1.7741394794290557,Moderate
2.537175251030934,3.1060547100953904,1.39759035211815,1.5793558969747346,Moderate
1.3112674796983756,4.569218472282111,1.0072998989506412,1.1947835824543211,Good
3.105962844775246,5.460576548909899,1.0754321585697628,1.709212417723082,Bad
1.2944421826349544,2.687967354837353,1.0050877947920716,1.3346286053109258,Good
4.006114754240395,3.2756749366343088,1.0729988775748154,2.5632635100227974,Moderate
2.040011941379488,6.395286223615157,1.0909444228527012,1.644284157348908,Bad
2.289937291633473,5.212109420190781,1.0,1.6842393644501383,Bad
5.930785297268952,1.4259436492327755,1.1776914108045085,3.617091836496863,Bad
1.529995954541664,6.671392362462269,1.0,1.7591561269325693,Bad
2.3011541348434656,3.413680678985728,1.2968620722891566,1.6193123027441645,Bad
2.8623469647958277,5.452720254935162,1.1923824329576371,1.449500574894587,Moderate
3.893946257643605,1.3667848090615569,1.1824971659541392,3.132630904889274,Moderate
3.883931249008227,2.2028648654333582,1.0826767353284104,2.0288564718693216,Moderate
1.980889794013999,1.918902432611508,1.2914885441119317,1.7391791227160542,Moderate
3.3863839895219257,3.315051060652272,1.057714729887291,2.248613107596586,Moderate
2.539862641887459,3.930302998432948,1.1643995336183444,1.899001149789174,Moderate
1.0504758266933991,5.365922404635949,1.0,1.2397336399437795,Good
4.409538772386889,1.3234332109840876,1.1895205378935094,3.4422864569272567,Moderate
1.8062108072709209,2.8536121073167653,1.0089036548775747,2.0088794676528066,Good
2.0212003343775446,6.308488373315945,1.0897784593859308,2.0338513222575503,Bad
2.0319498333067787,4.22221637937381,1.0781189366498252,1.7341842723278256,Good
1.8062108072709209,5.385610466644931,1.0,1.3346286053109258,Moderate
1.386981187490042,4.908458925359948,1.0268169358725223,1.0,Moderate
2.2673633890298874,4.135418529074598,1.0903084554994171,1.744172774436083,Moderate
2.8919080062301394,6.170482630964526,1.1888845705402251,2.0138731193728354,Bad
1.4353538359262972,6.083684780665313,1.0513019727944035,1.2397336399437795,Moderate
1.6180949307420844,5.764227043740732,1.1340847353284105,1.0,Bad
1.7851792181900763,5.697211909594775,1.106843802565099,1.4894557819958172,Moderate
2.2254404270518,4.151225771168347,1.0279828993392923,1.5244173373770182,Moderate
1.5858464984512477,4.308919575528749,1.1165954232413524,1.5793558969747346,Good
2.327560441140495,5.465403910267871,1.2401865433346289,1.1248616703601186,Moderate
2.459241561160366,3.3032192926180284,1.5083560139914498,1.6642623602336228,Bad
3.476679599936269,5.567062461218094,1.1888845705402251,2.0288564718693216,Moderate
1.8035234164143965,2.9600980196249598,1.0513019727944035,1.1248616703601186,Good
2.780674327188596,5.910183734211162,1.145744258064516,1.544395540261733,Bad
1.4290443656517304,4.076259688903379,1.0401493882627284,1.294672199541496,Good
2.5647500470235896,3.413680678985728,1.2019635258453167,1.9239730043939176,Moderate
2.245069918793503,6.45046958972687,1.1094982883793238,1.484462130275788,Bad
2.827411141648466,3.2913875245837847,1.4279051783909833,1.3795786628003843,Bad
1.827709740632524,3.524142065353428,1.1130975608239408,1.1997784328425498,Good
1.4944759832917862,5.642028543483062,1.0,1.2397336399437795,Moderate
2.023887725234069,5.8707129560489255,1.1233791496307812,1.9039960001774028,Bad
1.9842782657885265,3.113911004070128,1.152080985619899,1.3945620152968707,Moderate
1.8328507857083287,4.671823564675073,1.0644823381267003,1.3596004599156697,Moderate
2.975216477813756,5.06615272972035,1.468713563933152,1.9739179122716053,Bad
2.211419389163525,5.843168600065206,1.0279828993392923,1.4744724294993308,Bad
2.3759330895767503,2.620952220691396,1.0734551107656432,1.4445057245063584,Good
2.842366932595122,5.965367100322875,1.0340661298095608,1.3396222570309548,Bad
4.093045305242054,1.3786165770958003,1.0729988775748154,2.6731406292182296,Moderate
1.330896971440079,3.760777426038303,1.031798759424796,1.3596004599156697,Good
3.1391460301244645,2.3488215559037893,1.138748533229693,1.6492790077371366,Good
2.158139367791844,4.293206987579272,1.0661413882627284,1.5793558969747346,Moderate
1.9562361255151124,6.209953409126763,1.0206830003886511,1.6193123027441645,Bad
2.876017526721965,3.4768149932164527,1.1824971659541392,2.0887898818552664,Moderate
3.543419858958687,4.036788910741142,1.0948985184609406,1.804106184422028,Moderate
2.3740636479568504,1.2642743708128688,1.0343426568208318,1.8091010348102567,Good
2.365183655144381,4.28137521954503,1.0652934224640498,1.839067739803229,Moderate
1.4622275510009497,3.681835869713829,1.234356781966576,1.1348501724683762,Moderate
1.002804194678282,4.166181125963632,1.0,1.0299667049929724,Good
1.2579874583266948,5.097767213907848,1.0,1.059933409985945,Moderate
2.011582432937397,2.684086534922121,1.0338126607073457,1.15982202707312,Good
2.2469393604134025,5.582869703311843,1.2215312957637,1.3645953103038984,Moderate
3.338712422003673,1.8873826025682825,1.482069046249514,3.372364544833053,Bad
1.86802028099607,4.5731939463416165,1.0909444228527012,1.7491676248243118,Moderate
1.7879834128683587,5.180589590147555,1.0851653385153517,1.3096555520379822,Moderate
1.8922066052141973,3.074534880052165,1.125923047026817,1.4295223720098722,Good
2.9437009878920257,4.068403394928641,1.0493815903614458,1.709212417723082,Moderate
2.2576888593426365,5.803697821902969,1.1933363979790128,2.053829525142265,Bad
2.076817206146749,6.738407496608226,1.0024333089778468,1.274695195324981,Bad
2.7442195383834718,5.618365007414575,1.0012166404974738,2.0088794676528066,Bad
1.6477728404950187,2.904914653513246,1.0012166404974738,1.5094339848805318,Good
1.9997014010159415,3.7094748798418222,1.0594636610959969,1.2597118428284946,Moderate
2.007763509088651,2.297519009707308,1.5445005736494366,1.0,Moderate
1.0336505296299778,4.516401459777248,1.0,1.154828375353091,Good
1.878769779925304,4.699367920658792,1.0932763218033423,1.3795786628003843,Moderate
1.4864138752190772,6.608258048231544,1.0816167990672367,1.824084387306743,Bad
5.004414057917196,4.261592503391773,1.0,2.7530522420888897,Bad
2.4968647106673885,1.89523889654302,1.141131137193937,2.6381802725052284,Good
2.109883523177346,3.0390395759494333,1.047804110376992,1.484462130275788,Good
2.3432173130051543,5.030657425617618,1.1046316984065294,2.523307104253368,Bad
2.3123709780534587,3.748945658004059,1.0256510003886514,1.4045505174051285,Good
2.418931020796821,6.012694172459851,1.0559657986785853,1.5244173373770182,Bad
2.57748579139448,7.830905629818158,1.3392926544889234,1.779134329817284,Bad
1.4626948952817085,5.105623507882586,1.0474492592304705,1.5244173373770182,Good
1.496345424911686,3.2401796325315777,1.0292548620287605,1.4395120727863295,Good
2.7890869112234418,2.766908911161827,1.132614597745822,1.6742508623418806,Moderate
1.9057602988217133,5.290956322370981,1.024332949863972,1.409545367793357,Bad
1.2257390260358578,5.101648033823081,1.064127486980179,1.958934559775119,Moderate
2.241564643197218,5.732707213697506,1.2436844057520404,1.0799116128706598,Bad
1.92138376131052,5.9180400281859,1.130586872910999,1.7658159274502077,Bad
1.4643774249880503,7.03420169746432,1.1070650073843762,1.2197554370590649,Bad
2.328049069386566,3.0942229420611462,1.1119315973571706,1.4944506323840456,Good
2.008496451457757,4.525866874204642,1.0582976976292269,1.1398450228566048,Moderate
1.2327495772284274,4.320751343562993,1.0089036548775747,1.2397336399437795,Good
1.855284536625179,4.403573719802698,1.401493770695686,1.0,Moderate
3.907967360028744,1.907070664577264,1.0291995398367664,2.643173924225257,Moderate
1.7038570565449818,2.9640734936844653,1.1970969358725223,2.058823176862294,Good
2.2039414936901967,5.890495672202181,1.1842207446560435,1.1398450228566048,Bad
2.682526932976944,6.178338924939263,1.058399107656432,1.5843507473629632,Bad
3.7384293538646074,2.829948571248278,1.2739992320248736,1.5793558969747346,Moderate
1.9225855958851343,3.425512447019972,1.0072998989506412,1.2846836974332383,Good
1.5218382621156448,4.072284214843873,1.068685285658764,1.3645953103038984,Good
2.383750883526424,4.754645940914779,1.4306933105324524,1.3446171074191833,Moderate
2.263063576558821,3.855431570312253,1.08861252390206,1.7541624752125404,Moderate
1.2848611734013469,6.0285014145536,1.0,1.9289678547821465,Bad
1.634219146887503,3.914590410483472,1.1480761849980567,1.4245287202898431,Moderate
2.2496267512699277,5.657741131432537,1.0036499494753206,1.419533869901615,Bad
1.6449686458167367,6.154675388870776,1.0425826692576758,1.9339627051703752,Moderate
2.2657509674153458,8.887813804781086,1.3940924897007383,1.7741394794290557,Bad
2.60961741986356,3.520166591293922,1.0121664889234356,1.7591561269325693,Moderate
4.303361131553632,1.915021612696276,1.0790821080450836,3.4123197519342843,Moderate
2.4834278853784943,6.312463847375451,1.0364994387874078,1.4944506323840456,Bad
2.721785851963486,5.764227043740732,1.0669156191216478,1.6193123027441645,Bad
1.84126343424004,5.9180400281859,1.0401493882627284,1.15982202707312,Moderate
1.8814571707818284,1.7414259120978512,1.0431403124757093,1.5194224869887896,Good
3.0827112736155,4.829517369035474,1.179556946754761,1.6243059544641931,Bad
1.5240370247260986,6.608258048231544,1.0571317621453555,1.899001149789174,Bad
2.289937291633473,2.6367594627851454,1.451224251846094,1.0299667049929724,Bad
1.795461308341687,3.555661895396653,1.003997553050913,1.5643725444782484,Good
3.0612122757570326,2.435619406203001,1.623785473766032,1.2447284903320084,Moderate
1.8216339424983363,5.247604724293511,1.0571824391760591,1.2896785478214672,Bad
3.5602450915252435,1.915021612696276,1.1289646762534007,2.2086567018271563,Moderate
3.302257633198549,1.504790551412976,1.1399144966964632,2.053829525142265,Moderate
2.2173783189790903,3.90663946236446,1.4558880777302758,1.2896785478214672,Moderate
2.27112568463153,6.37162268754667,1.0582976976292269,1.7941176823137703,Bad
2.8730964637250613,4.048620678775386,1.0851146614846483,2.325194820208427,Moderate
1.733651834616538,5.626221301389313,1.0629615235134084,1.0699219120942025,Bad
1.4864138752190772,4.08298013314683,1.0571317621453555,1.0199782028847149,Bad
2.155568845253941,4.841349137069718,1.0571317621453555,1.669256011953652,Moderate
3.883931249008227,2.2028648654333582,1.0826767353284104,2.0288564718693216,Moderate
1.795461308341687,3.3071947666775343,1.0279828993392923,1.4345172223981009,Good
3.321887124940252,1.796703932353838,1.270501369607462,2.8329638549595493,Moderate
2.230815144267984,4.999137595574393,1.258841818888457,1.729189421939597,Moderate
2.1690056705428358,6.292775785366469,1.0991061111542946,1.4644839273910732,Bad
3.174081788774962,2.680111060862614,1.048334106490478,1.7691458277090266,Moderate
1.888935066255157,3.73313841591031,1.0364994387874078,1.7841291802055128,Good
2.1357056813718587,3.92244670445821,1.059615748153906,1.449500574894587,Moderate
2.7709763851395013,6.37162268754667,1.2774970944422852,1.3446171074191833,Bad
2.1947276651066527,4.474564328008161,1.0906112864360669,1.7042175673348532,Good
2.3383099400697285,4.841349137069718,1.041974349008939,1.449500574894587,Moderate
1.50791280858068,2.5459861384264277,1.1713952584531675,1.11986681997189,Good
1.459540160144425,2.344846081844284,1.2133696074621063,1.204772084562579,Good
5.231555181292195,1.3391457989335631,1.1180148278274389,3.896781882210072,Moderate
4.052851568700266,1.09465414427395,2.3385153424018656,2.278579812589559,Bad
1.5267244155826232,3.9619174826204473,1.0676253493975905,1.1648168774613483,Good
1.5944928191233376,4.766477708949024,1.116798187329965,1.0899001149789174,Moderate
2.9461227806602026,3.5083348232596783,1.0608323886513795,1.639289306960679,Moderate
2.528295258218465,4.975474059505905,1.0450159782355228,1.6792457127301093,Bad
1.7038570565449818,4.305038755613516,1.132614597745822,1.1947835824543211,Moderate
2.591899873175516,2.778740679196071,1.1119315973571706,1.3446171074191833,Good
1.0890670741377917,4.945374041626788,1.0,1.2397336399437795,Good
2.1889857027435395,4.624496492538098,1.0173980598523125,2.104859227740698,Moderate
1.50791280858068,4.352365827750491,1.0594636610959969,1.5593788927582195,Moderate
3.762148333801975,1.3589285150868189,1.097331827438787,3.2924529319623943,Moderate
3.321887124940252,1.2169472986758938,1.2080467842984843,1.779134329817284,Moderate
1.2355537719067096,3.4768149932164527,1.1788472164788184,1.15982202707312,Good
1.5692549380250704,4.797997538992249,1.1935483964244074,2.0138731193728354,Moderate
1.8216339424983363,2.017532050944964,1.0343426568208318,1.484462130275788,Good
2.109883523177346,5.669572899466782,1.0874465604352896,1.409545367793357,Bad
1.4434159439990064,3.516191117234416,1.4104158663039257,1.4794672798875594,Bad
2.7526321869151813,3.342690070780266,1.0389327197823552,1.4644839273910732,Good
2.071208816790185,2.8575875813762712,1.0190792444617178,1.0549385595977163,Good
2.441364707216806,3.0665839319331534,1.092465237465993,1.604328950247678,Good
1.860892925981743,4.521891400145136,1.0072998989506412,1.1448386745766337,Good
2.2442520340537424,5.164782348053805,1.2670035071900505,1.0,Bad
3.2097186928403256,1.7927284582943324,1.0571824391760591,2.688123981714716,Good
2.578771084911864,2.861563055435777,1.0559657986785853,1.669256011953652,Moderate
2.386682588505984,7.389154738491634,1.2273610571317528,1.254716992440266,Bad
2.332935222853544,3.524142065353428,1.4395647011270891,1.2447284903320084,Moderate
1.7094655103984104,5.6025577653208245,1.097331827438787,1.824084387306743,Bad
2.511470025651908,4.356246647665724,1.0790821080450836,1.8091010348102567,Moderate
2.1905046039044382,6.695055898530757,1.0023318989506411,1.5344058394852758,Bad
1.284372545155276,2.301494483766814,1.0025438973960357,1.4395120727863295,Good
1.3547327551992052,3.390017142917241,1.037310523124757,1.314650402426211,Good
3.3836965986654013,1.7887529842348264,1.2938204430625728,2.238623406820129,Moderate
3.2293481200851644,1.5679248656437008,1.058509696074621,3.687014947259265,Good
2.578771084911864,2.861563055435777,1.0559657986785853,1.669256011953652,Moderate
2.233502535124509,6.6871049504117455,1.0757870097162845,1.5144288352687607,Bad
2.327560441140495,3.620405330080035,1.406918003886514,1.2247502874472935,Moderate
2.134069847395474,2.948266251590716,1.0489700738437622,1.3596004599156697,Good
1.0813221616450948,4.419380961896448,1.0036499494753206,1.3046619003179534,Good
2.536707906750175,3.4886467612506964,1.0462326187329964,2.338513222575504,Moderate
2.0803224817430337,3.8909268744149847,1.06645938593082,1.4744724294993308,Good
1.5025380913644957,6.797566336779445,1.0909444228527012,1.4544954252828155,Bad
1.0,4.198552843305323,1.0,1.11986681997189,Good
1.6557181447459706,6.363766393571932,1.0050877947920716,1.5194224869887896,Bad
2.7360406264890047,3.0863666480864085,1.0431403124757093,3.067702644515101,Moderate
1.2019032422767315,3.902758642449229,1.0389327197823552,1.2397336399437795,Good
3.055837558540848,3.382160848942503,1.5711055390594637,2.15371814222944,Bad
2.5452373591036435,2.0845471850909205,1.0314807617567043,2.6531636250017145,Good
1.6786191754467146,5.996981584510375,1.018249719393704,1.0,Bad
1.53063331255746,4.450900791939674,1.0,1.0499449078776877,Good
1.7282771174003533,4.596857482410105,1.0093276237854645,1.414539019513386,Moderate
3.034338625179245,1.2366353606848752,1.258841818888457,1.7591561269325693,Good
1.720215009327644,6.079803960750081,1.015816410415857,1.5993340998594494,Bad
1.986264575727048,4.0249571427068975,1.1130975608239408,1.0899001149789174,Moderate
2.1958793856174874,5.977198868357119,1.270501369607462,1.5144288352687607,Bad
2.5962973983964237,3.3032192926180284,1.1294209094442285,1.4245287202898431,Good
1.786247479758143,4.478539802067667,1.0669156191216478,1.4894557819958172,Bad
2.422155864025904,2.062208807042268,1.0176734115818111,1.5127638851393512,Good
2.67960586998004,3.859312390227485,1.054799835211815,1.5743622452547057,Good
1.748724493881817,6.083684780665313,1.0652934224640498,1.3446171074191833,Moderate
1.3531970848535155,5.122755907996171,1.011193159735717,1.11986681997189,Good
2.3348046644734435,1.7690649222258448,1.0076648799067236,2.613207219232285,Moderate
2.782458826437841,7.128855841738271,1.2238631947143412,1.6592675098453944,Bad
4.867007680222138,2.1358497312874016,1.100981776914108,5.050500024439512,Bad
2.571378131809189,2.2305038755613515,1.0024333089778468,1.11986681997189,Good
1.7578381588346657,5.081959971814099,1.1585697722502917,1.5044391344923034,Moderate
1.0504758266933991,5.365922404635949,1.0,1.2397336399437795,Good
2.034637224163303,2.313326251801058,1.305479993781578,1.644284157348908,Moderate
3.3729471642330315,5.669572899466782,1.3987563155849203,1.864039594407973,Bad
2.528295258218465,5.148975105960056,1.2019635258453167,1.2647054945485237,Moderate
1.825022414272864,4.486396096042405,1.1492421204819276,1.1798002299578347,Good
2.362496264287856,5.11745527591683,1.3917605907500972,1.6492790077371366,Bad
2.314123615851601,3.756801951978797,1.2739992320248736,2.0488346747540365,Moderate
2.618284960004097,2.538129844451689,1.0432463116984063,1.529412187765247,Good
2.539862641887459,6.746263790582964,1.1947143319082782,1.5244173373770182,Bad
2.547924749960168,4.0447398588601535,1.1165954232413524,1.6542726594571655,Moderate
1.7318991968183957,4.261592503391773,1.0462326187329964,1.4944506323840456,Good
2.201254102833672,4.9123397452751805,1.0,1.349611957807412,Moderate
1.878769779925304,3.110787417309088,1.0017489312087058,1.1567486418090407,Good
1.771158180301802,2.435619406203001,1.0139914496696465,1.3246389045344684,Good
2.6339205479034447,4.50617881219566,1.204041983676642,2.333518372187275,Bad
3.0638996666135574,2.193683413438785,1.1317528083948698,1.6792457127301093,Moderate
1.7927739819820272,2.2659991796640826,1.1317528083948698,2.018867969761064,Moderate
1.471107543813419,3.236204158472072,1.0305267967353284,1.3845723145204134,Good
1.4851285817016937,6.604282574172038,1.0194663598911775,1.174805379569606,Bad
1.55897284787346,3.023232333855684,1.4232413525068015,1.4295223720098722,Bad
3.988354704118592,6.063996718656331,1.2916112771084338,2.460876868407408,Bad
1.2714242836155885,4.81768560100123,1.2331908184998055,1.2447284903320084,Moderate
2.335622549213204,2.360653323938033,1.0816167990672367,1.544395540261733,Good
1.5425324680978625,7.223509986012221,1.1282549459774582,1.6243059544641931,Bad
1.9647655778685804,5.003113069633899,1.037310523124757,1.569367394866477,Bad
1.647656036673261,5.342258868567462,1.0559657986785853,1.4644839273910732,Bad
2.50586157179848,2.1950085714586205,1.0206830003886511,1.5543840423699908,Good
2.557138578543712,5.633982941219776,1.141247014380101,2.0631671504180757,Bad
1.6906539033964674,6.209953409126763,1.2355227454333464,1.0,Bad
1.9325171455777437,4.742814172880536,1.060629624562767,1.4445057245063584,Moderate
1.4626948952817085,2.8575875813762712,1.0610535934706569,1.2397336399437795,Good
3.6578082731375146,1.0788469021802003,1.1958802953750487,2.288568314697816,Moderate
2.1152583048903955,5.669572899466782,1.216867469879518,1.2846836974332383,Bad
2.2979993997061827,4.73883869882103,1.1818888457054022,1.3995556670168998,Moderate
1.985043005111871,3.457032277063197,1.0116595507190052,2.0688128776387518,Good
3.90504629703184,1.20511553064165,1.588806849591916,2.55327380924634,Moderate
2.072260373670325,5.365922404635949,1.0279828993392923,1.5433958509831676,Bad
1.1177768859533548,4.123586761040354,1.0291995398367664,1.4794672798875594,Good
1.722902335687304,2.0096757569702257,1.0769529731830547,1.5793558969747346,Good
3.047775450468139,1.922877906671013,1.2436844057520404,1.729189421939597,Moderate
1.1101821221614043,5.208133946131275,1.307811892732219,1.8091010348102567,Bad
1.765900266907375,6.202002461007751,1.008516539448115,1.469478777779302,Bad
1.5777843903785382,5.365922404635949,1.1667314325689857,2.0887898818552664,Moderate
1.8216339424983363,4.0447398588601535,1.0025438973960357,1.374583812412156,Good
1.7278931675654987,3.6581723336453416,1.0439731395258454,1.154828375353091,Good
1.908330821359616,4.328702291682004,1.33113096618733,1.15982202707312,Bad
3.644371447848621,2.6919428288968583,1.0510992087057909,2.0688128776387518,Moderate
2.699352165543501,6.474133125795357,1.1364166342790516,1.5643725444782484,Bad
4.02013579212867,2.498659066289452,1.1289646762534007,6.044394940927632,Bad
2.3993015290551174,5.8707129560489255,1.2652292234745433,1.3396222570309548,Bad
2.36565099942514,2.715606364965346,1.1046316984065294,2.628190571728771,Good
1.168252712646754,3.705499405782316,1.0279828993392923,1.3346286053109258,Good
3.061095471935275,1.5876129276526822,1.083948698017878,2.533296805029825,Good
1.3439832562699714,4.766477708949024,1.0384764865915277,1.4944506323840456,Bad
2.50586157179848,6.576738218188319,1.0121664889234356,1.3096555520379822,Bad
2.023887725234069,5.732707213697506,1.2670035071900505,1.2447284903320084,Moderate
3.439664010893607,2.214696633467602,1.1484310361445784,2.8379575066795786,Moderate
1.7712749841235595,3.461007751122703,1.1049358725223477,1.6542726594571655,Good
2.336844119828381,7.259005290114953,1.0025438973960357,1.2846836974332383,Bad
3.55463670216868,2.167369561330627,1.122881417800233,4.620976453761441,Moderate
3.093192014110022,3.0272078079151896,1.0617955600466382,1.99389611515632,Moderate
2.187817277544778,4.801973013051755,1.2028760202098718,1.7491676248243118,Moderate
2.099134088744977,5.294931796430487,1.0,1.4544954252828155,Moderate
2.0856971989592186,3.563518189371391,1.0676253493975905,1.592674299341811,Good
2.968556467080188,3.618796209627378,1.052149938593082,1.9639294101633475,Moderate
3.0128396273207776,4.427237255871185,1.4185775266226195,1.9039960001774028,Bad
1.7262908074618315,5.058296435745612,1.0165353470656822,1.4894557819958172,Moderate
2.295545745486902,5.074103677839361,1.0036499494753206,2.2635964600930727,Bad
2.1985667119771475,4.947835049377912,1.1935483964244074,2.148723291841211,Moderate
3.087353048462579,2.534154370392184,1.1562378453167508,2.265261410222482,Moderate
1.9002687132869067,4.703343394718299,1.239020607850758,1.5244173373770182,Moderate
1.7599413370918096,7.5942702691332835,1.0693489280994948,1.2247502874472935,Bad
2.27112568463153,5.314619858439468,1.247182268169452,1.5993340998594494,Bad
3.1982681129930897,1.9307342006457515,1.005829761368053,2.503330100036852,Bad
2.107196196817686,4.801973013051755,1.282160892343568,1.6742508623418806,Bad
1.917614500047502,5.389585940704437,1.005829761368053,1.669256011953652,Bad
2.886533289013955,3.0784156999673966,1.0338126607073457,2.4783570467639087,Moderate
1.6982486671884178,5.768202517800238,1.165464087057909,1.1048834674754036,Moderate
1.722902335687304,4.127562235099861,1.121259221142635,1.0749167624824312,Moderate
1.328092776761797,3.63848427163636,1.0381584889234357,1.2297451378355222,Good
4.286535898987076,2.2305038755613515,1.0279828993392923,2.038846172645779,Bad
1.8468718880934685,6.438637821692627,1.0304162083171395,1.374583812412156,Bad
1.9325171455777437,4.742814172880536,1.060629624562767,1.4445057245063584,Moderate
1.2327495772284274,5.062271909805117,1.0338126607073457,2.198668199718899,Moderate
3.163332354342592,1.2248035926506315,1.528177225029149,2.8229741541830924,Moderate
2.1413140707284226,4.285256039460261,1.0291995398367664,1.204772084562579,Moderate
1.6073454963097151,5.898351966176919,1.0408083855421686,1.03995520710123,Bad
1.2888337932783904,5.018825657583375,1.083948698017878,1.5993340998594494,Good
1.7571370779166626,1.449607185301263,1.0470621438010106,1.4944506323840456,Good
2.460994198958509,6.265136775238476,1.158164216090167,1.5743622452547057,Bad
1.959390860652396,4.888676209206693,1.0629615235134084,1.3346286053109258,Bad
1.599283388237006,3.1020792360358844,1.0501360373105324,1.5144288352687607,Good
1.5240370247260986,3.054752163898909,1.0466381748931208,1.0,Good
2.3095667833751765,6.4347570017773945,1.0060832304702685,1.2647054945485237,Bad
1.8328507857083287,3.73313841591031,1.0827320575204042,1.8940062994009452,Good
1.6730107860901504,4.470683508092929,1.0012166404974738,1.5044391344923034,Moderate
2.923689094240218,2.7826214991113023,1.087598647493199,1.9039960001774028,Moderate
2.3759330895767503,4.805853832966987,1.058509696074621,1.3196452528144396,Bad
3.462097697313592,2.4316439321434955,1.0961151869413135,3.1076578516163305,Moderate
1.9378919272907928,6.324295615409695,1.108433734939759,1.639289306960679,Bad
1.9217677111453744,5.594701471346087,1.1783909832879906,1.2647054945485237,Bad
1.5944928191233376,4.31687052364776,1.049882568208317,1.4994454827722743,Moderate
1.9562361255151124,3.930302998432948,1.0109498204430625,1.569367394866477,Good
4.502460179152081,2.301494483766814,1.149647676642052,2.053829525142265,Bad
2.2442520340537424,2.171345035390133,1.1170193921492422,1.5144288352687607,Good
1.5580380948150778,4.8611318532229735,1.041366028760202,1.409545367793357,Bad
3.337243505912826,1.2326598866253695,1.130586872910999,1.724195770219568,Moderate
1.8945434556117209,3.4806958131316845,1.0291995398367664,1.2197554370590649,Good
2.209316210906381,2.4749955302209647,1.1189273221919938,1.4744724294993308,Good
3.5315019348306915,3.567493663430897,1.1470268262728331,1.943951207278633,Moderate
1.7150739642518391,3.3308583027460217,1.1155815468324912,1.5394006898735046,Good
2.220065709835615,4.64418455454708,1.1002720466381657,1.469478777779302,Bad
2.9180806403867887,3.5083348232596783,1.0608323886513795,1.589345597751192,Moderate
1.3359211481972622,2.1121861952189143,1.037310523124757,1.1398450228566048,Good
3.510003001469088,1.7138815561141318,1.289156617178391,2.333518372187275,Moderate
2.7360406264890047,6.2848248372474576,1.1842207446560435,1.7042175673348532,Bad
2.182442495831729,6.253305007204232,1.1729851908278277,1.174805379569606,Bad
1.8020045152534976,5.421105770747662,1.1119315973571706,1.4594890770028446,Good
1.5075622681216787,4.904483451300443,1.1450022914885347,1.4794672798875594,Bad
1.3028548311666652,6.458420537845882,1.0437993097551497,1.5543840423699908,Bad
1.733651834616538,3.323002008771284,1.0367275553828217,1.3596004599156697,Good
1.437457014183441,4.348390353690985,1.0012166404974738,1.314650402426211,Good
1.419229619780879,4.94395422946268,1.0559657986785853,1.709212417723082,Good
3.1536344122934983,1.6665544839771569,1.2043968348231635,1.6892342148383668,Moderate
2.397432087435217,5.618365007414575,1.1865526715895842,1.5144288352687607,Bad
2.967154369741047,2.0253883449197017,1.493516598523125,1.7841291802055128,Moderate
1.9980041015276109,4.494347044161417,1.7042363093664985,1.1997784328425498,Bad
1.086930551001659,2.4395002261182333,1.0,1.2647054945485237,Good
1.7571370779166626,4.301063281554011,1.1885803964244073,1.0,Moderate
1.4262401709734485,5.9456790383138935,1.0,1.7192009198313394,Bad
1.8841444971414885,5.858881188014681,1.1364166342790516,1.5843507473629632,Bad
5.996809705591378,2.153644710410904,1.1605334722114264,2.5732520121310545,Bad
1.5159749166533891,2.1792013293648704,1.0912485969685193,1.1798002299578347,Good
2.099134088744977,6.4149742856241385,1.312475718616401,1.5873474178622604,Bad
3.5215202710743028,2.5523279660927822,1.073954801399145,2.150721471730143,Moderate
1.6261570388147937,5.567062461218094,1.0991061111542946,1.11986681997189,Moderate
1.967452968725105,4.565337652366879,1.0,1.1098783178636322,Bad
1.5748633273816344,5.6893556156200376,1.0218996688690245,1.4395120727863295,Moderate
2.02634137945335,2.2699746537235885,1.0661413882627284,1.389567164908642,Good
1.1990990475984495,4.545554936213623,1.0194663598911775,1.0,Good
2.231048880905228,6.592450806137795,1.0206830003886511,1.2796888470450098,Bad
2.2058109353100965,2.4395002261182333,1.1131482378546445,2.083796230135237,Good
2.201254102833672,4.9123397452751805,1.0,1.349611957807412,Moderate
4.087787391847627,3.808104498175278,1.2919954823163622,1.5493891919817622,Bad
1.0058633454622554,3.985581018688935,1.7636999704624952,1.0,Bad
3.0891375477118244,1.3944238191895502,1.1170193921492422,1.943951207278633,Good
1.8693055745134532,5.290956322370981,1.0474492592304705,1.8790229469044597,Bad
1.938136241413828,5.693236435535269,1.0470621438010106,1.2896785478214672,Moderate
1.6530307538894458,3.5833009055246468,1.5759813354061407,1.1698117278495772,Bad
2.134069847395474,3.212540622403584,1.1235911480761758,1.639289306960679,Moderate
2.348570810752892,4.707318868777804,1.0559657986785853,1.7341842723278256,Moderate
1.445869598218287,5.089816265788837,1.0500194325689856,1.274695195324981,Moderate
2.475015236846784,5.642028543483062,1.0547491581811117,1.2647054945485237,Moderate
2.797850100214154,4.182745601211574,1.130586872910999,1.4994454827722743,Moderate
2.7582406407686104,4.068403394928641,1.0279828993392923,1.644284157348908,Moderate
1.405792794491985,3.224372390437828,1.030314798289934,1.1398450228566048,Good
1.7793370921962686,3.3584973128740154,1.1873637559269334,1.2497221420520372,Bad
2.394744696578693,3.2401796325315777,1.034978624174116,1.7891228319255417,Moderate
2.0265751160905943,1.3667848090615569,1.2565099199378158,1.7591561269325693,Good
2.2078503906650333,3.81198531809051,1.113203560046638,2.213651552215385,Good
1.8169603062001547,3.8356488541589977,1.034978624174116,1.354605609527441,Good
1.123130383701092,5.081959971814099,1.0012719626894675,1.5993340998594494,Good
2.762914277066792,5.141118811985318,1.0991061111542946,1.5194224869887896,Bad
2.0348815382863386,6.584594512163057,1.142458394092499,2.083796230135237,Bad
2.578771084911864,3.8987831683897225,1.2311630936649824,1.2247502874472935,Moderate
2.023887725234069,4.269543451510785,1.406918003886514,1.4395120727863295,Moderate
3.104210206977104,4.186721075271079,1.234356781966576,1.9539397093868904,Moderate
1.8518960648506515,4.569218472282111,1.4057520404197434,1.5743622452547057,Bad
1.25530006747017,3.0784156999673966,1.0734551107656432,1.1947835824543211,Good
2.3436846572859134,2.770789731077059,1.1247570835600469,1.3645953103038984,Moderate
1.1065600427433622,5.263411966387261,1.0133831294209097,1.1498335249648624,Good
1.6617939428801578,4.750670466855274,1.1301813167508743,1.4245287202898431,Good
1.467602268217134,4.600832956469611,1.0139914496696465,1.214761785339036,Good
1.437457014183441,6.012694172459851,1.0644823381267003,1.3396222570309548,Moderate
2.575966890233582,4.368078415699968,1.1545142666148465,2.213651552215385,Moderate
2.392057305722169,4.703343394718299,1.072289147298873,1.529412187765247,Moderate
1.9432666445069773,3.681835869713829,1.762838181111543,1.254716992440266,Bad
1.427291727853588,2.9364344835564715,1.0093276237854645,2.083796230135237,Good
2.795162709357629,6.588569986222563,1.1982121943256898,1.9039960001774028,Bad
2.876017526721965,3.4768149932164527,1.1824971659541392,2.0887898818552664,Moderate
2.598984789252948,2.3527970299632948,1.2483482316362222,1.779134329817284,Good
1.6584054711056306,3.62267702954261,1.0338126607073457,1.604328950247678,Good
3.535007210426976,2.7432453750933394,1.1313979572483484,1.7591561269325693,Moderate
2.0588235483814312,3.677955049798597,1.1317528083948698,1.5543840423699908,Good
3.456489307957028,3.6581723336453416,1.0863820069957248,2.458380042547393,Bad
2.607046897325657,5.334402574592724,1.15507190983288,1.3096555520379822,Bad
1.8132213584634904,4.936003281343668,1.0510992087057909,2.238623406820129,Bad
1.7605255496911902,3.7213066478760655,1.0034978624174116,1.3196452528144396,Good
1.8008360900547362,6.383454455580914,1.197046258841819,1.2297451378355222,Bad
4.036727352554847,1.5876129276526822,2.0820054504469487,2.643173924225257,Moderate
1.7900865911255024,5.2042531262160425,1.0579479113874857,1.5593788927582195,Bad
1.776766569658366,2.10035442718467,1.0279828993392923,1.5044391344923034,Good
3.2251418280677417,1.6625790099176507,1.2250291581811117,1.7691458277090266,Moderate
2.386682588505984,3.1967333803098343,1.2973183054799844,1.764150977320798,Moderate
2.096446697888452,6.012694172459851,1.114596632724446,1.2896785478214672,Moderate
2.2388772523406937,7.136712135713008,1.271667305091333,1.4295223720098722,Bad
3.09346070804787,4.230072673348548,1.0676253493975905,1.6293008048524218,Moderate
1.835771848705233,4.924171513309425,1.1235911480761758,1.5643725444782484,Bad
1.9244550375050344,4.971498585446399,1.0209871745044694,1.294672199541496,Moderate
2.5237384257420405,3.2480359265063155,1.1469102215312863,3.342397839840081,Good
1.4622275510009497,2.778740679196071,1.0069957248348231,1.3596004599156697,Good
2.5244713681111466,4.241904441382792,1.0851653385153517,2.07380652935878,Moderate
1.722902335687304,5.6498848374578,1.1289646762534007,1.8140958851984847,Bad
2.2388772523406937,2.581481442529159,1.037310523124757,1.2447284903320084,Good
1.6449686458167367,5.200277652156537,1.197046258841819,1.0,Moderate
1.9137056030726651,4.013125374672654,1.0617955600466382,1.1348501724683762,Moderate
2.3573658611947077,2.573625148554421,1.5748153999222696,1.3845723145204134,Bad
3.9472262790152857,2.120042489193652,1.3256192024873688,4.071587261779678,Moderate
2.55072894463845,4.5298423482641486,1.0450159782355228,1.5943392494712207,Moderate
1.518779111331671,3.461007751122703,1.0571824391760591,1.2097669349508071,Good
1.7515286885600987,4.230072673348548,1.0582976976292269,1.3645953103038984,Good
1.4461033348555312,5.44476930681615,1.005829761368053,1.4794672798875594,Bad
1.8108177538111248,4.49037157010191,1.0025438973960357,1.2447284903320084,Good
2.451179453087658,5.4053931827981865,1.10828164788185,1.8790229469044597,Bad
2.8479753864485517,4.060452446809629,1.2299464251846093,2.4334069892744496,Moderate
1.4066106792317452,4.423356435955954,1.018249719393704,1.7591561269325693,Good
1.3386085390537867,3.764658245953535,1.0011659634667702,1.5094339848805318,Good
1.601970714596666,6.6319215843000325,1.1527399828993392,1.0,Bad
1.1101821221614043,5.208133946131275,1.307811892732219,1.8091010348102567,Bad
1.6879665770368073,5.484240084978387,1.1515740474154683,1.669256011953652,Bad
1.4309563107053895,1.4929587833787323,1.0,1.5993340998594494,Good
2.8335536940374952,3.241599444695687,1.5489978453167508,1.9922311650269109,Bad
2.3678709815040406,4.947835049377912,1.1643995336183444,1.5194224869887896,Bad
1.6420369408371769,5.070128203779855,1.167897396035756,1.5633740538678824,Moderate
1.7175276184711197,4.691511626684054,1.0046638258841818,1.589345597751192,Good
4.303361131553632,1.915021612696276,1.0790821080450836,3.4123197519342843,Moderate
2.211419389163525,7.010538161395833,1.0669156191216478,1.4544954252828155,Bad
1.6505770996701652,5.062271909805117,1.0,1.3596004599156697,Bad
1.5888844297667737,5.290956322370981,1.0316328488146134,1.3845723145204134,Bad
3.776052567868492,2.3961486280407645,1.138748533229693,2.093784732243495,Moderate
1.827709740632524,5.925990976304912,1.2926544795958026,1.2697003449367523,Bad
1.3084632850200937,3.71733117381656,1.0024333089778468,1.0499449078776877,Good
2.5254910635401826,2.372485091972277,1.0048665899727944,2.053829525142265,Good
1.5428486317280417,3.382160848942503,1.0396424500582977,1.1448386745766337,Good
1.6960286851095163,1.8873826025682825,1.101438010104936,1.254716992440266,Good
4.052851568700266,3.1100301841548963,1.3229693058686358,1.7341842723278256,Moderate
1.5047580734433967,4.979449533565411,1.0571824391760591,1.1298553220801475,Moderate
2.27112568463153,2.1358497312874016,1.4279051783909833,1.7591561269325693,Moderate
2.7252911275597707,2.3527970299632948,1.0279828993392923,1.7391791227160542,Moderate
3.2090176119223237,1.5915884017121882,1.41974349008939,1.9889012647680917,Good
1.3312793733501838,5.511879095106381,1.0023318989506411,1.314650402426211,Good
2.555986858032877,1.7138815561141318,1.1154294597745822,1.609322601967707,Good
1.9701403595816296,5.129287043951074,1.0921103863194714,1.5394006898735046,Bad
2.346372048142438,5.145094286044824,1.415079664205208,1.3645953103038984,Bad
1.9762480191669205,4.8611318532229735,1.0384764865915277,1.374583812412156,Moderate
2.5086657664767618,4.54953041027313,1.1017560077730275,1.7866260060655272,Bad
1.330896971440079,3.969773776595185,1.0072998989506412,1.6243059544641931,Good
1.5131707219751074,3.740994709885048,1.0462326187329964,1.0,Good
2.351746765358622,3.914590410483472,1.2005441212592305,1.779134329817284,Good
1.8733950627091192,2.530273550476952,1.0594636610959969,1.5743622452547057,Good
2.2868660154389584,4.1157304670656165,1.116798187329965,1.544395540261733,Moderate
1.3168758690549398,4.636328260572341,1.015816410415857,1.329633754922697,Good
2.841385483806784,3.182629912813016,1.0545666537116207,1.775609046641911,Moderate
2.7352727913161594,2.0608836490224327,1.307811892732219,1.6342956552406505,Moderate
2.721785851963486,6.320320141350189,1.1737271574038088,2.0338513222575503,Bad
1.353330657860064,4.040764384800648,1.081515389040031,1.5943392494712207,Good
1.4461033348555312,3.701618585867085,1.0,1.2185807422233403,Good
1.181205488966962,2.582049367394802,1.000399763699961,1.2226094660425957,Good
2.55072894463845,4.695487100743561,1.058399107656432,1.6892342148383668,Bad
2.822737505350284,3.4531514571479653,1.0729988775748154,2.6681469774982007,Moderate
1.583275975913345,3.957942008560941,1.0450159782355228,1.274695195324981,Good
1.7637786425469608,6.131011852802288,1.041974349008939,1.4644839273910732,Bad
2.9759494201828622,2.687967354837353,1.0979401476875243,1.764150977320798,Moderate
1.7094655103984104,4.218240905314305,1.0036499494753206,1.409545367793357,Good
2.394744696578693,4.723031456727281,1.283326855810338,1.4045505174051285,Bad
2.986503429115549,3.710516075428836,1.2882238631947145,2.311484453340042,Moderate
1.80480870993178,5.014944837668143,1.1049358725223477,1.1798002299578347,Moderate
1.6948071144943395,3.62267702954261,1.1713952584531675,1.2197554370590649,Moderate
2.93490593745021,6.190170692973507,1.0218996688690245,1.4445057245063584,Bad
1.5405451262095071,5.406718340818022,1.0413080761756703,1.7658159274502077,Bad
2.3383099400697285,6.2848248372474576,1.1760590843373495,1.9139845022856603,Bad
1.6675425484203226,4.703343394718299,1.0944422852701128,1.6892342148383668,Moderate
1.5159749166533891,4.6599917966408295,1.0656989786241742,1.3596004599156697,Bad
1.5030755437370549,4.052596152834892,1.0,1.0,Good
1.163880663687356,6.884364187078657,1.0544394714341236,1.2397336399437795,Bad
2.4525815504267987,3.71733117381656,1.0669156191216478,1.5643725444782484,Moderate
1.4944759832917862,6.300632079341207,1.1539059463661097,1.6143174523559356,Bad
1.9898866551450904,2.663925202191769,1.058509696074621,2.158712992617669,Good
2.948342762739104,5.578894229252337,1.266573941702293,1.11986681997189,Bad
1.1504926625249503,3.0823911740269025,1.0,1.1698117278495772,Good
2.001103498355083,6.884364187078657,1.0,2.003884617264578,Bad
1.3056590258449472,5.705068203569513,1.0048665899727944,1.449500574894587,Good
2.768289058779841,5.342258868567462,1.3171395165176836,1.709212417723082,Bad
3.837862041593641,1.5284540874814636,1.0790821080450836,2.648168774613486,Moderate
8.29352041494531,3.764658245953535,1.0699572483482316,3.007769234529156,Bad
1.8736393768321544,6.012694172459851,1.307811892732219,1.5543840423699908,Bad
2.8619964243368257,2.4947782463742203,1.0012166404974738,1.6342956552406505,Good
1.9730614225785337,2.7984287412050524,1.0,1.314650402426211,Good
1.7066613157201282,4.009244554757423,1.005839919160513,1.314650402426211,Good
2.072993316039431,5.298907270489993,1.0165353470656822,1.5493891919817622,Moderate
2.0231547828649634,3.606964441593135,1.0163233486202876,1.5144288352687607,Good
2.3067625886968948,5.097767213907848,1.0291995398367664,1.2846836974332383,Moderate
1.5267244155826232,2.7826214991113023,1.1410804601632336,2.7230855370959173,Good
2.241564643197218,2.7826214991113023,1.0734551107656432,2.07380652935878,Good
3.2321523792603117,1.3589285150868189,1.0,2.018867969761064,Good
1.0996770018520703,4.761461039302503,1.0356145915274,1.1847950803460634,Good
1.5320991327988076,4.202433663220555,1.0693489280994948,1.5144288352687607,Good
1.5636464841716418,4.924171513309425,1.0304162083171395,1.839067739803229,Moderate
1.55144819217331,2.234479349620857,1.0,1.414539019513386,Good
3.827112542664408,2.3843168600065203,1.3276331037699185,2.703107334211202,Bad
1.2944421826349544,4.719150636812048,1.0048665899727944,1.234738789555551,Moderate
1.4407285531424818,3.677955049798597,1.336960755538282,1.414539019513386,Bad
1.233801134108567,6.533291965966576,1.005829761368053,1.0,Moderate
1.9163929294323248,3.244060452446809,1.0096774100272057,2.383463280064962,Good
1.8411466304182824,5.4014177087386805,1.2644383987563157,1.4295223720098722,Bad
2.5984005766535674,3.5871817254398786,1.0,1.3096555520379822,Good
2.8999701143028487,4.218240905314305,1.0559657986785853,1.4794672798875594,Bad
1.5374738500149925,5.701187383654281,1.1119315973571706,1.7192009198313394,Bad
1.7599413370918096,4.376029363818979,1.0454722114263506,1.0049948503882289,Moderate
1.6530307538894458,4.048620678775386,1.0198212110376992,1.2197554370590649,Good
1.8733950627091192,2.411955870134514,1.0081616883015934,1.449500574894587,Good
1.4568527692879003,3.255892220481053,1.030314798289934,1.669256011953652,Good
3.2770197521002813,4.908458925359948,1.01703307889623,2.128746287624696,Bad
1.4111675117081697,2.751101669068077,1.0,1.709212417723082,Good
1.3520453643426806,4.620521018478592,1.0011659634667702,1.0149833524964862,Bad
1.6530307538894458,4.198552843305323,1.0233190734551108,1.414539019513386,Moderate
1.50791280858068,4.28137521954503,1.1947143319082782,1.2846836974332383,Good
1.4165422289243543,5.811554115877707,1.0186552755538285,1.03995520710123,Moderate
1.9513287525796867,4.028932616766404,1.1422463956471045,1.3446171074191833,Good
1.9002687132869067,5.172638642028543,1.0093276237854645,1.154828375353091,Moderate
2.800537491070678,5.665692079551549,1.3789351045472211,1.4295223720098722,Bad
2.201254102833672,5.547374399209112,1.172561221919938,1.4295223720098722,Moderate
2.702156360221782,2.7314136070590957,1.141131137193937,1.5094339848805318,Good
2.413322566943392,6.024525940494094,1.0048665899727944,1.9739179122716053,Bad
2.825541700028566,4.021076322791666,1.035282798289934,1.2846836974332383,Moderate
1.7515286885600987,5.511879095106381,1.1119315973571706,1.4295223720098722,Bad
1.4115513970461595,3.2913875245837847,1.005829761368053,1.349611957807412,Good
1.5643475650896446,7.160375671781496,1.0443062479595802,1.0,Bad
1.5328002137168106,5.5394234510901,1.0,1.7841291802055128,Bad
1.132065005357862,2.6722547668878764,1.0,1.3096555520379822,Good
1.034935823147361,4.94395422946268,1.0,1.1897887320660925,Good
1.9422150876268376,3.8474806221932414,1.048665899727944,1.254716992440266,Good
1.7997611208127535,5.235772956259268,1.0034978624174116,1.449500574894587,Moderate
2.9965986073536017,2.1082107211594083,1.0863820069957248,2.35349657507199,Moderate
4.878224523432131,1.3352649790183313,1.0474492592304705,4.471142928796578,Moderate
1.419229619780879,5.358066110661212,1.0023318989506411,1.0,Moderate
1.9352045364342685,1.812416520303314,1.1002720466381657,1.5394006898735046,Good
2.894595397086664,5.06615272972035,1.247182268169452,1.7042175673348532,Bad
3.913575749385308,1.1261739743171757,1.0961151869413135,2.6531636250017145,Moderate
2.1111050937925238,6.04430865664735,1.067413350952196,2.083796230135237,Bad
2.98865330310265,1.7927284582943324,1.1165954232413524,1.9489460576668611,Good
4.182780050921995,1.1064859123081938,1.0912485969685193,2.7021088436008363,Moderate
2.441364707216806,3.748945658004059,1.493959008161679,1.0299667049929724,Bad
2.037324550522963,5.472408316944144,1.216867469879518,1.4395120727863295,Bad
1.6141223108650409,2.8322202707108524,1.0114475522736106,1.4794672798875594,Good
4.570780933841073,3.342690070780266,1.083948698017878,2.5832405142393124,Bad
2.396497334376836,2.6406402827003777,1.0097331799455889,1.8140958851984847,Good
1.378568538958331,3.5596373694561594,1.0432463116984063,1.2397336399437795,Good
1.5580380948150778,2.514466308383202,1.519508598523125,1.389567164908642,Bad
1.583275975913345,5.294931796430487,1.0389327197823552,1.274695195324981,Good
1.8303971314890488,3.6029889675336286,1.1569475755926937,1.1947835824543211,Moderate
1.7766497658366087,3.2401796325315777,1.0676253493975905,1.5993340998594494,Good
2.4918405339102048,5.081959971814099,1.0535324897007383,1.6992227169466243,Moderate
2.878821721400247,3.6029889675336286,1.0072998989506412,1.4744724294993308,Moderate
2.362846804746858,4.253736209417036,1.0462326187329964,1.5543840423699908,Good
1.905643494999956,3.7962727301410335,1.222697231247571,1.4994454827722743,Good
2.2388772523406937,3.685811343773335,1.1247570835600469,1.0099885021082575,Good
1.9943266837997573,2.6722547668878764,1.4418966280606296,1.0449500574894588,Moderate
1.7712749841235595,3.950085714586204,1.228527020598523,1.0649282603741737,Moderate
1.8303971314890488,5.239748430318774,1.1247570835600469,1.5993340998594494,Bad
1.5697222823058292,5.5275916830558565,1.0897784593859308,1.0,Moderate
1.3305464309810775,5.461333782064092,1.0011659634667702,1.0,Moderate
3.4677061511670204,2.845755813342027,1.0,1.2097669349508071,Moderate
2.134069847395474,2.61697674663189,1.0402254178002333,1.409545367793357,Good
1.633751802606744,3.910614936423966,1.2153466552662262,1.449500574894587,Good
1.491788592435262,3.457032277063197,1.0338126607073457,1.3795786628003843,Good
3.069508120466986,1.3746411030362946,1.059615748153906,2.293563165086045,Good
2.149726719260133,4.995162121514888,1.2554960435289546,1.8190895369185145,Bad
2.3684551941034213,4.687536152624549,1.0437993097551497,1.6542726594571655,Bad
1.168252712646754,3.350546364755004,1.0127194869801788,1.2397336399437795,Good
2.553788095422424,2.364628797997539,1.6079920932763312,1.7857941303349223,Moderate
1.773962374980084,6.040333182587844,1.122425184609405,2.7530522420888897,Bad
2.0185130080178846,5.925990976304912,1.150408083948698,1.4944506323840456,Bad
2.0936425032101704,1.70593060799512,1.0304162083171395,1.0998886170871751,Good
3.0726947170553727,5.105623507882586,1.5001943256898562,1.884017797292688,Bad
1.6073454963097151,2.514466308383202,1.355616003109211,1.0,Moderate
1.954016143436211,6.572762744128813,1.2075398460940536,1.0,Bad
2.122831784717034,3.882975926295973,1.0944422852701128,1.4395120727863295,Good
2.780674327188596,4.600832956469611,1.0669156191216478,1.9039960001774028,Bad
1.5687450903105522,5.026776605702387,1.2175034372328022,1.544395540261733,Bad
2.7494774517778984,2.2423356435955952,1.0788609032258063,2.663152127109972,Moderate
1.5052254177241555,6.134987326861794,1.0114475522736106,1.2397336399437795,Bad
1.908330821359616,4.135418529074598,1.1993781577924605,1.0299667049929724,Bad
1.6180949307420844,6.158650862930282,1.041974349008939,1.4794672798875594,Bad
2.324873114780835,3.117886478129634,1.030314798289934,1.669256011953652,Good
1.6533812943484474,3.212540622403584,1.0778654675476098,1.15982202707312,Good
3.2293481200851644,2.9877370297529526,1.0754321585697628,2.2336297551001,Moderate
1.9197814012068528,1.7454013861573572,1.0279828993392923,1.5244173373770182,Good
2.0515793250484817,4.22221637937381,1.092465237465993,1.5543840423699908,Good
1.7332275097444552,5.454707991964915,1.0730664562767198,1.2247502874472935,Moderate
2.211419389163525,5.638053069423556,1.0705655685969686,1.9139845022856603,Moderate
1.386981187490042,5.784009759893987,1.0524679362611735,1.2996670499297247,Moderate
3.8098199013202274,2.912770947487984,1.1094982883793238,4.1814655796433104,Bad
2.02634137945335,5.141118811985318,1.1119315973571706,1.1847950803460634,Moderate
2.488802602594679,3.7764900139877793,1.036144587640886,1.669256011953652,Moderate
1.661092861962155,3.279555756549541,1.1445783225806452,1.154828375353091,Good
1.3140716743766578,6.525435671991839,1.0437993097551497,1.2996670499297247,Moderate
5.450283656135484,2.912770947487984,1.1192314963078118,3.2375143723646778,Bad
3.128396531195231,5.212109420190781,1.13291877186164,2.238623406820129,Bad
1.6786191754467146,4.24976073535753,1.0127194869801788,1.4045505174051285,Moderate
2.558674248889402,5.720875445663262,1.2028760202098718,1.4944506323840456,Bad
1.469905709238804,4.356246647665724,1.0,1.0332966052517916,Moderate
1.877718223045164,5.034632899677124,1.0340661298095608,1.529412187765247,Bad
2.660794262978097,2.979880735778215,1.0268169358725223,1.589345597751192,Moderate
2.0319498333067787,2.2581428856893453,1.064127486980179,1.4794672798875594,Good
1.4729769854333186,3.133693720223384,1.180722882238632,1.1648168774613483,Good
2.072260373670325,2.71163089090584,1.041974349008939,1.4245287202898431,Good
1.6197307647184696,5.535542631174868,1.0317139432568985,1.3046619003179534,Bad
3.07511650982355,4.7111996886930365,1.0206830003886511,2.0488346747540365,Bad
5.805016411334688,2.471114710305733,1.024485036921881,2.3085465175825317,Bad
2.704960619396929,5.9456790383138935,1.0291995398367664,1.3246389045344684,Bad
2.107196196817686,5.038608373736629,1.0994558973960358,1.7341842723278256,Bad
3.638762993995192,2.155537793296383,1.126531367275554,2.4334069892744496,Moderate
4.129500029550314,1.6665544839771569,1.1715473455110763,3.7469483572452096,Moderate
2.2576888593426365,5.803697821902969,1.1933363979790128,2.053829525142265,Bad
2.1905046039044382,2.30546995782632,1.6645938593082006,1.5993340998594494,Bad
1.599283388237006,3.0942229420611462,1.083948698017878,1.314650402426211,Good
2.867721682012012,3.419833198363535,1.3066459292654489,1.0499449078776877,Moderate
3.25178180650515,2.017532050944964,1.0145997699183833,2.763040744197147,Moderate
1.6664675791783397,4.778309476983267,1.300511993781578,2.043839824365808,Moderate
3.3165124077240677,1.757233154191601,1.282160892343568,1.7391791227160542,Moderate
7.93634464750948,2.9600980196249598,1.0629615235134084,2.982797379924412,Bad
2.260376250199161,6.4149742856241385,1.1865526715895842,1.644284157348908,Bad
2.444168901895088,3.1060547100953904,1.01703307889623,1.4295223720098722,Good
1.8945434556117209,3.4806958131316845,1.0291995398367664,1.2197554370590649,Good
1.521349633869574,2.91674642154749,1.102603973571706,1.254716992440266,Good
2.096446697888452,5.247604724293511,1.1340847353284105,1.644284157348908,Bad
1.3574201460557298,5.882544724083169,1.0944422852701128,1.0,Bad
2.5244713681111466,4.241904441382792,1.0851653385153517,2.07380652935878,Moderate
2.037558287160208,7.152519377806758,1.0024333089778468,1.274695195324981,Bad
3.3424088663065783,1.8992143706025264,1.1437303567819666,2.523307104253368,Moderate
1.6879665770368073,5.287075502455749,1.1539059463661097,1.4944506323840456,Good
1.2796818816848448,3.71733117381656,1.0499876439953362,1.2597118428284946,Good
2.104508805961162,4.399692899887466,1.053633899727944,1.6143174523559356,Bad
1.7014034023257012,3.417656153045234,1.191216469490867,1.1398450228566048,Moderate
2.273813075488055,4.036788910741142,1.3218033424018656,1.7691458277090266,Moderate
2.803108013608581,4.068403394928641,1.024332949863972,1.839067739803229,Bad
1.0364547243082598,4.435188203990197,1.0048665899727944,1.2097669349508071,Good
2.0515793250484817,1.5521176235499512,1.026710936649825,2.2036630501071275,Good
2.113271994951874,1.5364050356004753,1.0597816587640887,1.9039960001774028,Good
1.5912212801642969,5.089816265788837,1.0571317621453555,2.0238628201492928,Bad
3.930401046448729,3.181020792360359,1.0948985184609406,2.643173924225257,Moderate
1.6530307538894458,6.793590862719939,1.0104935872522347,1.4442120507974272,Moderate
2.457042798549913,2.447451174237245,1.006359757481539,1.6842393644501383,Good
2.4722110421685017,5.894376492117413,1.0291995398367664,1.4994454827722743,Bad
1.496345424911686,3.464983225182209,1.0279828993392923,1.0,Good
2.3235878212634518,1.09465414427395,1.0145997699183833,2.5183134525333384,Good
1.9701403595816296,4.94395422946268,1.2191993688301594,1.3246389045344684,Bad
2.138509876050141,5.7603462238255,1.150864317139526,1.5543840423699908,Bad
2.945655436379444,2.1516569733811512,1.2401865433346289,1.5993340998594494,Good
1.5524296409616491,5.515759915021612,1.1119315973571706,1.5793558969747346,Moderate
3.664000939590324,1.6192274118401817,1.2469795040808394,2.8529408591760648,Moderate
1.3950432955627512,5.7603462238255,1.0932763218033423,1.234738789555551,Moderate
2.134069847395474,3.52802288526866,1.1338515258453168,1.4445057245063584,Good
2.719916410343586,4.419380961896448,1.46404973804897,1.859045942687944,Moderate
1.8384592395617576,5.4566010748503935,1.1130975608239408,1.3096555520379822,Bad
1.28042114474668,3.2480359265063155,1.0025438973960357,1.2397336399437795,Good
2.0319498333067787,5.582869703311843,1.1061018359891177,1.1947835824543211,Bad
3.750931490591983,3.5083348232596783,1.0036499494753206,1.7341842723278256,Bad
3.1844807472451944,3.1849016122755907,1.0474492592304705,1.6992227169466243,Moderate
2.08522985467846,4.080235162962885,1.0961151869413135,1.409545367793357,Moderate
1.4461033348555312,2.518441782442708,1.036144587640886,1.1847950803460634,Good
3.2036428947061384,2.139825205346908,1.0816167990672367,1.669256011953652,Good
1.227141123374999,4.34441487963148,1.0279828993392923,1.2397336399437795,Good
1.3337011661183609,3.0784156999673966,1.0734551107656432,1.2397336399437795,Good
2.800537491070678,2.83789951936729,1.318305479984454,1.1947835824543211,Moderate
2.06688565645414,6.202002461007751,1.012825486202876,1.4894557819958172,Bad
3.837862041593641,1.2208281185911256,1.1247570835600469,2.388456931784991,Moderate
3.1732639040352018,3.3584973128740154,1.0048665899727944,2.318535019690789,Moderate
2.193191994760963,5.251580198353017,1.1585697722502917,1.1897887320660925,Bad
3.0358575263401435,2.758957963042815,1.0961151869413135,2.8928972649454945,Moderate
2.072260373670325,5.093791739848342,1.1165954232413524,1.5244173373770182,Moderate
1.9366066337734087,6.663441414343257,1.0097331799455889,1.3246389045344684,Bad
1.6357548172331926,4.253736209417036,1.0,1.5244173373770182,Moderate
1.6730107860901504,5.334402574592724,1.0109498204430625,1.4245287202898431,Bad
4.40489699753981,2.139825205346908,1.655266235522736,2.198668199718899,Moderate
2.040744883748594,6.276968543272719,1.031798759424796,1.5094339848805318,Moderate
1.548223348944226,3.831768034243766,1.0223863194714342,1.2197554370590649,Moderate
2.3404131183268726,1.6389154738491634,1.031798759424796,2.2336297551001,Good
1.9301127024661389,4.957773734526677,1.057438594636611,1.4345172223981009,Bad
2.072260373670325,5.365922404635949,1.0279828993392923,1.5433958509831676,Bad
1.967452968725105,3.6581723336453416,1.0081616883015934,1.2896785478214672,Good
1.4622275510009497,4.5298423482641486,1.0069957248348231,1.6143174523559356,Good
3.235891326996976,1.6940988399608763,1.28799068169452,1.729189421939597,Good
2.017928795418504,3.1888770863350966,1.0194663598911775,1.4744724294993308,Good
1.8765710173148495,3.737113889969816,1.1373705993004275,1.529412187765247,Good
1.353330657860064,4.447019972024441,1.0546938359891178,1.2397336399437795,Good
2.8166617072160967,5.393561414763943,1.246016332685581,1.669256011953652,Bad
3.3134744764085418,2.285308625095969,1.0291995398367664,1.8790229469044597,Moderate
3.596699880330368,1.7927284582943324,1.0279828993392923,1.908989651897432,Moderate
2.0023887918724665,5.645909363398294,1.1527399828993392,1.5943392494712207,Moderate
1.4837264843625526,4.865012673138205,1.0987563249125534,1.274695195324981,Moderate
1.8223350234163396,3.279555756549541,1.3089778561989895,1.5993340998594494,Moderate
5.708271114462177,1.5719003397032068,1.087598647493199,4.146504024262109,Moderate
3.1340049850486595,3.1297182461638777,1.1131482378546445,2.1637066443376973,Moderate
2.846222748650409,5.137143337925812,1.1515740474154683,2.7880137974700907,Bad
2.3732457632170902,1.1696202265389186,1.0503692188107268,1.3645953103038984,Good
2.0185130080178846,4.9123397452751805,1.0944422852701128,1.1798002299578347,Moderate
1.6906539033964674,5.519735389081118,1.1154294597745822,1.3695889620239272,Moderate
2.0023887918724665,2.1082107211594083,1.3824329669646327,1.3695889620239272,Bad
1.682591795323758,4.435188203990197,1.030314798289934,1.0,Moderate
3.5718124751942377,4.770358528864255,1.2565099199378158,2.628190571728771,Bad
2.0936425032101704,4.853180905103962,1.0279828993392923,1.2796888470450098,Bad
3.155270246269883,3.4886467612506964,1.0046638258841818,1.639289306960679,Moderate
2.214690928122566,2.3803413859470144,1.047804110376992,1.389567164908642,Good
2.4243057380130053,3.1060547100953904,1.1539059463661097,1.2996670499297247,Moderate
2.47805316816231,3.973749250654691,1.6459385837543723,1.255715483050632,Bad
1.161242161454184,4.237928967323287,1.0011659634667702,1.1148719695836613,Good
3.171394462415301,2.9877370297529526,1.1655654970851146,1.349611957807412,Moderate
2.643267949493538,2.2305038755613515,1.0291995398367664,2.0488346747540365,Good
4.184532688720138,1.9207008613527128,1.4628838025650992,2.748057391700661,Moderate
3.3779713409902152,3.831768034243766,1.059615748153906,1.6342956552406505,Moderate
2.536707906750175,3.4886467612506964,1.0462326187329964,2.338513222575504,Moderate
5.310073083762143,1.863719066499795,1.100981776914108,5.015538469058312,Moderate
1.9835771848705237,3.81198531809051,1.0559657986785853,1.414539019513386,Good
1.6127202135259,6.060021244596825,1.0174893120870578,1.2896785478214672,Moderate
2.413556303580636,3.133693720223384,1.0279828993392923,1.4944506323840456,Good
1.7290950021401137,5.417224950832431,1.0553828309366498,1.6892342148383668,Bad
3.8182325498519374,1.2839624328218504,1.0559657986785853,2.55327380924634,Moderate
2.8166617072160967,2.5894323906481707,1.2180334333462883,2.453385192159165,Good
1.5777843903785382,4.947835049377912,1.541002711232025,1.0099885021082575,Moderate
2.3006867905627075,3.5990134934741222,1.0121664889234356,1.2297451378355222,Good
3.7032598585768657,1.157788458504675,1.081515389040031,2.783018947081862,Moderate
2.663481653834621,3.4018489109514847,1.0781189366498252,1.9689230618833768,Moderate
1.353330657860064,4.040764384800648,1.081515389040031,1.5943392494712207,Good
1.4907370355551222,3.6661232817643534,1.1946636548775749,1.449500574894587,Good
5.352136261923832,2.411955870134514,1.2165632957637,2.7530522420888897,Bad
1.9728276859412897,3.354521838814509,1.263505644772639,1.0,Moderate
3.612123015557784,1.8913580766277884,1.212203643995336,2.173696345114155,Moderate
1.440261208861723,6.608258048231544,1.0644823381267003,1.3196452528144396,Moderate
2.7145416286305366,4.963642291471661,1.0559657986785853,1.899001149789174,Bad
1.8008360900547362,5.523710863140624,1.0804508356004665,1.3596004599156697,Moderate
2.3436846572859134,2.9443854316754834,1.539836775748154,1.0449500574894588,Moderate
4.609020221895444,1.252442602778625,1.116798187329965,2.927857621658496,Bad
1.7014034023257012,2.8575875813762712,1.0909444228527012,2.148723291841211,Good
2.7442195383834718,5.618365007414575,1.0012166404974738,2.0088794676528066,Bad
1.7318991968183957,3.826088785587329,1.0024333089778468,1.5543840423699908,Good
1.5294117419422832,5.7603462238255,1.1853867081228138,1.3196452528144396,Moderate
2.08522985467846,5.705068203569513,1.352827870967742,1.314650402426211,Bad
1.4971633096514465,5.744538981731751,1.047804110376992,1.11986681997189,Moderate
1.4864138752190772,5.614389533355069,1.0163233486202876,1.0149833524964862,Moderate
2.383995197649459,6.888245006993889,1.167081218810727,1.409545367793357,Bad
1.9916392929432325,5.283100028396243,1.0034978624174116,1.354605609527441,Bad
2.267503605213488,2.2423356435955952,1.0036499494753206,1.0849052645906887,Good
1.518662307509914,5.156926054079068,1.0069957248348231,1.2647054945485237,Moderate
3.2977008007221245,2.814235983298802,1.114263496307812,1.529412187765247,Moderate
1.682591795323758,6.474133125795357,1.095608248736883,1.1398450228566048,Bad
1.4094148739100274,6.789710042804707,1.054799835211815,2.198668199718899,Bad
2.7890869112234418,1.855862772525057,1.6830371364166343,1.943951207278633,Moderate
1.7793370921962686,6.154675388870776,1.2320248830159346,1.5144288352687607,Bad
4.738013951058791,2.719581839024852,1.0036499494753206,2.728080387484145,Bad
1.712152901254935,4.782190296898499,2.2172561212592306,1.314650402426211,Bad
1.9293411909720128,5.6025577653208245,1.0523158492032647,1.419533869901615,Bad
1.0,5.160806873994299,1.0,1.1897887320660925,Good
7.191698999840672,1.1696202265389186,1.1459977271667314,5.649834124298962,Bad
1.8868318879980128,6.710768486480233,1.0233190734551108,1.4395120727863295,Bad
2.0515793250484817,6.075828486690575,1.06645938593082,1.11986681997189,Bad
2.2157658973645487,3.117886478129634,1.034978624174116,1.5543840423699908,Good
2.2361899259810336,4.178770127152067,1.053633899727944,1.3737027912853623,Moderate
1.4786346503944232,4.129171355552517,1.0014727959580256,1.3313969958444836,Good
1.4622275510009497,2.869419349410515,1.0921103863194714,2.213651552215385,Good
2.93490593745021,2.0806663651756887,1.0608323886513795,2.63152047198759,Good
2.4726783864492603,6.024525940494094,1.2938204430625728,1.6842393644501383,Bad
4.143521067438589,3.165213550266609,1.0961151869413135,3.222531019868191,Bad
3.375167146311933,2.7234626589400834,1.0340661298095608,2.0488346747540365,Moderate
1.9701403595816296,7.050008939558071,1.130586872910999,1.0549385595977163,Bad
1.3477222040066357,3.4965030552254346,1.0292548620287605,1.294672199541496,Good
1.3729601496017674,5.235772956259268,1.0389327197823552,1.799112532701999,Good
2.438560512538524,2.1082107211594083,1.225079835211815,1.589345597751192,Moderate
1.7685876577638997,3.685811343773335,1.4768752522347457,1.0,Bad
2.9759494201828622,2.687967354837353,1.0979401476875243,1.764150977320798,Moderate
2.876017526721965,5.223941188225024,1.0729988775748154,1.4894557819958172,Bad
1.6948071144943395,3.62267702954261,1.1713952584531675,1.2197554370590649,Moderate
2.144819346324708,5.30676356446473,1.0011659634667702,1.4395120727863295,Moderate
2.4968647106673885,4.967617765531168,1.1513620489700738,1.8690344447962015,Moderate
2.292624682489998,5.855000368099449,1.2386708216090168,1.4045505174051285,Bad
3.080023882758976,5.756370749765994,1.2739992320248736,1.4445057245063584,Bad
1.7309644437600131,5.22791666228453,1.1713952584531675,1.604328950247678,Bad
2.2254404270518,5.243629250234005,1.2145355709288768,1.9489460576668611,Bad
1.980889794013999,4.936003281343668,1.1690633595025262,1.6942290652265954,Moderate
3.3274955787936804,2.940409957615977,1.0851653385153517,2.867924211672551,Moderate
1.7766497658366087,2.8536121073167653,1.030314798289934,1.3596004599156697,Good
2.953717544452153,4.648160028606586,1.1364166342790516,1.938956356890404,Bad
2.3759330895767503,5.3501151625422,1.4453944904780411,1.5593788927582195,Bad
4.146325326613735,2.9837615556934467,1.1070650073843762,2.4034402842814773,Bad
2.2254404270518,4.936003281343668,1.4582199766809172,1.2397336399437795,Bad
2.109883523177346,5.160806873994299,1.2180334333462883,1.7142060694431107,Moderate
5.031054036354604,1.915021612696276,1.3824329669646327,2.763040744197147,Bad
1.1766652966815998,5.704310970415321,1.0024333089778468,1.354605609527441,Good
3.0397133423954297,4.782190296898499,1.0454722114263506,1.8890126476809168,Bad
2.0776350908865093,4.348390353690985,1.5538282254178002,1.374583812412156,Moderate
1.964648774046823,6.73443202254872,1.1715473455110763,1.3246389045344684,Bad
1.4514780520717157,3.267723988515297,1.068132287602021,1.3446171074191833,Good
3.182143896847671,4.332583111597236,1.0279828993392923,1.6980480221108998,Bad
2.5962973983964237,4.269543451510785,1.0571824391760591,2.31354016930256,Moderate
2.7133732034317752,3.425512447019972,1.0,2.298556816806074,Good
1.670206526915004,4.734863224761524,1.0231163093664983,1.938956356890404,Moderate
2.569423683321771,5.878663904167937,1.46404973804897,1.414539019513386,Bad
1.7444013335457718,2.297519009707308,1.191216469490867,1.204772084562579,Good
1.5267244155826232,2.7826214991113023,1.1410804601632336,2.7230855370959173,Good
3.192893395776905,1.5521176235499512,1.280994956859697,1.7391791227160542,Moderate
1.967452968725105,3.354521838814509,1.068685285658764,1.0699219120942025,Good
2.561361575249062,6.359790919512426,1.205207919160513,1.174805379569606,Bad
2.359808873431332,1.6231082317554135,1.2215312957637,1.0998886170871751,Good
2.116601968070225,6.5981300547942325,1.0609039689078896,1.7258607203489775,Bad
1.0938135918929506,6.35269185869188,1.0050877947920716,1.094894965367146,Moderate
1.4138549025646945,6.257280481263738,1.041974349008939,1.1847950803460634,Bad
3.8014073172853817,2.8812511174447586,1.068132287602021,1.8190895369185145,Moderate
3.422838713830185,2.246311117655101,1.0109498204430625,2.967814027427925,Moderate
1.5636464841716418,3.725282121935572,1.1094982883793238,1.4794672798875594,Good
2.5936100075398985,1.7532576801320952,1.4349009032258064,1.8190895369185145,Moderate
2.096446697888452,4.269543451510785,1.0,1.274695195324981,Moderate
2.0695729828138,4.83349284309498,1.0256510003886514,1.469478777779302,Bad
3.0358575263401435,3.4846712871911905,1.1046316984065294,2.043839824365808,Moderate
3.052682823403565,2.3527970299632948,1.1484310361445784,2.318535019690789,Good
3.2385786533566354,4.557386704247867,1.4500582883793238,1.7691458277090266,Bad
2.4001194137948776,4.49037157010191,1.1294209094442285,2.293563165086045,Moderate
3.2041102389868974,2.920721895606996,1.0097331799455889,1.8190895369185145,Good
3.055837558540848,6.438637821692627,1.2398534349008938,2.093784732243495,Bad
1.776766569658366,2.10035442718467,1.0279828993392923,1.5044391344923034,Good
4.590325483212123,1.3431212729930693,1.4185775266226195,2.842952357067807,Moderate
1.958315891410413,4.084115982878117,1.0816167990672367,1.5144288352687607,Moderate
1.799200256078351,1.89523889654302,1.0012719626894675,1.5044391344923034,Good
2.131382521035814,5.003113069633899,1.2914885441119317,1.5643725444782484,Moderate
1.6584054711056306,3.953966534501435,1.239679605130198,1.4445057245063584,Good
3.535007210426976,3.12186195218914,1.0632656976292263,2.338513222575504,Moderate
1.7935918667217872,4.273424271426018,1.141131137193937,1.0,Good
1.6154076043824244,6.170482630964526,1.1888845705402251,1.5194224869887896,Bad
3.3729471642330315,5.669572899466782,1.3987563155849203,1.864039594407973,Bad
1.7680990295178285,3.771284036052712,1.029148862806063,1.7841291802055128,Good
2.2254404270518,1.7020497880798882,1.0255495903614458,1.529412187765247,Good
1.7094655103984104,5.385610466644931,1.0279828993392923,1.3945620152968707,Bad
1.7417139426892472,5.519735389081118,1.0396424500582977,1.5144288352687607,Moderate
1.8492087384909917,4.600832956469611,1.1434123591138747,1.5094339848805318,Good
1.80480870993178,4.147250297108842,1.0048665899727944,1.2896785478214672,Good
1.7014034023257012,5.026776605702387,1.212203643995336,1.1798002299578347,Bad
2.281524643101763,4.7111996886930365,1.152080985619899,1.2896785478214672,Moderate
1.405792794491985,4.675704384590305,1.0046638258841818,1.0049948503882289,Moderate
2.3194983330677856,3.6725597635749816,1.0594636610959969,2.2086567018271563,Moderate
3.3424088663065783,1.8992143706025264,1.1437303567819666,2.523307104253368,Moderate
1.9378919272907928,6.288800311306964,1.1982121943256898,1.1398450228566048,Bad
1.854583455707176,4.510059632110892,1.0501360373105324,1.2796888470450098,Bad
1.5643475650896446,2.4513319941524774,1.0268169358725223,1.3096555520379822,Good
1.7094655103984104,3.713450353901328,1.1094982883793238,1.2647054945485237,Good
2.1905046039044382,6.695055898530757,1.0023318989506411,1.5344058394852758,Bad
1.2660495663994038,4.494347044161417,1.0256510003886514,1.3596004599156697,Good
1.7417139426892472,5.618365007414575,1.0408083855421686,1.11986681997189,Bad
2.091071980672268,2.5459861384264277,1.1702292949863973,1.469478777779302,Good
1.6870318239784252,6.0166696465193565,1.032849489312087,1.3596004599156697,Bad
3.567589478488888,1.876592030121052,1.003997553050913,2.057955341085697,Moderate
3.11157123413181,2.6959183029563643,1.068132287602021,1.9039960001774028,Moderate
1.491788592435262,4.865012673138205,1.0979401476875243,1.2647054945485237,Moderate
2.3114362249950764,3.232228684412566,1.2087057815779243,1.4944506323840456,Moderate
3.2179755169472077,2.3882923340660263,1.1294209094442285,2.0887898818552664,Good
1.5466876785985366,4.368078415699968,1.019987793237466,1.4794672798875594,Moderate
2.0803224817430337,4.727006930786786,1.3381266910221532,1.5493891919817622,Moderate
1.38417699281176,2.9443854316754834,1.0254390019432569,1.3096555520379822,Good
2.631233221543785,4.0959477509123605,1.172561221919938,1.2597118428284946,Moderate
1.7851792181900763,5.819505063996719,1.4793592382432958,1.11986681997189,Bad
1.855284536625179,4.277399745485523,1.0826767353284104,1.4894557819958172,Good
2.255001468486112,5.148975105960056,1.0,1.2996670499297247,Moderate
4.9407584259402615,2.93255366364124,1.0072998989506412,1.5543840423699908,Bad
2.3067625886968948,6.067972192715837,1.0048665899727944,1.1648168774613483,Bad
1.6637802528186798,5.267292786302494,1.1613680621842208,1.349611957807412,Bad
2.0026331059955016,4.46926369592882,1.0279828993392923,1.4846790892199373,Good
2.665701635913523,3.934278472492454,1.0754321585697628,1.8440625901914576,Moderate
2.0627961682584743,4.608689250444348,1.06645938593082,1.4744724294993308,Moderate
2.327560441140495,4.84930008518873,1.2017100567431014,1.329633754922697,Bad
1.7122697050766924,4.514035106170399,1.0231163093664983,1.589345597751192,Moderate
2.906863797176796,3.6029889675336286,1.041366028760202,1.9639294101633475,Moderate
4.822140307382167,1.0749660822649685,1.1094982883793238,3.741953506856981,Bad
2.0776350908865093,4.348390353690985,1.5538282254178002,1.374583812412156,Moderate
1.6960286851095163,6.269112249297982,1.137582597745822,1.5743622452547057,Bad
2.6849805871962245,3.3978734368919787,1.163233570151574,1.5593788927582195,Bad
1.9527945728210343,4.474564328008161,1.0781189366498252,1.4944506323840456,Moderate
1.827242396351765,3.6661232817643534,1.0742155180722892,1.3396222570309548,Good
2.9601438185484774,4.301063281554011,1.0644823381267003,1.4994454827722743,Bad
2.454404296316741,4.253736209417036,1.0121664889234356,1.2497221420520372,Moderate
2.071208816790185,4.494347044161417,1.0,2.0338513222575503,Bad
2.842366932595122,4.178770127152067,1.0121664889234356,1.8091010348102567,Moderate
3.2666040889421226,2.5421053185111955,1.058509696074621,1.938956356890404,Moderate
1.5776675865567809,2.2856872416730645,1.0546938359891178,1.4045505174051285,Good
2.0212003343775446,5.519735389081118,1.0501360373105324,1.5194224869887896,Bad
1.9647655778685804,4.419380961896448,1.3614457924601633,1.3845723145204134,Moderate
1.6309476079284622,5.9180400281859,1.0206830003886511,1.4944506323840456,Bad
1.556285457016935,5.168757822113311,1.0,1.0,Moderate
1.6169265055433228,4.892651683266199,1.1119315973571706,1.11986681997189,Moderate
1.6982486671884178,3.886951400355479,1.0255495903614458,1.374583812412156,Good
1.369391151103276,3.973749250654691,1.0,1.03995520710123,Good
1.1397432280925812,5.436913012841412,1.02215313797124,1.1448386745766337,Moderate
1.4461033348555312,5.44476930681615,1.005829761368053,1.4794672798875594,Bad
3.4761187352018665,2.1476814993216453,1.0401493882627284,1.6243059544641931,Moderate
2.242265724115221,5.212109420190781,1.058399107656432,1.469478777779302,Bad
3.4992535025398546,1.8834071285087768,1.226407092110377,2.2685901118131016,Moderate
2.1020551517418813,3.390017142917241,1.0010949708511463,1.204772084562579,Good
2.5129889268128065,1.727322444601033,1.510687912942091,1.6342956552406505,Bad
3.4428187460308903,2.91674642154749,1.0699572483482316,2.1836848472224126,Moderate
1.6799044689640985,6.1468190948960375,1.1192314963078118,1.3596004599156697,Bad
2.104859346420163,2.6682792928283705,1.0827827345511076,1.779134329817284,Good
1.8384592395617576,6.462301357761114,1.0808006218422077,1.764150977320798,Bad
2.1125709140338707,3.378185374882997,1.0827827345511076,1.918979352673889,Good
2.041163661890323,4.312895049588255,1.0306479347065682,1.983906414379863,Moderate
2.41051837226511,6.754214738701976,1.0279828993392923,1.644284157348908,Bad
2.12168457898672,1.6192274118401817,1.06486945355616,1.8540510922997155,Good
1.833084522345573,5.563086987158588,1.0116595507190052,1.5543840423699908,Bad
2.5899879281218565,3.800153550056266,1.166680755538282,1.7841291802055128,Moderate
1.6664675791783397,6.730551202633488,1.283326855810338,1.6193123027441645,Bad
2.107663541098445,5.523710863140624,1.2141300147687524,1.3945620152968707,Good
2.337608859151726,1.4811270153444884,1.0145997699183833,2.2685901118131016,Good
1.773962374980084,5.267292786302494,1.2075398460940536,1.0849052645906887,Moderate
1.4115513970461595,4.49037157010191,1.0121664889234356,1.484462130275788,Good
1.7974157568291056,3.73313841591031,1.1437303567819666,1.983906414379863,Good
3.162180633831757,2.017532050944964,1.073773108433735,2.128746287624696,Moderate
3.2097186928403256,1.1616692784199067,1.087598647493199,1.978912762659834,Moderate
2.676918479123516,5.077984497754594,1.2944287633113098,1.899001149789174,Bad
1.6421644511384548,5.768202517800238,1.0725011457442677,1.604328950247678,Bad
1.600101272976766,4.407549193862204,1.301728662261951,1.1148719695836613,Bad
1.7309644437600131,3.82779256018426,1.222697231247571,1.03995520710123,Moderate
3.167655514678638,2.4316439321434955,1.0279828993392923,1.8940062994009452,Moderate
1.854583455707176,3.6108452615083664,1.1189273221919938,1.569367394866477,Good
2.4699910600896007,4.656016322581324,1.2623396813058687,1.884017797292688,Moderate
1.8062108072709209,5.125311569891568,1.3346288286047416,1.589345597751192,Bad
3.5518324429935326,2.273855473638821,1.0985484679362612,1.5943392494712207,Moderate
2.2576888593426365,2.404004922015502,1.5130198118927325,1.5993340998594494,Bad
2.1179456312500555,5.484240084978387,1.2440341919937816,1.484462130275788,Moderate
1.9253897905634163,5.425081244807168,1.0470621438010106,1.6342956552406505,Bad
1.6369065377440275,3.977630070569923,1.0699572483482316,1.234738789555551,Moderate
2.404909982908546,5.677523847585793,1.0669156191216478,2.768035594585376,Bad
1.888935066255157,5.898351966176919,1.008516539448115,1.0,Bad
2.3175787773841057,2.91674642154749,1.090031928488146,1.709212417723082,Good
2.7252911275597707,4.50617881219566,1.1189273221919938,1.3845723145204134,Moderate
2.854284856723118,3.244060452446809,1.0746210742324136,2.19367334933067,Moderate
1.8169603062001547,5.925990976304912,1.08861252390206,1.5044391344923034,Bad
3.484531383733577,1.7769212162005823,1.3041619432568985,3.816870269339412,Moderate
1.9029561041434315,3.4728395191569468,1.0359780054411194,1.2647054945485237,Moderate
2.448492062231133,5.022801131642881,1.1216647773027597,1.5793558969747346,Bad
1.5215833705068178,2.7314136070590957,1.0432463116984063,1.8490562419114869,Good
1.1585547705976595,2.155537793296383,1.012825486202876,1.2647054945485237,Good
3.103158650096964,3.792297256081529,1.0,2.083796230135237,Moderate
1.0785179024699485,4.336558585656741,1.0279828993392923,2.198668199718899,Moderate
1.4326664450697726,3.910614936423966,1.0093276237854645,1.2397336399437795,Good
1.7927739819820272,3.074534880052165,1.329965030703459,1.5144288352687607,Moderate
2.076817206146749,4.841349137069718,1.0851653385153517,1.349611957807412,Bad
1.1968556531577053,3.437344215054216,1.0107065091333074,1.2397336399437795,Good
1.8841444971414885,5.858881188014681,1.1364166342790516,1.5843507473629632,Bad
1.437457014183441,3.63848427163636,1.0788609032258063,1.3596004599156697,Good
3.509769264831845,2.6012641586824143,1.1630308060629615,5.190343848627918,Moderate
3.4428187460308903,1.2761061388471124,1.6634278958414304,1.9139845022856603,Moderate
2.534487924671274,2.82209227727354,1.0384764865915277,1.3396222570309548,Good
1.168252712646754,5.803697821902969,1.0717822090944422,1.609322601967707,Good
2.4357563178602417,3.40582438501099,1.0139914496696465,2.298556816806074,Good
1.2418632421812763,4.628377312453329,1.011193159735717,1.5643725444782484,Good
3.773365177011968,1.3273140308993194,1.059615748153906,2.5133186021451097,Moderate
2.413556303580636,3.259867694540559,1.488534774970851,1.2846836974332383,Good
1.0729095131133843,4.557386704247867,1.0012166404974738,1.3596004599156697,Good
1.2355537719067096,5.748514455791256,1.0279828993392923,2.198668199718899,Bad
1.967452968725105,5.673548373526288,1.1119315973571706,1.204772084562579,Bad
2.281524643101763,3.181020792360359,1.0364994387874078,1.7491676248243118,Good
2.064198265597615,3.326882828686516,1.0338126607073457,1.414539019513386,Good
2.808716402965145,1.8005847522690703,1.0121664889234356,1.03995520710123,Good
3.5237903672169835,1.201140056582144,1.090031928488146,2.318535019690789,Good
1.7014034023257012,4.608689250444348,1.493198600855033,1.274695195324981,Bad
1.5777843903785382,4.947835049377912,1.541002711232025,1.0099885021082575,Moderate
1.4010022253783163,4.636328260572341,1.020351207151185,1.354605609527441,Good
2.1985667119771475,2.3803413859470144,1.0314807617567043,1.7042175673348532,Good
1.8008360900547362,6.399261697674663,1.1760590843373495,1.0,Bad
1.658989683705011,4.553505884332635,1.116798187329965,1.6492790077371366,Good
4.238280054372577,1.5679248656437008,1.2903225806451613,1.978912762659834,Moderate
1.7282771174003533,4.596857482410105,1.0093276237854645,1.414539019513386,Moderate
2.4861152762350187,3.7764900139877793,1.1702292949863973,1.2996670499297247,Moderate
1.894161053701616,5.866832136133693,1.053633899727944,1.4045505174051285,Bad
1.5025380913644957,5.267292786302494,1.0769529731830547,1.804106184422028,Moderate
2.0992508925667344,4.652040848521818,1.0547491581811117,1.5843507473629632,Bad
3.852520437497712,3.4018489109514847,1.024332949863972,2.5682571617428263,Bad
1.7683539211266557,2.506610014408464,1.041974349008939,1.349611957807412,Good
1.3359211481972622,2.968048967743971,1.0023318989506411,1.0099885021082575,Good
1.992690849823372,4.782190296898499,1.0572377613680528,1.4544954252828155,Moderate
3.389188184200208,3.81198531809051,1.12531472677808,1.983906414379863,Moderate
2.337608859151726,1.4811270153444884,1.0145997699183833,2.2685901118131016,Good
1.1289937291633474,5.677523847585793,1.0256510003886514,1.2796888470450098,Good
2.5198826096867544,2.9917125038124586,1.068132287602021,1.4994454827722743,Good
1.38417699281176,2.715606364965346,1.0152634123591138,1.3196452528144396,Good
3.1391460301244645,4.557386704247867,1.0816167990672367,1.7341842723278256,Bad
2.6151090053983665,2.6682792928283705,1.106843802565099,1.639289306960679,Good
2.8967941596971176,4.64418455454708,1.0715118663039254,2.0488346747540365,Moderate
2.7118543022708765,3.5398546533029034,1.02215313797124,1.669256011953652,Moderate
2.1690056705428358,2.758957963042815,1.0279828993392923,1.4544954252828155,Good
3.9360094358052926,4.387861131853223,1.0012166404974738,2.7130970349876598,Bad
1.7820244830527932,2.818116803214034,1.1270890104935871,1.6492790077371366,Good
3.3057629087948337,2.4276684580839896,1.2495141951029929,2.783018947081862,Moderate
3.4159450309562382,2.4276684580839896,1.0524679362611735,2.748057391700661,Moderate
1.5320991327988076,5.373778698610687,1.0443062479595802,1.3196452528144396,Bad
3.268139759287812,1.4417508913265251,1.1189273221919938,2.8279690045713206,Good
2.956404870811813,4.561362178307373,1.108433734939759,2.5133186021451097,Moderate
2.217027778520089,2.4316439321434955,1.0340661298095608,2.288568314697816,Good
2.451179453087658,6.54512373400082,1.034978624174116,1.5194224869887896,Bad
2.013138226304836,5.768202517800238,1.1527399828993392,1.0849052645906887,Bad
2.0291456386284965,2.435619406203001,1.031798759424796,1.3096555520379822,Good
1.7683539211266557,3.768633720013041,1.0304162083171395,1.589345597751192,Good
3.605673329099616,2.1358497312874016,1.1734939759036145,3.001775893530561,Moderate
1.580471781235063,4.636328260572341,1.054799835211815,1.2597118428284946,Good
3.7649525284802574,4.53372316817938,1.0,2.603218717124027,Bad
3.509769264831845,3.062703112017921,1.0437993097551497,1.824084387306743,Moderate
2.345220327631603,2.3304586519146437,1.0644939230470267,1.5993340998594494,Good
3.192893395776905,2.5972886846229084,1.1667314325689857,2.11376293512821,Moderate
1.658989683705011,3.3860416688577346,1.226296503692188,1.6193123027441645,Moderate
2.3060615077788915,5.397442234679175,1.0854214939759037,1.4644839273910732,Moderate
2.4918405339102048,5.081959971814099,1.0535324897007383,1.6992227169466243,Moderate
1.7282771174003533,4.427237255871185,1.1154294597745822,1.3346286053109258,Moderate
1.2327495772284274,4.918681572941535,1.018249719393704,1.2697003449367523,Good
2.7918911703985883,1.828223762397064,1.1081157372716672,2.3584902267920187,Good
2.822036424432281,1.7335696181231135,1.2541779930042751,2.303551667194302,Moderate
2.6236384577518344,5.145094286044824,1.1094982883793238,1.804106184422028,Bad
1.6477728404950187,3.0429203958646656,1.005353240575204,1.7042175673348532,Good
4.479898982430818,2.971929787659203,1.0644823381267003,2.7330740392041744,Bad
2.131382521035814,5.046464667711368,1.0326467252234746,1.5194224869887896,Moderate
1.9325171455777437,5.302788090405224,1.0011659634667702,1.4445057245063584,Moderate
2.2282446217300818,5.263411966387261,1.1170193921492422,1.5493891919817622,Bad
1.0241863242181275,6.446588769811639,1.0023318989506411,1.0199782028847149,Moderate
2.768289058779841,5.342258868567462,1.3171395165176836,1.709212417723082,Bad
1.661092861962155,6.229641471135745,1.209871745044695,1.4345172223981009,Moderate
3.291040789988556,2.6659129392215224,1.0437993097551497,2.0088794676528066,Moderate
1.980889794013999,4.880819915231955,1.3334628931208703,1.2497221420520372,Moderate
2.27030779989177,3.855431570312253,1.1374811877186164,1.5094339848805318,Good
2.48074049452197,4.151225771168347,1.029148862806063,1.2796888470450098,Moderate
2.4941773843077284,3.93825394655196,1.2483482316362222,1.3346286053109258,Moderate
2.456554170303842,4.462732559973917,1.1200932856587642,1.374583812412156,Moderate
3.549028248315251,5.148975105960056,1.1131482378546445,2.133739939344725,Bad
1.634219146887503,5.448744780875656,1.282160892343568,1.569367394866477,Bad
1.4234359117983018,3.993437312663673,1.0291995398367664,1.0849052645906887,Good
2.074013011468467,3.5043593492001723,1.0534219012825496,1.6243059544641931,Good
1.4541654429282402,6.391310749555651,1.0279828993392923,1.0,Moderate
1.9244550375050344,6.403142517589895,1.1200932856587642,1.1847950803460634,Bad
1.8303971314890488,4.857156379163468,1.481539050136028,1.0,Bad
1.9432666445069773,3.169189024326115,1.1037699090555773,1.5344058394852758,Good
1.4654990899599902,4.364197595784735,1.0255495903614458,1.3046619003179534,Moderate
1.7390265518327226,3.4965030552254346,1.0104935872522347,1.2846836974332383,Good
2.284328837780045,4.880819915231955,1.0012166404974738,1.724195770219568,Moderate
2.013138226304836,5.713019151688525,1.0489700738437622,1.2846836974332383,Moderate
3.028963843466196,2.660422998853633,1.072289147298873,1.6193123027441645,Good
1.365482254128439,3.3978734368919787,1.037310523124757,1.918979352673889,Good
1.9163929294323248,3.0942229420611462,1.1830548091721729,2.0887898818552664,Bad
3.930401046448729,4.462732559973917,1.008516539448115,2.293563165086045,Bad
3.4911913944671453,2.045171061072957,1.064127486980179,2.79300744919012,Moderate
1.88613080708001,1.761208628251107,1.0425826692576758,1.5344058394852758,Good
1.6584054711056306,3.5438301273624093,1.1702292949863973,1.2197554370590649,Moderate
2.912472251030225,5.685380141560532,1.0048665899727944,1.4345172223981009,Bad
2.142131955468183,5.397442234679175,1.0746210742324136,1.839067739803229,Bad
2.4161268261185387,3.606964441593135,1.1557309071123203,2.1836848472224126,Good
1.8076129046100615,4.111754993006111,1.0389327197823552,1.5244173373770182,Good
1.636555997285026,3.685811343773335,1.0121664889234356,1.3945620152968707,Good
1.733651834616538,6.111323790793307,1.1469102215312863,1.3096555520379822,Bad
1.6637802528186798,5.062271909805117,1.029148862806063,1.214761785339036,Moderate
8.103450154425918,2.920721895606996,1.099765108433735,3.1825746140987614,Bad
1.6730107860901504,5.330427100533218,1.0985484679362612,1.0249718546047435,Bad
1.018811607001943,5.3501151625422,1.0466381748931208,1.3196452528144396,Moderate
2.2469393604134025,5.582869703311843,1.2215312957637,1.3645953103038984,Moderate
1.5524296409616491,5.748514455791256,1.0644823381267003,1.4894557819958172,Bad
2.488802602594679,4.904483451300443,1.2191993688301594,1.349611957807412,Moderate
2.037813178769034,6.079803960750081,1.105285658764089,1.3695889620239272,Bad
1.445869598218287,3.378185374882997,1.0291995398367664,1.059933409985945,Good
2.034637224163303,2.814235983298802,1.041974349008939,1.0149833524964862,Good
2.418931020796821,5.79584152792823,1.0432463116984063,1.4794672798875594,Bad
3.896750452321887,1.2681551907281006,1.0778654675476098,3.42730310443077,Moderate
2.8676048781902543,5.4053931827981865,1.1399144966964632,1.978912762659834,Bad
1.5374738500149925,5.598582291261319,1.0443062479595802,1.4944506323840456,Moderate
1.6225349593967515,6.5175793780171,1.0218996688690245,1.9172412837842967,Bad
1.4434159439990064,3.3584973128740154,1.0,1.2597118428284946,Good
4.3454243097153205,2.5854569165886647,1.1058483668869024,2.1886796976106413,Moderate
4.342620115037038,1.3707602831210628,1.0888152879906725,3.552164774790888,Moderate
3.930401046448729,1.9820367468422329,1.0121664889234356,3.716981652252237,Moderate
1.9338024390951272,5.586750523227075,1.041366028760202,1.0,Bad
1.6127202135259,3.346665544839772,1.0,1.5394006898735046,Good
2.475015236846784,2.163488741415395,1.0218996688690245,1.3795786628003843,Good
1.740311845350106,4.443044497964936,1.0279828993392923,1.2397336399437795,Moderate
2.7442195383834718,7.109167779729289,1.0097331799455889,1.5493891919817622,Bad
2.607046897325657,1.9110461386367696,1.222697231247571,1.3196452528144396,Moderate
1.852480277450032,5.744538981731751,1.0594636610959969,1.0998886170871751,Bad
4.042569478548655,3.73313841591031,1.0133831294209097,3.8018869168429257,Bad
1.975865617256816,5.101648033823081,1.0852206607073456,1.6992227169466243,Moderate
1.5384086030733746,4.632352786512836,1.0255495903614458,1.3596004599156697,Moderate
1.3028548311666652,5.931480916672801,1.0133831294209097,1.3945620152968707,Good
2.525161162077848,6.407117991649401,1.2104800652934318,1.2397336399437795,Bad
3.1902060049203804,5.60653323938033,1.1842207446560435,1.8140958851984847,Bad
1.4568527692879003,5.507903621046875,1.0139914496696465,1.449500574894587,Moderate
3.607916723540361,1.8715753604745329,1.083948698017878,2.2086567018271563,Moderate
2.303958329521748,5.693236435535269,1.1630308060629615,1.6742508623418806,Bad
4.292027484521881,1.402280113164288,1.2323797341624565,1.4594890770028446,Moderate
1.634219146887503,6.265136775238476,1.2739992320248736,1.034961555381201,Bad
1.8328507857083287,6.107348316733801,1.0763170058297706,1.4994454827722743,Bad
3.762148333801975,1.3589285150868189,1.097331827438787,3.2924529319623943,Moderate
1.795461308341687,2.8260677513330457,1.003997553050913,1.5993340998594494,Good
4.692445497300818,3.784440962106791,1.0991061111542946,1.99389611515632,Bad
1.959390860652396,5.192421358181798,1.1154294597745822,1.4395120727863295,Bad
2.702156360221782,2.7314136070590957,1.141131137193937,1.5094339848805318,Good
3.87992521975533,1.6428909479086693,1.0012166404974738,3.6970034493675215,Moderate
1.5019538787651148,4.679679858649811,1.0,1.2597118428284946,Good
2.292741486311756,5.598582291261319,1.049882568208317,2.6581572767217434,Bad
1.9137056030726651,5.030657425617618,1.336960755538282,1.6492790077371366,Moderate
2.12168457898672,5.338283394507956,1.0699572483482316,1.389567164908642,Bad
2.005076118232126,5.164782348053805,1.1853867081228138,1.0,Bad
1.9281939852416987,5.074103677839361,1.0638740178779635,1.374583812412156,Bad
1.98147400661338,1.8360800563718012,1.010175589584143,1.6293008048524218,Good
2.5962973983964237,6.407117991649401,1.1294209094442285,1.7142060694431107,Bad
1.988951902086708,5.894376492117413,1.101438010104936,1.484462130275788,Bad
2.47805316816231,4.604713776384843,1.0781189366498252,1.7841291802055128,Moderate
2.36565099942514,3.1612380762071037,1.083948698017878,2.31354016930256,Good
1.5320991327988076,3.575349957405635,1.1002720466381657,1.0199782028847149,Good
2.4525815504267987,6.679248656437007,1.158164216090167,2.0138731193728354,Bad
1.7038570565449818,4.305038755613516,1.132614597745822,1.1947835824543211,Moderate
1.510366462799961,5.567062461218094,1.0340661298095608,2.0788013797470093,Moderate
2.107196196817686,5.085935445873605,1.3113097551496309,1.5244173373770182,Bad
4.401508525765284,5.003113069633899,1.018249719393704,2.663152127109972,Bad
1.193490593745021,5.657741131432537,1.01703307889623,1.11986681997189,Good
2.1157957572629544,5.690680773639873,1.199877848425962,1.1398450228566048,Bad
1.712152901254935,2.3211825457757955,1.1072677714729888,1.0,Good
2.0426993322360127,3.267723988515297,1.0862805969685192,1.1348501724683762,Good
2.5563373984918787,5.925990976304912,1.1058483668869024,2.198668199718899,Bad
1.8496760827717504,5.882544724083169,1.2225912320248735,1.1947835824543211,Bad
2.547924749960168,2.246311117655101,1.1364166342790516,1.6842393644501383,Good
2.351746765358622,3.914590410483472,1.2005441212592305,1.779134329817284,Good
2.88115857179777,2.9917125038124586,1.054799835211815,1.744172774436083,Moderate
4.165954818355438,2.7984287412050524,1.0279828993392923,2.07380652935878,Bad
2.134069847395474,4.427237255871185,1.1107656338904004,1.0,Bad
2.093375421693937,5.586750523227075,1.1399144966964632,1.0849052645906887,Bad
3.072312315145268,3.894807694330217,1.035282798289934,1.544395540261733,Moderate
2.5675542417018717,5.074103677839361,1.100981776914108,1.9988897668763488,Bad
2.396497334376836,3.792297256081529,1.0364994387874078,1.7941176823137703,Moderate
1.799200256078351,5.413249476772925,1.0279828993392923,1.3346286053109258,Bad
1.639593928600552,2.6130959267166585,1.2075398460940536,1.449500574894587,Bad
2.155568845253941,3.220396916378322,1.2530120575204042,1.03995520710123,Moderate
3.327261842156437,3.2401796325315777,1.2366886809172173,1.839067739803229,Moderate
2.0515793250484817,4.868988147197712,1.0048665899727944,1.3096555520379822,Moderate
2.703792194198168,3.261760777426038,1.0652934224640498,2.128746287624696,Moderate
1.6422812549602122,7.381298444516896,1.242942439176059,1.5593788927582195,Bad
2.194594092100104,3.0902474680016403,1.0496060411970465,1.3695889620239272,Good
1.2579874583266948,4.825636549120242,1.0046638258841818,1.0,Good
1.6533812943484474,5.219965714165518,1.0279828993392923,1.834072889415001,Bad
3.13645863926794,2.2423356435955952,1.1492421204819276,3.991675648909019,Moderate
2.60961741986356,6.150794568955543,1.0377160792848814,1.414539019513386,Bad
1.658989683705011,5.11745527591683,1.0340661298095608,1.15982202707312,Bad
2.65448479270353,3.953966534501435,1.1021984174115818,1.214761785339036,Moderate
2.0023887918724665,3.326882828686516,1.101438010104936,1.2297451378355222,Moderate
2.73335323563248,3.6463405656110974,1.0991061111542946,1.859045942687944,Moderate
1.3589390472166285,6.347959151478182,1.0,1.3596004599156697,Moderate
1.8223350234163396,7.026345403489582,1.369607452778857,1.3596004599156697,Bad
1.6906539033964674,4.707318868777804,1.0279828993392923,1.03995520710123,Good
3.613525112896925,1.5719003397032068,1.0,2.368479927568476,Moderate
1.954016143436211,4.7151751627525424,1.030314798289934,1.2796888470450098,Bad
2.158139367791844,4.293206987579272,1.0661413882627284,1.5793558969747346,Moderate
2.421618411653345,3.8435998022780096,1.130586872910999,2.4833518971521373,Moderate
1.6073454963097151,4.518010580229904,1.4768752522347457,1.4345172223981009,Moderate
3.7384293538646074,2.829948571248278,1.2739992320248736,1.5793558969747346,Moderate
2.445804735871473,5.058296435745612,1.054799835211815,2.1886796976106413,Bad
3.1166698402707205,2.411955870134514,1.1046316984065294,2.373473579288505,Moderate
4.182780050921995,1.1064859123081938,1.0912485969685193,2.7021088436008363,Moderate
3.490139837587006,4.514035106170399,1.0060832304702685,2.1187565868482388,Moderate
1.9459540353635016,4.368078415699968,1.1165954232413524,1.1498335249648624,Good
4.468809649522104,2.948266251590716,1.0109498204430625,2.997780732420898,Moderate
3.609435624701259,1.4811270153444884,1.2600077823552274,3.172586111990504,Moderate
1.550910739800751,2.6682792928283705,1.0489700738437622,1.0899001149789174,Good
1.7178781589301209,3.165213550266609,1.073773108433735,1.3995556670168998,Good
2.405494195507927,2.510490834323696,1.0069957248348231,1.589345597751192,Good
2.264855170463171,5.55523069318385,1.0359113781577924,1.4794672798875594,Bad
1.482029184874221,4.040764384800648,1.1546423443451224,1.0224750287447293,Good
2.445804735871473,3.4965030552254346,1.0268169358725223,1.6243059544641931,Moderate
1.639593928600552,3.255892220481053,1.3031480668480373,1.2697003449367523,Moderate
1.469905709238804,1.8440310044908133,1.0,1.4994454827722743,Good
2.822737505350284,4.892651683266199,1.0206830003886511,1.8190895369185145,Bad
2.9725290869572314,5.389585940704437,1.1982121943256898,2.085461180264647,Moderate
2.906863797176796,2.2818064217578327,1.081515389040031,1.8940062994009452,Good
1.8261741347836988,2.833924045307784,1.113203560046638,1.4644839273910732,Good
3.7957988634319526,1.3746411030362946,1.143564446171784,3.771920211849953,Bad
1.7543328832383809,2.5421053185111955,1.0038158600855034,1.5044391344923034,Good
3.389188184200208,3.81198531809051,1.12531472677808,1.983906414379863,Moderate
2.822036424432281,3.145525488257628,1.1399144966964632,1.6492790077371366,Moderate
2.316322378462055,1.410136407139026,1.097331827438787,1.0249718546047435,Good
3.31908293026197,4.7151751627525424,1.0109498204430625,2.173696345114155,Bad
1.8223350234163396,2.569649674494915,1.0256510003886514,1.174805379569606,Good
1.6505770996701652,5.062271909805117,1.0,1.3596004599156697,Bad
2.848910139506933,6.024525940494094,1.1527399828993392,1.569367394866477,Bad
1.4066106792317452,3.031088627830422,1.0949086762534006,1.2397336399437795,Good
2.2030067406318143,2.2581428856893453,1.0228951045472212,1.639289306960679,Good
1.5240370247260986,4.383885657793717,1.1235911480761758,1.3695889620239272,Moderate
2.040362481838489,4.884795389291462,1.0510992087057909,1.11986681997189,Moderate
2.444168901895088,4.376029363818979,1.1399144966964632,1.8140958851984847,Good
1.5240370247260986,3.263843168600065,1.649436446171784,1.0249718546047435,Bad
1.1101821221614043,7.290525120158177,1.0,1.0,Bad
4.342620115037038,2.30546995782632,1.0,1.4794672798875594,Bad
4.423708540044889,6.052164950622088,1.1923824329576371,2.0887898818552664,Bad
2.6151090053983665,3.4925275811659287,1.2530120575204042,1.4594890770028446,Moderate
2.397432087435217,2.3093507777415523,1.577147298872911,1.5793558969747346,Moderate
1.9378919272907928,5.488215559037893,1.5678196750874465,1.824084387306743,Bad
2.186181443568393,3.512310297319184,1.3540445114652158,1.1398450228566048,Good
1.276415115493783,7.05360579704048,1.0306479347065682,1.5194224869887896,Moderate
2.6488763388501013,5.164782348053805,1.0425826692576758,1.6942290652265954,Moderate
2.037324550522963,5.614389533355069,1.167897396035756,1.7391791227160542,Bad
1.9137056030726651,4.8611318532229735,1.1830548091721729,1.9639294101633475,Bad
2.7590053800919554,5.361946930576443,1.077588940536339,1.8140958851984847,Bad
2.4028068046514024,5.996981584510375,1.145744258064516,1.4245287202898431,Bad
4.16034636450201,3.173069844241347,1.1605974970851147,4.321309403831716,Bad
3.1472081381971737,1.350977566967807,1.4838709770695686,1.5943392494712207,Moderate
1.6674023322367215,4.103898699031372,1.0048665899727944,1.3596004599156697,Good
2.9180806403867887,1.6270837058149197,1.2956454038087837,1.1348501724683762,Moderate
1.491788592435262,3.457032277063197,1.0338126607073457,1.3795786628003843,Good
1.467602268217134,3.3939926169767465,1.0559657986785853,1.5993340998594494,Good
2.394744696578693,3.2401796325315777,1.034978624174116,1.7891228319255417,Moderate
1.327859040124553,3.662147807704848,1.0921103863194714,1.6492790077371366,Good
2.8704090728685365,5.081959971814099,1.0644823381267003,1.8190895369185145,Bad
2.7498279922369,3.0902474680016403,1.035282798289934,1.6992227169466243,Good
2.346372048142438,2.0885226591504265,1.1061018359891177,1.4045505174051285,Good
1.862645563779885,3.2520114005658214,1.0,1.1298553220801475,Good
1.0671842554381985,3.421536972960466,1.072289147298873,1.11986681997189,Good
2.396497334376836,4.604713776384843,1.0559657986785853,1.419533869901615,Bad
2.0749477645268493,5.290956322370981,1.1897970649047804,1.7591561269325693,Bad
2.703792194198168,4.675704384590305,1.1515740474154683,1.2796888470450098,Bad
2.0534487666683816,5.807673295962474,1.0223863194714342,1.5493891919817622,Bad
2.537175251030934,5.425081244807168,1.0687912848814614,1.2647054945485237,Bad
1.1759005573582548,6.351934625537688,1.0190792444617178,1.2397336399437795,Moderate
2.040011941379488,4.088091456937622,1.0151574131364167,2.07380652935878,Good
3.877121025077048,1.6310591798744256,1.0060832304702685,3.7519420089652384,Moderate
1.7431160400283885,4.924171513309425,1.0559657986785853,1.374583812412156,Bad
2.007763509088651,3.437344215054216,1.0652934224640498,2.912874269162009,Good
1.827709740632524,3.8356488541589977,1.0153905946366109,1.5643725444782484,Moderate
2.2811422411916578,3.1612380762071037,1.068685285658764,1.389567164908642,Good
2.489036339231923,5.373778698610687,1.0863820069957248,1.3196452528144396,Bad
4.77446867536705,2.064859123081938,1.0559657986785853,3.192564314875219,Bad
1.5552339001367956,3.378185374882997,1.0139914496696465,1.389567164908642,Good
2.4861152762350187,1.918902432611508,1.481539050136028,1.9489460576668611,Bad
2.2979993997061827,4.009244554757423,1.0629615235134084,1.3596004599156697,Moderate
1.7823750235117948,2.4868272982552084,1.018249719393704,1.8440625901914576,Good
1.636555997285026,3.382160848942503,1.0025438973960357,1.3396222570309548,Good
2.3286354103824776,4.983330353480644,1.1958802953750487,1.3795786628003843,Bad
1.712152901254935,2.017532050944964,1.0023318989506411,1.0749167624824312,Good
1.8115855244871053,3.6345087975768537,1.0034978624174116,1.414539019513386,Good
2.445316107625402,5.006993889549131,1.2299464251846093,1.7192009198313394,Bad
1.6253391540750337,4.234048147408054,1.0597816587640887,1.2397336399437795,Moderate
2.2469393604134025,6.087660254724819,1.0174893120870578,1.214761785339036,Bad
2.383995197649459,3.4531514571479653,1.0186552755538285,1.5144288352687607,Good
1.7627455317700913,5.977198868357119,1.0652934224640498,2.198668199718899,Bad
3.0692743838297423,1.2918187267965882,1.3416245534395648,2.2086567018271563,Bad
2.5532994671763527,4.159082065143085,1.0384764865915277,2.0238628201492928,Bad
2.2254404270518,5.243629250234005,1.2145355709288768,1.9489460576668611,Bad
1.7766497658366087,2.9600980196249598,1.1667314325689857,1.2197554370590649,Good
2.1851298866882534,2.0608836490224327,1.034978624174116,1.5843507473629632,Good
1.2418632421812763,5.586750523227075,1.034978624174116,1.11986681997189,Good
1.5047580734433967,4.419380961896448,1.0206830003886511,1.709212417723082,Good
1.7282771174003533,5.271268260362,1.0396424500582977,1.3795786628003843,Moderate
1.5347865236553324,4.565337652366879,1.024485036921881,1.3446171074191833,Good
1.6315318205278428,5.843168600065206,1.0209871745044694,1.1897887320660925,Bad
1.443065403540005,3.165213550266609,1.1094982883793238,1.11986681997189,Good
2.6339205479034447,3.1375745401386155,1.0163233486202876,1.9889012647680917,Moderate
1.2794863916882977,3.654291513730109,1.0038932607850757,1.2597118428284946,Good
1.6901164510239082,2.703774596931102,1.053167508744656,1.3596004599156697,Good
1.3842937966335174,4.790141245017511,1.335794792071512,1.3346286053109258,Bad
5.038064587547174,1.2129718246163876,1.0656989786241742,4.536071189170752,Bad
2.248893808900821,5.314619858439468,1.015517776914108,3.342397839840081,Moderate
1.661092861962155,4.9123397452751805,1.121259221142635,1.0,Moderate
2.260376250199161,6.4149742856241385,1.1865526715895842,1.644284157348908,Bad
1.8216339424983363,5.705068203569513,1.018249719393704,1.0,Bad
1.712152901254935,2.017532050944964,1.0023318989506411,1.0749167624824312,Good
2.007763509088651,5.791866053868725,1.145744258064516,1.7591561269325693,Bad
1.2047074369550137,4.762502234889517,1.0432463116984063,1.214761785339036,Good
3.530036114589344,2.459282942271489,1.1447810866692576,3.0876808473998154,Moderate
1.8465213476344668,3.468864045097441,1.2145355709288768,1.5643725444782484,Good
2.6903553044124093,4.20640913728006,1.0443062479595802,1.5543840423699908,Moderate
1.8076129046100615,4.663872616556061,1.1055718398756316,1.4794672798875594,Bad
2.0847200069639413,1.7808966902600885,1.1551779090555772,1.174805379569606,Moderate
1.911368752675142,3.342690070780266,1.026336833268558,1.2497221420520372,Good
1.5320991327988076,3.054752163898909,1.053633899727944,1.6193123027441645,Good
3.910421014248025,2.4553074682119838,1.101438010104936,2.533296805029825,Moderate
2.453866843944182,5.369897878695455,1.2518460940536338,1.4594890770028446,Bad
2.6876679780527493,4.328702291682004,1.1597357077341623,1.6892342148383668,Moderate
1.929829819218084,5.219965714165518,1.1049358725223477,1.1398450228566048,Moderate
1.9835771848705237,5.385610466644931,1.1410804601632336,1.6992227169466243,Moderate
4.146325326613735,2.9837615556934467,1.1070650073843762,2.4034402842814773,Bad
4.637062297671992,1.362809335002051,1.1094982883793238,3.122641204112817,Moderate
3.961247316903561,1.761208628251107,1.2834789428682472,1.6992227169466243,Moderate
2.4028068046514024,4.667848090615568,1.1842207446560435,1.1248616703601186,Bad
1.7974157568291056,5.55523069318385,1.0750450431403031,1.2097669349508071,Bad
2.2979993997061827,4.727006930786786,1.0559657986785853,1.7491676248243118,Bad
3.477754569178251,2.829948571248278,1.0909444228527012,2.07380652935878,Moderate
2.620483722614551,5.290956322370981,1.2296929560823942,1.6942290652265954,Bad
1.7823750235117948,3.0942229420611462,1.041366028760202,1.5094339848805318,Good
2.0319498333067787,6.1389628009213,1.0687912848814614,1.3196452528144396,Bad
1.8707076718525943,3.563518189371391,1.0,1.254716992440266,Good
1.620782321598609,2.778740679196071,1.0629615235134084,1.174805379569606,Good
2.2576888593426365,4.865012673138205,1.0687912848814614,1.3845723145204134,Bad
1.4622275510009497,4.498227864076648,1.1364166342790516,1.3046619003179534,Good
2.5452373591036435,4.324726817622498,1.1609016712009328,1.469478777779302,Moderate
3.1472081381971737,3.0823911740269025,1.0097273874854256,1.7691458277090266,Moderate
1.8411466304182824,3.29536299864329,1.1058483668869024,1.5643725444782484,Good
3.5095143732230176,2.776185017300674,1.0069957248348231,1.7142060694431107,Moderate
3.422838713830185,2.246311117655101,1.0109498204430625,2.967814027427925,Moderate
1.611318116186759,4.991281301599655,1.0474492592304705,1.2996670499297247,Good
1.3168758690549398,4.581050240316355,1.0025438973960357,1.3945620152968707,Good
2.51427422033019,6.024525940494094,1.024332949863972,1.4644839273910732,Bad
3.262764977574763,5.294931796430487,1.374271278663039,1.6892342148383668,Bad
1.825022414272864,5.271268260362,1.174893120870579,1.9689230618833768,Bad
1.7793370921962686,3.630627977661622,1.1072677714729888,1.4594890770028446,Good
1.9217677111453744,5.563086987158588,1.1107656338904004,2.15371814222944,Bad
2.252314142126452,4.407549193862204,1.095608248736883,1.3246389045344684,Bad
3.1368091797269417,5.5394234510901,1.0218996688690245,1.589345597751192,Bad
1.658989683705011,4.616545544419086,1.0547491581811117,1.6742508623418806,Bad
2.0684045576150387,1.7769212162005823,1.0462326187329964,1.5943392494712207,Good
2.6554195457619123,3.145525488257628,1.0769529731830547,1.5144288352687607,Moderate
1.8906709993653723,2.372485091972277,1.4642617364943646,1.0249718546047435,Bad
2.1501940635408925,2.407980396075008,1.2250291581811117,1.5543840423699908,Good
1.8922066052141973,4.34441487963148,1.0559657986785853,1.7741394794290557,Moderate
2.867721682012012,1.997843988935982,1.0338126607073457,1.7841291802055128,Good
1.528874289569724,3.918471230398704,1.1107656338904004,1.0899001149789174,Good
2.007763509088651,5.5710379352776,1.0198212110376992,1.254716992440266,Moderate
3.907967360028744,1.398304639104782,1.10828164788185,2.0088794676528066,Moderate
1.92138376131052,2.820956427542253,1.0226528286047416,1.918979352673889,Good
2.142131955468183,4.403573719802698,1.1574038087835212,1.639289306960679,Moderate
1.9325171455777437,3.7449701839445537,1.1527399828993392,1.469478777779302,Moderate
1.0813221616450948,4.904483451300443,1.0291995398367664,1.2397336399437795,Good
3.927596787273582,2.3488215559037893,1.0571824391760591,2.318535019690789,Moderate
2.3460215076834365,1.6625790099176507,1.0292548620287605,2.3584902267920187,Good
2.98865330310265,1.7927284582943324,1.1165954232413524,1.9489460576668611,Good
2.2039414936901967,3.117886478129634,1.3113097551496309,1.1298553220801475,Moderate
2.475365777305785,4.809829307026492,1.101438010104936,1.709212417723082,Moderate
2.2872499007769487,3.973749250654691,1.2133696074621063,1.2447284903320084,Moderate
1.5748633273816344,5.263411966387261,1.0523158492032647,1.609322601967707,Bad
2.828345894706848,1.6349399997896574,1.0255495903614458,1.609322601967707,Good
2.7817258840687358,5.006993889549131,1.342790516906335,1.799112532701999,Moderate
2.0026331059955016,3.0390395759494333,1.0546938359891178,1.829079237694972,Good
3.683630431332027,1.6665544839771569,1.116798187329965,2.3984466325614484,Moderate
1.3439832562699714,6.213834229041995,1.2110377085114652,1.5543840423699908,Bad
3.218131276875172,3.2401796325315777,1.0437993097551497,1.824084387306743,Moderate
3.108767039453528,3.220396916378322,1.0705655685969686,1.7691458277090266,Moderate
1.7278931675654987,4.060452446809629,1.072289147298873,1.409545367793357,Good
1.8465213476344668,3.855431570312253,1.0046638258841818,1.5244173373770182,Good
2.795162709357629,3.390017142917241,1.1107656338904004,1.8190895369185145,Moderate
1.2103158908084422,5.2752437344215055,1.0,1.2397336399437795,Good
2.856972247579643,3.677955049798597,1.1119315973571706,1.9539397093868904,Good
2.2254404270518,6.099492022759063,1.0450159782355228,1.1798002299578347,Bad
2.1357056813718587,6.809398104813689,1.0024333089778468,1.3096555520379822,Bad
2.4726783864492603,4.360222121725229,1.0676253493975905,1.8190895369185145,Bad
1.518779111331671,3.445200509028953,1.0036499494753206,1.2497221420520372,Good
1.7685876577638997,4.616545544419086,1.7636999704624952,1.15982202707312,Moderate
2.2086151299883783,5.8707129560489255,1.077588940536339,1.354605609527441,Bad
2.814324856818573,2.049051880988189,1.0389327197823552,2.523307104253368,Good
1.4654990899599902,4.364197595784735,1.0255495903614458,1.3046619003179534,Moderate
1.4739117384917009,3.965798302535679,1.0364994387874078,1.4295223720098722,Good
2.037324550522963,3.117886478129634,1.172561221919938,1.5344058394852758,Good
1.634219146887503,4.766477708949024,1.1154294597745822,1.2796888470450098,Good
1.7470886599054318,4.308919575528749,1.0501360373105324,1.5593788927582195,Moderate
1.9281939852416987,4.486396096042405,1.0778654675476098,1.9239730043939176,Good
1.833084522345573,5.8391931260057,1.1947143319082782,1.4544954252828155,Bad
2.3732457632170902,1.4614389533355068,1.41974349008939,1.8690344447962015,Bad
1.6422812549602122,7.381298444516896,1.242942439176059,1.5593788927582195,Bad
1.7094655103984104,2.4908027723147144,1.0534219012825496,1.5993340998594494,Good
3.475067178321727,1.504790551412976,1.5083560139914498,1.7691458277090266,Moderate
2.4726783864492603,1.2366353606848752,1.3322969296541003,1.3596004599156697,Moderate
4.561348589880327,1.362809335002051,1.01703307889623,3.252497724861164,Moderate
2.23385307558351,4.103898699031372,1.1301813167508743,1.639289306960679,Good
2.0856971989592186,3.563518189371391,1.0676253493975905,1.592674299341811,Good
2.007763509088651,3.437344215054216,1.0652934224640498,2.912874269162009,Good
1.4649148773606095,3.3939926169767465,1.4990283622230858,1.4395120727863295,Bad
2.9107196132320823,2.904914653513246,1.047804110376992,1.7826596129926575,Moderate
2.109883523177346,4.111754993006111,1.1165954232413524,1.8740292951844304,Good
1.4991496195899685,4.127562235099861,1.0802987485425573,1.059933409985945,Moderate
2.292741486311756,2.1950085714586205,1.310245201710066,1.0,Good
3.2788891937201816,4.979449533565411,1.1717450446949087,1.9889012647680917,Bad
2.4426930201428654,4.545554936213623,1.141247014380101,1.7341842723278256,Moderate
2.099134088744977,5.397442234679175,1.2856587547609797,1.03995520710123,Moderate
4.566139158993995,4.691511626684054,1.029148862806063,2.5183134525333384,Bad
2.038092385695808,5.910183734211162,1.014657722502915,1.6792457127301093,Bad
1.658989683705011,3.3032192926180284,1.0,1.6592675098453944,Good
1.8411466304182824,4.119611286980849,1.0944422852701128,1.419533869901615,Good
2.1233204129631047,6.351934625537688,1.1609016712009328,1.5993340998594494,Bad
2.4296805197260545,4.967617765531168,1.0034978624174116,1.5394006898735046,Bad
2.932101742771928,1.4627641113553422,1.0291995398367664,3.067702644515101,Moderate
2.69093951701179,5.44476930681615,1.0291995398367664,1.2996670499297247,Bad
2.124488838161866,6.38742992964042,1.0024333089778468,1.4944506323840456,Bad
3.764151348428424,2.869419349410515,1.1107149568596968,1.799112532701999,Moderate
1.300050636488383,4.675704384590305,1.0,1.2996670499297247,Good
1.274111674472113,6.65558512036852,1.0069957248348231,1.0,Bad
1.954016143436211,4.7151751627525424,1.030314798289934,1.2796888470450098,Bad
1.5690899550454709,6.12315555882755,1.06645938593082,1.294672199541496,Bad
7.285756905856658,3.437344215054216,1.020351207151185,2.783018947081862,Bad
2.886533289013955,4.502203338136154,1.1107656338904004,1.034961555381201,Bad
1.6691549700348642,4.87684444117245,1.0781189366498252,1.5643725444782484,Moderate
1.2355537719067096,4.868988147197712,1.0255495903614458,1.2397336399437795,Good
1.5384086030733746,7.365491202423146,1.0717822090944422,1.2846836974332383,Bad
1.7390265518327226,5.886520198142675,1.3602798289933928,1.829079237694972,Bad
1.765900266907375,2.6249276947509017,1.125923047026817,1.3995556670168998,Good
2.2547571543630767,6.6161143422062825,1.109387699961135,1.2397336399437795,Bad
2.1367572382519984,4.407549193862204,1.0233190734551108,1.3945620152968707,Moderate
1.7873992002689778,4.675704384590305,1.2028760202098718,1.1448386745766337,Moderate
1.9217677111453744,4.7111996886930365,1.1853867081228138,1.0,Moderate
3.182143896847671,3.737113889969816,1.163233570151574,2.248613107596586,Moderate
2.4161268261185387,5.574918755192831,1.2238631947143412,1.5993340998594494,Bad
1.6870318239784252,5.4014177087386805,1.0304162083171395,1.4295223720098722,Bad
2.875783790084721,2.1950085714586205,1.2576758554216867,1.892341349271536,Moderate
2.6849805871962245,3.3978734368919787,1.163233570151574,1.5593788927582195,Bad
1.2767990653286376,3.7213066478760655,1.0279828993392923,1.2497221420520372,Good
1.0061425523890295,5.464552022969405,1.0,1.11986681997189,Good
1.9110182122161403,4.616545544419086,1.0,1.414539019513386,Good
2.012320341565076,3.823817086124754,1.0608323886513795,2.2735849622013298,Good
2.0515793250484817,4.22221637937381,1.092465237465993,1.5543840423699908,Good
4.101457953773765,3.244060452446809,1.097331827438787,2.2436182572083574,Bad
2.4533293270747585,3.8435998022780096,1.0501360373105324,1.864039594407973,Moderate
2.948342762739104,2.0806663651756887,1.2611737178390985,1.7541624752125404,Moderate
2.1905046039044382,6.103467496818569,1.1189273221919938,1.6492790077371366,Bad
3.464901891991874,2.55393708654544,1.0,1.409545367793357,Moderate
1.4353538359262972,3.886951400355479,1.0443062479595802,1.2796888470450098,Good
2.2281278179083244,3.7283110545523375,1.1993781577924605,1.4994454827722743,Moderate
1.633751802606744,4.592882008350599,1.059615748153906,1.4045505174051285,Good
2.146922524581852,6.6319215843000325,1.026766258841819,1.3196452528144396,Bad
1.7712749841235595,5.977198868357119,1.0,1.2247502874472935,Bad
1.6730107860901504,5.330427100533218,1.0985484679362612,1.0249718546047435,Bad
1.982111364629176,6.42292523374315,1.0572377613680528,1.9039960001774028,Bad
1.3896685783465663,4.478539802067667,1.024485036921881,1.3396222570309548,Good
3.090773381688209,3.737113889969816,1.276331130975515,2.423418487166193,Moderate
2.842366932595122,4.991281301599655,1.1070650073843762,2.138734789732954,Bad
3.8862346900298967,2.029363818979208,1.0166731348620288,6.1392899062947786,Bad
2.915276445708507,2.6130959267166585,1.01703307889623,1.7891228319255417,Good
4.586586535475458,1.6428909479086693,1.083948698017878,4.131520671765623,Moderate
1.825022414272864,5.006993889549131,1.15507190983288,1.5044391344923034,Moderate
4.942721388013805,1.201140056582144,1.1557309071123203,2.902885767053752,Bad
3.700455663898584,3.748945658004059,1.0316328488146134,2.0238628201492928,Moderate
2.050761440308721,3.93825394655196,1.1422463956471045,1.5194224869887896,Moderate
1.6758149807684326,4.94395422946268,1.049882568208317,1.4894557819958172,Moderate
1.5374738500149925,3.165213550266609,1.0081616883015934,1.5044391344923034,Good
1.214989527106624,5.310739038524236,1.037427127866304,1.3596004599156697,Good
1.4901761708207195,5.814488394350199,1.0713563933151962,1.5993340998594494,Bad
3.061095471935275,3.934278472492454,1.0,1.8940062994009452,Moderate
2.365183655144381,2.648591230819389,1.5514962984842595,1.0699219120942025,Moderate
2.544853473765653,5.164782348053805,1.3766031776136805,1.672585912212471,Moderate
1.7683539211266557,4.0999232249718665,1.0523158492032647,1.7691458277090266,Good
1.9459540353635016,4.979449533565411,1.0474492592304705,1.03995520710123,Moderate
2.291012260875456,3.567493663430897,1.0582976976292269,1.9988897668763488,Good
1.5535980661604107,3.1888770863350966,1.0851653385153517,1.6842393644501383,Good
4.653887594735414,2.538129844451689,1.2116967057909056,3.542175074014432,Bad
1.8035234164143965,1.650747241883407,1.1585697722502917,1.469478777779302,Good
1.5636464841716418,5.267292786302494,1.1204481368052857,1.1398450228566048,Moderate
2.4834278853784943,5.858881188014681,1.024332949863972,1.3945620152968707,Bad
1.4318485603300124,3.6581723336453416,1.0,1.2397336399437795,Good
1.6561854890267294,5.452720254935162,1.032849489312087,1.414539019513386,Bad
2.4161268261185387,3.606964441593135,1.1557309071123203,2.1836848472224126,Good
1.682591795323758,2.2856872416730645,1.6517683731053243,1.11986681997189,Bad
1.6852791861802827,5.645909363398294,1.102603973571706,2.058823176862294,Bad
2.901255407820232,1.6980743140203822,1.0326061500194326,3.6520533918780633,Moderate
1.4598907006034263,2.948266251590716,1.0,1.4345172223981009,Good
1.55897284787346,3.271699462574803,1.012825486202876,1.7142060694431107,Good
2.7145416286305366,5.519735389081118,1.1364166342790516,1.2597118428284946,Bad
1.857270846563701,1.6152519377806758,1.1189273221919938,1.859045942687944,Good
2.9935394565696285,1.828223762397064,1.0216231418577535,1.9689230618833768,Good
1.773962374980084,5.267292786302494,1.2075398460940536,1.0849052645906887,Moderate
3.2742155574219995,5.105623507882586,1.0425826692576758,1.6143174523559356,Bad
1.8328507857083287,5.081959971814099,1.2627959144966965,1.1498335249648624,Moderate
3.671245162923273,4.577169420401123,1.3392926544889234,2.1087680847399817,Bad
1.56084228949336,1.347096747052575,1.1450022914885347,1.4794672798875594,Good
2.41051837226511,6.754214738701976,1.0279828993392923,1.644284157348908,Bad
4.670712827301971,2.502634540348958,1.0571824391760591,2.967814027427925,Bad
3.535007210426976,2.163488741415395,1.041366028760202,1.943951207278633,Good
3.128396531195231,5.630196775448819,1.0231163093664983,1.3945620152968707,Bad
3.212522887518608,5.941703564254388,1.0571824391760591,1.5394006898735046,Bad
3.2036428947061384,2.139825205346908,1.0816167990672367,1.669256011953652,Good
3.0668313715931173,1.9425659686799956,1.0423559238243296,4.50110963378955,Moderate
2.780674327188596,5.535542631174868,1.035282798289934,1.3446171074191833,Moderate
1.7290950021401137,3.973749250654691,1.015816410415857,1.374583812412156,Good
2.061510874741091,4.525866874204642,1.005829761368053,1.349611957807412,Moderate
2.511069371129127,2.581481442529159,1.0030647990672368,1.729189421939597,Moderate
2.4357563178602417,5.014944837668143,1.0,1.4794672798875594,Moderate
2.1152583048903955,1.3746411030362946,1.3416245534395648,1.5094339848805318,Bad
1.8599581729233607,4.616545544419086,1.0209871745044694,1.0899001149789174,Bad
2.511470025651908,4.356246647665724,1.0790821080450836,1.8091010348102567,Moderate
2.6488763388501013,5.902327440236425,1.0,2.758047092477118,Bad
1.671842360891389,3.815960792150016,1.3392926544889234,1.1398450228566048,Good
1.611318116186759,6.036357708528338,1.0961151869413135,1.2247502874472935,Moderate
1.4111675117081697,2.561793380520177,1.0408083855421686,1.0749167624824312,Good
2.357238350893429,2.0711062966040195,1.0635974908666923,1.7541624752125404,Good
1.8814571707818284,4.234048147408054,1.0559657986785853,1.4744724294993308,Moderate
2.158139367791844,3.4491759830884594,1.0802987485425573,2.003884617264578,Good
2.97136066175847,2.498659066289452,1.048665899727944,1.8940062994009452,Good
1.1205810806316368,4.3720538897594725,1.0255495903614458,1.15982202707312,Good
1.9701403595816296,3.701618585867085,1.0425826692576758,1.2397336399437795,Good
1.7981486991982116,5.44476930681615,1.1037699090555773,1.0149833524964862,Bad
2.2469393604134025,2.447451174237245,1.012825486202876,1.6642623602336228,Good
3.324691319618534,3.5516864213371475,1.0656989786241742,1.6293008048524218,Moderate
1.6505770996701652,4.447019972024441,1.0669156191216478,1.6842393644501383,Good
2.783148620404542,4.301063281554011,1.0757870097162845,1.3046619003179534,Moderate
1.833084522345573,4.683655332709317,1.0,1.2447284903320084,Moderate
2.346372048142438,5.523710863140624,1.0338126607073457,1.875027785794796,Bad
2.037324550522963,5.172638642028543,1.0,1.5194224869887896,Moderate
1.784711873909318,2.1082107211594083,1.0687912848814614,1.5144288352687607,Good
2.5244713681111466,4.241904441382792,1.0851653385153517,2.07380652935878,Moderate
3.403209286585347,3.323002008771284,1.0474492592304705,1.859045942687944,Moderate
2.0151245362433574,6.793590862719939,1.0656989786241742,1.254716992440266,Bad
2.7226037367032463,3.1375745401386155,1.2005441212592305,1.6742508623418806,Moderate
2.9601438185484774,4.324726817622498,1.1107149568596968,1.3795786628003843,Moderate
4.109870537808611,1.9860122209017383,1.0425826692576758,3.4372916065390275,Moderate
2.662897441235241,3.1060547100953904,1.0279828993392923,1.4544954252828155,Good
3.133771248411416,2.4868272982552084,1.0116595507190052,1.6992227169466243,Moderate
2.7118543022708765,3.6581723336453416,1.0443062479595802,1.3396222570309548,Moderate
1.7578381588346657,4.0999232249718665,1.0559657986785853,1.3995556670168998,Good
1.9422150876268376,5.807673295962474,1.0364994387874078,1.7341842723278256,Bad
2.0265751160905943,7.010538161395833,1.1562378453167508,1.1798002299578347,Bad
3.349929265213666,2.2818064217578327,1.0364994387874078,2.7230855370959173,Moderate
3.254702869502054,1.9860122209017383,1.0233190734551108,2.053829525142265,Moderate
1.5218382621156448,3.1989104256281355,1.0292548620287605,1.4851753378546209,Bad
1.5347865236553324,3.117886478129634,1.4477263894286825,1.2397336399437795,Bad
1.4461033348555312,5.022801131642881,1.0326467252234746,1.4944506323840456,Moderate
2.637659495640109,3.4886467612506964,1.0060832304702685,1.7841291802055128,Moderate
3.1020114443666498,2.3369897878695456,1.0915803902059853,2.148723291841211,Moderate
4.590325483212123,1.3431212729930693,1.4185775266226195,2.842952357067807,Moderate
3.260077651215102,2.8536121073167653,1.3731053151962689,1.938956356890404,Moderate
2.142131955468183,6.340102857503444,1.1480761849980567,1.6293008048524218,Bad
3.128396531195231,2.908890127572752,1.0699572483482316,1.6642623602336228,Good
2.424539474650249,6.54512373400082,1.0279828993392923,1.389567164908642,Bad
1.3729601496017674,3.950085714586204,1.0,1.0,Good
2.23385307558351,3.445200509028953,1.0888152879906725,1.799112532701999,Good
1.9997014010159415,5.79584152792823,1.1463720823940924,1.0,Moderate
3.103158650096964,2.90093917945374,1.0523158492032647,2.862930559952522,Moderate
1.9478234769834015,1.654722715942913,1.031798759424796,1.8540510922997155,Good
1.211157123413181,3.019256859796178,1.0138697800233192,1.1498335249648624,Good
1.620782321598609,5.898351966176919,1.0139914496696465,1.3246389045344684,Bad
3.034338625179245,2.660422998853633,1.312475718616401,1.9639294101633475,Good
2.3740636479568504,3.670004101679585,1.0,1.8091010348102567,Good
2.865034355652352,2.013556576885458,1.0932763218033423,1.6942290652265954,Good
2.155568845253941,2.80628503517979,1.0408083855421686,1.4295223720098722,Good
1.92138376131052,2.820956427542253,1.0226528286047416,1.918979352673889,Good
3.522166852141734,5.515002681867421,1.0191462075398368,1.529412187765247,Bad
2.332935222853544,3.40582438501099,1.0314807617567043,1.5044391344923034,Moderate
1.2944421826349544,3.930302998432948,1.024332949863972,1.2197554370590649,Good
1.4407285531424818,4.868988147197712,1.06645938593082,1.3596004599156697,Bad
1.7610630020637492,5.247604724293511,1.459892878352118,2.07380652935878,Bad
1.5670349559461694,3.4925275811659287,1.0734551107656432,1.4944506323840456,Good
1.4461033348555312,5.022801131642881,1.0326467252234746,1.4944506323840456,Moderate
2.5927921228001383,3.9816055446294287,1.0608323886513795,1.744172774436083,Moderate
1.4598907006034263,3.989461838604167,1.0,1.3795786628003843,Good
2.43505523694224,5.874688430108432,1.1492421204819276,1.0,Bad
2.372024192601913,5.736682687757012,1.0241670392537894,1.414539019513386,Bad
2.23385307558351,3.445200509028953,1.0888152879906725,1.799112532701999,Good
1.8975813869272469,3.756801951978797,1.380101040031092,1.918979352673889,Moderate
1.3400743592951343,2.703774596931102,1.0012719626894675,1.409545367793357,Good
1.634219146887503,6.060021244596825,1.1643995336183444,1.1448386745766337,Bad
2.124488838161866,6.38742992964042,1.0024333089778468,1.4944506323840456,Bad
2.3993015290551174,5.8707129560489255,1.2652292234745433,1.3396222570309548,Bad
2.007763509088651,2.699799122871596,1.4360668387096776,1.1348501724683762,Moderate
1.4729769854333186,6.549099208060325,1.0489700738437622,1.0699219120942025,Bad
1.8465213476344668,5.338283394507956,1.0046638258841818,1.3446171074191833,Bad
2.4527151234333475,3.5398546533029034,1.0852812157015157,1.4328522722686912,Moderate
3.899554711497033,1.8203674684223257,1.2080467842984843,2.728080387484145,Moderate
2.703792194198168,4.494347044161417,1.1279218375437232,1.2846836974332383,Moderate
3.8014073172853817,1.2997696749156,1.2530627345511076,2.912874269162009,Moderate
1.0241863242181275,6.446588769811639,1.0023318989506411,1.0199782028847149,Moderate
1.1822737505350285,5.511879095106381,1.0012166404974738,1.4295223720098722,Moderate
1.1289937291633474,3.31117024073704,1.0097331799455889,1.3396222570309548,Good
1.9870824604668085,4.703343394718299,1.3297115616012438,1.4395120727863295,Moderate
1.9835771848705237,5.058296435745612,1.012825486202876,1.4445057245063584,Moderate
2.096446697888452,5.32257080655848,1.0944422852701128,1.3096555520379822,Moderate
1.222807321056298,3.8987831683897225,1.0254390019432569,1.529412187765247,Good
2.393693139698553,2.3211825457757955,1.0,1.354605609527441,Good
2.236657270261792,3.555661895396653,1.1484310361445784,1.4544954252828155,Moderate
3.559352841900621,2.0096757569702257,1.234356781966576,3.422308254042542,Moderate
3.650821134306788,4.825636549120242,1.08861252390206,1.6992227169466243,Bad
2.458190004280227,3.92244670445821,1.0524679362611735,1.4794672798875594,Moderate
2.1889857027435395,4.955785997496924,1.1472143956471046,1.11986681997189,Bad
2.977903868670281,5.685380141560532,1.216867469879518,1.9139845022856603,Bad
2.2791877927042394,3.342690070780266,1.102603973571706,1.8790229469044597,Good
1.7318991968183957,3.319026534711778,1.184930474931986,1.3945620152968707,Good
1.784711873909318,4.202433663220555,1.289156617178391,1.294672199541496,Moderate
1.8945434556117209,6.060021244596825,1.1189273221919938,1.4295223720098722,Moderate
1.5106001994372047,2.975905261718709,1.2436844057520404,1.3945620152968707,Good
3.4705103458453026,1.5994446956869262,1.1021984174115818,2.4983352496486235,Moderate
1.914172947353424,5.263411966387261,1.0757870097162845,1.0,Moderate
2.138509876050141,4.123586761040354,1.1204481368052857,1.5743622452547057,Moderate
2.104859346420163,2.6012641586824143,1.1873637559269334,1.5344058394852758,Good
3.1525828554133586,4.060452446809629,1.0559657986785853,2.258601609704844,Moderate
1.795461308341687,4.999137595574393,1.191216469490867,1.4794672798875594,Moderate
1.440261208861723,3.942134766467192,1.0,1.4045505174051285,Good
1.5965959973804815,4.774334002923761,1.1107656338904004,1.5843507473629632,Moderate
1.2748127553901158,6.075828486690575,1.0279828993392923,2.198668199718899,Bad
1.8975813869272469,2.680111060862614,1.0489700738437622,1.0149833524964862,Good
2.9405143913036387,2.861563055435777,1.0559657986785853,1.834072889415001,Moderate
2.2684383582718706,2.584226412713103,1.4582199766809172,2.5133186021451097,Good
1.914172947353424,1.8400555304313075,1.0407023863194715,1.5593788927582195,Good
2.060973422368532,4.497186668489635,1.0026650353672757,1.3700240785804252,Good
1.9782024676543388,2.93255366364124,1.0235522829382044,1.4994454827722743,Good
2.813974316359572,5.200277652156537,1.0109498204430625,1.5244173373770182,Bad
2.0265751160905943,1.3667848090615569,1.2565099199378158,1.7591561269325693,Good
1.92138376131052,7.042057991439059,1.062628387096774,1.2497221420520372,Bad
2.875783790084721,3.133693720223384,1.0011659634667702,1.544395540261733,Moderate
2.048074049452197,6.923740311096621,1.150408083948698,1.9889012647680917,Bad
1.9943266837997573,1.9662295047484828,1.0081616883015934,1.3196452528144396,Good
6.41212817100716,1.3667848090615569,1.1058483668869024,5.070477028656027,Bad
1.682591795323758,4.695487100743561,1.1061018359891177,1.3196452528144396,Good
1.7175276184711197,1.8676945405593008,1.053633899727944,1.8440625901914576,Good
3.3629306076729044,1.7414259120978512,1.113203560046638,2.8529408591760648,Moderate
1.5748633273816344,4.226097199289042,1.01703307889623,1.4345172223981009,Good
2.3490594389989625,4.360222121725229,1.4255732514574426,1.8140958851984847,Bad
3.4172303244736217,2.045171061072957,1.068132287602021,3.262486226969421,Moderate
1.670206526915004,4.7111996886930365,1.184930474931986,1.2197554370590649,Bad
3.867423083027954,1.4851024894039944,1.614457821997668,2.238623406820129,Moderate
2.531099452896747,4.971498585446399,1.149647676642052,2.0138731193728354,Moderate
1.5468212516050852,5.101648033823081,1.0097331799455889,1.059933409985945,Moderate
2.8596595739393025,1.8360800563718012,1.0582976976292269,1.6243059544641931,Good
2.782458826437841,1.303650494830832,1.0493032102603963,2.4034402842814773,Good
1.8833266124017285,8.970636181020794,1.024332949863972,1.4894557819958172,Bad
1.0483726484362552,2.9562171997097275,1.1772250198212204,1.0,Good
2.64607214417182,2.502634540348958,1.0510992087057909,1.329633754922697,Good
2.953717544452153,2.530273550476952,1.0629615235134084,1.409545367793357,Good
3.31067028173026,2.2108158135523697,1.1155815468324912,2.258601609704844,Moderate
1.9534319308368304,5.898351966176919,1.184930474931986,1.5144288352687607,Bad
1.720215009327644,5.1884458841222925,1.172561221919938,1.11986681997189,Bad
3.8014073172853817,2.0766908911161828,1.018249719393704,2.39345178217322,Moderate
1.4864138752190772,5.614389533355069,1.0163233486202876,1.0149833524964862,Moderate
3.490139837587006,4.514035106170399,1.0060832304702685,2.1187565868482388,Moderate
2.794185517362352,2.912770947487984,1.0644823381267003,1.834072889415001,Good
1.56166017423312,4.301063281554011,1.0804508356004665,1.5493891919817622,Good
2.9601438185484774,4.301063281554011,1.0644823381267003,1.4994454827722743,Bad
2.41051837226511,3.871144158261729,1.0693489280994948,1.3596004599156697,Moderate
1.8292454109782132,4.514035106170399,1.0909444228527012,1.0449500574894588,Moderate
1.986264575727048,3.4886467612506964,1.1865526715895842,1.6342956552406505,Moderate
3.2770197521002813,2.573625148554421,1.0060832304702685,1.9539397093868904,Moderate
1.835771848705233,3.374209900823491,1.0466381748931208,1.3995556670168998,Good
2.1501940635408925,4.794022064932743,1.5316750874465606,1.5793558969747346,Bad
1.8008360900547362,3.859312390227485,1.1072677714729888,1.5244173373770182,Good
1.7038570565449818,4.1157304670656165,1.1873637559269334,1.0849052645906887,Moderate
2.291012260875456,3.567493663430897,1.0582976976292269,1.9988897668763488,Good
2.4329520586850952,2.755077143127583,1.0340661298095608,2.703107334211202,Good
4.670712827301971,3.918471230398704,1.0,3.057714142406843,Moderate
2.010450899945176,4.801973013051755,1.150408083948698,1.154828375353091,Moderate
1.8035234164143965,4.841349137069718,1.137582597745822,1.1947835824543211,Moderate
1.7927739819820272,5.145094286044824,1.1655654970851146,1.6293008048524218,Moderate
2.968556467080188,4.332583111597236,1.116798187329965,1.839067739803229,Bad
2.06688565645414,6.202002461007751,1.012825486202876,1.4894557819958172,Bad
1.967452968725105,4.170913833177329,1.143564446171784,1.2846836974332383,Moderate
2.292741486311756,3.512310297319184,1.0097331799455889,1.3995556670168998,Bad
1.252379004473266,3.315051060652272,1.0693489280994948,1.0,Good
4.58097808162203,2.1989840455181264,1.1313979572483484,2.318535019690789,Bad
3.686434626010309,1.4456317112417572,1.0851653385153517,3.172586111990504,Moderate
2.2496267512699277,4.139394003134104,1.0513019727944035,1.6892342148383668,Moderate
1.693341294252992,5.081959971814099,1.1923824329576371,1.5194224869887896,Good
3.195580786633429,2.0530273550476954,1.095608248736883,2.6531636250017145,Moderate
1.5218382621156448,3.1989104256281355,1.0292548620287605,1.4851753378546209,Bad
1.905643494999956,3.7804654880472848,1.6447726482705014,1.4744724294993308,Bad
3.596699880330368,3.863287864286991,1.0656989786241742,1.864039594407973,Moderate
2.062500966109284,7.105192305669783,1.0377160792848814,1.7841291802055128,Bad
2.389614293485544,5.736682687757012,1.0457902090944422,1.5094339848805318,Moderate
1.4094148739100274,6.789710042804707,1.054799835211815,2.198668199718899,Bad
2.345220327631603,2.3304586519146437,1.0644939230470267,1.5993340998594494,Good
2.292741486311756,4.49037157010191,1.0304162083171395,1.829079237694972,Bad
2.2868660154389584,3.3584973128740154,1.0,1.3596004599156697,Good
3.1472081381971737,3.0823911740269025,1.0097273874854256,1.7691458277090266,Moderate
1.4944759832917862,6.509628429898089,1.0279828993392923,1.449500574894587,Bad
2.561361575249062,4.407549193862204,1.1772250198212204,1.409545367793357,Moderate
1.6584054711056306,5.022801131642881,1.2553439564710454,1.604328950247678,Bad
1.86802028099607,5.993006110450869,1.1340847353284105,1.4794672798875594,Bad
2.569423683321771,2.2896627157325704,1.5270112615623783,1.1098783178636322,Bad
1.5320991327988076,3.575349957405635,1.1002720466381657,1.0199782028847149,Good
3.678021977478598,1.9780612727827265,1.1240980862806065,2.618202069620513,Moderate
2.632051106283545,4.443044497964936,1.0851653385153517,2.4483903417709363,Moderate
2.009516146886793,4.407549193862204,1.0048665899727944,1.4794672798875594,Moderate
2.6124216145418417,2.2581428856893453,1.0669156191216478,1.7570536629102624,Good
3.268607103568571,2.372485091972277,1.0279828993392923,1.8540510922997155,Moderate
1.6814233701249963,2.0924981332099324,1.0546938359891178,1.4944506323840456,Good
3.06670386129184,3.390017142917241,1.1824971659541392,1.529412187765247,Moderate
1.4998507005079709,3.5516864213371475,1.0862805969685192,1.294672199541496,Good
1.3518010502196454,4.103898699031372,1.0,1.419533869901615,Good
1.3923559047062266,4.608689250444348,1.0863820069957248,1.3845723145204134,Good
1.5267244155826232,4.139394003134104,1.096774184220754,1.8940062994009452,Moderate
1.6127202135259,4.83349284309498,1.0314807617567043,1.3046619003179534,Moderate
1.4541654429282402,3.6976431118075785,1.0186552755538285,1.409545367793357,Good
4.3014332557744215,4.951810523437418,1.2010104842596192,1.6243059544641931,Bad
3.4677061511670204,2.845755813342027,1.0,1.2097669349508071,Moderate
3.338712422003673,2.6524720507346213,1.113203560046638,2.3435068742955325,Moderate
1.967452968725105,3.6581723336453416,1.0081616883015934,1.2896785478214672,Good
1.5347865236553324,4.565337652366879,1.024485036921881,1.3446171074191833,Good
3.7957988634319526,4.241904441382792,1.0766487990672369,1.7042175673348532,Bad
3.683630431332027,1.6665544839771569,1.116798187329965,2.3984466325614484,Moderate
2.8354732497211748,4.0999232249718665,1.174893120870579,1.6193123027441645,Moderate
1.6691549700348642,4.695487100743561,1.0011659634667702,1.2397336399437795,Moderate
2.906863797176796,2.2818064217578327,1.081515389040031,1.8940062994009452,Good
3.0807249636769782,3.33871459672076,1.0316328488146134,1.6992227169466243,Moderate
2.1578722862756115,5.342258868567462,1.8248872102603968,1.6243059544641931,Bad
2.0231547828649634,4.510059632110892,1.1180148278274389,1.2447284903320084,Good
1.5243875651851,4.26556797745128,1.0060832304702685,1.1448386745766337,Good
1.7363392254730623,5.4053931827981865,1.0186552755538285,1.0499449078776877,Moderate
1.5013165207493189,5.334402574592724,1.1643995336183444,1.4994454827722743,Good
2.0319498333067787,6.056140424681594,1.0766487990672369,1.0,Bad
2.079473831998868,1.3312895049588254,1.0116595507190052,1.4358789094729816,Good
1.3579575984282888,4.379910183734211,1.0754321585697628,1.0856196708377213,Good
2.101821415104637,3.8987831683897225,1.0268169358725223,1.569367394866477,Moderate
3.0370259515389053,3.1967333803098343,1.2191993688301594,1.7691458277090266,Good
1.795461308341687,7.211678217977977,1.2224640497473769,1.4245287202898431,Bad
2.2496267512699277,2.273855473638821,1.083948698017878,1.669256011953652,Good
3.3165124077240677,2.0924981332099324,1.0781189366498252,2.4184236367779635,Moderate
2.061510874741091,4.111754993006111,1.0408083855421686,1.7192009198313394,Good
1.518779111331671,5.638053069423556,1.0316328488146134,1.374583812412156,Bad
2.3759330895767503,4.813804781085999,1.4477263894286825,1.0,Bad
1.4991496195899685,5.361946930576443,1.0145997699183833,1.4794672798875594,Moderate
2.013138226304836,5.480264610918881,1.1667314325689857,1.529412187765247,Bad
2.193191994760963,7.1012168316102775,1.150864317139526,1.3396222570309548,Bad
2.2872499007769487,4.967617765531168,1.0524679362611735,1.958934559775119,Moderate
1.5697222823058292,5.279124554336737,1.163233570151574,1.4245287202898431,Moderate
2.0292624424502543,5.148975105960056,1.0769529731830547,1.569367394866477,Bad
2.2086151299883783,1.8045602263285765,1.0,1.6492790077371366,Good
1.6309476079284622,4.983330353480644,1.0,1.1947835824543211,Moderate
1.2211320794956535,5.5476583616419335,1.0173227578701904,1.2597118428284946,Moderate
2.075924956522126,4.663872616556061,1.0852206607073456,1.824084387306743,Bad
3.1844807472451944,1.6428909479086693,1.6801061235911388,1.609322601967707,Moderate
3.3101604340157413,1.2129718246163876,1.167897396035756,1.7541624752125404,Good
1.8841444971414885,4.87684444117245,1.0979401476875243,1.354605609527441,Bad
2.4834278853784943,5.050440141770873,1.0148431092110377,1.6592675098453944,Bad
1.5496254462833672,2.2896627157325704,1.0445182464049747,1.4644839273910732,Good
1.1854284856723118,4.254682750859775,1.0034978624174116,1.11986681997189,Good
1.6799044689640985,3.737113889969816,1.1189273221919938,1.0,Moderate
3.145221828258652,7.085504243660801,1.0121664889234356,1.5943392494712207,Bad
1.4598907006034263,2.577600622613927,1.0048665899727944,1.389567164908642,Good
1.6253391540750337,3.33871459672076,1.0912485969685193,1.419533869901615,Good
2.194594092100104,7.468001640671834,1.026766258841819,1.15982202707312,Bad
1.835655044883476,2.9443854316754834,1.026710936649825,1.4245287202898431,Good
1.0245702095561178,5.853201939358245,1.0279828993392923,1.3329636551815165,Good
2.741415343705189,2.9364344835564715,1.3844606917994555,2.35349657507199,Good
3.293844984666838,2.364628797997539,1.159380856587641,3.142619406997532,Moderate
1.8411466304182824,4.754645940914779,1.1049358725223477,1.5044391344923034,Moderate
1.5231412277739236,3.73313841591031,1.020351207151185,1.234738789555551,Good
2.811520662140292,4.332583111597236,1.041366028760202,1.6542726594571655,Moderate
2.214690928122566,5.803697821902969,1.33113096618733,1.2497221420520372,Bad
1.3386085390537867,3.3032192926180284,1.095608248736883,1.604328950247678,Good
2.9202475415461397,3.2520114005658214,1.0432463116984063,1.702076745930155,Moderate
3.108767039453528,1.903189844662032,1.0,1.799112532701999,Good
2.1367572382519984,2.1121861952189143,1.3686442813835988,1.059933409985945,Bad
2.441364707216806,4.892651683266199,1.0948985184609406,1.7591561269325693,Bad
1.7262908074618315,3.823817086124754,1.0218996688690245,1.234738789555551,Good
2.0656003629367565,2.889107411419497,1.083948698017878,1.0749167624824312,Good
1.5412127977516563,4.514035106170399,1.0340661298095608,1.0249718546047435,Good
2.0749477645268493,4.301063281554011,1.1143649063350174,1.4894557819958172,Moderate
1.9943266837997573,3.40582438501099,1.1294209094442285,1.2896785478214672,Good
1.6674023322367215,2.924602715522228,1.0936818779634667,1.5194224869887896,Good
2.701104803341643,2.415836690049746,1.0489700738437622,1.8890126476809168,Good
1.9244550375050344,3.7764900139877793,1.3952584531675087,1.0,Moderate
2.1152583048903955,2.534154370392184,1.1072677714729888,1.2197554370590649,Good
4.502460179152081,2.301494483766814,1.149647676642052,2.053829525142265,Bad
1.3305464309810775,3.0074250917619345,1.0079951061018266,1.5993340998594494,Good
1.8303971314890488,4.218240905314305,1.0384764865915277,1.2497221420520372,Moderate
2.007763509088651,3.855431570312253,1.0012166404974738,1.6742508623418806,Moderate
2.3882182588516736,3.784440962106791,1.125923047026817,1.6492790077371366,Moderate
2.5747984650348203,5.507903621046875,1.2308589195491644,1.2647054945485237,Bad
3.337243505912826,3.232228684412566,1.1768010509133306,1.859045942687944,Moderate
1.8328507857083287,6.363766393571932,1.030781189273222,1.3046619003179534,Bad
1.4851285817016937,6.000862404425607,1.0366109506412748,1.2896785478214672,Bad
2.253482567325213,2.356677849878527,1.1751972949863971,1.9988897668763488,Good
2.660794262978097,6.54512373400082,1.108433734939759,1.4794672798875594,Bad
3.3359081628285265,1.398304639104782,1.1301813167508743,2.842952357067807,Moderate
1.3925896413434706,5.271268260362,1.0279828993392923,2.198668199718899,Bad
1.3449180093283537,4.494347044161417,1.0012719626894675,1.449500574894587,Good
2.518608022648891,3.871144158261729,1.005829761368053,1.529412187765247,Good
2.665701635913523,3.737113889969816,1.0304162083171395,1.834072889415001,Moderate
2.905344896015898,5.373778698610687,1.054100262728333,1.669256011953652,Bad
2.1690056705428358,4.9123397452751805,1.2401865433346289,1.484462130275788,Bad
2.884430110756811,3.046895869924171,1.0097331799455889,1.544395540261733,Moderate
1.3028548311666652,5.701187383654281,1.0559657986785853,1.2597118428284946,Moderate
1.90856455799686,5.638053069423556,1.035282798289934,1.4445057245063584,Bad
1.7390265518327226,3.4965030552254346,1.0104935872522347,1.2846836974332383,Good
1.795461308341687,4.948402974243555,1.2224640497473769,1.4245287202898431,Bad
2.1394446291085227,3.926422178517716,1.1900505340069958,1.3645953103038984,Moderate
1.3117348239791344,3.618796209627378,1.0186552755538285,1.11986681997189,Good
1.336505360796643,4.43906902390543,1.0362611643995336,1.2397336399437795,Good
1.1629394609425154,4.324726817622498,1.167897396035756,1.4295223720098722,Moderate
2.912472251030225,2.30546995782632,1.0462326187329964,2.7530522420888897,Good
1.3589390472166285,4.277399745485523,1.067413350952196,1.11986681997189,Good
2.948342762739104,2.0806663651756887,1.2611737178390985,1.7541624752125404,Moderate
2.5254910635401826,5.432937538781906,1.048334106490478,1.8490562419114869,Bad
1.725589726543829,6.73443202254872,1.1235911480761758,1.449500574894587,Bad
1.3977306864192758,5.748514455791256,1.0093276237854645,1.254716992440266,Moderate
2.699352165543501,3.516191117234416,1.0547491581811117,1.4395120727863295,Good
1.9762480191669205,1.8440310044908133,1.1154294597745822,1.5244173373770182,Good
3.349929265213666,1.4141118811985318,1.0754321585697628,2.5832405142393124,Good
2.104859346420163,4.257711683476542,1.0133831294209097,1.5843507473629632,Moderate
1.737507650671824,4.947835049377912,1.0036499494753206,1.0,Bad
2.3060615077788915,1.654722715942913,1.0466381748931208,1.3995556670168998,Good
1.9970140101594172,2.9995687977871963,1.163233570151574,1.709212417723082,Good
1.9378919272907928,6.288800311306964,1.1982121943256898,1.1398450228566048,Bad
1.8035234164143965,4.841349137069718,1.137582597745822,1.1947835824543211,Moderate
1.3359211481972622,3.378185374882997,1.0023318989506411,1.5643725444782484,Good
3.5518324429935326,3.319026534711778,1.1630308060629615,2.388456931784991,Moderate
2.4619289520168914,5.385610466644931,1.4104158663039257,1.3695889620239272,Bad
1.1654484534716072,6.221785177161006,1.0279828993392923,2.198668199718899,Bad
1.7390265518327226,4.301063281554011,1.0233190734551108,1.3795786628003843,Good
2.721785851963486,1.3006215622140656,1.2194448348231637,1.492785682254636,Good
1.6530307538894458,2.0806663651756887,1.278663029926156,1.2297451378355222,Good
3.1536344122934983,2.755077143127583,1.2518460940536338,1.839067739803229,Moderate
1.5384086030733746,3.985581018688935,1.058509696074621,1.4045505174051285,Good
2.6930426952689337,3.768633720013041,1.047804110376992,1.4245287202898431,Moderate
2.048074049452197,3.113911004070128,1.0116595507190052,1.2996670499297247,Good
2.0151245362433574,2.80628503517979,1.006691550719005,1.3046619003179534,Good
4.034040026195187,1.354953041027313,1.8208317046249516,2.633185422117,Moderate
2.2496267512699277,2.273855473638821,1.083948698017878,1.669256011953652,Good
2.7526321869151813,3.7094748798418222,1.1235911480761758,1.419533869901615,Moderate
1.995495108998519,4.888676209206693,1.0255495903614458,1.0,Good
1.488333430902757,5.673548373526288,1.1017560077730275,1.1048834674754036,Bad
1.1346021830167758,4.687536152624549,1.0145997699183833,1.2397336399437795,Good
1.0061425523890295,5.464552022969405,1.0,1.11986681997189,Good
1.682591795323758,4.123586761040354,1.024485036921881,1.3446171074191833,Moderate
1.0552830359981296,4.020319089637475,1.0,1.0,Good
3.0128396273207776,5.819505063996719,1.2087057815779243,1.839067739803229,Bad
2.116076189630156,5.373778698610687,1.0,1.5943392494712207,Bad
3.923857839536918,2.443475700177739,1.1266594450058298,1.6143174523559356,Moderate
1.50791280858068,3.6424597456958656,1.0932763218033423,1.1997784328425498,Good
2.303958329521748,6.249329533144726,1.2457628635833655,2.5133186021451097,Bad
2.5855478994671897,2.979880735778215,1.0804508356004665,1.709212417723082,Moderate
1.5670349559461694,3.267723988515297,1.2261950936649826,1.9739179122716053,Good
2.177067778615545,4.64418455454708,1.1562378453167508,1.0,Moderate
1.7593039790760132,5.11745527591683,1.0279828993392923,1.639289306960679,Moderate
1.3923559047062266,5.701187383654281,1.0582976976292269,1.294672199541496,Moderate
1.6948071144943395,3.62267702954261,1.1713952584531675,1.2197554370590649,Moderate
1.4246043369970636,3.220396916378322,1.030314798289934,1.3845723145204134,Good
3.210483432163671,2.703774596931102,1.0979401476875243,1.779134329817284,Moderate
2.5129889268128065,2.9877370297529526,1.0489700738437622,1.7691458277090266,Good
1.7417139426892472,4.841349137069718,1.0944422852701128,1.414539019513386,Moderate
2.2872499007769487,2.1831768034243764,1.3066459292654489,1.11986681997189,Moderate
2.2388772523406937,5.523710863140624,1.0489700738437622,1.5943392494712207,Bad
2.3006867905627075,6.119180084768044,1.0127194869801788,1.3246389045344684,Bad
3.683630431332027,2.2936381897920763,1.116798187329965,3.122641204112817,Moderate
1.8707076718525943,3.5043593492001723,1.1702292949863973,1.7891228319255417,Good
3.798603058110235,3.149406308172859,1.058399107656432,1.709212417723082,Moderate
1.8814571707818284,6.679248656437007,1.0816167990672367,1.4594890770028446,Bad
1.86802028099607,4.368078415699968,1.1317528083948698,1.3346286053109258,Moderate
4.463201195668676,1.603420169746432,1.1021984174115818,4.7008880666321,Bad
1.7605255496911902,3.5596373694561594,1.7636999704624952,1.1847950803460634,Bad
1.5939086065239567,6.119180084768044,1.0,1.2397336399437795,Bad
2.158139367791844,3.4491759830884594,1.0802987485425573,2.003884617264578,Good
1.30636010676295,2.407980396075008,1.0023318989506411,1.1648168774613483,Good
1.7014034023257012,4.845324611129223,1.3416245534395648,1.2097669349508071,Moderate
2.5640489661055863,4.695487100743561,1.0233190734551108,1.3845723145204134,Bad
3.506965070153562,2.2383601695360893,1.0851653385153517,2.5882353646275407,Moderate
1.9618445148716763,6.407117991649401,1.0729988775748154,1.349611957807412,Bad
2.32218572392431,5.464552022969405,1.1410804601632336,2.1087680847399817,Bad
2.418931020796821,3.73313841591031,1.071123211815002,1.943951207278633,Bad
2.620483722614551,7.755939547553189,1.348620278274388,1.3995556670168998,Bad
1.2257390260358578,2.325158019835301,1.031798759424796,1.5044391344923034,Good
1.8465213476344668,3.1849016122755907,1.0069957248348231,1.0849052645906887,Good
2.3194983330677856,3.92244670445821,1.0932763218033423,2.158712992617669,Moderate
2.547924749960168,5.6893556156200376,1.258841818888457,1.5593788927582195,Bad
1.4541654429282402,5.054320961686106,1.0308977940147688,1.2397336399437795,Bad
1.98147400661338,5.705068203569513,1.0106335017489312,2.003884617264578,Bad
4.911875053062109,2.7984287412050524,1.099765108433735,2.618202069620513,Bad
2.8212685892594367,1.2799869587623445,1.0795303381267003,3.422308254042542,Good
2.295312008849658,3.886951400355479,1.2861887508744656,2.15371814222944,Moderate
1.9029561041434315,6.103467496818569,1.1282549459774582,1.5743622452547057,Bad
2.327560441140495,7.412818274560121,1.1982121943256898,1.4045505174051285,Bad
2.007763509088651,5.791866053868725,1.145744258064516,1.7591561269325693,Bad
2.962948077723624,1.4180873552580378,1.133554739214924,1.918979352673889,Good
1.7282771174003533,5.484240084978387,1.2425184702681695,1.529412187765247,Bad
1.5670349559461694,5.022801131642881,1.1422463956471045,1.0,Moderate
2.0992508925667344,6.4347570017773945,1.0279828993392923,1.374583812412156,Moderate
1.548223348944226,5.768202517800238,1.0198212110376992,1.4994454827722743,Bad
2.7498279922369,3.1100301841548963,1.1313979572483484,1.4894557819958172,Moderate
2.7817258840687358,2.226528401501846,1.3450058390983288,1.4944506323840456,Moderate
1.6057096623333302,3.0272078079151896,1.0546938359891178,1.329633754922697,Good
2.7442195383834718,7.109167779729289,1.0097331799455889,1.5493891919817622,Bad
1.941067881896524,2.751101669068077,1.121259221142635,2.083796230135237,Good
2.525161162077848,6.407117991649401,1.2104800652934318,1.2397336399437795,Bad
1.810417099288344,6.316439321434957,1.1715473455110763,2.458380042547393,Bad
1.948641361723162,5.60653323938033,1.246016332685581,1.0,Bad
2.337608859151726,2.30546995782632,1.0,1.5144288352687607,Good
2.146922524581852,3.8987831683897225,1.0,1.449500574894587,Moderate
1.5552339001367956,3.378185374882997,1.0139914496696465,1.389567164908642,Good
2.346372048142438,4.963642291471661,1.0218996688690245,1.2846836974332383,Moderate
1.877718223045164,1.757233154191601,1.0364994387874078,1.1048834674754036,Good
2.3067625886968948,4.596857482410105,1.0304162083171395,1.6293008048524218,Moderate
3.913575749385308,1.9860122209017383,1.0985484679362612,2.133739939344725,Moderate
1.0671842554381985,3.421536972960466,1.072289147298873,1.11986681997189,Good
2.317979431906888,4.750670466855274,1.249412785075787,1.7891228319255417,Bad
3.11157123413181,4.387861131853223,1.0255495903614458,2.0288564718693216,Bad
1.6772170781075737,5.294931796430487,1.3008161678973962,1.6492790077371366,Bad
2.8059122082868626,4.364197595784735,1.097331827438787,2.098779582631724,Moderate
1.611318116186759,4.951810523437418,1.1837138064516128,1.2447284903320084,Moderate
2.9725290869572314,4.056571626894398,1.1958802953750487,1.8740292951844304,Moderate
2.79469536507687,2.9600980196249598,1.1630308060629615,2.31354016930256,Moderate
1.2075116316332957,3.315051060652272,1.01703307889623,1.3096555520379822,Good
1.4094148739100274,2.4001241021002704,1.0089036548775747,1.2846836974332383,Good
2.2282446217300818,2.0766908911161828,1.0279828993392923,1.864039594407973,Good
4.909070858383826,4.0447398588601535,1.081515389040031,2.388456931784991,Bad
2.081090316915879,2.8024042152645583,1.2658375437232805,1.8940062994009452,Bad
2.499552101523913,3.575349957405635,1.0,1.8190895369185145,Bad
1.6505770996701652,5.062271909805117,1.0,1.3596004599156697,Bad
1.7038570565449818,3.750270816023895,1.0255495903614458,1.234738789555551,Good
3.7330546366484216,3.3032192926180284,1.0629615235134084,1.4744724294993308,Moderate
3.647058838705145,1.5560930976094571,1.1865526715895842,3.392341549049569,Moderate
2.5955963174784205,3.5990134934741222,1.0,1.639289306960679,Moderate
2.386682588505984,5.484240084978387,1.1270890104935871,1.5993340998594494,Bad
1.1065600427433622,5.003113069633899,1.0279828993392923,2.198668199718899,Good
2.458190004280227,4.667848090615568,1.2311630936649824,1.5344058394852758,Bad
2.2791877927042394,4.7309824048462925,1.0862805969685192,2.493340399260395,Moderate
2.010450899945176,3.5478056014219157,1.0816167990672367,1.839067739803229,Good
2.1958793856174874,5.929871796220144,1.2436844057520404,1.0749167624824312,Bad
2.200202545953532,2.3350967049840667,1.01703307889623,1.609322601967707,Good
1.94501928230512,3.804129024115772,1.0510992087057909,3.002480710431996,Good
2.881625916078529,3.839624328218504,1.0535324897007383,1.804106184422028,Moderate
1.9701403595816296,7.050008939558071,1.130586872910999,1.0549385595977163,Bad
1.6879665770368073,3.4925275811659287,1.3439564803731052,1.2896785478214672,Bad
2.146922524581852,3.8987831683897225,1.0,1.449500574894587,Moderate
1.0967452968725104,3.914590410483472,1.0279828993392923,1.2477251608313056,Good
1.2692043015366874,3.0942229420611462,1.026766258841819,1.314650402426211,Good
2.109883523177346,7.191990155968996,1.348620278274388,1.5643725444782484,Bad
1.4094148739100274,4.43906902390543,1.010175589584143,1.409545367793357,Good
2.0023887918724665,2.90093917945374,1.43677656898562,1.7042175673348532,Moderate
1.7963960614000691,6.040333182587844,1.0255495903614458,1.204772084562579,Bad
1.5218382621156448,4.707318868777804,1.0524679362611735,1.4245287202898431,Moderate
1.671842360891389,3.815960792150016,1.3392926544889234,1.1398450228566048,Good
1.204240092674255,4.419380961896448,1.0034978624174116,1.0,Good
2.9937943481784552,2.356677849878527,1.0523158492032647,1.9289678547821465,Moderate
1.4795201923451295,3.737113889969816,1.0571824391760591,1.329633754922697,Good
1.2383579665849915,4.553505884332635,1.018249719393704,1.0449500574894588,Good
1.9405792536504527,5.200277652156537,1.0186552755538285,1.5144288352687607,Moderate
2.142131955468183,2.0608836490224327,1.1364166342790516,1.469478777779302,Good
1.4514780520717157,2.620952220691396,1.7056557139525843,2.003884617264578,Bad
2.01582561716136,3.93825394655196,1.246016332685581,1.7491676248243118,Bad
1.9970140101594172,4.198552843305323,1.1818888457054022,1.294672199541496,Moderate
2.0265751160905943,3.579325431465141,1.0256510003886514,1.4245287202898431,Good
2.79469536507687,2.033339293038713,1.0439731395258454,1.899001149789174,Moderate
2.17169306139936,4.667848090615568,1.114263496307812,1.7741394794290557,Bad
3.609435624701259,1.4811270153444884,1.2600077823552274,3.172586111990504,Moderate
2.076817206146749,7.483808882765584,1.0133831294209097,1.3995556670168998,Bad
3.281576584576706,3.0902474680016403,1.197046258841819,2.093784732243495,Moderate
2.1973982867783857,6.1389628009213,1.099765108433735,1.329633754922697,Bad
2.4646162783765515,5.468432842884638,1.2238631947143412,1.6992227169466243,Bad
2.0856971989592186,4.241904441382792,1.06645938593082,1.779134329817284,Moderate
2.537175251030934,3.6581723336453416,1.060629624562767,1.6642623602336228,Moderate
2.528295258218465,4.975474059505905,1.0450159782355228,1.6792457127301093,Bad
3.293844984666838,2.1476814993216453,1.068132287602021,1.7341842723278256,Moderate
1.2096148098904391,6.024525940494094,1.0,1.0,Moderate
2.372024192601913,5.736682687757012,1.0241670392537894,1.414539019513386,Bad
3.293844984666838,2.0530273550476954,1.0827320575204042,1.9889012647680917,Moderate
1.005608453853429,3.429487921079477,1.0,1.2397336399437795,Good
1.34593770475739,3.346665544839772,1.0,1.0199782028847149,Good
1.6898360186567072,6.998706393361589,1.0535324897007383,1.764150977320798,Bad
2.383995197649459,2.3882923340660263,1.1049358725223477,1.908989651897432,Good
1.8411466304182824,3.6503160396706034,1.4232413525068015,1.0,Bad
1.855284536625179,5.787890579809219,1.0750450431403031,1.5493891919817622,Bad
1.5965959973804815,6.056140424681594,1.0093276237854645,1.0,Bad
1.6852791861802827,2.526298076417446,1.030314798289934,1.4045505174051285,Good
1.3601074724153897,5.034632899677124,1.0,1.1698117278495772,Good
2.430147864006813,1.918902432611508,1.01703307889623,2.0488346747540365,Moderate
3.1230218139790464,3.382160848942503,1.1294209094442285,1.884017797292688,Moderate
2.177768859533548,3.378185374882997,1.031798759424796,1.469478777779302,Moderate
1.8882977082393608,5.070128203779855,1.0089036548775747,1.6243059544641931,Moderate
2.054383519726764,4.194577369245817,1.0097331799455889,2.0638180272505227,Moderate
2.149726719260133,4.995162121514888,1.2554960435289546,1.8190895369185145,Bad
2.594831578155076,4.723031456727281,1.2963643404586087,1.6942290652265954,Moderate
3.305061827876831,3.5871817254398786,1.1240980862806065,2.578246862519284,Moderate
3.456489307957028,3.421536972960466,1.1873637559269334,2.4783570467639087,Moderate
2.4804961803989345,2.30546995782632,1.1106596346677031,2.1836848472224126,Good
1.0785179024699485,4.770358528864255,1.0012166404974738,1.154828375353091,Good
2.7226037367032463,4.379910183734211,1.1933363979790128,2.2635964600930727,Moderate
1.5944928191233376,5.148975105960056,1.0072998989506412,1.5194224869887896,Bad
1.8973476502900024,4.691511626684054,1.0,1.5743622452547057,Bad
1.7417139426892472,6.04430865664735,1.2238631947143412,1.1798002299578347,Bad
3.055837558540848,3.382160848942503,1.5711055390594637,2.15371814222944,Bad
1.7578381588346657,3.5398546533029034,1.0644823381267003,1.4544954252828155,Good
2.8327859233615147,2.845755813342027,1.0443062479595802,1.4644839273910732,Moderate
2.706479520557828,3.6936676377480726,1.197046258841819,2.228634904711871,Moderate
1.7793370921962686,4.987305827540149,1.270501369607462,1.0,Moderate
2.453866843944182,3.93825394655196,1.1527399828993392,1.983906414379863,Good
1.55897284787346,3.113911004070128,1.8383210167120088,1.2097669349508071,Bad
2.890930814234862,2.3764605660317826,1.0992121103769918,2.238623406820129,Good
1.658989683705011,4.462732559973917,1.0699572483482316,1.419533869901615,Good
1.7578381588346657,4.013125374672654,1.0652934224640498,1.274695195324981,Moderate
1.438041226782822,4.458851740058686,1.096774184220754,2.1437296401211823,Good
2.220065709835615,5.026776605702387,1.0,2.2735849622013298,Good
1.2579874583266948,3.204684328428846,1.0011659634667702,1.0,Good
2.5955963174784205,4.435188203990197,1.2116967057909056,1.6942290652265954,Moderate
1.9618445148716763,2.6959183029563643,1.0279828993392923,1.729189421939597,Good
2.007763509088651,3.90663946236446,1.0921103863194714,1.0649282603741737,Good
2.2928689966130333,4.68564306973907,1.2165632957637,1.6193123027441645,Moderate
2.418931020796821,6.012694172459851,1.0559657986785853,1.5244173373770182,Bad
2.107196196817686,5.176614116088049,1.0699572483482316,1.2097669349508071,Moderate
3.3527334598919483,2.3369897878695456,1.1107149568596968,2.053829525142265,Moderate
1.7793370921962686,5.290956322370981,1.3218033424018656,1.4594890770028446,Bad
3.7115557032868174,2.8812511174447586,1.380101040031092,1.1248616703601186,Moderate
3.227829218924266,4.667848090615568,1.2856587547609797,1.6642623602336228,Bad
1.6057096623333302,3.098198416120652,1.0050877947920716,1.4445057245063584,Good
1.684227629300143,5.484240084978387,1.103027942479596,1.469478777779302,Bad
2.278720448423481,4.561362178307373,1.024332949863972,1.864039594407973,Good
1.7067781195418856,4.521891400145136,1.0314807617567043,1.3046619003179534,Moderate
2.099134088744977,4.841349137069718,1.0151574131364167,1.3346286053109258,Moderate
3.0078154505635943,3.1415500141981214,1.170330705013603,1.859045942687944,Moderate
2.7526321869151813,5.219965714165518,1.0024333089778468,2.003884617264578,Bad
1.8749139638700172,3.618796209627378,1.0152634123591138,1.4794672798875594,Good
3.3359081628285265,4.5850257143758615,1.1277480077730275,2.3584902267920187,Bad
2.408181521867587,5.989030636391363,1.0314807617567043,1.3246389045344684,Bad
1.212302200746964,5.925990976304912,1.0,1.1947835824543211,Moderate
1.3735443622011485,5.365922404635949,1.0629615235134084,1.0,Moderate
1.7040907931822258,6.706887666565001,1.1247570835600469,1.5793558969747346,Bad
1.55897284787346,5.361946930576443,1.0608323886513795,1.03995520710123,Moderate
2.1475067371812324,6.990850099386852,1.1888845705402251,1.6243059544641931,Bad
2.197798941301168,4.683655332709317,1.0443062479595802,1.6742508623418806,Moderate
1.0673010592599557,4.967617765531168,1.0,1.3596004599156697,Good
1.090295610414343,6.848868882975926,1.0705655685969686,1.11986681997189,Moderate
2.4918405339102048,3.21651609646309,1.0656989786241742,2.5582686596345683,Good
1.7853442011696763,5.547374399209112,1.0167897396035757,1.3246389045344684,Moderate
1.854583455707176,5.097767213907848,1.0186552755538285,1.3396222570309548,Moderate
1.8599581729233607,5.772177991859743,1.2996502044306255,1.414539019513386,Bad
6.294117612913425,2.4001241021002704,1.0233190734551108,2.648168774613486,Bad
2.327560441140495,4.84930008518873,1.2017100567431014,1.329633754922697,Bad
2.295545745486902,4.013125374672654,1.0457902090944422,1.644284157348908,Moderate
2.875783790084721,3.133693720223384,1.0011659634667702,1.544395540261733,Moderate
1.252379004473266,3.1888770863350966,1.0012166404974738,1.4245287202898431,Good
1.4998507005079709,5.168757822113311,1.2739992320248736,1.3246389045344684,Moderate
1.1155569038744535,2.557817906460671,1.0,1.2397336399437795,Good
1.5218382621156448,3.1989104256281355,1.0292548620287605,1.4851753378546209,Bad
3.483129286394436,1.6152519377806758,1.0652934224640498,2.1886796976106413,Moderate
1.5468212516050852,6.454445063786376,1.0,1.4295223720098722,Moderate
1.3925896413434706,7.006562687336327,1.041366028760202,1.154828375353091,Bad
2.1125709140338707,3.0784156999673966,1.0909444228527012,1.1448386745766337,Good
1.4486738573934337,4.671823564675073,1.0826767353284104,1.3695889620239272,Moderate
1.8973476502900024,3.819936266209522,1.0572377613680528,1.4894557819958172,Good
2.351629961536865,5.058296435745612,1.0510992087057909,1.374583812412156,Bad
1.725589726543829,2.841780339282521,1.2600077823552274,1.0,Good
1.8438339567779425,5.192421358181798,1.3521181406917997,1.0,Bad
2.6594505997982667,4.234048147408054,1.0501360373105324,1.529412187765247,Moderate
3.0827112736155,2.7826214991113023,1.3859308293820445,1.834072889415001,Moderate
2.088384589815744,3.977630070569923,1.0174893120870578,1.669256011953652,Moderate
1.5858464984512477,3.516191117234416,1.150408083948698,1.2097669349508071,Good
5.321289926972136,2.833924045307784,1.1172616680917218,3.4372916065390275,Bad
2.1233204129631047,3.740994709885048,1.2713124539448115,1.0820140768929667,Good
2.893443676575829,2.6959183029563643,1.0305267967353284,1.7192009198313394,Bad
2.9617796525248625,6.4189497596836445,1.2425184702681695,1.6842393644501383,Bad
2.134069847395474,3.350546364755004,1.5619898857364944,1.6342956552406505,Bad
1.6674023322367215,3.788321782022023,1.094124287602021,1.3346286053109258,Good
1.2982979986902408,3.567493663430897,1.0,1.2097669349508071,Good
2.594831578155076,4.723031456727281,1.2963643404586087,1.6942290652265954,Moderate
1.386981187490042,5.906208260151656,1.095608248736883,1.274695195324981,Bad
1.8518960648506515,6.777878274770464,1.053633899727944,1.2497221420520372,Bad
1.330896971440079,3.5871817254398786,1.006359757481539,1.214761785339036,Good
1.4971633096514465,2.869419349410515,1.0116595507190052,1.5793558969747346,Good
2.6043595064691325,4.26556797745128,1.041974349008939,1.3346286053109258,Moderate
1.8196476325598143,3.772609194072547,1.114263496307812,1.4445057245063584,Good
2.876017526721965,5.827361357971456,1.097331827438787,1.8490562419114869,Bad
1.491788592435262,4.865012673138205,1.0979401476875243,1.2647054945485237,Moderate
2.292624682489998,5.586750523227075,1.1422463956471045,1.669256011953652,Moderate
3.649746165064805,3.29536299864329,1.3789351045472211,1.0199782028847149,Moderate
1.634219146887503,4.73883869882103,1.1200932856587642,1.1798002299578347,Bad
2.009516146886793,2.4789710042804707,1.0,1.4045505174051285,Good
2.3678709815040406,3.366353606848753,1.8791294302370771,2.648168774613486,Bad
3.3370628501951325,1.4530147344951252,1.0032921041585698,1.779134329817284,Good
2.8732132675468183,4.214265431254798,1.015816410415857,1.3196452528144396,Bad
1.353330657860064,4.040764384800648,1.081515389040031,1.5943392494712207,Good
2.0656003629367565,5.172638642028543,1.122425184609405,1.5543840423699908,Moderate
1.8906709993653723,2.372485091972277,1.4642617364943646,1.0249718546047435,Bad
1.6870318239784252,5.630196775448819,1.0364994387874078,1.0249718546047435,Bad
3.7817778255436783,1.7769212162005823,1.1569475755926937,3.2375143723646778,Moderate
1.9117511545852464,4.600832956469611,1.0279828993392923,1.6293008048524218,Moderate
1.6127202135259,3.965798302535679,1.1352506708122814,1.0,Moderate
4.698754967575384,1.3273140308993194,1.1216647773027597,2.598223866735798,Moderate
2.212003601762906,4.83349284309498,1.2005441212592305,1.6342956552406505,Moderate
2.0695729828138,6.379478981521408,1.137582597745822,1.1648168774613483,Bad
2.3383099400697285,4.54953041027313,1.0034978624174116,1.5743622452547057,Moderate
2.32218572392431,7.010538161395833,1.1958802953750487,1.2896785478214672,Bad
1.5075622681216787,6.5569555020350645,1.0231163093664983,1.0449500574894588,Bad
1.193490593745021,4.312895049588255,1.0089036548775747,1.2397336399437795,Good
3.2742155574219995,2.0411955870134517,1.1289646762534007,2.3784684296767336,Good
3.972464224610418,3.5911571994993845,1.319978381655655,2.5732520121310545,Bad
2.583104887230565,1.2307668037398904,1.3140303085891956,1.6259709045936028,Moderate
1.6422812549602122,2.90093917945374,1.06645938593082,3.7918984147346686,Moderate
1.8749139638700172,5.196302178097031,1.0877645581033812,1.3346286053109258,Moderate
3.300388191578649,4.163057539202592,1.060629624562767,2.503330100036852,Bad
1.7879834128683587,5.105623507882586,1.018249719393704,1.0049948503882289,Bad
2.0212003343775446,3.1970173427426563,1.0443062479595802,1.3995556670168998,Good
1.6675425484203226,4.703343394718299,1.0944422852701128,1.6892342148383668,Moderate
1.4346527550082944,6.367647213487164,1.0,1.3446171074191833,Moderate
2.6957300861254585,4.20640913728006,1.0991061111542946,1.5843507473629632,Bad
1.8088981981274452,3.468864045097441,1.0116595507190052,1.03995520710123,Good
1.440261208861723,6.442613295752133,1.0,1.3845723145204134,Moderate
1.580471781235063,5.578894229252337,1.0932763218033423,1.6992227169466243,Bad
2.370558372360565,1.6428909479086693,1.005829761368053,1.5593788927582195,Good
1.9110182122161403,7.901896238023621,1.1219587936261173,1.5394006898735046,Bad
1.283225339424962,4.324726817622498,1.0279828993392923,2.198668199718899,Good
1.3028548311666652,4.068403394928641,1.0145997699183833,1.214761785339036,Good
3.728497804171997,1.6980743140203822,1.0206830003886511,3.262486226969421,Moderate
1.1990990475984495,3.654291513730109,1.0048665899727944,1.3596004599156697,Good
1.7014034023257012,2.810260509239296,1.13291877186164,1.589345597751192,Good
1.193490593745021,3.299338472702797,1.0011659634667702,1.374583812412156,Good
2.0684045576150387,4.734863224761524,1.032849489312087,1.7691458277090266,Bad
2.575966890233582,4.936003281343668,1.20318019432569,1.7891228319255417,Bad
1.7014034023257012,3.334833776805528,1.1340847353284105,1.469478777779302,Good
2.155568845253941,3.220396916378322,1.2530120575204042,1.03995520710123,Moderate
1.7599413370918096,6.0285014145536,1.0048665899727944,1.3845723145204134,Bad
2.8059122082868626,4.589001188435367,1.2495141951029929,1.9689230618833768,Moderate
2.007763509088651,2.699799122871596,1.4360668387096776,1.1348501724683762,Moderate
1.9562361255151124,3.930302998432948,1.0109498204430625,1.569367394866477,Good
1.740311845350106,3.287506704668553,1.1204481368052857,1.3995556670168998,Moderate
3.403209286585347,1.410136407139026,1.2360296836377769,2.0488346747540365,Good
1.084126356323377,5.922015502245406,1.0279828993392923,2.198668199718899,Bad
2.091071980672268,2.82209227727354,1.102603973571706,2.0638180272505227,Good
3.5718124751942377,4.987305827540149,1.15507190983288,2.2336297551001,Bad
1.862645563779885,4.892651683266199,1.2261950936649826,1.1698117278495772,Moderate
1.491788592435262,3.457032277063197,1.0338126607073457,1.3795786628003843,Good
1.7578381588346657,8.757664356404405,1.1818888457054022,1.3945620152968707,Bad
1.4756643762898434,5.626221301389313,1.0,1.9988897668763488,Moderate
1.347054532464486,1.650747241883407,1.031980452390206,1.5047028414962416,Good
2.458190004280227,6.142843620836532,1.0255495903614458,1.1498335249648624,Moderate
5.478325796408897,2.3211825457757955,1.0097331799455889,3.26748107735765,Bad
1.6664675791783397,4.482515276127173,1.041974349008939,1.644284157348908,Good
5.318485732293854,1.4456317112417572,1.058399107656432,4.6809098637473845,Bad
2.702156360221782,2.7314136070590957,1.141131137193937,1.5094339848805318,Good
2.3678709815040406,3.366353606848753,1.8791294302370771,2.648168774613486,Bad
1.297246441810101,4.470683508092929,1.0279828993392923,1.0049948503882289,Good
2.795162709357629,6.588569986222563,1.1982121943256898,1.943951207278633,Bad
1.556285457016935,3.125742772104372,1.0,1.0199782028847149,Good
2.101821415104637,3.3623781327892472,1.15507190983288,1.1698117278495772,Good
2.7077648140752117,2.7274381329995894,1.0135047990672368,2.598223866735798,Moderate
1.496345424911686,5.279124554336737,1.0316328488146134,1.0998886170871751,Bad
2.1188803843084374,2.971929787659203,1.015816410415857,1.409545367793357,Good
1.878769779925304,5.748514455791256,1.2448503692188106,1.1148719695836613,Bad
2.4861152762350187,3.1415500141981214,1.174893120870579,1.7341842723278256,Moderate
2.295545745486902,4.013125374672654,1.0457902090944422,1.644284157348908,Moderate
1.5132875257968648,2.5972886846229084,1.179556946754761,1.958934559775119,Good
2.7526321869151813,5.925990976304912,1.0717822090944422,1.5094339848805318,Bad
1.6557181447459706,5.922015502245406,1.0687912848814614,1.804106184422028,Bad
1.419229619780879,5.358066110661212,1.0023318989506411,1.0,Moderate
1.1205810806316368,7.86640093392089,1.0255495903614458,1.2397336399437795,Bad
2.0856971989592186,4.581050240316355,1.0932763218033423,1.3096555520379822,Moderate
1.0886831887998012,7.633646393151247,1.0,1.0,Bad
4.104262148452047,2.530273550476952,1.0060832304702685,2.2685901118131016,Moderate
2.4726783864492603,2.7234626589400834,1.1480761849980567,2.468368544655651,Good
2.370558372360565,3.031088627830422,1.114263496307812,1.2796888470450098,Moderate
1.1074947958017445,4.202433663220555,1.0034978624174116,1.3196452528144396,Good
2.499552101523913,4.703343394718299,1.0191462075398368,1.5593788927582195,Bad
2.6797226738017974,3.875119632321235,1.0316328488146134,1.3695889620239272,Moderate
1.4338880156849496,4.454876265999179,1.0012719626894675,1.569367394866477,Good
2.8085995991433874,3.468864045097441,1.0431403124757093,1.7541624752125404,Moderate
1.5776675865567809,5.4763837910036495,1.015816410415857,1.0749167624824312,Moderate
1.7014034023257012,5.030657425617618,1.39759035211815,1.1148719695836613,Bad
1.0527701736571629,4.7956311853854,1.0,1.0,Good
1.8020045152534976,4.435188203990197,1.143564446171784,1.3645953103038984,Good
2.231048880905228,4.340534059716248,1.0608323886513795,1.409545367793357,Moderate
1.6561854890267294,5.594701471346087,1.081515389040031,1.7541624752125404,Bad
3.885533609111894,4.368078415699968,1.087598647493199,2.2635964600930727,Bad
1.0214989333616031,6.592450806137795,1.0,1.3246389045344684,Bad
1.9513287525796867,4.979449533565411,1.191216469490867,1.5643725444782484,Bad
1.8062108072709209,1.2208281185911256,1.0,1.5094339848805318,Good
1.6315318205278428,5.902327440236425,1.0571317621453555,1.6492790077371366,Bad
3.1257091403387065,5.212109420190781,1.137582597745822,2.0238628201492928,Bad
1.6879665770368073,5.772177991859743,1.0216231418577535,1.6193123027441645,Bad
1.6503433630329214,5.200277652156537,1.1352506708122814,1.4794672798875594,Moderate
1.6197307647184696,4.013125374672654,1.0364994387874078,1.174805379569606,Good
2.142131955468183,3.43336874099471,1.0668091721725612,1.414539019513386,Good
1.888935066255157,3.73313841591031,1.0364994387874078,1.7841291802055128,Good
1.7014034023257012,3.9816055446294287,1.234356781966576,1.3845723145204134,Good
1.6533812943484474,3.681835869713829,1.092465237465993,1.958934559775119,Good
2.13009722751843,6.1468190948960375,1.0,1.1348501724683762,Bad
2.037558287160208,7.152519377806758,1.0024333089778468,1.274695195324981,Bad
1.725589726543829,4.107779518946605,1.0268169358725223,1.859045942687944,Moderate
2.107196196817686,4.632352786512836,1.1574038087835212,1.1448386745766337,Bad
1.9432666445069773,7.117024073704027,1.1772250198212204,1.234738789555551,Bad
2.158139367791844,5.334402574592724,1.0571317621453555,1.609322601967707,Bad
1.877718223045164,1.757233154191601,1.0364994387874078,1.1048834674754036,Good
2.278720448423481,1.89523889654302,1.068685285658764,1.9339627051703752,Good
1.3090474976194746,3.1375745401386155,1.0,1.274695195324981,Good
2.854284856723118,2.7944532671455464,1.096774184220754,1.8940062994009452,Moderate
2.441364707216806,5.4566010748503935,1.0,1.7541624752125404,Bad
1.2047074369550137,4.892651683266199,1.0279828993392923,1.0449500574894588,Good
1.7290950021401137,3.973749250654691,1.015816410415857,1.374583812412156,Good
1.3757643442800491,7.791434851655921,1.0,1.3596004599156697,Bad
2.9429680455229192,2.549961612485933,1.0559657986785853,2.2436182572083574,Moderate
1.3393096199717895,6.714743960539739,1.0474492592304705,1.3096555520379822,Bad
3.815428355173657,2.52232260235794,1.149647676642052,3.2275246715882204,Moderate
2.873480349063051,4.119611286980849,1.1270890104935871,1.6293008048524218,Moderate
1.8749139638700172,3.4965030552254346,1.0368865542168677,1.469478777779302,Good
1.4461033348555312,4.040764384800648,1.0559657986785853,1.3596004599156697,Good
1.9309982444168448,5.551255219124344,1.167897396035756,1.604328950247678,Bad
2.9937943481784552,2.356677849878527,1.0523158492032647,1.9289678547821465,Moderate
3.09346070804787,2.841780339282521,1.0629615235134084,1.7142060694431107,Moderate
3.476679599936269,5.567062461218094,1.1888845705402251,2.0288564718693216,Moderate
2.752164842634423,1.6192274118401817,1.125923047026817,1.569367394866477,Good
1.771158180301802,6.793590862719939,1.026766258841819,1.3995556670168998,Bad
2.6177963317580266,5.302788090405224,1.1165954232413524,1.8091010348102567,Bad
1.013436825288894,4.900507977240936,1.0,1.174805379569606,Good
2.091071980672268,2.948266251590716,1.047804110376992,1.3995556670168998,Good
1.6261570388147937,6.134987326861794,1.3905439502526231,2.038846172645779,Moderate
3.4480766594253174,3.4097052049262224,1.0279828993392923,1.729189421939597,Moderate
3.8266451983836487,3.914590410483472,1.1034150579090556,2.488346747540366,Bad
2.814324856818573,5.79584152792823,1.0401493882627284,2.0638180272505227,Moderate
1.0,4.257711683476542,1.0,1.214761785339036,Good
2.709166911414352,3.764658245953535,1.3416245534395648,1.609322601967707,Moderate
1.6261570388147937,4.423356435955954,1.012825486202876,1.3596004599156697,Moderate
2.2039414936901967,3.9461102405266977,1.444228527011271,1.1947835824543211,Bad
1.4702896590736587,4.403573719802698,1.1200932856587642,1.1298553220801475,Good
1.5774005050405484,2.00570028291072,1.0279828993392923,1.3645953103038984,Good
3.3917587067381105,1.915021612696276,1.216867469879518,1.0899001149789174,Moderate
1.6062705270677324,3.910614936423966,1.1352506708122814,1.644284157348908,Good
2.956404870811813,3.173069844241347,1.073773108433735,2.0688128776387518,Moderate
5.147428824968818,2.2818064217578327,1.0291995398367664,3.3623748440565966,Bad
2.144118265406705,5.137143337925812,1.0454722114263506,1.11986681997189,Moderate
3.1230218139790464,1.5402858555157073,1.6331130975514965,1.4295223720098722,Moderate
1.773962374980084,2.660422998853633,1.0304162083171395,1.4594890770028446,Good
1.958315891410413,4.084115982878117,1.0816167990672367,1.5144288352687607,Moderate
2.4646162783765515,5.468432842884638,1.2238631947143412,1.6992227169466243,Bad
1.8132213584634904,2.664303818768865,1.1021984174115818,1.3845723145204134,Good
1.9943266837997573,4.754645940914779,1.102603973571706,2.07380652935878,Moderate
3.2251418280677417,2.368509617912771,1.0384764865915277,1.799112532701999,Moderate
2.539862641887459,6.198121641092519,1.114263496307812,1.7258607203489775,Bad
2.438560512538524,3.149406308172859,1.008516539448115,1.484462130275788,Good
2.4001194137948776,4.896627157325705,1.1317528083948698,1.4894557819958172,Moderate
4.0257441814852335,1.4062555872237938,1.1800638849591916,2.957824326651468,Bad
2.010450899945176,5.701187383654281,1.228527020598523,1.938956356890404,Bad
